7.957876540207656e-05 -1.201353237216238e-05 1.653700204724954e-06 -1.474228341394319e-06
7.986136109268291e-05 -1.133121977179990e-05 1.659275805535974e-06 -1.452227143925747e-06
7.986143511337143e-05 -8.114971210705756e-06 1.529336115299914e-06 -1.433619117954214e-06
7.957885061355151e-05 -7.432669328911073e-06 1.506515199990864e-06 -1.404210840627700e-06
7.889650760206059e-05 -1.229616969708571e-05 1.634400276520665e-06 -1.483416878743515e-06
7.761708097514877e-05 -9.723100251812487e-06 1.550223120846331e-06 -1.419287909076743e-06
7.889660945903897e-05 -7.150036754227668e-06 1.465352238735499e-06 -1.392336535280799e-06
7.409278341684922e-05 -1.229694329927776e-05 1.533346599362486e-06 -1.490926110643652e-06
7.409300183169159e-05 -7.149382216410561e-06 1.335423910809741e-06 -1.375080202905732e-06
7.144037467129293e-05 -9.723276603239516e-06 1.377749030106062e-06 -1.443994457489919e-06
6.928693340660811e-05 -1.229915614639078e-05 1.618953046268882e-06 -1.490559245291367e-06
6.928691203528683e-05 -7.147561106237487e-06 1.469794580139448e-06 -1.496852369619463e-06
6.688223125364103e-05 -9.723470605193900e-06 1.429292296860274e-06 -1.368356829399371e-06
6.447534056765135e-05 -1.230283603126163e-05 1.636800477613522e-06 -1.432487260641614e-06
6.447526875261507e-05 -7.144326940411852e-06 1.582021897915719e-06 -1.487012533372110e-06
6.206669684902300e-05 -9.723402546395523e-06 1.489067005143265e-06 -1.401133395656397e-06
5.965524935438109e-05 -1.230695005931502e-05 1.665199091327201e-06 -1.501653237968199e-06
5.965568714477210e-05 -7.139975767796746e-06 1.506776840493290e-06 -1.340746746182604e-06
5.724210809348394e-05 -9.723125077489744e-06 1.371848253955850e-06 -1.433916269834594e-06
5.482720326751958e-05 -1.230825137623440e-05 1.582891218821867e-06 -1.484508006721133e-06
5.482811579324940e-05 -7.137701402293404e-06 1.377486276026555e-06 -1.346990704211067e-06
5.241240682103178e-05 -9.722703397290374e-06 1.183319279402006e-06 -1.438633243255605e-06
4.999939883263273e-05 -1.230385377787339e-05 1.409178509575069e-06 -1.420432030874524e-06
5.000029911268510e-05 -7.141076560795686e-06 1.224071600802213e-06 -1.352229377216673e-06
4.758913803337686e-05 -9.722393945184600e-06 1.040009681019651e-06 -1.432343232348129e-06
4.518517572809365e-05 -1.229290581265070e-05 1.309836556735269e-06 -1.369055410004149e-06
4.518567324713362e-05 -7.151161717583237e-06 1.091662496499618e-06 -1.358966876723356e-06
4.278603500232173e-05 -9.721978703506676e-06 1.102280728078897e-06 -1.386141559303120e-06
4.039759470790407e-05 -1.227536293244239e-05 1.307117248116123e-06 -1.274383766035288e-06
4.039749273190786e-05 -7.167655075354949e-06 1.058003468357202e-06 -1.400247344476594e-06
3.801494443026729e-05 -9.721377556825004e-06 1.290076421567886e-06 -1.307501568278900e-06
3.564671440333926e-05 -1.225231499715768e-05 1.420742644961182e-06 -1.233665881726761e-06
3.564594429097242e-05 -7.189479231805746e-06 1.141398476609901e-06 -1.454764524116847e-06
3.328514406732205e-05 -9.720577287742710e-06 1.533968943745404e-06 -1.214662401445586e-06
3.094208503977978e-05 -1.222321978624971e-05 1.599105508584093e-06 -1.202416699630956e-06
3.094092286276865e-05 -7.217171615157090e-06 1.434470183717366e-06 -1.391928752054339e-06
2.870123307697269e-05 -9.719474961308845e-06 1.734890637016850e-06 -1.166508877102753e-06
2.648224302914885e-05 -1.218758589732192e-05 1.873959922568348e-06 -1.043724517814825e-06
2.648108664934134e-05 -7.252785371021525e-06 1.753883073180553e-06 -1.392019381292707e-06
2.482343772512021e-05 -9.909661171091647e-06 1.969430446785983e-06 -1.118543725373767e-06
2.315197943384963e-05 -1.215276703507594e-05 2.186635089726341e-06 -9.179295300786746e-07
2.315052217190021e-05 -7.287625535577455e-06 2.078090196508228e-06 -1.423159699482707e-06
2.076169888741018e-05 -1.212177012445162e-05 2.444683922903012e-06 -8.483645036355961e-07
2.121953263034714e-05 -1.054199646443615e-05 2.372693922714889e-06 -1.001586455586394e-06
2.075995699631795e-05 -7.310360248719317e-06 2.379960472762048e-06 -1.398413987813569e-06
1.904131445548954e-05 -7.334784935205562e-06 2.637253532331612e-06 -1.355154791484318e-06
-3.146672239617918e-06 1.891094318658542e-07 -8.357246976667968e-07 3.954069621714654e-07
-3.210048551383659e-06 3.413116113240180e-07 -8.594570234842706e-07 4.573874933390405e-07
-3.209760885088847e-06 9.093347990097897e-07 -8.474544451570311e-07 7.166904325637909e-07
-3.146646833874009e-06 1.059902727866693e-06 -8.200490943670586e-07 7.774635685997434e-07
1.903900329733840e-05 -1.209980492980663e-05 2.658353897734720e-06 -8.301815825823563e-07
1.749371458843712e-05 -1.199172880957158e-05 2.845150063402030e-06 -8.475654155070088e-07
1.868606910486711e-05 -9.123390913867983e-06 2.711738155619395e-06 -1.148089203064316e-06
1.748896450098426e-05 -7.225522396531786e-06 2.856543232239180e-06 -1.287098592464209e-06
-2.995066881422406e-06 1.263130682281884e-07 -7.765765161797053e-07 3.707292660374641e-07
-2.841723174510531e-06 7.493402887536513e-07 -6.984448482242321e-07 6.517658006350992e-07
-2.995987615044051e-06 1.122986140565035e-06 -7.581480759837764e-07 8.013229949698416e-07
1.699842022409710e-05 -1.052646173408589e-05 2.917212183780921e-06 -9.881908750287885e-07
1.598016954156295e-05 -1.170528052924517e-05 2.992750248638004e-06 -9.185464800266819e-07
1.452300954422611e-05 -1.125817718741623e-05 3.135461720051730e-06 -1.000575662307089e-06
1.653482010823261e-05 -8.518333814902971e-06 2.995148529210170e-06 -1.147737243149695e-06
1.600485090545276e-05 -6.859231103651931e-06 3.079772302051264e-06 -1.216416643847311e-06
-1.965990652873303e-06 1.122101571433175e-07 -3.980236784202110e-07 4.640270604089059e-07
-1.964544822024083e-06 1.142612765284707e-06 -3.995945538826211e-07 8.186447084677702e-07
-1.432095029499280e-06 6.286621151957180e-07 -2.376412497443715e-07 6.554993405620432e-07
1.314156030681225e-05 -1.064699976708920e-05 3.176028821921765e-06 -1.098612363041195e-06
1.432701909887702e-05 -9.742777759400567e-06 3.188726708205940e-06 -1.099605772124533e-06
1.483025653439831e-05 -7.842243487439591e-06 3.175229672888933e-06 -1.168512126106114e-06
1.462661567884833e-05 -6.252205446229036e-06 3.198295529378286e-06 -1.067642808206283e-06
-8.556858399788910e-07 2.183819303145849e-08 -5.667888838299080e-08 4.957356669815569e-07
-8.552551535715403e-07 1.237450820119950e-06 -5.113030388492860e-08 8.270555933438949e-07
-2.015806305710450e-07 6.306477850355450e-07 1.048576458144501e-07 6.920746213810138e-07
1.184627846702521e-05 -9.893573193427213e-06 3.147392801123238e-06 -1.139271992979730e-06
1.066079278863971e-05 -9.008623229082458e-06 3.014980240022726e-06 -1.159063443588752e-06
1.307172013266800e-05 -7.544733431116058e-06 3.191782933119395e-06 -1.136938766839653e-06
1.339287568235973e-05 -5.423035523413106e-06 3.191427842743467e-06 -8.738527752398648e-07
5.463374434765883e-07 -1.770661006551041e-07 2.960337738563831e-07 4.835317797539677e-07
5.470094646763864e-07 1.440483872029384e-06 3.220718446995398e-07 9.459511921283842e-07
1.096117647053831e-05 -7.641972292043200e-06 3.028249632376203e-06 -1.124620786897271e-06
9.596896196541895e-06 -7.998747418089227e-06 2.853006993369763e-06 -1.156225224812767e-06
1.146383594360584e-05 -6.098272973837265e-06 3.059732865643529e-06 -9.313411578650296e-07
1.233715153507160e-05 -4.410721515983996e-06 3.148576719536360e-06 -6.474590400074162e-07
1.368321402300828e-06 6.324718905327936e-07 5.644996016170400e-07 7.337844786116125e-07
2.342332587690805e-06 -4.654967017457818e-07 8.069801629781246e-07 4.983777366669410e-07
2.341491589166899e-06 1.734416147117129e-06 8.168416767454146e-07 1.025761031275201e-06
8.657119530899402e-06 -6.886068665277819e-06 2.682113080335247e-06 -1.066253643503393e-06
7.864209444349914e-06 -5.694563124564314e-06 2.449260700291663e-06 -8.583251776985665e-07
7.219759139320684e-06 -4.425244747475915e-06 2.208647567045215e-06 -5.962058922362847e-07
1.043849965571292e-05 -4.706248644552257e-06 2.910579022085729e-06 -6.740342160620204e-07
1.148631033861135e-05 -3.254131247995258e-06 3.096668377406493e-06 -3.473309086599873e-07
3.124815317849996e-06 6.310734985950515e-07 1.015227279093218e-06 7.733046884109480e-07
4.082379526047847e-06 -7.504091429033373e-07 1.287200740367839e-06 4.218409736863274e-07
4.082757777239307e-06 2.033531799907764e-06 1.301441187750696e-06 1.154035213766781e-06
8.546727437506069e-06 -4.427458420990349e-06 2.576878746480079e-06 -6.169737797496154e-07
6.723785116524827e-06 -3.100349111950226e-06 2.020303191556765e-06 -2.361361479880352e-07
5.668654636341070e-06 -9.928983772859515e-07 1.731101229452580e-06 3.281518254335957e-07
6.136546837785719e-06 -1.234285970756298e-06 1.855723092350216e-06 2.558395350256481e-07
6.393472963786607e-06 -1.723814277756351e-06 1.923294795922635e-06 1.212713519152316e-07
9.719660340836370e-06 -3.083261536791745e-06 2.818060429379451e-06 -3.126108893548029e-07
1.085736814612378e-05 -2.000437070071428e-06 3.101775172164636e-06 -3.946356418445506e-08
4.943635251792778e-06 4.298938104471166e-07 1.529620265107169e-06 7.148819425882066e-07
5.654253713911191e-06 2.248030960189351e-06 1.706890510919591e-06 1.245236573427469e-06
7.640657964132046e-06 -2.158746118277057e-06 2.249879558312943e-06 -4.901459577309200e-09
6.158517422668708e-06 -2.621544458753970e-07 1.857645695286621e-06 5.141929822716652e-07
6.712284694349872e-06 -1.063028976198652e-06 2.003502541123984e-06 2.959550182693454e-07
9.195297754470176e-06 -1.610295943432408e-06 2.662131732383045e-06 1.147532718310852e-07
1.047460508262676e-05 -6.977801261741714e-07 3.056410207407164e-06 4.167352667353713e-07
6.173396524636760e-06 1.311061626043883e-06 1.853234849866430e-06 9.657899806782597e-07
6.094000123424132e-06 2.485541492691281e-06 1.810058604572946e-06 1.325281877740110e-06
7.910992150290469e-06 4.909340666940333e-08 2.309799720181748e-06 5.903507092244756e-07
1.035439295178518e-05 6.216844227736682e-07 3.038221396189707e-06 7.798337591074769e-07
1.053035480241759e-05 1.941603774305441e-06 3.063794035847781e-06 1.186467461147560e-06
7.095072413308471e-06 2.161772795797818e-06 2.111301897180801e-06 1.230064909221787e-06
6.345125471222292e-06 3.003838691332434e-06 1.865260361379769e-06 1.477244637872093e-06
6.644630080793853e-06 4.451731272687239e-06 1.945050985128590e-06 1.900218773026067e-06
9.192616816626422e-06 2.096967358718661e-06 2.689279912518752e-06 1.239365955582085e-06
7.114145746232656e-06 5.888966296028242e-06 2.102549046668724e-06 2.309594177958546e-06
1.098866253221229e-05 3.285627231219889e-06 3.160164295520013e-06 1.566090986343757e-06
7.935909349541762e-06 4.491420717023288e-06 2.370539411191842e-06 1.892774162002683e-06
9.876570122813224e-06 4.603606461007296e-06 2.860665373689208e-06 1.921585644110263e-06
7.775598942861100e-06 7.275688689659925e-06 2.325086257839801e-06 2.697069318892220e-06
1.171886150125763e-05 4.606725697787764e-06 3.355853941754449e-06 1.947413134083079e-06
1.114663425922325e-05 5.940010010225282e-06 3.182461526307908e-06 2.316403794927032e-06
9.758514102572024e-06 6.787625898872351e-06 2.842992049856889e-06 2.540211779622451e-06
8.607474425989821e-06 8.630223037688338e-06 2.601860919746989e-06 3.026583713925658e-06
9.637696636245320e-06 9.916726031227346e-06 2.867253669758260e-06 3.278316207076817e-06
1.272594704755209e-05 5.845186920555081e-06 3.566517284087087e-06 2.287161246449981e-06
1.201940190886727e-05 7.473874189234143e-06 3.363385165432165e-06 2.706748346083125e-06
1.118163897240902e-05 9.413194719072815e-06 3.197247705477506e-06 3.175810257514992e-06
1.082260166008382e-05 1.111517279942872e-05 3.146315574244703e-06 3.551671027940429e-06
1.397487408887233e-05 6.953414820732791e-06 3.891973801569706e-06 2.570948955630978e-06
1.360453331982150e-05 9.410137943978387e-06 3.785956536457141e-06 3.179896652287451e-06
1.217938304143081e-05 1.217769683977099e-05 3.449598660976890e-06 3.818140628205330e-06
1.369905947575374e-05 1.310536213376820e-05 3.803508085822099e-06 4.082601865853969e-06
1.534052708887573e-05 1.388257213669915e-05 4.190891804192326e-06 4.321324851913667e-06
1.546656123161027e-05 9.946917529636406e-06 4.274469844089173e-06 3.287440394634663e-06
1.544901047463510e-05 7.885109547428561e-06 4.285383782850658e-06 2.789948607087177e-06
1.509302562397639e-05 1.203366700225309e-05 4.137154962404461e-06 3.819742575667653e-06
1.710436553367546e-05 1.445863771114024e-05 4.621997949562345e-06 4.507436742241923e-06
1.896167367120283e-05 1.484260473629100e-05 5.116645703958194e-06 4.635600143462047e-06
1.697916437048540e-05 1.041039993682337e-05 4.655013345582028e-06 3.379522673372393e-06
1.712439542980484e-05 8.568319473525886e-06 4.717560621246491e-06 2.928858545156525e-06
2.087084079063209e-05 1.500844458509123e-05 5.652211255268996e-06 4.683773538885294e-06
1.871969890255577e-05 1.215339354955389e-05 5.071829332505694e-06 3.845521151792855e-06
1.894499357827550e-05 8.968865668167099e-06 5.140486229709313e-06 2.962783866001492e-06
2.128732824094111e-05 1.245112566031899e-05 5.818284949043162e-06 3.911235356037978e-06
2.303142241476138e-05 1.507551341429966e-05 6.340503213909659e-06 4.667061347909437e-06
2.085182170643126e-05 9.080754249233597e-06 5.658965966925541e-06 2.943981075933608e-06
2.605953119858727e-05 1.514304308000011e-05 7.264244669452272e-06 4.722001919327563e-06
2.364133480617810e-05 1.098151187016079e-05 6.504642898761231e-06 3.489204361673678e-06
2.302703808305554e-05 9.015857806099188e-06 6.317761956858587e-06 2.903949544697076e-06
3.035446688559366e-05 1.524660737779678e-05 8.668169262705576e-06 4.802221545659501e-06
2.819972446587669e-05 1.179801154513432e-05 7.914932628092108e-06 3.680555829606870e-06
2.606056805819476e-05 8.931245075456676e-06 7.216484228289910e-06 2.826868168287781e-06
3.621259184827081e-05 1.535910075260444e-05 1.062544962447730e-05 4.928616469732490e-06
3.325185492584843e-05 1.204470070775175e-05 9.581251396577201e-06 3.757991951864109e-06
3.035424656434729e-05 8.834697107493879e-06 8.607344808950864e-06 2.686375643083273e-06
4.249953634566049e-05 1.545602677859351e-05 1.288629957415388e-05 4.955852094671998e-06
3.932662583376535e-05 1.204591223498786e-05 1.171373280216211e-05 3.740820814367762e-06
3.621204575164745e-05 8.730224545069004e-06 1.061560365745028e-05 2.569458922834619e-06
4.894990752737785e-05 1.554078193814378e-05 1.533919763751795e-05 5.061117050222731e-06
4.569857212561778e-05 1.204762540960341e-05 1.407562857197243e-05 3.707167333043726e-06
4.249898612620008e-05 8.637270955852363e-06 1.290862405901496e-05 2.467722561985935e-06
5.554519077102326e-05 1.561531496095095e-05 1.798420041851557e-05 5.186993061858389e-06
5.222448852769541e-05 1.204925214688108e-05 1.662944054945175e-05 3.698120479967876e-06
4.894948965172346e-05 8.555949208823272e-06 1.537102907622537e-05 2.333560252805946e-06
6.226735920708734e-05 1.567963631933281e-05 2.078726562440727e-05 5.193429145900001e-06
5.888630678480886e-05 1.205089777732524e-05 1.937484075855750e-05 3.689737797180001e-06
5.554474904617704e-05 8.484815300555316e-06 1.801644098027600e-05 2.195693693896590e-06
6.909679136512201e-05 1.573303023266090e-05 2.362742897973308e-05 5.191660602761682e-06
6.566556705732974e-05 1.205255525687358e-05 2.220635063979839e-05 3.699015089647497e-06
6.226685936734481e-05 8.423882394724221e-06 2.083518277932778e-05 2.201918903846658e-06
7.601225988358098e-05 1.577492591257977e-05 2.630341148295143e-05 5.160724838841529e-06
7.254165500042420e-05 1.205413455242912e-05 2.501585106186495e-05 3.741071469040593e-06
6.909635323920503e-05 8.373758239163591e-06 2.367566677699830e-05 2.235072074847011e-06
8.299242200716995e-05 1.580534323722636e-05 2.887475935680885e-05 5.072884065369635e-06
7.949303347793339e-05 1.205552280583782e-05 2.763895494717998e-05 3.740242620039243e-06
7.601186470769384e-05 8.334833523769518e-06 2.639900176898392e-05 2.307047659802527e-06
9.001652776109664e-05 1.582518122340235e-05 3.144423340951111e-05 5.127153801215013e-06
8.649859589659503e-05 1.205677277855732e-05 3.015869768455673e-05 3.764663147748927e-06
8.299201660270384e-05 8.306985634882342e-06 2.891842230721624e-05 2.421272770922365e-06
1.051254213865260e-04 1.542226437826779e-05 3.676138269301023e-05 4.952564634021222e-06
1.041232929171233e-04 1.583730533005302e-05 3.640777754399198e-05 5.102479718469577e-06
9.317149290335005e-05 1.205758312031842e-05 3.257370284500939e-05 3.795816587670670e-06
9.706565488154040e-05 1.583517598811162e-05 3.391335896888727e-05 5.164320848871662e-06
9.001630965925428e-05 8.289211115063356e-06 3.148143511174093e-05 2.444100811325659e-06
1.055405261160640e-04 1.442022174362379e-05 3.690795029471171e-05 4.595851494883942e-06
1.031687496330674e-04 1.205811057325291e-05 3.609819549851992e-05 3.772569577074041e-06
9.706559061273101e-05 8.280590821276357e-06 3.394881001356970e-05 2.439206282549441e-06
1.055405946651946e-04 9.695969898355445e-06 3.694604654614288e-05 2.923767246211694e-06
1.041233315910627e-04 8.278829147721579e-06 3.645177199277308e-05 2.418839898957672e-06
1.051254846396282e-04 8.693888504679605e-06 3.680206937447918e-05 2.566963241794155e-06
