2.969433613755049e-05 -3.152770899043355e-06 3.375006128932975e-05 -5.874222328908498e-06
2.983607786323899e-05 -2.810627033486221e-06 3.384680083917046e-05 -5.654453126745242e-06
2.983633593188317e-05 -1.197934648538223e-06 3.385581733376573e-05 -4.603199516311988e-06
2.969464209253075e-05 -8.558824812445098e-07 3.376002667627787e-05 -4.383858559409546e-06
2.935216521788913e-05 -3.294490805904969e-06 3.351954345707858e-05 -5.961717094541967e-06
2.871057403052818e-05 -2.004357335249313e-06 3.312233296403460e-05 -5.123842208249824e-06
2.935256099141699e-05 -7.142069713994903e-07 3.353087447599097e-05 -4.296188012688424e-06
2.694276833455642e-05 -3.294397573119649e-06 3.210010290036512e-05 -5.843616966456659e-06
2.694342963299875e-05 -7.148252995964700e-07 3.212418729051761e-05 -4.344776897297005e-06
2.561316530738685e-05 -2.004737256939540e-06 3.127742141280148e-05 -5.065844089257408e-06
2.453465477958182e-05 -3.292455580925042e-06 3.062872853906855e-05 -5.907614058965953e-06
2.453569663130287e-05 -7.178118792474715e-07 3.068758451012818e-05 -4.217326479114211e-06
2.333276409775483e-05 -2.005640727594938e-06 2.983882519752121e-05 -5.001166944939891e-06
2.213402980318186e-05 -3.286873951550993e-06 2.881138682096524e-05 -6.039912591996904e-06
2.213476399161997e-05 -7.254583369888293e-07 2.909996199116143e-05 -4.064295669272165e-06
2.093871681919413e-05 -2.006630278687637e-06 2.813746989956543e-05 -4.945465313589968e-06
1.975022145922080e-05 -3.275968388038713e-06 2.664936760664624e-05 -6.020985680299432e-06
1.975098786774814e-05 -7.384553973939042e-07 2.716597637495528e-05 -3.903273980815792e-06
1.856688718258083e-05 -2.007754583555226e-06 2.609551633998416e-05 -4.914842310028806e-06
1.739414481914737e-05 -3.259209060197555e-06 2.449811469773264e-05 -5.984259872372073e-06
1.739497551758571e-05 -7.576315304730532e-07 2.498608205759871e-05 -3.686913745192007e-06
1.622821252395406e-05 -2.008795647372682e-06 2.391952013875797e-05 -4.872456289425066e-06
1.507659962604719e-05 -3.235915883153014e-06 2.258628779026449e-05 -5.952055186016510e-06
1.507760780023896e-05 -7.823550166784130e-07 2.279012277664926e-05 -3.564156083961860e-06
1.393369908795213e-05 -2.009389003109010e-06 2.176304652634358e-05 -4.821200085502899e-06
1.280934935367231e-05 -3.205092377065282e-06 2.059210550259712e-05 -5.871422480068818e-06
1.281010106312037e-05 -8.136088248335970e-07 2.052950411962844e-05 -3.541266070461106e-06
1.169615937748563e-05 -2.009507678792042e-06 1.952652708800942e-05 -4.725393986279665e-06
1.060743515628281e-05 -3.164256761049532e-06 1.834228305562555e-05 -5.839233146976563e-06
1.060770366186486e-05 -8.542310295798619e-07 1.819472877974889e-05 -3.437969350655723e-06
9.533096891126160e-06 -2.009344018635748e-06 1.726926395953790e-05 -4.629739327653204e-06
8.490855939586949e-06 -3.111426169976509e-06 1.605478342899174e-05 -5.846825842005455e-06
8.490651475314760e-06 -9.068477321499662e-07 1.587396917811339e-05 -3.346216844186124e-06
7.466876194621538e-06 -2.009025372716192e-06 1.493444454530673e-05 -4.607284753335580e-06
6.484179078671512e-06 -3.043757043580432e-06 1.371491697451555e-05 -5.754368911054697e-06
6.483717633840386e-06 -9.744677619897034e-07 1.360168304554954e-05 -3.392547766260716e-06
5.561723605057336e-06 -2.008190731686255e-06 1.265913214262213e-05 -4.564437423437035e-06
4.688261205875942e-06 -2.961221440962742e-06 1.151085187333465e-05 -5.718880089320842e-06
4.687392091361737e-06 -1.059864437806283e-06 1.158393833953401e-05 -3.427979935964982e-06
4.046709551379417e-06 -2.077562725852376e-06 1.078701321639426e-05 -4.656783082286829e-06
3.442650518885052e-06 -2.880671942479329e-06 9.973947376829410e-06 -5.684103624369589e-06
3.440212592617991e-06 -1.142956855855275e-06 1.008441254146652e-05 -3.415934537050476e-06
2.614484878137452e-06 -2.807683343606301e-06 8.956958761428980e-06 -5.647146362008742e-06
2.752693439613813e-06 -2.289353897964107e-06 9.165803851600613e-06 -4.935755448468118e-06
2.610371307999862e-06 -1.197783551854759e-06 8.983609126213626e-06 -3.378633715149171e-06
2.053145962114028e-06 -1.257522629973488e-06 8.212161595796115e-06 -3.405628731964924e-06
6.454709072778194e-08 -7.431241753807751e-07 -1.258802805437613e-06 2.499582379225750e-07
6.653509965123397e-08 -7.476390347672592e-07 -1.293935219573679e-06 3.341642049706717e-07
6.664420856618128e-08 -7.655770128190955e-07 -1.286461683043472e-06 6.621213085665195e-07
6.462283767382682e-08 -7.705538871610932e-07 -1.249553793813730e-06 7.452143939527927e-07
2.047687815752791e-06 -2.755318868798509e-06 8.196400781707244e-06 -5.637511078214718e-06
1.581643066302963e-06 -2.680583762364422e-06 7.505943694288883e-06 -5.576410068888773e-06
1.919761388299748e-06 -1.822000862315611e-06 8.043294682441217e-06 -4.270553567789963e-06
1.561625813060697e-06 -1.280231794688219e-06 7.486227567726920e-06 -3.350384812803416e-06
5.997806872864997e-08 -7.414295387131552e-07 -1.173957860840740e-06 2.161732557170934e-07
5.485839109411201e-08 -7.612533849260479e-07 -1.074357654284457e-06 5.712144522952963e-07
5.969621879775546e-08 -7.729083617128200e-07 -1.162859982324546e-06 7.777012573965124e-07
1.419217928109621e-06 -2.229593319730025e-06 7.282639477497125e-06 -4.894729288085928e-06
1.150731213725425e-06 -2.544071438554774e-06 6.787561076947183e-06 -5.463768992758578e-06
7.728082972110105e-07 -2.381977482373120e-06 6.065590901305272e-06 -5.277221920412912e-06
1.279167130359707e-06 -1.661277507292810e-06 7.047960316789149e-06 -3.962822451434433e-06
1.136313810072450e-06 -1.245211417022656e-06 6.770583474423978e-06 -3.135842655390110e-06
2.738539594237217e-08 -7.430824208698821e-07 -6.187434441157523e-07 2.604369183714638e-07
2.671953377519944e-08 -7.753382212379539e-07 -6.200008010861909e-07 7.585398142027085e-07
1.022432344024464e-08 -7.603068682349323e-07 -4.111157541666464e-07 5.014416138430510e-07
4.553060265706413e-07 -2.173954874745406e-06 5.358774082931795e-06 -5.007047497713542e-06
7.083075574412605e-07 -1.969818877674136e-06 5.984849873680621e-06 -4.528937297920505e-06
8.312269762531947e-07 -1.502551318756059e-06 6.200061974716572e-06 -3.602537827597749e-06
7.729289074010776e-07 -1.166528036076464e-06 6.070547759774755e-06 -2.795270256619019e-06
-7.062853066997552e-09 -7.435769410313046e-07 -1.648834358332381e-07 2.041595053120249e-07
-7.677373713939014e-09 -7.792065638883970e-07 -1.760661278651066e-07 7.337456518403534e-07
-2.645209687984356e-08 -7.624571734117956e-07 6.503869391835748e-08 4.446009342501807e-07
1.833224670901347e-07 -1.957798255284306e-06 4.679972712080028e-06 -4.626477928094151e-06
-2.184592391013365e-08 -1.739257882791138e-06 4.075963227418829e-06 -4.155850877399441e-06
4.240088975838773e-07 -1.442524488604543e-06 5.340517209199830e-06 -3.411978384331095e-06
4.754736727120281e-07 -1.046805197279760e-06 5.480602549304050e-06 -2.377809056348119e-06
-4.682887134208516e-08 -7.423154083062858e-07 3.284863440309415e-07 1.288744784000464e-07
-4.736204205597412e-08 -7.845843996889622e-07 3.085310507573335e-07 6.959431717367182e-07
3.227143512691212e-08 -1.451065946403967e-06 4.246492396702208e-06 -3.438377599650283e-06
-1.673917334016973e-07 -1.508670915456678e-06 3.550564610291944e-06 -3.609893384355486e-06
1.108422819468400e-07 -1.178808692789290e-06 4.523860425412629e-06 -2.681250568969489e-06
2.430645334875521e-07 -9.241648642361673e-07 4.954831711129244e-06 -1.877719171634145e-06
-6.850626304933361e-08 -7.643552567803104e-07 6.082911287299175e-07 3.882875908259152e-07
-9.178357272714375e-08 -7.396503113444396e-07 9.459508197869113e-07 1.571789659465040e-09
-9.256398616095725e-08 -7.905266388154542e-07 9.076303988992842e-07 7.329506275934043e-07
-2.793644346419198e-07 -1.291914362268193e-06 3.094301230876496e-06 -3.001647058714716e-06
-3.278227948559412e-07 -1.116816771846222e-06 2.782410662750778e-06 -2.431063858503067e-06
-3.291185686261058e-07 -9.540141560708827e-07 2.553437360460973e-06 -1.841248166081274e-06
-4.019027541551385e-08 -9.735838657532570e-07 3.990297304508261e-06 -1.974431429541834e-06
6.965906548229253e-08 -8.198520646389101e-07 4.477905469896309e-06 -1.277114999434210e-06
-1.106903084357190e-07 -7.662313456215958e-07 1.192608297114372e-06 3.213283256721129e-07
-1.314284505495571e-07 -7.367054762845327e-07 1.541492454466904e-06 -1.859750582963576e-07
-1.310528647151319e-07 -7.944047734472185e-07 1.539388236420346e-06 7.860693574141489e-07
-2.403796771262875e-07 -9.423152111550980e-07 3.108797916326977e-06 -1.833525539323456e-06
-3.134463646389349e-07 -8.298147899962530e-07 2.389100836026866e-06 -1.239884515383732e-06
-1.859088625494446e-07 -7.327777457899204e-07 2.076830337823330e-06 -3.325187623346024e-07
-2.162772124640386e-07 -7.343763009087266e-07 2.243955183445768e-06 -4.449200004659503e-07
-2.502096688071113e-07 -7.467673567041069e-07 2.323735593963104e-06 -6.519633855734266e-07
-1.339788579399568e-07 -8.087678927719535e-07 3.647808947114488e-06 -1.204365893930527e-06
-6.608966435414767e-08 -7.469490205581132e-07 4.132681911392879e-06 -7.516497581400304e-07
-1.512622787003721e-07 -7.644643388703202e-07 1.838222790246473e-06 1.853241574685343e-07
-1.392746353230898e-07 -7.936239906966090e-07 2.097340304380114e-06 8.336149886224170e-07
-2.469171722556543e-07 -7.531293130136048e-07 2.779098591485987e-06 -8.154712942160690e-07
-1.948846959092417e-07 -7.424261412095303e-07 2.261052458225221e-06 -6.997698220583247e-08
-2.287724113734602e-07 -7.333020601176914e-07 2.457916361797524e-06 -3.858541016401126e-07
-1.791422710085812e-07 -7.283324707872513e-07 3.393853192365332e-06 -5.710559020447887e-07
-1.692174923334410e-07 -7.182922384771399e-07 3.866254320209586e-06 -1.937375490831969e-07
-1.561794396472817e-07 -7.695319076345654e-07 2.287884653738558e-06 4.893438711865097e-07
-1.235032136464854e-07 -7.999802039778842e-07 2.244796071590332e-06 8.966927643914953e-07
-2.106464451780270e-07 -7.108899952508607e-07 2.906140678261896e-06 5.326248399030463e-08
-2.289510728924597e-07 -7.235211122030524e-07 3.754523926111969e-06 2.124356525461585e-07
-3.216695649620606e-07 -7.699793763177561e-07 3.782503927923679e-06 6.486335583731663e-07
-1.514556265397418e-07 -7.780239872701091e-07 2.617820539502113e-06 7.586680401629459e-07
-1.052301659139277e-07 -8.306007391835158e-07 2.329520084475309e-06 1.054218909713159e-06
-6.766722001257555e-08 -9.482990912955044e-07 2.462013154024491e-06 1.515234342504525e-06
-2.476088964608418e-07 -7.521942174727664e-07 3.325999156201854e-06 7.122498015969930e-07
-4.743951430596588e-08 -1.117913426431415e-06 2.665940120963682e-06 1.935414293801623e-06
-4.284842143115461e-07 -8.353330743155035e-07 3.936356830532509e-06 1.097603154955893e-06
-1.521575425201206e-07 -9.349761900793965e-07 2.940306089668807e-06 1.513357677417028e-06
-3.366142208047849e-07 -9.474073311980816e-07 3.568967777207603e-06 1.524813345383746e-06
-7.941179612122514e-08 -1.303728373238491e-06 2.896856715570894e-06 2.321798379724469e-06
-5.769352189096609e-07 -9.484646500706163e-07 4.182058624789272e-06 1.537324657510934e-06
-5.198929538935624e-07 -1.106920752118984e-06 3.975301133851826e-06 1.918926846691882e-06
-3.194098733665838e-07 -1.226315919349184e-06 3.517512042538975e-06 2.156001402682288e-06
-1.484485752208364e-07 -1.531646965045988e-06 3.181489018587121e-06 2.713289349808378e-06
-2.863617606255847e-07 -1.780768731258162e-06 3.494059693177297e-06 3.056391858749999e-06
-7.898241227077374e-07 -1.081934015290681e-06 4.427803374353896e-06 1.893807010983294e-06
-6.753707722809351e-07 -1.340085230501348e-06 4.198251476714478e-06 2.352451479820070e-06
-5.299530615526294e-07 -1.692207435860179e-06 3.931187242047018e-06 2.917272825035036e-06
-4.648877899925338e-07 -2.044685577045887e-06 3.841860540254933e-06 3.384839722987413e-06
-1.059567679409726e-06 -1.230005809014656e-06 4.770359127202347e-06 2.234782696231815e-06
-9.921664656735797e-07 -1.701945696751526e-06 4.668973471055821e-06 2.915166662292518e-06
-7.098041474580506e-07 -2.292056120446298e-06 4.252077476917426e-06 3.679279327222497e-06
-1.025378418391440e-06 -2.532519773918547e-06 4.685401487404320e-06 3.907023672979781e-06
-1.389096170864721e-06 -2.760075759123578e-06 5.133020432841204e-06 4.070673615291422e-06
-1.405772350611884e-06 -1.816475788718008e-06 5.159988015293998e-06 3.064773636971089e-06
-1.395907042177580e-06 -1.377902682822985e-06 5.150909658925136e-06 2.520710008004318e-06
-1.318332277129913e-06 -2.297884029104182e-06 5.078718209022084e-06 3.609747155042008e-06
-1.814984331696485e-06 -2.936479877633210e-06 5.583488708127385e-06 4.196802332172746e-06
-2.292310006330398e-06 -3.073750406333560e-06 6.055207227622506e-06 4.323443738476493e-06
-1.767960481323665e-06 -1.918103959325992e-06 5.542018143966316e-06 3.184871813907845e-06
-1.806816326882011e-06 -1.483678796787866e-06 5.575126282837579e-06 2.712138356718048e-06
-2.799918276242605e-06 -3.151751073467885e-06 6.529660540467355e-06 4.398204502232466e-06
-2.208497385941368e-06 -2.357660492297045e-06 5.979956786429296e-06 3.627167031295690e-06
-2.275315002436756e-06 -1.532526702765450e-06 6.025995606483119e-06 2.778074715086366e-06
-2.907218619138174e-06 -2.444780966427770e-06 6.658208545761370e-06 3.687807224465102e-06
-3.410663489264908e-06 -3.209205386082251e-06 7.107248971602822e-06 4.436031664129012e-06
-2.784009258553518e-06 -1.528583346701555e-06 6.521096496305067e-06 2.749937705622632e-06
-4.299626544797768e-06 -3.266570489804938e-06 7.969765083694281e-06 4.539072131049794e-06
-3.573739432969229e-06 -2.027571645575421e-06 7.282300166565608e-06 3.253960604595996e-06
-3.407718835069084e-06 -1.471549260877237e-06 7.127700788590696e-06 2.673382081029407e-06
-5.636232418512128e-06 -3.353840241238139e-06 9.377063131992828e-06 4.668257981679363e-06
-4.950044205448472e-06 -2.261804373734742e-06 8.660016109248740e-06 3.483828243134948e-06
-4.301347388892308e-06 -1.397709754964555e-06 8.001728613139197e-06 2.557620184505678e-06
-7.561096377924622e-06 -3.446762971628132e-06 1.166195911175754e-05 4.834197848919332e-06
-6.572525362285682e-06 -2.336795435368697e-06 1.048243110529453e-05 3.541338204117225e-06
-5.637015922527551e-06 -1.314450627412568e-06 9.425501537591363e-06 2.414369286828196e-06
-9.717311798610106e-06 -3.524504451201535e-06 1.419119905981592e-05 4.904582746766316e-06
-8.615495742361800e-06 -2.336426435097841e-06 1.294320542674683e-05 3.506882966591479e-06
-7.561236697447123e-06 -1.225487899481075e-06 1.169512015836709e-05 2.208911889887325e-06
-1.200379572293944e-05 -3.588977227171496e-06 1.677757354745205e-05 4.839758814856417e-06
-1.084045478024064e-05 -2.336540432782496e-06 1.556302405705429e-05 3.467742425619044e-06
-9.717281952438731e-06 -1.148487338110354e-06 1.427315246422489e-05 2.078654046340032e-06
-1.439911663790358e-05 -3.642055770054892e-06 1.933696925775715e-05 4.772378246714966e-06
-1.318494135684481e-05 -2.336563725177143e-06 1.811333562135482e-05 3.454503745588219e-06
-1.200377636590455e-05 -1.084153662087359e-06 1.686888229650251e-05 2.122615278840424e-06
-1.688380414296150e-05 -3.684886168066561e-06 2.179513592243055e-05 4.719725315562001e-06
-1.562807242408839e-05 -2.336291862671066e-06 2.057137897487182e-05 3.441766426053534e-06
-1.439930473371569e-05 -1.030877715099618e-06 1.935280978480968e-05 2.150985951419475e-06
-1.944052373763601e-05 -3.718224767494549e-06 2.410535241247406e-05 4.587285398283501e-06
-1.815163769962229e-05 -2.335697452395042e-06 2.298003167898672e-05 3.435640001968729e-06
-1.688409041227399e-05 -9.871349131494418e-07 2.176010973138692e-05 2.123529592645349e-06
-2.205211713624258e-05 -3.741833809737847e-06 2.624377636579444e-05 4.395504473849353e-06
-2.073886433652349e-05 -2.334835556593719e-06 2.530123076396690e-05 3.404777602222730e-06
-1.944091156434636e-05 -9.523177907689865e-07 2.414968705204700e-05 2.126452342635026e-06
-2.470020854699243e-05 -3.756098775889477e-06 2.813289964333471e-05 4.260943013356434e-06
-2.337176734056332e-05 -2.333801991695469e-06 2.734073898851372e-05 3.341714559388634e-06
-2.205255810093569e-05 -9.268478121847671e-07 2.642669660101250e-05 2.292618716532644e-06
-2.736791776505139e-05 -3.762643690724616e-06 2.964075236946931e-05 4.048330814518388e-06
-2.603216288547522e-05 -2.332797753065869e-06 2.902201611451546e-05 3.313863825683782e-06
-2.470067093867316e-05 -9.105596291613393e-07 2.828895789136065e-05 2.427116188712599e-06
-3.309997400213803e-05 -3.607170861271578e-06 3.201487689647462e-05 3.871004868156020e-06
-3.271987735112804e-05 -3.764608330082110e-06 3.186050804687474e-05 3.932518989783649e-06
-2.856589523062361e-05 -2.331943770821099e-06 3.021441826628127e-05 3.336497727839556e-06
-3.004339114886633e-05 -3.764532777485049e-06 3.082582680455539e-05 3.924923953305355e-06
-2.736828241564821e-05 -9.020596379164762e-07 2.970291697475783e-05 2.674259197383646e-06
-3.325741651383829e-05 -3.227081730090155e-06 3.207895165345123e-05 3.720960046116186e-06
-3.235797933839903e-05 -2.331222006548229e-06 3.171904223639494e-05 3.364426494690527e-06
-3.004359501178051e-05 -8.986538640248982e-07 3.082294894214959e-05 2.792602247981880e-06
-3.325745889039919e-05 -1.435314881786431e-06 3.208509123726759e-05 3.003203739571149e-06
-3.271997779079722e-05 -8.978655699552896e-07 3.186584185726629e-05 2.789466272749432e-06
-3.310003405494513e-05 -1.055276068784887e-06 3.202042112116939e-05 2.850996022137048e-06
