7.329725363432916e-05 -1.037027793568445e-05 -7.654660221179532e-06 2.219592701468303e-06
7.359199882007157e-05 -9.658945269233915e-06 -7.635365512448837e-06 2.269823364167226e-06
7.359174879248778e-05 -6.305124640506638e-06 -7.747161029761178e-06 2.558460395952754e-06
7.329698104111192e-05 -5.593813940273653e-06 -7.781979789553744e-06 2.624912437360970e-06
7.258572453509614e-05 -1.066487801318414e-05 -7.706551768811229e-06 2.201046010799114e-06
7.125036522933102e-05 -7.981991147664390e-06 -7.896831368300163e-06 2.438033143404252e-06
7.258543779508278e-05 -5.299224833918112e-06 -7.857220971828462e-06 2.651492300453312e-06
6.757482988709078e-05 -1.066177403639836e-05 -8.049193753984254e-06 2.311715589959773e-06
6.757453292686982e-05 -5.302357968519549e-06 -8.271042007619465e-06 2.593155864707157e-06
6.481188540532622e-05 -7.982180654184721e-06 -8.298826278806131e-06 2.410128462950774e-06
6.257701961806247e-05 -1.064925489223920e-05 -8.126452605245264e-06 2.483976770700409e-06
6.257672408631340e-05 -5.315340434785223e-06 -8.497687280354424e-06 2.467900984904101e-06
6.008733652875076e-05 -7.982420497361688e-06 -8.238999314450998e-06 2.451577443887686e-06
5.761255244739250e-05 -1.062628206792837e-05 -7.998923258125473e-06 2.603012772959472e-06
5.761251694307045e-05 -5.338937826108263e-06 -8.249260088489679e-06 2.429908522121616e-06
5.514644710180994e-05 -7.982975793041579e-06 -8.017168134413626e-06 2.458683720783370e-06
5.270125532071436e-05 -1.059416891481613e-05 -7.796620851423069e-06 2.602698449742501e-06
5.270106674388938e-05 -5.372366916006993e-06 -8.093369619859515e-06 2.403327048904433e-06
5.026756205740206e-05 -7.983682170990626e-06 -7.794629329571588e-06 2.499996245271165e-06
4.785984589175989e-05 -1.055386477611252e-05 -7.708111173782550e-06 2.538753922124201e-06
4.785969452131430e-05 -5.414362820431734e-06 -7.970470161082060e-06 2.473031451738632e-06
4.546605085848335e-05 -7.984508884654884e-06 -7.696336887342547e-06 2.545578297699815e-06
4.310255481193887e-05 -1.050664376803378e-05 -7.669956612724360e-06 2.505309755337738e-06
4.310255639592461e-05 -5.463463023572810e-06 -7.972867977586516e-06 2.495698189116382e-06
4.075525397845513e-05 -7.985605486148150e-06 -7.675615434062985e-06 2.588518929663456e-06
3.844152751235026e-05 -1.045421149457951e-05 -7.569955602419783e-06 2.591324329548408e-06
3.844137166213624e-05 -5.518133409643507e-06 -7.823497569984111e-06 2.363188017092571e-06
3.614537553813767e-05 -7.986747784578827e-06 -7.566677589349519e-06 2.578080875353039e-06
3.388504533475963e-05 -1.039804055202705e-05 -7.319475505376074e-06 2.704876980872716e-06
3.388456194195571e-05 -5.576564721003997e-06 -7.384571417691331e-06 2.272396775205630e-06
3.164281207590341e-05 -7.987780960992410e-06 -7.269464681086626e-06 2.547614114660182e-06
2.943808272978563e-05 -1.033871014062268e-05 -6.831180637777895e-06 2.803873021149626e-06
2.943744884038473e-05 -5.637754134502331e-06 -6.809357684784506e-06 2.269647022080307e-06
2.725184653124948e-05 -7.988555974353321e-06 -6.711222246822061e-06 2.517939659442745e-06
2.510521915645187e-05 -1.027505853045767e-05 -6.266217351140126e-06 2.849517355740367e-06
2.510438879212857e-05 -5.702981864601483e-06 -6.273363245697572e-06 2.257111240606937e-06
2.306331286572781e-05 -7.988564472055390e-06 -6.185161323496270e-06 2.521767517682317e-06
2.106314523971050e-05 -1.020534581925070e-05 -5.888240889943265e-06 2.803334314329411e-06
2.106212349579119e-05 -5.775921090055565e-06 -5.859910139137270e-06 2.279005084733841e-06
1.957424901045810e-05 -8.158023679622591e-06 -5.732904563536451e-06 2.532433250357779e-06
1.809501011709718e-05 -1.014041691422624e-05 -5.511432910345703e-06 2.814745628727488e-06
1.809291198492396e-05 -5.843028976236131e-06 -5.498251308479639e-06 2.228302945136003e-06
1.599685812311661e-05 -1.008298719589993e-05 -5.197437222640645e-06 2.873784445661358e-06
1.638889242044985e-05 -8.710090645823920e-06 -5.279028292049028e-06 2.631746820745760e-06
1.599370960970030e-05 -5.886234577947031e-06 -5.169958497994698e-06 2.157028897847152e-06
1.450314687455188e-05 -5.932826336563091e-06 -4.892240173674376e-06 2.114908332748755e-06
-2.183427343998053e-06 -3.756910880708147e-07 8.985393089306083e-07 2.500688233321768e-07
-2.227603461037767e-06 -2.694081543128600e-07 9.178083807290961e-07 2.044048165674321e-07
-2.227353956685201e-06 1.264645629587632e-07 9.154613949297049e-07 3.059616518627059e-08
-2.183400515443343e-06 2.312523247480805e-07 8.946861732060980e-07 -1.434189490287056e-08
1.449892947183429e-05 -1.004203750675572e-05 -4.939902845463018e-06 2.936163114394444e-06
1.317556923140163e-05 -9.929064403595063e-06 -4.624832910930879e-06 2.955091906311602e-06
1.418613416383149e-05 -7.476453673203237e-06 -4.858580355710321e-06 2.426728277323262e-06
1.316226259076097e-05 -5.866666073746391e-06 -4.632201728011283e-06 2.047722589760793e-06
-2.077609654328911e-06 -4.196636970260657e-07 8.522752125456671e-07 2.684879995289553e-07
-1.970902289487179e-06 1.441755681451556e-08 8.124488662468207e-07 7.196056940114446e-08
-2.078518101401968e-06 2.749566772203774e-07 8.493323036783617e-07 -3.505350321744399e-08
1.274501579796832e-05 -8.670091498881663e-06 -4.534585703482368e-06 2.677146108170872e-06
1.189194012309052e-05 -9.659294944141318e-06 -4.291768693255428e-06 2.929534637320060e-06
1.067419028811250e-05 -9.262946144998718e-06 -3.973756612675238e-06 2.855783900725319e-06
1.234762624453444e-05 -6.969300725529818e-06 -4.452844876341370e-06 2.290606019107196e-06
1.190185035171511e-05 -5.590401722981241e-06 -4.335844066114165e-06 1.919813744240654e-06
-1.360289182894457e-06 -4.311265331103767e-07 5.825557460917047e-07 2.638733625748442e-07
-1.359806655715818e-06 2.869913556910345e-07 5.891860354388704e-07 -7.318525687107342e-08
-9.886235822725902e-07 -7.209784566111049e-08 3.852153878852395e-07 1.118654363569178e-07
9.540277079843426e-06 -8.727666932211680e-06 -3.666797905522087e-06 2.750241509815811e-06
1.050352381715831e-05 -7.987503399173363e-06 -3.946416719620701e-06 2.537283725622358e-06
1.092000533522873e-05 -6.412766351461920e-06 -4.069089182777154e-06 2.128344161133599e-06
1.074679110492970e-05 -5.122786106926957e-06 -4.025580241487197e-06 1.761198825414056e-06
-5.867325629951033e-07 -4.961218019794480e-07 1.869029127956951e-07 3.300294307176677e-07
-5.869379238285338e-07 3.515180718194223e-07 1.930522137863440e-07 -8.440518228058171e-08
-1.306514341686438e-07 -7.246541321441294e-08 -1.188489626671749e-08 1.373950665450200e-07
8.489886943602733e-06 -8.087639965135404e-06 -3.369444736777711e-06 2.607747897668532e-06
7.550864940852685e-06 -7.353741644795901e-06 -3.088350784792230e-06 2.423229989359363e-06
9.474806482548796e-06 -6.172692632540361e-06 -3.669294100850235e-06 2.071181318965908e-06
9.726843021300872e-06 -4.478329140251550e-06 -3.747487565205347e-06 1.574334911004428e-06
3.916558246123907e-07 -6.370693565767706e-07 -2.514912810038366e-07 4.070375403143785e-07
3.916592072805793e-07 4.919599022305766e-07 -2.404010706652070e-07 -1.341804141133833e-07
7.789753372796004e-06 -6.245374895262838e-06 -3.148438454438497e-06 2.125358082847944e-06
6.727929683970791e-06 -6.525755592808952e-06 -2.848767561966610e-06 2.214294525825515e-06
8.183423759061698e-06 -5.020642884609365e-06 -3.249932952789111e-06 1.762875864501096e-06
8.865293485757236e-06 -3.703751339481743e-06 -3.458238575507326e-06 1.327059994254846e-06
9.656184360107616e-07 -7.280292441066900e-08 -5.035130111694301e-07 1.276003237756524e-07
1.646135258913178e-06 -8.395262324130261e-07 -7.663009416748171e-07 3.846440735557366e-07
1.644900904737500e-06 6.952287230602764e-07 -7.738269577009466e-07 -1.872103086159894e-07
6.009471805174015e-06 -5.632428398008474e-06 -2.633581511242793e-06 1.996439560164843e-06
5.426987576728219e-06 -4.705158860085593e-06 -2.416961473153835e-06 1.704708751146058e-06
4.972969350577563e-06 -3.729467086673509e-06 -2.204295969756870e-06 1.377879867128206e-06
7.384830315791892e-06 -3.936921559878767e-06 -3.005348880380769e-06 1.439488135344093e-06
8.178094643803122e-06 -2.837159208509399e-06 -3.259213717007569e-06 1.088065394637074e-06
2.192151521728243e-06 -7.535357998052299e-08 -9.660048661386375e-07 1.066090336615470e-07
2.859620181160266e-06 -1.037393824284110e-06 -1.204588296161104e-06 4.601757368998347e-07
2.859928285699496e-06 9.015199853312883e-07 -1.237287049756871e-06 -3.146636828017555e-07
5.951642904084324e-06 -3.725014709917752e-06 -2.576190264267603e-06 1.385980157421366e-06
4.631931377677003e-06 -2.734551562282066e-06 -2.030787402031367e-06 1.034379072131885e-06
3.952661486432552e-06 -1.203950433427327e-06 -1.710042430845187e-06 5.393205592926019e-07
4.267251072883522e-06 -1.374006069318052e-06 -1.843207092711182e-06 5.900957622153721e-07
4.431204300020634e-06 -1.724302994104637e-06 -1.918007629313802e-06 6.965231379050663e-07
6.831220218860619e-06 -2.711482884644600e-06 -2.834843485936674e-06 1.060053772129128e-06
7.666426752620093e-06 -1.918125834696629e-06 -3.115051505763360e-06 7.786539759279899e-07
3.458907825378539e-06 -2.168526980210200e-07 -1.466442784419569e-06 1.261157673336613e-07
3.966368766818235e-06 1.050614925938325e-06 -1.652829929578216e-06 -3.775012533369242e-07
5.310774861265781e-06 -2.033288017267080e-06 -2.272600855165440e-06 8.026720302424518e-07
4.293718543307301e-06 -6.932331484702170e-07 -1.838901144402271e-06 3.416742107349847e-07
4.666494846823238e-06 -1.252418955169282e-06 -2.000066504361106e-06 5.405621386583940e-07
6.439443323435793e-06 -1.634336474900502e-06 -2.688893622015453e-06 6.788080497150645e-07
7.344825087487647e-06 -9.869136738227525e-07 -3.028418869960630e-06 4.647085661827183e-07
4.324084946177775e-06 4.017192174190719e-07 -1.803366344274333e-06 -1.130929808171360e-07
4.284845121620610e-06 1.213811005294071e-06 -1.775835389319463e-06 -4.500380771734878e-07
5.519811003750943e-06 -4.575857900914511e-07 -2.326168753879291e-06 2.675752962459418e-07
7.229987734635015e-06 -6.078199390411513e-08 -3.009235977121961e-06 8.222300994693404e-08
7.306542022290128e-06 8.447921575268306e-07 -3.034117479450147e-06 -3.043477204649145e-07
4.975638499648767e-06 9.963168542683115e-07 -2.048343946270056e-06 -3.661883787637763e-07
4.471218370905647e-06 1.562151054916134e-06 -1.843659526438459e-06 -6.072649295547276e-07
4.701680043530958e-06 2.519979437710133e-06 -1.908366154698386e-06 -1.041828587969038e-06
6.402952901892769e-06 9.633366396731762e-07 -2.670458362413386e-06 -3.532447647569097e-07
5.042598364006889e-06 3.444235531999051e-06 -2.011110070103994e-06 -1.492391588186597e-06
7.574443462181409e-06 1.757012514041607e-06 -3.124319404946125e-06 -6.952564154964492e-07
5.567224003267937e-06 2.554655414369813e-06 -2.257183368729579e-06 -1.058484481878013e-06
6.838836944353972e-06 2.626971249562393e-06 -2.820320979045910e-06 -1.083573837085260e-06
5.491664989233957e-06 4.324668518594637e-06 -2.181593736338989e-06 -1.933968893843217e-06
8.012506201281850e-06 2.628495108276546e-06 -3.313051574537885e-06 -1.070478724928072e-06
7.639030378984961e-06 3.485336961271271e-06 -3.169866394801763e-06 -1.491566876513780e-06
6.764464683635073e-06 4.020724923747662e-06 -2.788009221810417e-06 -1.776551888049502e-06
6.041694739690962e-06 5.161271452613790e-06 -2.409496700939765e-06 -2.377240290798595e-06
6.696103373059016e-06 5.939323974087539e-06 -2.699580630799208e-06 -2.797595997493469e-06
8.612635573913277e-06 3.431192291445444e-06 -3.651191824658706e-06 -1.457927103907720e-06
8.173849093142008e-06 4.445086682221630e-06 -3.444927602325810e-06 -1.987502258554452e-06
7.658272852101051e-06 5.630035254305472e-06 -3.185123649536727e-06 -2.627467735831701e-06
7.438710042111503e-06 6.648229287107020e-06 -3.055083964987250e-06 -3.214366784196490e-06
9.354075966887946e-06 4.134686670628325e-06 -4.080727625749117e-06 -1.812060754069817e-06
9.127720568794019e-06 5.622535314979881e-06 -3.970322915111390e-06 -2.659046517341443e-06
8.268492458268611e-06 7.269997035319730e-06 -3.492055917565806e-06 -3.595005211391126e-06
9.177151588622530e-06 7.800624210046849e-06 -4.009758445548700e-06 -3.975430730552521e-06
1.014737291750652e-05 8.232442544085699e-06 -4.598205450573732e-06 -4.349561069724306e-06
1.022751810425588e-05 5.941627514247976e-06 -4.656673786727754e-06 -2.858217727074237e-06
1.022024529684095e-05 4.714121555646602e-06 -4.658275321105631e-06 -2.140483131715775e-06
1.000901026261707e-05 7.165621543034796e-06 -4.490628617236049e-06 -3.599360110100429e-06
1.117240806025619e-05 8.548768008503653e-06 -5.253017624021721e-06 -4.645260594526153e-06
1.223774324668606e-05 8.750180037221623e-06 -6.003207913651374e-06 -4.846342657196286e-06
1.110798628133355e-05 6.215831684936271e-06 -5.204598375561661e-06 -3.013362312894591e-06
1.119065725808708e-05 5.140051957636814e-06 -5.283249865670287e-06 -2.350142625425777e-06
1.332458084877349e-05 8.828146350100125e-06 -6.819032838645020e-06 -4.943085213520711e-06
1.210948851691774e-05 7.219631201429357e-06 -5.879616423340168e-06 -3.700714273456534e-06
1.223458041764835e-05 5.395886531246483e-06 -5.996024881943234e-06 -2.433599807400436e-06
1.356348285651592e-05 7.385044100931996e-06 -6.964315802595129e-06 -3.852857066076823e-06
1.453731264216150e-05 8.847235363827130e-06 -7.755906391315750e-06 -5.021117742049107e-06
1.331931664233939e-05 5.475622239019818e-06 -6.778623847249425e-06 -2.447422091716976e-06
1.622159236504430e-05 8.866622784657269e-06 -9.117313492964118e-06 -5.075514853757445e-06
1.488440362349242e-05 6.560734689475894e-06 -7.980605631625096e-06 -3.236775149429481e-06
1.453599816195764e-05 5.457576292695312e-06 -7.720375009479638e-06 -2.390733058063824e-06
1.857418498326669e-05 8.896160679916183e-06 -1.113549868541052e-05 -5.179593032732777e-06
1.740166333100653e-05 7.017279442591926e-06 -1.007978191197132e-05 -3.593942374243117e-06
1.622176882649085e-05 5.433884867309873e-06 -9.097495399720588e-06 -2.300618393245431e-06
2.173160572599722e-05 8.927575145612322e-06 -1.387772286631745e-05 -5.260520234107507e-06
2.014401002139762e-05 7.153240608293642e-06 -1.248690873250968e-05 -3.678424687780487e-06
1.857367630241197e-05 5.407305819843213e-06 -1.111590146257527e-05 -2.123256462629528e-06
2.507022981621638e-05 8.953624412860625e-06 -1.691712811651344e-05 -5.279150309664471e-06
2.339301916421887e-05 7.154582466587234e-06 -1.539711946084099e-05 -3.656548204960628e-06
2.173076572669040e-05 5.379794494190986e-06 -1.393557798933207e-05 -2.050320881001484e-06
2.844899333240628e-05 8.975094308116661e-06 -2.007377053472812e-05 -5.377964821616710e-06
2.675320685123295e-05 7.156326774778489e-06 -1.846535474313437e-05 -3.629365115927783e-06
2.506941405612768e-05 5.357030161870410e-06 -1.697172208877344e-05 -2.041581716741838e-06
3.185983047249375e-05 8.992174702508515e-06 -2.329766240948165e-05 -5.470918558529918e-06
3.014951163052744e-05 7.158155409595440e-06 -2.164699707061638e-05 -3.638062002500685e-06
2.844846224263971e-05 5.339215252152383e-06 -2.008972564992452e-05 -1.947314552507228e-06
3.529531300251808e-05 9.005327935421103e-06 -2.660075570589623e-05 -5.457513996117662e-06
3.357393018108608e-05 7.159734877740804e-06 -2.496789273378053e-05 -3.654748254026405e-06
3.185961945579885e-05 5.325737110946254e-06 -2.332497850426247e-05 -1.815595470496600e-06
3.875010842685542e-05 9.015916158229747e-06 -3.009806040984876e-05 -5.562257337369351e-06
3.701969956281881e-05 7.160895515097100e-06 -2.836228937404872e-05 -3.657055525768268e-06
3.529518011581168e-05 5.315431176062539e-06 -2.671709461297573e-05 -1.814390663630960e-06
4.222068628608523e-05 9.024402543782389e-06 -3.377086077359450e-05 -5.672724033264584e-06
4.048283466679398e-05 7.161808539206098e-06 -3.193344466467443e-05 -3.668901377716943e-06
3.874979679377917e-05 5.306980005573525e-06 -3.022059015113950e-05 -1.760150380986058e-06
4.570443166891271e-05 9.031032642406839e-06 -3.754718403093981e-05 -5.666229884679737e-06
4.396046681612190e-05 7.162341240265107e-06 -3.563862864956995e-05 -3.681769146710464e-06
4.222038294895023e-05 5.299871894509190e-06 -3.384911822904030e-05 -1.707517465651911e-06
4.919870435359516e-05 9.035949637152376e-06 -4.130290344071365e-05 -5.657155902651598e-06
4.745007571526218e-05 7.162545932122483e-06 -3.943824419437598e-05 -3.680914498092702e-06
4.570431524765464e-05 5.293897981665371e-06 -3.755060695017635e-05 -1.715509898231904e-06
5.670340014680912e-05 8.833818469821360e-06 -4.921102871909884e-05 -5.427686284715499e-06
5.620561043450822e-05 9.039977551905639e-06 -4.869475237889752e-05 -5.644260259849909e-06
5.076640299582873e-05 7.162660404410012e-06 -4.300854486712127e-05 -3.681181543477660e-06
5.270032540485345e-05 9.039149153542867e-06 -4.500850257712841e-05 -5.704783675162452e-06
4.919877447058453e-05 5.289214680402407e-06 -4.138507342807482e-05 -1.699677490126939e-06
5.690959870011103e-05 8.336080304501545e-06 -4.942642685191221e-05 -4.909243232004418e-06
5.573155701619293e-05 7.162807659032947e-06 -4.823792504612980e-05 -3.709269187411435e-06
5.270037648110017e-05 5.286407633814498e-06 -4.505380639156830e-05 -1.726411453672557e-06
5.690969893306745e-05 5.989473713141665e-06 -4.948807996728242e-05 -2.473680007750896e-06
5.620571473905505e-05 5.285561672097339e-06 -4.876151822281785e-05 -1.733567391379396e-06
5.670350585081573e-05 5.491724482206612e-06 -4.927694518098099e-05 -1.951229603185849e-06
