6.638523821687552e-05 -8.655411712932490e-06 -1.570113734966816e-05 3.309808378483675e-06
6.665140196610927e-05 -8.012826897140465e-06 -1.574500811834758e-05 3.196214957652350e-06
6.665170871723553e-05 -4.983784209167819e-06 -1.570966143990963e-05 2.570156394088714e-06
6.638558853396476e-05 -4.341229350266341e-06 -1.566216686797885e-05 2.455382023207756e-06
6.574267343857236e-05 -8.921587184856532e-06 -1.558951026808303e-05 3.356284549279455e-06
6.453774712753441e-05 -6.498331699530613e-06 -1.529637186181214e-05 2.873547258236684e-06
6.574308566584681e-05 -4.075062805141244e-06 -1.554676708222097e-05 2.407876657166974e-06
6.121821637576683e-05 -8.921696118628874e-06 -1.469543248092108e-05 3.339824769150944e-06
6.121866282142300e-05 -4.074447451202428e-06 -1.466128445610847e-05 2.389653135207128e-06
5.872008625015142e-05 -6.497602247484067e-06 -1.424862609352094e-05 2.855702861735813e-06
5.669229299304623e-05 -8.920853562133833e-06 -1.362922437641863e-05 3.443540881651912e-06
5.669260625342639e-05 -4.073473974170529e-06 -1.375539911244755e-05 2.384188899792030e-06
5.442922669925032e-05 -6.496741445287266e-06 -1.338509453748759e-05 2.885413623873840e-06
5.216656395832137e-05 -8.917724486105356e-06 -1.261798762384442e-05 3.449691943102801e-06
5.216639031927439e-05 -4.074520634560386e-06 -1.286321218703627e-05 2.366675617057896e-06
4.990508170556477e-05 -6.495505101767697e-06 -1.235946990240381e-05 2.910851764491572e-06
4.764777180043571e-05 -8.908985312726425e-06 -1.166017518795101e-05 3.426318808021624e-06
4.764759990477886e-05 -4.080747879528823e-06 -1.185930201976324e-05 2.445232082445903e-06
4.539377925765409e-05 -6.494064052639678e-06 -1.139976624555759e-05 2.953552761054050e-06
4.314889794256588e-05 -8.892017494883328e-06 -1.074233099966698e-05 3.407516658305247e-06
4.314876285442306e-05 -4.094512015607132e-06 -1.093083069344294e-05 2.530775310129701e-06
4.091011757731623e-05 -6.492333356150312e-06 -1.064758151269331e-05 2.977866231678781e-06
3.868639901106263e-05 -8.865102326380709e-06 -9.963895248677366e-06 3.418169009500309e-06
3.868651252877711e-05 -4.117573688905116e-06 -1.023402319371352e-05 2.587493281641755e-06
3.647199371752019e-05 -6.490388260752381e-06 -9.997962545908116e-06 2.990490516572640e-06
3.428002468543206e-05 -8.826756734236017e-06 -9.224850594494315e-06 3.364273220729722e-06
3.427992468941549e-05 -4.151499402486377e-06 -9.568226489745423e-06 2.600539040132265e-06
3.210067885450346e-05 -6.488191471911192e-06 -9.247367246971396e-06 2.986529483931955e-06
2.995267193718325e-05 -8.775356690855109e-06 -8.496933917211252e-06 3.342890350917702e-06
2.995195863896227e-05 -4.198114008077482e-06 -8.859132868211357e-06 2.578544985923108e-06
2.782054891835070e-05 -6.485707628375552e-06 -8.487115031974718e-06 2.979088491281191e-06
2.572870835755380e-05 -8.710729438078504e-06 -7.819945884003112e-06 3.377927433380899e-06
2.572761428393139e-05 -4.257966657862900e-06 -8.219421739031116e-06 2.586589083408011e-06
2.365647090665352e-05 -6.483028287690122e-06 -7.680549090304898e-06 2.998575341249024e-06
2.163230699809675e-05 -8.632707335874580e-06 -7.092684805868588e-06 3.347435000113456e-06
2.163091199450622e-05 -4.331164013976517e-06 -7.456103575719460e-06 2.519753593030508e-06
1.971116515004745e-05 -6.479758880567041e-06 -6.876194430910210e-06 3.003940991460385e-06
1.784334409063827e-05 -8.542669608141955e-06 -6.333822607857078e-06 3.419191919893623e-06
1.784159779176976e-05 -4.419229394805832e-06 -6.582395434801904e-06 2.482963386385253e-06
1.645620255418978e-05 -6.633813820272156e-06 -6.075009485364672e-06 3.052974210519684e-06
1.509278475702068e-05 -8.458443235582746e-06 -5.627356588552975e-06 3.510566759381453e-06
1.508945965088253e-05 -4.501902285632889e-06 -5.725884019383939e-06 2.410370474032704e-06
1.316990645565467e-05 -8.384431871969731e-06 -5.132804821403481e-06 3.551854081609905e-06
1.352239554164727e-05 -7.135383460735723e-06 -5.241931145446443e-06 3.199816166651660e-06
1.316520864881469e-05 -4.555182251450162e-06 -5.113599326071167e-06 2.363674775682450e-06
1.181161180986043e-05 -4.612838203531344e-06 -4.738051740953218e-06 2.407931565138699e-06
-1.620874286705560e-06 -1.345553727586660e-07 9.703868843377539e-07 3.754389599594613e-07
-1.652818857783841e-06 -5.774200942261066e-08 9.875832366285372e-07 3.357655376495320e-07
-1.652641424023488e-06 2.284326715200388e-07 9.944344548601484e-07 1.815484512805219e-07
-1.620857338850364e-06 3.042099234410136e-07 9.778048542196126e-07 1.386979045665147e-07
1.180704084351775e-05 -8.332041100163895e-06 -4.760017617784111e-06 3.587008028586707e-06
1.061620410531469e-05 -8.216404623727279e-06 -4.343394133124660e-06 3.549774023204679e-06
1.151833823227762e-05 -6.010525358544160e-06 -4.649940052008402e-06 2.857318375829100e-06
1.059789490582202e-05 -4.569598752730729e-06 -4.348726794781524e-06 2.399947257967413e-06
-1.544406513545000e-06 -1.663040147936782e-07 9.296867562781349e-07 3.919642297815015e-07
-1.467347035903673e-06 1.475940141740059e-07 8.871941222025857e-07 2.299253877957062e-07
-1.545027445785182e-06 3.358731065179434e-07 9.354958841573204e-07 1.225916949650370e-07
1.022453020652039e-05 -7.079769704774358e-06 -4.209959202587422e-06 3.171166499317656e-06
9.468823304622654e-06 -7.957486461805415e-06 -3.941015949891630e-06 3.459859832975047e-06
8.391676313415752e-06 -7.591841918401282e-06 -3.590239009663585e-06 3.370822168137230e-06
9.866819720681363e-06 -5.559259003958048e-06 -4.102999509937945e-06 2.712755953492761e-06
9.470878221793708e-06 -4.342608546933640e-06 -3.949629978589369e-06 2.325759392684136e-06
-1.026071849536497e-06 -1.745544384534321e-07 6.367868972750291e-07 4.053747850268318e-07
-1.025644064074803e-06 3.451812111760804e-07 6.406675377085154e-07 1.573887380784975e-07
-7.571602261978083e-07 8.536741187608485e-08 5.222532944232245e-07 2.885206209273185e-07
7.400951007017461e-06 -7.102344465990057e-06 -3.248351774603778e-06 3.251506674758887e-06
8.236453067434439e-06 -6.456850398940253e-06 -3.564197601841383e-06 2.992137816677363e-06
8.602471116421385e-06 -5.070731562745213e-06 -3.669778446867272e-06 2.540534514340065e-06
8.447597934508788e-06 -3.951632626997174e-06 -3.603795835795724e-06 2.208076693850166e-06
-4.658140002362669e-07 -2.227896454392994e-07 3.981416077252341e-07 4.272322407855123e-07
-4.659241192064704e-07 3.932713441643282e-07 3.953659292137872e-07 1.420501063405986e-07
-1.345300373554000e-07 8.509307644708087e-08 2.555842759000805e-07 3.015615463033640e-07
6.491209220531405e-06 -6.528893327328187e-06 -2.928080754770324e-06 3.080041572327787e-06
5.691637437492045e-06 -5.881867782451699e-06 -2.667066193627722e-06 2.867655429040134e-06
7.338963045746954e-06 -4.862464043352852e-06 -3.312068700987591e-06 2.455252155893951e-06
7.552075863843134e-06 -3.409156513411417e-06 -3.400986253333282e-06 2.066848419138392e-06
2.463057403526561e-07 -3.285283128650948e-07 1.004834419590330e-07 5.134974705518251e-07
2.461735114237993e-07 4.982021690656348e-07 1.305273983591682e-07 1.488296162237227e-07
5.895748584018480e-06 -4.920621461145629e-06 -2.769510145548989e-06 2.520153918074898e-06
5.003705746908474e-06 -5.157730007803694e-06 -2.423300544990328e-06 2.621516977571934e-06
6.227943789847569e-06 -3.875280161485740e-06 -2.935870778085489e-06 2.195535692526938e-06
6.801988812976531e-06 -2.765209558031662e-06 -3.157882484409732e-06 1.848678610252144e-06
6.663828441954038e-07 8.436997324508692e-08 -1.016483524052764e-07 3.571583145478803e-07
1.167492877294348e-06 -4.827887203394336e-07 -3.979417142121684e-07 6.732909772983295e-07
1.166202059213898e-06 6.519143591643225e-07 -3.774590798440224e-07 7.951399743261162e-08
4.408778457562186e-06 -4.387729491087386e-06 -2.206246705056209e-06 2.366158456841223e-06
3.942542871237164e-06 -3.607159918639814e-06 -2.068370482302952e-06 2.130442997173812e-06
3.593869729723811e-06 -2.794249582513470e-06 -1.885000958771807e-06 1.852400405370781e-06
5.556429356342533e-06 -2.962376268713344e-06 -2.660294525589960e-06 1.900679378540884e-06
6.207529445588237e-06 -2.057710973353715e-06 -2.928491371942548e-06 1.564871066996804e-06
1.570058244106411e-06 8.153514261198608e-08 -5.939714206435480e-07 3.985744987728291e-07
2.066228412977334e-06 -6.356211013086976e-07 -8.282394429857881e-07 8.075079528195433e-07
2.066523036465996e-06 8.104304510408914e-07 -8.438204080112855e-07 -1.850524091330503e-08
4.379263429333930e-06 -2.786470849469948e-06 -2.225604373886335e-06 1.860906875391469e-06
3.338937551781467e-06 -1.980969743213475e-06 -1.724651899382963e-06 1.534346330032837e-06
2.873391850657477e-06 -7.655043057189155e-07 -1.328002535696575e-06 9.666956918479282e-07
3.100526388038284e-06 -8.977048044822027e-07 -1.500150931776565e-06 1.053636564261997e-06
3.211569890012803e-06 -1.172139643435844e-06 -1.601861328905244e-06 1.190074957722507e-06
5.094948418976968e-06 -1.955970112895100e-06 -2.510281301986622e-06 1.544029710975222e-06
5.761593725519493e-06 -1.322958864593461e-06 -2.805813576197897e-06 1.255713835034473e-06
2.511506646012382e-06 -2.562898217135564e-08 -1.060931114179055e-06 4.802850862599809e-07
2.902481164767182e-06 9.273654691158247e-07 -1.241892533327443e-06 -6.214929762527591e-08
3.885879045126935e-06 -1.412173588611721e-06 -1.962596922552873e-06 1.301813402628092e-06
3.129265121506776e-06 -3.807969886305190e-07 -1.479432891016177e-06 7.487697823812777e-07
3.400363284619609e-06 -8.051926570944921e-07 -1.685777469155287e-06 1.008580514621892e-06
4.776623053657291e-06 -1.097385731091069e-06 -2.374482701435351e-06 1.148576253780921e-06
5.473543944151653e-06 -5.977062288072710e-07 -2.729711170059530e-06 8.908039795765816e-07
3.167855263651244e-06 4.434061563972268e-07 -1.423574216753437e-06 2.471196647136738e-07
3.150895198416421e-06 1.050339554358649e-06 -1.377545534692544e-06 -1.412035060412824e-07
4.059940234463110e-06 -1.890331027924780e-07 -2.029978835997193e-06 7.039151061034377e-07
5.361211758146479e-06 1.085211660806844e-07 -2.745560218195782e-06 5.071227144527229e-07
5.382851405672654e-06 7.814573267971682e-07 -2.895725781681427e-06 6.484208380764797e-08
3.667255947159899e-06 8.938050106034489e-07 -1.712470116791451e-06 -2.232704698907645e-08
3.300130025613407e-06 1.305215191288944e-06 -1.454570408442282e-06 -3.339710567505882e-07
3.490022431701618e-06 1.991763591340431e-06 -1.534171524645385e-06 -8.733541387798437e-07
4.720927615579953e-06 8.790013864712655e-07 -2.441269457565934e-06 3.748174283751063e-08
3.757517987653048e-06 2.632884197473212e-06 -1.664007187547189e-06 -1.439870394239222e-06
5.546169803949444e-06 1.452148963486144e-06 -3.133895107263800e-06 -4.142608058081165e-07
4.118617318662013e-06 2.023184577056062e-06 -1.977580244133060e-06 -8.850360303866683e-07
5.019208522225186e-06 2.073041684077982e-06 -2.732921640922755e-06 -9.260469304766408e-07
4.087170750550767e-06 3.234242464173778e-06 -1.879244831547771e-06 -2.002319644177945e-06
5.824302794428787e-06 2.073182184276396e-06 -3.471275103854845e-06 -9.265726896772565e-07
5.560526018982233e-06 2.666675343665848e-06 -3.265932219733717e-06 -1.461129061012592e-06
4.967821227769842e-06 3.030871332035564e-06 -2.687870802332903e-06 -1.804571958947538e-06
4.479886690641766e-06 3.787501046461996e-06 -2.166745358125159e-06 -2.586597857539908e-06
4.926549254983428e-06 4.288801223921442e-06 -2.570634034222197e-06 -3.168346231890343e-06
6.203032461754943e-06 2.633690167155962e-06 -3.933283571572436e-06 -1.427693594253596e-06
5.910124545496717e-06 3.310849498239420e-06 -3.641110072319844e-06 -2.094252873536002e-06
5.569660789562235e-06 4.085218231445181e-06 -3.246549329969843e-06 -2.935664501963793e-06
5.425862543515742e-06 4.733847274811051e-06 -3.066396830508438e-06 -3.729918451200834e-06
6.669974582859168e-06 3.112975308493062e-06 -4.461545307364304e-06 -1.873838554735181e-06
6.521093476733154e-06 4.075006456920682e-06 -4.302475478314830e-06 -2.951112970622533e-06
5.967929204105654e-06 5.119039266806306e-06 -3.672136039873876e-06 -4.229760633571798e-06
6.546469745550691e-06 5.438736520090009e-06 -4.352335113808358e-06 -4.674784938162458e-06
7.156253583922006e-06 5.689622003967512e-06 -5.111810085628528e-06 -5.088748336031707e-06
7.211364392300497e-06 4.276045861414660e-06 -5.145962077713096e-06 -3.204388276156365e-06
7.209657819001464e-06 3.498195302468647e-06 -5.143366885902262e-06 -2.279829924470742e-06
7.075185631243299e-06 5.038276162858073e-06 -4.974214321784065e-06 -4.182957902278804e-06
7.787789031679571e-06 5.870442281579402e-06 -5.952692762169058e-06 -5.410146791806949e-06
8.433935692383327e-06 5.977905566981666e-06 -6.891238936653612e-06 -5.635629539605796e-06
7.754658031516374e-06 4.447979852197800e-06 -5.846183421486231e-06 -3.411101937983993e-06
7.804576789576711e-06 3.781506501614023e-06 -5.921965314606994e-06 -2.537570164854308e-06
9.087268931628209e-06 6.011500706804871e-06 -7.908845234267191e-06 -5.740423573235320e-06
8.364264050812538e-06 5.059100365545675e-06 -6.730237616408364e-06 -4.269044254277085e-06
8.437271812845656e-06 3.955517064191637e-06 -6.868095458807156e-06 -2.648855755485249e-06
9.232609772983526e-06 5.154599100757996e-06 -8.102908089062370e-06 -4.416810159948264e-06
9.803021736651117e-06 6.006905359926316e-06 -9.050467653449004e-06 -5.815563134105532e-06
9.088755108462705e-06 4.015040756756724e-06 -7.882102299625995e-06 -2.653191926636566e-06
1.078448368014245e-05 6.001374215519691e-06 -1.068660641799825e-05 -5.862111942825994e-06
1.001237814221020e-05 4.668525597526178e-06 -9.360651289785595e-06 -3.627183007924116e-06
9.803849831655294e-06 4.018395623700617e-06 -9.044804228827119e-06 -2.569448393698369e-06
1.212199221366258e-05 5.990830640970442e-06 -1.309155613195231e-05 -5.912172638298820e-06
1.146322378342974e-05 4.934514885618693e-06 -1.192086422144260e-05 -4.055074904099200e-06
1.078476885006217e-05 4.023684102716314e-06 -1.075006076645404e-05 -2.474571025706736e-06
1.386544700390355e-05 5.975704248896968e-06 -1.625841162933716e-05 -5.913135515041874e-06
1.299784808481647e-05 5.010349613866293e-06 -1.473077377737466e-05 -4.158680616881040e-06
1.212213256575303e-05 4.031826368684348e-06 -1.316737038610291e-05 -2.414338122605002e-06
1.565523563150776e-05 5.958673983523843e-06 -1.946453058465198e-05 -5.843597023113579e-06
1.476532791412749e-05 5.009164363789285e-06 -1.794527358530958e-05 -4.146405798077284e-06
1.386554719864903e-05 4.043884048801398e-06 -1.633864057443955e-05 -2.407427118670791e-06
1.741446745493610e-05 5.940421895708036e-06 -2.255115763425228e-05 -5.772738494993963e-06
1.654046461449561e-05 5.008042305487410e-06 -2.106153515262734e-05 -4.128700548796969e-06
1.565549032982004e-05 4.058325963516537e-06 -1.953969469459446e-05 -2.454584086468762e-06
1.913980012819428e-05 5.920561187975026e-06 -2.554537044372911e-05 -5.703236224775418e-06
1.828341670214223e-05 5.007041958821440e-06 -2.407203067558912e-05 -4.135427001168231e-06
1.741496233287784e-05 4.074464386057663e-06 -2.259027133669470e-05 -2.534512564076836e-06
2.082770945499693e-05 5.898806655518403e-06 -2.841016751403640e-05 -5.706249154773606e-06
1.999067206210348e-05 5.006084951925128e-06 -2.695084827723847e-05 -4.145374947334051e-06
1.914037989964096e-05 4.092505360334882e-06 -2.547308815091531e-05 -2.634204098154005e-06
2.247502733844036e-05 5.876146164249963e-06 -3.117590002654492e-05 -5.683475971885886e-06
2.165863716527609e-05 5.005087301818169e-06 -2.977964214078097e-05 -4.190968738892209e-06
2.082830681948921e-05 4.112513691822036e-06 -2.827101753461109e-05 -2.646942534057010e-06
2.408112534229002e-05 5.854796135396263e-06 -3.399226608476420e-05 -5.762303081739105e-06
2.328493966497140e-05 5.004108783784002e-06 -3.257640358673298e-05 -4.197616157171357e-06
2.247547581976082e-05 4.133212096987791e-06 -3.111320086363216e-05 -2.651888987190814e-06
2.565115071016457e-05 5.837392151831771e-06 -3.709020553181420e-05 -5.986880615645397e-06
2.487159958686554e-05 5.003189962498916e-06 -3.554701988462108e-05 -4.214171439889408e-06
2.408147409691628e-05 4.152616089606466e-06 -3.405567224977658e-05 -2.577454480362309e-06
2.719554865912334e-05 5.826271258681133e-06 -4.044396396714801e-05 -6.139759037692773e-06
2.642670993999340e-05 5.002500105540535e-06 -3.876295493530505e-05 -4.245360772513023e-06
2.565135261837914e-05 4.168240037511269e-06 -3.718624733460328e-05 -2.491209859869884e-06
3.046951936439422e-05 5.730041121650464e-06 -4.810386243881580e-05 -6.046077816954257e-06
3.025257584028964e-05 5.819930741366335e-06 -4.760003176238585e-05 -6.255063198364317e-06
2.788255713565985e-05 5.002105997957159e-06 -4.198646541038468e-05 -4.295854028688492e-06
2.872598420123762e-05 5.821189809761399e-06 -4.398369154361027e-05 -6.183896630351796e-06
2.719582982681605e-05 4.178184435798974e-06 -4.040524095560812e-05 -2.477469560470837e-06
3.055938196799794e-05 5.513060587894187e-06 -4.831050534058101e-05 -5.539633579064189e-06
3.004640810309844e-05 5.001847309596466e-06 -4.706931733098059e-05 -4.323092775475626e-06
2.872617444972686e-05 4.182855300786618e-06 -4.392268209875812e-05 -2.403861189052671e-06
3.055956238924523e-05 4.490518986585018e-06 -4.823927051574506e-05 -3.148187016542797e-06
3.025278897936437e-05 4.183662526414203e-06 -4.752053599093775e-05 -2.434860503580512e-06
3.046971644783492e-05 4.273544737016526e-06 -4.802750416199443e-05 -2.644300934590033e-06
