7.941861499080811e-05 -1.185199495072569e-05 1.426304028755304e-06 -8.323422192491123e-07
7.970344034458482e-05 -1.116438860636169e-05 1.409078592229738e-06 -8.714048046229721e-07
7.970330590317475e-05 -7.922974487594544e-06 1.410081058277407e-06 -1.052128936340308e-06
7.941846838798553e-05 -7.235386719719241e-06 1.423294379069197e-06 -1.071230113941543e-06
7.873098569933730e-05 -1.213680597610700e-05 1.468842715806481e-06 -8.173852560048010e-07
7.744111892724839e-05 -9.543662286226681e-06 1.552375960304008e-06 -9.560712004618705e-07
7.873083326166614e-05 -6.950585833952293e-06 1.452630021698193e-06 -1.076845418249139e-06
7.388921457402635e-05 -1.213657247339594e-05 1.714877985993823e-06 -8.762744655843442e-07
7.388909465875852e-05 -6.951081915367102e-06 1.676859957993168e-06 -1.024360932399420e-06
7.121663002002671e-05 -9.544074931389475e-06 1.723234325621732e-06 -1.007769594540320e-06
6.904927021344478e-05 -1.213519595530402e-05 1.829286203593663e-06 -9.566154781524565e-07
6.904892085630690e-05 -6.953241781626982e-06 1.790270424206237e-06 -9.848710653192070e-07
6.663018118628419e-05 -9.544472792398477e-06 1.811389230600284e-06 -1.027582784601444e-06
6.421386710188074e-05 -1.213212983101041e-05 1.818205635197596e-06 -9.777762577344074e-07
6.421371426812695e-05 -6.957539217488525e-06 1.735698514466101e-06 -9.209024632874315e-07
6.179870206312814e-05 -9.545160057547568e-06 1.892492313649229e-06 -1.067125234767779e-06
5.938733314597227e-05 -1.212767214011047e-05 1.786607194082709e-06 -9.252442422010788e-07
5.938745326946883e-05 -6.963531239339335e-06 1.547920673133685e-06 -1.011197989340376e-06
5.697776154170499e-05 -9.545962676142914e-06 1.976397033429225e-06 -1.081992570497377e-06
5.457252439114510e-05 -1.212219968078003e-05 2.001790674274503e-06 -9.038054198419647e-07
5.457292755183526e-05 -6.970580300088384e-06 1.539530251247744e-06 -1.087445438997807e-06
5.216905870728982e-05 -9.546967498798060e-06 2.129143024019166e-06 -1.053258020848045e-06
4.976917879307353e-05 -1.211783106450239e-05 2.346572501030583e-06 -9.901581747977002e-07
4.976939810169733e-05 -6.976991930480069e-06 1.804439299524256e-06 -1.196866283028397e-06
4.737038768207653e-05 -9.548086102946346e-06 2.283458640254367e-06 -1.036074491647770e-06
4.497429806582245e-05 -1.211477277221066e-05 2.518720831178900e-06 -1.011882550644427e-06
4.497439907644748e-05 -6.982822689632620e-06 2.187163309021181e-06 -1.275256879106542e-06
4.257910251056223e-05 -9.549521210065590e-06 2.483074557551987e-06 -1.033262883434537e-06
4.018678103606141e-05 -1.211057133220135e-05 2.529916346414290e-06 -1.076346853434112e-06
4.018685268085709e-05 -6.990327688451717e-06 2.442206141701718e-06 -1.255799481322069e-06
3.779644424705687e-05 -9.551293317994153e-06 2.637721878802763e-06 -1.079796962100143e-06
3.541212665393156e-05 -1.210110390626546e-05 2.514059893494563e-06 -1.079835491375150e-06
3.541221934375072e-05 -7.003522986137150e-06 2.684162565856904e-06 -1.240999299310563e-06
3.303236365775233e-05 -9.553296596657882e-06 2.820531216588517e-06 -1.128287012925502e-06
3.066461663854355e-05 -1.208254270338421e-05 2.684959736367568e-06 -1.040962540585087e-06
3.066454235067758e-05 -7.026337052804977e-06 2.948214060239356e-06 -1.218061654745733e-06
2.839969395294956e-05 -9.555096777691639e-06 3.005001427070453e-06 -1.178038374170767e-06
2.615362247354523e-05 -1.205207331383579e-05 2.895096005924963e-06 -1.018943389948337e-06
2.615344949215273e-05 -7.062531252909474e-06 3.138598905328680e-06 -1.179933201904221e-06
2.447515378692924e-05 -9.749755537159235e-06 3.089306018793761e-06 -1.195249405033333e-06
2.278413893583500e-05 -1.201713563029225e-05 3.025575215410861e-06 -1.102042957858428e-06
2.278344889520625e-05 -7.102414153643612e-06 3.117373364470152e-06 -1.081234233379267e-06
2.036929511333798e-05 -1.198243849136970e-05 3.036749397805983e-06 -1.186267211308343e-06
2.083026913882922e-05 -1.038996641766951e-05 3.061398397160416e-06 -1.213319290001850e-06
2.036779446220715e-05 -7.130607728040269e-06 3.044685086964641e-06 -1.039252026939554e-06
1.863461156272582e-05 -7.161907870548666e-06 2.938552049924744e-06 -1.061706982513205e-06
-3.021467292745971e-06 1.462682356204603e-07 -8.470608904830078e-07 -7.396408765074923e-08
-3.081816117939079e-06 2.912158836318743e-07 -8.625784906601905e-07 -4.192412809284243e-08
-3.081559756244844e-06 8.318944830564820e-07 -8.661083260761480e-07 7.264156668915840e-08
-3.021487797864522e-06 9.751863217738868e-07 -8.517744498004008e-07 1.077230327078074e-07
1.863119632717252e-05 -1.195644771911416e-05 3.007350351826895e-06 -1.231186009947162e-06
1.707710404050545e-05 -1.184355591733592e-05 2.941669564757354e-06 -1.272092520911535e-06
1.827399167340318e-05 -8.962011437450101e-06 2.920148444212223e-06 -1.162883624855840e-06
1.707034231734294e-05 -7.060318724383703e-06 2.878068087643866e-06 -1.104027496803197e-06
-2.877104675209223e-06 8.645397867735539e-08 -8.119545358788297e-07 -8.711005610399846e-08
-2.731302698557483e-06 6.795384839645750e-07 -7.790875747594554e-07 4.355795718383375e-08
-2.878101433884245e-06 1.035191685072569e-06 -8.153780477340768e-07 1.273175700863952e-07
1.657751893874255e-05 -1.037036157905783e-05 2.918617754220211e-06 -1.220825540713078e-06
1.555887931220921e-05 -1.154966897739237e-05 2.843107627959144e-06 -1.319270881822402e-06
1.410245033934980e-05 -1.109703313147785e-05 2.714292593048261e-06 -1.322908511638098e-06
1.611116534476461e-05 -8.358582976802854e-06 2.863747049469867e-06 -1.160377098561696e-06
1.558056091754359e-05 -6.704309943049794e-06 2.820641021472224e-06 -1.085614682690138e-06
-1.897762140655451e-06 7.219905571945017e-08 -5.297399488877151e-07 -8.769896542478763e-08
-1.896621512016784e-06 1.053602831647572e-06 -5.199657366893311e-07 1.901984575325020e-07
-1.389646593631647e-06 5.637245948062703e-07 -3.714148479836308e-07 6.260652185325885e-08
1.272829884813309e-05 -1.047972869478083e-05 2.603430392006436e-06 -1.296942733483322e-06
1.390454656308379e-05 -9.580898894625695e-06 2.712255064099801e-06 -1.216473606727242e-06
1.440635070835476e-05 -7.686985484002919e-06 2.763027947084917e-06 -1.115193355233420e-06
1.420194610341798e-05 -6.111341289993443e-06 2.775431887558633e-06 -1.045574111364897e-06
-8.397927241252200e-07 -1.673805980887805e-08 -2.311741862888943e-07 -9.564576072679929e-08
-8.394988337376238e-07 1.145420845278944e-06 -2.316782336188138e-07 2.312336251512237e-07
-2.139821568487329e-07 5.649833112101020e-07 -9.036652881933330e-08 7.977084188260926e-08
1.144379481478945e-05 -9.724703733622720e-06 2.509962641314100e-06 -1.252662007748165e-06
1.027509764022665e-05 -8.843476965444140e-06 2.438038782360698e-06 -1.192231043165532e-06
1.265643624414986e-05 -7.393586781327155e-06 2.689358985160923e-06 -1.082010020361037e-06
1.297255938701368e-05 -5.299210117662225e-06 2.764066284665970e-06 -9.839322243212557e-07
5.035477054464981e-07 -2.113122683093629e-07 7.150741714615458e-08 -1.070621495392473e-07
5.039438189451234e-07 1.342545665046371e-06 8.708529684445423e-08 2.833358827216417e-07
1.057150182956187e-05 -7.489284962846894e-06 2.486687873377259e-06 -1.086676305828611e-06
9.231770604868692e-06 -7.840651015818498e-06 2.343181147461351e-06 -1.120906536181642e-06
1.106601753375978e-05 -5.967783583961266e-06 2.588847847057081e-06 -9.916819501587110e-07
1.192454202345590e-05 -4.310989842506543e-06 2.698852242325532e-06 -8.504336932621228e-07
1.293859495025357e-06 5.660323351052507e-07 2.911576485856633e-07 8.361260661961063e-08
2.232089867043019e-06 -4.918913692527655e-07 5.643968684313628e-07 -1.997236905070808e-07
2.231086238484198e-06 1.627324688667176e-06 5.550464775003358e-07 3.817139057148833e-07
8.312490439262792e-06 -6.741753718379648e-06 2.251939947375259e-06 -1.052101735187771e-06
7.543274038078314e-06 -5.573363903058607e-06 2.176719799614146e-06 -9.819056390861630e-07
6.922125718354984e-06 -4.331534485985651e-06 2.055961368446709e-06 -8.815874483196405e-07
1.005929789283948e-05 -4.602983119526528e-06 2.501487813229576e-06 -8.810994009643271e-07
1.108276598903319e-05 -3.186277792644820e-06 2.655921978341153e-06 -7.245875596378837e-07
2.986071892911405e-06 5.642714433091191e-07 7.763201463321346e-07 8.772144548875226e-08
3.909428069571476e-06 -7.673391507407303e-07 1.009410965883175e-06 -2.666864982930901e-07
3.909863297329178e-06 1.916246342802558e-06 1.057874087939863e-06 5.038092283736914e-07
8.211509447416937e-06 -4.331965568813292e-06 2.249975061619016e-06 -8.835396482119675e-07
6.445532952442532e-06 -3.041747153620125e-06 1.930528261176072e-06 -7.313581028067661e-07
5.437446241015682e-06 -1.000737397062142e-06 1.506498187310691e-06 -3.653506190381055e-07
5.887082221808807e-06 -1.233569581939853e-06 1.660441633387246e-06 -4.206773344786379e-07
6.132481711869152e-06 -1.706543798858765e-06 1.766752612813222e-06 -5.132724945208433e-07
9.355502768937515e-06 -3.021604179309824e-06 2.413138721339877e-06 -7.079455472170605e-07
1.046080121836074e-05 -1.971398967125584e-06 2.610539492590915e-06 -4.957089671378489e-07
4.739855790918439e-06 3.702594949871365e-07 1.258083204174491e-06 6.744957105787857e-08
5.426951856194945e-06 2.123395819853923e-06 1.414706689471078e-06 5.653724405966242e-07
7.336896587484111e-06 -2.126158144823824e-06 2.054542552726690e-06 -5.936040636856305e-07
5.909918959144242e-06 -2.959290346725308e-07 1.635049529962314e-06 -1.677756441361584e-07
6.442156959016638e-06 -1.068006484224925e-06 1.813004138799733e-06 -3.768726138459364e-07
8.844978665191898e-06 -1.594271273826295e-06 2.326706902793215e-06 -4.403784908127029e-07
1.008143788302133e-05 -7.132689989944969e-07 2.596831809852727e-06 -2.154198534114270e-07
5.927149284164094e-06 1.220609034933822e-06 1.580428543361926e-06 2.834984023789541e-07
5.852494972710093e-06 2.352068234645504e-06 1.514248836656815e-06 6.294820388596743e-07
7.601785141911932e-06 7.134561166519468e-09 2.079783049192693e-06 -1.134610278915253e-07
9.960580770049798e-06 5.585507631323517e-07 2.643127629587875e-06 7.984044961924766e-08
1.012443761595544e-05 1.828458513450012e-06 2.835892704385045e-06 4.613940746828085e-07
6.817397524132196e-06 2.040765445950583e-06 1.813334392061045e-06 5.055237209119027e-07
6.096011229797856e-06 2.850186123108361e-06 1.566288378484000e-06 8.073434921298841e-07
6.386990591230781e-06 4.240244196674134e-06 1.643397245671586e-06 1.342204825225371e-06
8.837253885411970e-06 1.979421550889810e-06 2.428532777084942e-06 4.629203053196599e-07
6.840776271443015e-06 5.618424393858721e-06 1.788842961932988e-06 1.857657098271570e-06
1.056114944777203e-05 3.120796250775017e-06 3.108068027654391e-06 9.264569194914222e-07
7.628763010373047e-06 4.278968348555588e-06 2.076038171688530e-06 1.354614794921308e-06
9.492615286516891e-06 4.386104175260169e-06 2.739719201513292e-06 1.423666407301035e-06
7.477065196471722e-06 6.947186622776377e-06 2.003829670259737e-06 2.359249662547827e-06
1.125903738974504e-05 4.388820231170833e-06 3.423888817713174e-06 1.451449575221899e-06
1.070970101165350e-05 5.667283115195154e-06 3.210480763245941e-06 1.933917525302038e-06
9.379200617113723e-06 6.479644018389736e-06 2.699879718278942e-06 2.205931026804199e-06
8.276267350510676e-06 8.243829919222031e-06 2.276583368678890e-06 2.848391053129726e-06
9.264017800236813e-06 9.474198268184562e-06 2.633163965314975e-06 3.338723104560026e-06
1.222175581092242e-05 5.576646142282998e-06 3.765345576046917e-06 1.916334706332590e-06
1.154508032275364e-05 7.136306164482913e-06 3.500060191771073e-06 2.498622733701693e-06
1.074296200407201e-05 8.992122724338915e-06 3.180106706704486e-06 3.174195928501137e-06
1.039935716022507e-05 1.061941584764664e-05 3.048392963889993e-06 3.777270328126582e-06
1.341566326476273e-05 6.638570244531286e-06 4.181840474140694e-06 2.333719034927016e-06
1.306121222972090e-05 8.988491501818424e-06 4.039303704835485e-06 3.197110988017987e-06
1.169795266940004e-05 1.163429890927841e-05 3.531186349591564e-06 4.157865182466774e-06
1.315100685707699e-05 1.251952480611050e-05 4.068668140725193e-06 4.474741699595996e-06
1.471977305261028e-05 1.326040874193085e-05 4.671257025731342e-06 4.766655255869177e-06
1.484071272230605e-05 9.501296600683005e-06 4.667209034347236e-06 3.371219288604813e-06
1.482419566882799e-05 7.530470329187853e-06 4.670035873597213e-06 2.659054424415151e-06
1.448380186446853e-05 1.149506647834984e-05 4.562142588885026e-06 4.093891043952033e-06
1.640420960231420e-05 1.380936564188404e-05 5.321243691251993e-06 4.990697583687375e-06
1.817726110426093e-05 1.417487592801652e-05 5.960247368126537e-06 5.151121994518157e-06
1.628535462025290e-05 9.944004260445543e-06 5.175080865251325e-06 3.516141519520232e-06
1.642408825496764e-05 8.184396398418284e-06 5.233458853110917e-06 2.852110067627796e-06
1.999929448972499e-05 1.433233679637525e-05 6.671664900872464e-06 5.229808169665552e-06
1.794687841790255e-05 1.160800245614803e-05 5.835199814629755e-06 4.191069591541785e-06
1.816194992565390e-05 8.567785584649323e-06 5.894354963292760e-06 2.922158682124247e-06
2.039698023331983e-05 1.189162365167376e-05 6.838916329113236e-06 4.292622097462241e-06
2.206079027224330e-05 1.439563608264680e-05 7.491722098880727e-06 5.245494486113871e-06
1.998170940173491e-05 8.674897957728079e-06 6.655674259023952e-06 2.935364529372385e-06
2.495000414659070e-05 1.445957889640054e-05 8.687176933143211e-06 5.234866443588243e-06
2.264298950343232e-05 1.048877569627213e-05 7.804233534443276e-06 3.706696211822519e-06
2.205692215091502e-05 8.613099834559236e-06 7.553228162780025e-06 2.910859210060755e-06
2.904847620951896e-05 1.455791999356206e-05 1.021911920236910e-05 5.198046911197832e-06
2.699232811236592e-05 1.126730270475354e-05 9.536771858284283e-06 4.010882339055475e-06
2.495128710409007e-05 8.532060930959158e-06 8.753935048572308e-06 2.936994967131162e-06
3.463945008118295e-05 1.466392824973598e-05 1.220245707472739e-05 5.135324005212766e-06
3.181393225051027e-05 1.150207703895019e-05 1.128866815308305e-05 4.049828521071655e-06
2.904858536378626e-05 8.439238567071102e-06 1.036134713920712e-05 2.991355206543977e-06
4.063709317235924e-05 1.475263399915350e-05 1.408999787193778e-05 5.122262468202268e-06
3.761121954341610e-05 1.150241913035343e-05 1.318112783515685e-05 4.049730228286693e-06
3.463927363782824e-05 8.339341144064060e-06 1.226937617456445e-05 3.035059010709165e-06
4.678215868347316e-05 1.482641320156865e-05 1.602997287525285e-05 5.159879489572556e-06
4.368681347130779e-05 1.150316764593380e-05 1.504257373517224e-05 4.080787425913257e-06
4.063689908528780e-05 8.252791950041597e-06 1.411939409631872e-05 3.091920295745840e-06
5.305082670443224e-05 1.488780713205181e-05 1.810808757465712e-05 5.321919239738964e-06
4.989746034088713e-05 1.150377546073584e-05 1.700930167022943e-05 4.092399132228994e-06
4.678204171733584e-05 8.180519189449799e-06 1.599856528233642e-05 3.049355488812970e-06
5.942280305930787e-05 1.493845472582017e-05 2.050407136058952e-05 5.518993407324813e-06
5.622098746322506e-05 1.150415104651363e-05 1.922540642218020e-05 4.122518740799701e-06
5.305077016219606e-05 8.120152685971256e-06 1.805742172052135e-05 2.869928972005323e-06
6.587938538602856e-05 1.497857030158918e-05 2.322028446133637e-05 5.675735434924870e-06
6.263853098161648e-05 1.150423172432654e-05 2.180773569426250e-05 4.128223005886282e-06
5.942288506663733e-05 8.069961820834673e-06 2.045083300682572e-05 2.701727198146740e-06
7.240061070555164e-05 1.500759900390541e-05 2.626887669992959e-05 5.865912026003650e-06
6.913100079205249e-05 1.150412633674918e-05 2.470541100989005e-05 4.138617499203885e-06
6.587959353612713e-05 8.029840540941552e-06 2.323409232984716e-05 2.561436199373638e-06
7.896564169930205e-05 1.502629356556009e-05 2.959096230536304e-05 6.029542619949758e-06
7.567747749044058e-05 1.150409576451802e-05 2.788927208205023e-05 4.180851432642606e-06
7.240080028496132e-05 8.000656166527061e-06 2.626657841328137e-05 2.443848717557455e-06
8.555587929943268e-05 1.503654305601181e-05 3.321084043688120e-05 6.154535229452117e-06
8.225784281699281e-05 1.150418054316226e-05 3.136928674286185e-05 4.183980057904641e-06
7.896573954633589e-05 7.982030961177714e-06 2.960917816873990e-05 2.337972113021074e-06
9.970111087168592e-05 1.465309969956711e-05 4.134993276321070e-05 6.010320916514743e-06
9.876314379188393e-05 1.504160493870882e-05 4.081431995935894e-05 6.235659772898746e-06
8.851220308941025e-05 1.150422089303372e-05 3.485941990322052e-05 4.203955892413838e-06
9.215810307387523e-05 1.504090906767260e-05 3.697848958922751e-05 6.241338612080640e-06
8.555599811073969e-05 7.971836342828070e-06 3.317852030804860e-05 2.246534890929583e-06
1.000896340187190e-04 1.371515776340365e-05 4.157057284819598e-05 5.470195995313510e-06
9.787001404573269e-05 1.150433907593932e-05 4.029590036126596e-05 4.195651800672869e-06
9.215813478421575e-05 7.967687960692180e-06 3.697028736580398e-05 2.155757883823360e-06
1.000897116338300e-04 9.293479668069081e-06 4.156149741379296e-05 2.925264099171909e-06
9.876321914596210e-05 7.967013599721228e-06 4.080470970072954e-05 2.161098468354527e-06
9.970119116527629e-05 8.355524131575895e-06 4.133971606437621e-05 2.385516777036780e-06
