7.946028089844594e-05 -1.188093682350943e-05 1.366080027403079e-06 -1.124748567775220e-06
7.974481296402160e-05 -1.119403103409404e-05 1.374835711878365e-06 -1.117473333953294e-06
7.974469183704475e-05 -7.955865046020208e-06 1.378602845855367e-06 -1.121481584664638e-06
7.946014096723897e-05 -7.268940282145582e-06 1.372988706821480e-06 -1.121044495564577e-06
7.877335951961217e-05 -1.216545834383710e-05 1.349274023009536e-06 -1.125193530431840e-06
7.748487853920516e-05 -9.574931291624232e-06 1.377003958455178e-06 -1.126528775622973e-06
7.877319010623196e-05 -6.984412112779780e-06 1.363165879493966e-06 -1.124243166401469e-06
7.393677663132463e-05 -1.216530443588083e-05 1.452574764829177e-06 -1.013734160110548e-06
7.393663841221437e-05 -6.984867364909021e-06 1.504031823731221e-06 -1.261024891696050e-06
7.126670580093303e-05 -9.575367034091526e-06 1.565134264670854e-06 -1.111720458721885e-06
6.910114406291255e-05 -1.216448696606193e-05 1.589133161705428e-06 -1.035205274531883e-06
6.910098549169801e-05 -6.986845816662264e-06 1.725328566255177e-06 -1.233346104970088e-06
6.668414660866408e-05 -9.575920820980723e-06 1.809350095063692e-06 -1.133218517606528e-06
6.426958349289413e-05 -1.216202008635946e-05 1.827794230263484e-06 -1.003555584639809e-06
6.426963366530262e-05 -6.991059743733222e-06 1.929251209703951e-06 -1.235575156570747e-06
6.185639439282778e-05 -9.577061291411958e-06 2.184515222860187e-06 -1.167841100509237e-06
5.944647440357018e-05 -1.215841793417176e-05 2.067661801643479e-06 -9.913265191919359e-07
5.944641800189679e-05 -6.997165571168881e-06 1.907411484609433e-06 -1.155394394895069e-06
5.703818346746215e-05 -9.578570142650404e-06 2.337979505067435e-06 -1.178589426200633e-06
5.463363933933320e-05 -1.215453334836780e-05 2.088274511596260e-06 -1.214747768496909e-06
5.463344866771342e-05 -7.004176923971649e-06 1.734189937392023e-06 -1.094537621580285e-06
5.223034972743499e-05 -9.580364231089884e-06 2.178793332278513e-06 -1.162343205410947e-06
4.983064271652882e-05 -1.215137976893596e-05 1.961921677450583e-06 -1.322089457279717e-06
4.983023420183525e-05 -7.011014946229390e-06 1.668335313472500e-06 -1.078469157158967e-06
4.743151791943049e-05 -9.582207594368308e-06 1.904273170985680e-06 -1.143981580163573e-06
4.503584193280752e-05 -1.214821676065028e-05 1.794629492070230e-06 -1.245794271523096e-06
4.503571251258659e-05 -7.018161937105870e-06 1.692632638103160e-06 -1.236909871932758e-06
4.264144126289678e-05 -9.584153267595526e-06 1.758125129628027e-06 -1.135371817221626e-06
4.025132177654500e-05 -1.214263883749360e-05 1.732560355991860e-06 -1.150603633995126e-06
4.025149812311676e-05 -7.027790664377173e-06 1.843953304176490e-06 -1.357866190524727e-06
3.786405049634393e-05 -9.586164271641780e-06 1.972680267273744e-06 -1.130987516827288e-06
3.548347343522838e-05 -1.213212725777580e-05 1.980744402785470e-06 -1.136091172094385e-06
3.548402250589599e-05 -7.042422510919759e-06 2.266543440293338e-06 -1.371487778034625e-06
3.310828015800162e-05 -9.588214176020722e-06 2.307679540500132e-06 -1.173623901090248e-06
3.074448261266288e-05 -1.211338644487228e-05 2.248723745444161e-06 -1.011555272227842e-06
3.074510057664478e-05 -7.065520585199857e-06 2.633030643802722e-06 -1.403697735086528e-06
2.848386693221539e-05 -9.590035890171431e-06 2.646847777936448e-06 -1.188496666451372e-06
2.624070634254437e-05 -1.208397422400639e-05 2.600802593931852e-06 -9.500876514493700e-07
2.624113029260168e-05 -7.100431060159879e-06 2.919801250739332e-06 -1.275541888628325e-06
2.456471232151066e-05 -9.784471654171976e-06 2.858910128852271e-06 -1.190963215775277e-06
2.287465519509288e-05 -1.205056859488082e-05 2.857235634035520e-06 -1.001061085896813e-06
2.287415377440063e-05 -7.138308749771653e-06 2.996238365068826e-06 -1.166374857684140e-06
2.046039523999115e-05 -1.201714462313068e-05 3.025581897481936e-06 -1.028377363553625e-06
2.092167787257037e-05 -1.042449433490929e-05 3.009312654289131e-06 -1.160485476147907e-06
2.045875065636196e-05 -7.165277680350849e-06 3.035830844465589e-06 -1.119981360200028e-06
1.872509675931540e-05 -7.195548285323721e-06 3.019375814013520e-06 -1.122898041519769e-06
-3.046917044146958e-06 1.431452212048831e-07 -8.814660658325346e-07 -5.534640511645475e-08
-3.107730452623710e-06 2.892235549045224e-07 -8.948013169992367e-07 -1.679817007765937e-08
-3.107413324413541e-06 8.342132313830930e-07 -8.872637331516411e-07 1.244406717334897e-07
-3.046856267954753e-06 9.786505126943986e-07 -8.733958758112187e-07 1.632032283919641e-07
1.872203523670970e-05 -1.199203020865048e-05 3.121755068157172e-06 -1.050128697306960e-06
1.716681701745476e-05 -1.187985386069388e-05 3.139326799804734e-06 -1.108730988353998e-06
1.836478551424477e-05 -8.996293934283000e-06 3.031004809128116e-06 -1.143100193374896e-06
1.716009326572446e-05 -7.092873223149688e-06 3.026291916540258e-06 -1.150281657500928e-06
-2.901437763956011e-06 8.286495144002835e-08 -8.481415996936538e-07 -7.260209124881064e-08
-2.754436300443397e-06 6.807145728988224e-07 -8.029801944211230e-07 8.944722067826804e-08
-2.902329193264376e-06 1.039178018861941e-06 -8.401536523545364e-07 1.837124660273427e-07
1.666707156628722e-05 -1.040579156516811e-05 3.139515400872890e-06 -1.137811008209964e-06
1.564701554498672e-05 -1.158665647964907e-05 3.102599539365887e-06 -1.201583568735842e-06
1.418832597814324e-05 -1.113409681504317e-05 2.989303541774767e-06 -1.250707189644848e-06
1.620018487447222e-05 -8.392041499187906e-06 3.079143247033782e-06 -1.142050302065481e-06
1.566881673050449e-05 -6.735395671314857e-06 3.059658382133282e-06 -1.122548342346252e-06
-1.914325972311501e-06 6.890043702179075e-08 -5.276662441187891e-07 -8.888634708877757e-08
-1.912894198475018e-06 1.058629445352482e-06 -5.143845106446603e-07 2.364838455552952e-07
-1.401514985099148e-06 5.650440005028165e-07 -3.745841014668435e-07 8.173961030391879e-08
1.281155698213845e-05 -1.051663963548445e-05 2.877591677749786e-06 -1.265315538876846e-06
1.399032840909670e-05 -9.616035821252762e-06 2.989393287696840e-06 -1.194011229983633e-06
1.449299630962268e-05 -7.719271609804802e-06 3.040900015624264e-06 -1.119492190414577e-06
1.428845540896279e-05 -6.140524860145446e-06 3.069783941401164e-06 -1.049138918670515e-06
-8.466690939612831e-07 -2.014348161216040e-08 -2.165662523118366e-07 -9.057657271423090e-08
-8.461217773041364e-07 1.152467283978840e-06 -2.043908235777208e-07 2.926930401882767e-07
-2.149381315211351e-07 5.674562869642384e-07 1.094763761252299e-08 1.359519481896474e-07
1.152434518638123e-05 -9.760937594829661e-06 2.769180615002105e-06 -1.224984805936774e-06
1.035285648612139e-05 -8.878524748701091e-06 2.698120930257865e-06 -1.173249426825682e-06
1.274009354359292e-05 -7.425277675964787e-06 2.951984255285633e-06 -1.082307087903446e-06
1.305744580116080e-05 -5.326113424725301e-06 3.078610931258371e-06 -9.522663047489576e-07
5.085829015896817e-07 -2.143298314043186e-07 1.940644521356462e-07 -2.676693124196483e-08
5.095741030878469e-07 1.352338508194793e-06 2.247947354000910e-07 3.915738814797568e-07
1.065013917414036e-05 -7.521639271615626e-06 2.746465127553060e-06 -1.067897711480550e-06
9.306208455083997e-06 -7.874099187314006e-06 2.527740305936164e-06 -1.096377146163236e-06
1.114646531348997e-05 -5.996358046880530e-06 2.852413042072326e-06 -9.646647315295041e-07
1.200799273691336e-05 -4.334664664499733e-06 3.018272039835495e-06 -7.313525622907250e-07
1.305611645652959e-06 5.703373764434656e-07 4.285383046789991e-07 2.098808456425486e-07
2.250975366463233e-06 -4.951127863505839e-07 7.193441919914456e-07 -5.036221200679792e-08
2.250621453916279e-06 1.641116234649189e-06 7.409648977637875e-07 5.653344763346954e-07
8.383648871160078e-06 -6.773145487375766e-06 2.351920370912107e-06 -9.697917793269581e-07
7.610380665625707e-06 -5.601380592082962e-06 2.247687818409250e-06 -8.481652185484562e-07
6.984586284442360e-06 -4.355234707978376e-06 2.113289941580893e-06 -6.967289973240058e-07
1.013685992073981e-05 -4.627784421056895e-06 2.677625795047455e-06 -7.513250290615092e-07
1.116496148394467e-05 -3.205086613429795e-06 2.910241642874998e-06 -4.974107748779864e-07
3.011237324949157e-06 5.702356448507412e-07 9.624973105735077e-07 2.886613673398076e-07
3.941825946727742e-06 -7.717298586964871e-07 1.161807490811068e-06 -2.155714407908162e-09
3.942796654150610e-06 1.934065674632648e-06 1.218584235276005e-06 7.162631192088466e-07
8.281031943227739e-06 -4.355971359205690e-06 2.337037212358960e-06 -7.079265782003753e-07
6.503791733540756e-06 -3.059677869735479e-06 1.977574799390000e-06 -4.724886392134560e-07
5.483398441927155e-06 -1.006449479230690e-06 1.593748719457204e-06 -2.970248187803956e-08
5.937582794909717e-06 -1.240853847229113e-06 1.721943201534945e-06 -7.504749515121014e-08
6.186068809119921e-06 -1.716970597328399e-06 1.813939737360569e-06 -1.803732447317053e-07
9.430550664941356e-06 -3.039742755957314e-06 2.532904996199248e-06 -4.568414900475089e-07
1.054227083637752e-05 -1.983434316927487e-06 2.775031522380424e-06 -1.775807228063577e-07
4.779350088850068e-06 3.758730761370130e-07 1.384274262151681e-06 3.470194302597245e-07
5.471606785701057e-06 2.144096229421283e-06 1.528397152706446e-06 8.149508624211332e-07
7.399797947130295e-06 -2.139552631278667e-06 2.120754142074210e-06 -2.818841897417715e-07
5.959905016128215e-06 -2.957448959204939e-07 1.706460307199967e-06 1.685650059269702e-07
6.497385790131220e-06 -1.073937707037839e-06 1.863491497571246e-06 -2.548625644001369e-08
8.917417006430505e-06 -1.604151027351717e-06 2.411832369197268e-06 -1.036977288115380e-07
1.016309182863586e-05 -7.165719385856228e-07 2.666744483427318e-06 1.260873524506193e-07
5.976087055331787e-06 1.233655285967963e-06 1.664842573492898e-06 5.824320265538314e-07
5.900055586050558e-06 2.375249054571455e-06 1.624572198268977e-06 8.839801543391608e-07
7.665345640540590e-06 9.120880355306443e-09 2.115786875585113e-06 2.695199500610446e-07
1.004301999358663e-05 5.657026506260380e-07 2.644810676988103e-06 4.285187333409123e-07
1.021035109354780e-05 1.847603071038281e-06 2.781686012132164e-06 7.396356870267269e-07
6.873361073405123e-06 2.061238084106763e-06 1.872391241076202e-06 7.946651615862217e-07
6.145136603451825e-06 2.878737843585120e-06 1.682992910783423e-06 1.045865512573863e-06
6.437845432331872e-06 4.283624548778836e-06 1.762507205619372e-06 1.479075046419658e-06
8.911251636181767e-06 1.999404328970674e-06 2.417909684131239e-06 7.504646359732926e-07
6.895368451510677e-06 5.676220418389691e-06 1.879468095997341e-06 1.869975330317182e-06
1.065243352265315e-05 3.152867939988253e-06 3.012078753000881e-06 1.119568854382471e-06
7.691519386307024e-06 4.322674625035766e-06 2.093376234114771e-06 1.497238730430807e-06
9.573410039431120e-06 4.431264373664361e-06 2.684184782650792e-06 1.532588041491455e-06
7.537579463917336e-06 7.019009274966960e-06 2.015512461400211e-06 2.244755633414948e-06
1.135775939236287e-05 4.434164389865257e-06 3.261883178909789e-06 1.526492622221008e-06
1.080280220754646e-05 5.725858218414611e-06 3.077801711408183e-06 1.899392690755644e-06
9.458714638262097e-06 6.546602338812329e-06 2.612246924880351e-06 2.124316249876799e-06
8.344327090153816e-06 8.329387594600528e-06 2.199023834153455e-06 2.697602885565290e-06
9.341804973727936e-06 9.573030245868687e-06 2.488635656173205e-06 3.186863432790243e-06
1.233049672248152e-05 5.634245818380425e-06 3.571656121239766e-06 1.874318046034711e-06
1.164662979371519e-05 7.210279567157477e-06 3.340901174633999e-06 2.380907339208362e-06
1.083589186992950e-05 9.085894250901631e-06 3.005321772463931e-06 3.017941069098074e-06
1.048856108952737e-05 1.073093322807438e-05 2.860983049705919e-06 3.635346830672811e-06
1.353709178882665e-05 6.707132980442731e-06 3.992362188992252e-06 2.239718416190429e-06
1.317868377713750e-05 9.082305808517751e-06 3.882695787759517e-06 3.046644232917756e-06
1.180062793479306e-05 1.175721583122066e-05 3.360765702191002e-06 4.025267316938147e-06
1.326938143155917e-05 1.265273537234707e-05 3.925025018862200e-06 4.364665913969312e-06
1.485563955498730e-05 1.340283902020510e-05 4.571581468368901e-06 4.687708753328059e-06
1.497772075969158e-05 9.600647536952276e-06 4.516445927076865e-06 3.232597281069470e-06
1.496106107177354e-05 7.608207723909969e-06 4.497357385586327e-06 2.545065599732975e-06
1.461671898984576e-05 1.161687964170005e-05 4.440651961002296e-06 3.964499273589728e-06
1.655963937801083e-05 1.395872857882825e-05 5.291192579905060e-06 4.926056107725459e-06
1.835367999733592e-05 1.432908667856577e-05 5.926028550399121e-06 5.061055457237145e-06
1.643887429421843e-05 1.004816981680746e-05 5.051217280375326e-06 3.395904806012258e-06
1.657927236126465e-05 8.268511875405834e-06 5.081217572321040e-06 2.721617991225600e-06
2.019784688702913e-05 1.448872279141130e-05 6.613721923546987e-06 5.122576270444085e-06
1.812015955631544e-05 1.173164978635271e-05 5.797884481519572e-06 4.118273153144032e-06
1.833786143750236e-05 8.655291931241050e-06 5.814607697383688e-06 2.826694016071021e-06
2.060048778693980e-05 1.201864100579578e-05 6.767542123180464e-06 4.212735554939235e-06
2.228484644541421e-05 1.455255125505423e-05 7.385313782552638e-06 5.135952585852206e-06
2.017994827470078e-05 8.763112897815773e-06 6.615631667919970e-06 2.891966775740703e-06
2.520957662038406e-05 1.461632929859296e-05 8.510380219571234e-06 5.127295971326994e-06
2.287465770076207e-05 1.059882558446038e-05 7.693604223674614e-06 3.635356248202026e-06
2.228122850385119e-05 8.700378596325888e-06 7.464136065803323e-06 2.866507941509998e-06
2.935530887480511e-05 1.471292957729856e-05 9.960181852956862e-06 5.108129828180181e-06
2.727659525720959e-05 1.138654036243818e-05 9.353865431218603e-06 3.968980630508280e-06
2.521116012341895e-05 8.619201454295472e-06 8.631346544920604e-06 2.889328680176627e-06
3.500311584631703e-05 1.481605558852568e-05 1.189534568930708e-05 5.100034223280491e-06
3.215035773233399e-05 1.162355641894722e-05 1.101308684660520e-05 4.015877143366502e-06
2.935587852516493e-05 8.527719787555647e-06 1.015892027901254e-05 2.986872900962157e-06
4.105573069966926e-05 1.490408908980559e-05 1.380206639917097e-05 5.127080117158163e-06
3.800266371793796e-05 1.162360195291110e-05 1.287341157204754e-05 4.012228409300258e-06
3.500320536291185e-05 8.429954893558058e-06 1.197092981806099e-05 2.982404074483417e-06
4.725828642116548e-05 1.498081207297901e-05 1.585598117606512e-05 5.150800315111552e-06
4.413313762164531e-05 1.162426872277046e-05 1.479316765620906e-05 4.022319637321240e-06
4.105557760117614e-05 8.343669807769275e-06 1.381474254806019e-05 2.939997137605499e-06
5.359266153976564e-05 1.504718291537408e-05 1.807572867723532e-05 5.307585002987644e-06
5.040476241559160e-05 1.162515215815112e-05 1.689603279236429e-05 4.058025442950970e-06
4.725799629045270e-05 8.268600532125150e-06 1.577549270698003e-05 2.908965652464782e-06
6.003893755233280e-05 1.510266656577463e-05 2.056667236402116e-05 5.431902235009934e-06
5.679852918075029e-05 1.162621517509004e-05 1.927585490535812e-05 4.047677552047143e-06
5.359230540381577e-05 8.204182657394489e-06 1.802728094657220e-05 2.794442372952037e-06
6.657668019136075e-05 1.514743225130779e-05 2.324283883045821e-05 5.590743042433207e-06
6.329394968184241e-05 1.162727207880978e-05 2.184184781519615e-05 4.067270783394705e-06
6.003859395503797e-05 8.150788747878072e-06 2.047986145349315e-05 2.703101371796084e-06
7.318630681915453e-05 1.518168575330253e-05 2.616005355100709e-05 5.715328568714040e-06
6.987096935861572e-05 1.162817754386015e-05 2.465668606507923e-05 4.093127459837901e-06
6.657650911313710e-05 8.107997005804855e-06 2.319008440605759e-05 2.618524130757139e-06
7.984872406709149e-05 1.520563991631252e-05 2.931428914722057e-05 5.905516104522443e-06
7.651019348656874e-05 1.162883522752345e-05 2.767026517827624e-05 4.109303521745160e-06
7.318627328581957e-05 8.075331263856137e-06 2.611154540158224e-05 2.498704644521032e-06
8.654522769508511e-05 1.522023832294762e-05 3.279439720039759e-05 6.052530038359786e-06
8.319268774919136e-05 1.162939052194094e-05 3.099807488372242e-05 4.130564290255650e-06
7.984862350774355e-05 8.052606292992315e-06 2.928512817737758e-05 2.334143681079867e-06
1.009332498982467e-04 1.483306464752729e-05 4.075326610076458e-05 5.957018936128867e-06
9.997907842622999e-05 1.522826770770764e-05 4.022375334774346e-05 6.178339862187906e-06
8.955110799440737e-05 1.162967250800863e-05 3.438518964563388e-05 4.163353188567746e-06
9.325958123794021e-05 1.522695533218783e-05 3.644918103020378e-05 6.144787702550235e-06
8.654520030227592e-05 8.038868609876090e-06 3.272366342755342e-05 2.251493016821019e-06
1.013284853099492e-04 1.387893722503954e-05 4.097055977104634e-05 5.424218843937802e-06
9.907035723833593e-05 1.162986588326360e-05 3.969061382763431e-05 4.157931052961720e-06
9.325955887730107e-05 8.032593797031604e-06 3.642203945214279e-05 2.162978527444419e-06
1.013285159126483e-04 9.380785170562323e-06 4.092705638522416e-05 2.915299688614254e-06
9.997909591756470e-05 8.031429635288393e-06 4.017897395023274e-05 2.167514449500392e-06
1.009332782339554e-04 8.426640782369399e-06 4.070692771701892e-05 2.386753833170595e-06
