-1.017173289244939e-04 1.471116649351279e-05 3.744463824892500e-05 -4.301036011322085e-06
-1.021142893928518e-04 1.375306293216224e-05 3.760290834445028e-05 -3.930016747080324e-06
-1.021147145382098e-04 9.236292204389960e-06 3.763999697273880e-05 -2.154689434288003e-06
-1.017178076916978e-04 8.278213442220191e-06 3.748783026450443e-05 -1.791894028668778e-06
-1.007590604539782e-04 1.510799734690877e-05 3.706542701456307e-05 -4.452963860053074e-06
-9.896172348503104e-05 1.149475047746029e-05 3.636379948855316e-05 -3.056438656583230e-06
-1.007596075210743e-04 7.881392386967490e-06 3.711877357980608e-05 -1.643572072470362e-06
-9.401157272158019e-05 1.510603119914667e-05 3.444555054371861e-05 -4.424350058341853e-06
-9.401227799574080e-05 7.883320235742750e-06 3.448064108043264e-05 -1.691317403867111e-06
-9.028932158532940e-05 1.149452064290933e-05 3.304425134531093e-05 -3.047415689668849e-06
-8.727275271486807e-05 1.509779024497425e-05 3.185824815770931e-05 -4.418109680448721e-06
-8.727344725846261e-05 7.890922385871429e-06 3.196879600249945e-05 -1.739884186887550e-06
-8.390935906745463e-05 1.149453659239362e-05 3.065483281403382e-05 -3.081266011938402e-06
-8.055429626864291e-05 1.508366443286294e-05 2.939639072120433e-05 -4.301349729457953e-06
-8.055446980191021e-05 7.904924229656379e-06 2.957755929508155e-05 -1.791901857999398e-06
-7.720464809922950e-05 1.149416316322417e-05 2.828065691618024e-05 -3.083219442036256e-06
-7.386708017219972e-05 1.506317930449103e-05 2.713708329596714e-05 -4.203267361385772e-06
-7.386766893697872e-05 7.924901925070639e-06 2.736203856075021e-05 -1.882488565731586e-06
-7.053751709450066e-05 1.149384248817773e-05 2.606314194391810e-05 -3.071550719712494e-06
-6.722369015415377e-05 1.503573970437090e-05 2.506663162891209e-05 -4.195138180088426e-06
-6.722454018714180e-05 7.951638728856265e-06 2.521848222177455e-05 -1.896608307346705e-06
-6.392016580711662e-05 1.149340260274644e-05 2.389717931185138e-05 -3.049077097591611e-06
-6.063698328801055e-05 1.500051470397729e-05 2.291361893972376e-05 -4.291814316155677e-06
-6.063792881231951e-05 7.985812101662024e-06 2.302299629435420e-05 -1.801033656275372e-06
-5.736659801021790e-05 1.149300304362772e-05 2.163952084598733e-05 -3.016032558711377e-06
-5.412253540370343e-05 1.495628738486558e-05 2.047494697230548e-05 -4.396507069911644e-06
-5.412294716560552e-05 8.029113489328619e-06 2.052529392891937e-05 -1.664031285574742e-06
-5.089399446715672e-05 1.149273134283472e-05 1.916628125430175e-05 -3.004728859579608e-06
-4.769913241801237e-05 1.490100441253357e-05 1.777099427247544e-05 -4.431588730897302e-06
-4.769898456031129e-05 8.083841942420954e-06 1.775829458168274e-05 -1.547346307854989e-06
-4.452310146365071e-05 1.149245138293103e-05 1.655120678826354e-05 -2.953885296137076e-06
-4.138907010391609e-05 1.483262323255654e-05 1.503684361546212e-05 -4.419144175074359e-06
-4.138845441110043e-05 8.151579586469354e-06 1.503721600700492e-05 -1.562374848921346e-06
-3.827751194104212e-05 1.149198129357003e-05 1.391310176381789e-05 -2.943266213470368e-06
-3.521742263373795e-05 1.474878560550204e-05 1.235393529972453e-05 -4.337277985224158e-06
-3.521630421646448e-05 8.234812832097223e-06 1.251837036399974e-05 -1.557305626707902e-06
-3.230540322852840e-05 1.149065714276236e-05 1.131603178650584e-05 -2.943183433152833e-06
-2.945338059430949e-05 1.464822469840200e-05 9.864143799669936e-06 -4.283287042665772e-06
-2.945183650462395e-05 8.338210413176659e-06 1.005693507842106e-05 -1.551154308049082e-06
-2.733074669976077e-05 1.173112618095016e-05 9.053312677074553e-06 -3.075592241661276e-06
-2.522532849672143e-05 1.455083438752278e-05 7.988893252877739e-06 -4.314874053234231e-06
-2.522206811158612e-05 8.438303172827966e-06 8.103376280324950e-06 -1.543138241717604e-06
-2.224265252833450e-05 1.446321610432038e-05 6.645853670069804e-06 -4.306222093999186e-06
-2.279789890732216e-05 1.251474590383198e-05 6.908079164295787e-06 -3.459221452815753e-06
-2.223784700455803e-05 8.503899838535795e-06 6.640414984570144e-06 -1.559772012784181e-06
-2.012316333347638e-05 8.574969554107806e-06 5.634875219716923e-06 -1.672044570555984e-06
2.988016451184953e-06 8.147672990255096e-07 -6.352747681754901e-07 2.653876736793925e-07
3.046708371679722e-06 6.734327477732296e-07 -6.447070374523767e-07 2.902016817702677e-07
3.046294149945270e-06 1.477457153096826e-07 -6.367405941207237e-07 3.690194503034224e-07
2.987929748732368e-06 8.710984648693902e-09 -6.285128866920173e-07 3.870424550031256e-07
-2.011657742284006e-05 1.440057682688075e-05 5.682745778074600e-06 -4.288703404402876e-06
-1.824272253237286e-05 1.423637054044963e-05 4.867637171776681e-06 -4.206798690385775e-06
-1.967164340786199e-05 1.076363687930409e-05 5.405795429302557e-06 -2.667265830353775e-06
-1.822226409752916e-05 8.486557171666087e-06 4.769071913518775e-06 -1.755143527230888e-06
2.847371423523569e-06 8.733154402576360e-07 -6.116922403860155e-07 2.546840835048923e-07
2.706043310260683e-06 2.968011361184617e-07 -5.860781929118028e-07 3.472931240133775e-07
2.848754980973484e-06 -4.918985775239643e-08 -6.100860341235517e-07 3.939213571063125e-07
-1.763181390749397e-05 1.245257892040314e-05 4.582064817700708e-06 -3.418718399233546e-06
-1.642745756104470e-05 1.384958840742122e-05 4.087901043181596e-06 -4.017808420696333e-06
-1.470903166294480e-05 1.328603585315930e-05 3.364549456544774e-06 -3.745409315763427e-06
-1.706937900655381e-05 1.004730621592846e-05 4.299908835135485e-06 -2.420609685602065e-06
-1.644012319293587e-05 8.102226201599103e-06 4.052080861570832e-06 -1.713478491960831e-06
1.895286837837571e-06 8.901587584787323e-07 -4.258643567856308e-07 2.367884694839927e-07
1.894853015471962e-06 -6.532912856579427e-08 -4.408824798556191e-07 3.880136298354295e-07
1.400937089642278e-06 4.127954706935805e-07 -3.512950123217359e-07 2.997732740869307e-07
-1.311235982094215e-05 1.252626065005540e-05 2.765610421746645e-06 -3.375767676142872e-06
-1.446710021699946e-05 1.148408659655135e-05 3.250978063880044e-06 -2.987808960752206e-06
-1.505454613722095e-05 9.263405713977240e-06 3.512952297119825e-06 -2.166995372622136e-06
-1.481010702304143e-05 7.448987273904521e-06 3.443555899789884e-06 -1.572146548056729e-06
8.641484146454484e-07 9.814750860752463e-07 -2.539551021232723e-07 1.851282372859737e-07
8.645543476633317e-07 -1.547305576002649e-07 -2.568621506665987e-07 3.712553075097331e-07
2.524325045082129e-07 4.139085335342198e-07 -1.687755275929008e-07 2.751991998671450e-07
-1.163564205713045e-05 1.162149591385245e-05 2.269805527568871e-06 -3.013728795479456e-06
-1.031870996692425e-05 1.058688085518401e-05 1.891532510661603e-06 -2.627009818315613e-06
-1.301960235675088e-05 8.926327075436876e-06 2.776395510549344e-06 -2.081872557282296e-06
-1.337334071046242e-05 6.547036380446644e-06 2.915005313192139e-06 -1.325260403355949e-06
-4.516184325630519e-07 1.178249625938241e-06 -3.771124877594853e-08 1.223770726930403e-07
-4.514255935027535e-07 -3.494735637545154e-07 -5.219864184462806e-08 3.642793525769204e-07
-1.065412519627604e-05 9.027988488319793e-06 2.007703868181496e-06 -2.095844169197029e-06
-9.167263586104294e-06 9.421138274530376e-06 1.571907546290493e-06 -2.205954303794989e-06
-1.120611148755967e-05 7.309374234162901e-06 2.198630763600919e-06 -1.573802373505272e-06
-1.216173840546882e-05 5.464507669476256e-06 2.513696852627085e-06 -1.047044653104959e-06
-1.228596533615627e-06 4.150248614940751e-07 8.327236706813643e-08 1.927556029336441e-07
-2.154555983227718e-06 1.461861318017093e-06 2.226986419533943e-07 -2.176184492737855e-08
-2.152726108259851e-06 -6.331885659248555e-07 2.045718645709639e-07 3.193344194456051e-07
-8.163233210413693e-06 8.166513851154111e-06 1.303205297167212e-06 -1.795054014119118e-06
-7.352187149370310e-06 6.867893803008081e-06 1.142608561319411e-06 -1.475271356975232e-06
-6.722332846118446e-06 5.502852013940455e-06 1.027308182258108e-06 -1.149913925811231e-06
-1.008821549372886e-05 5.791814673695722e-06 1.890257831708962e-06 -1.167151141152172e-06
-1.119656689602738e-05 4.255347640104820e-06 2.210398434897822e-06 -7.333595468553540e-07
-2.898671016380436e-06 4.190840872784983e-07 3.347150556698878e-07 1.418321647760302e-07
-3.814285656968855e-06 1.741497424986054e-06 5.360907620628494e-07 -1.564681921698280e-07
-3.814432186446299e-06 -9.238598015153238e-07 5.334700495949518e-07 3.924536896049043e-07
-8.086318694480523e-06 5.495863270322760e-06 1.339998391858816e-06 -1.128924249166260e-06
-6.250386654126874e-06 4.113683561887022e-06 9.470953074837264e-07 -8.021151188108090e-07
-5.317724605430807e-06 1.978882361358917e-06 8.224724715234508e-07 -2.262873894165666e-07
-5.751232871745183e-06 2.216955099079009e-06 8.873591786736772e-07 -2.916252863797663e-07
-5.976297041429848e-06 2.705230345045975e-06 9.164032161326214e-07 -4.189023147816046e-07
-9.314159798405669e-06 4.080408594883905e-06 1.675587563827367e-06 -7.072252870332078e-07
-1.047782444861894e-05 2.975745615792627e-06 1.958516187100157e-06 -4.294572140219109e-07
-4.636671205918687e-06 6.147186928414047e-07 7.020023853098418e-07 8.338258307024454e-08
-5.337984403190908e-06 -1.135615366895349e-06 8.187366505884787e-07 4.199548955319811e-07
-7.197044800726772e-06 3.135160936686925e-06 1.187011363515042e-06 -5.202964605486460e-07
-5.788483901755883e-06 1.274034596420155e-06 9.059642164520998e-07 -7.651810211214042e-08
-6.304004818984494e-06 2.049607036379663e-06 1.001734748016384e-06 -2.595641138358685e-07
-8.767605500551133e-06 2.580947311106197e-06 1.538000423133382e-06 -3.544888536468706e-07
-1.002553973842888e-05 1.682398157036927e-06 1.788167974093737e-06 -1.495025176511119e-07
-5.831561049127598e-06 -2.403422530437020e-07 9.231284404793834e-07 2.358305579301158e-07
-5.777816894596805e-06 -1.363330615537471e-06 8.894165219102003e-07 4.447339912576622e-07
-7.488760434451290e-06 9.476340172281191e-07 1.269124296649290e-06 -8.161619317485233e-09
-9.863438644207512e-06 3.987274102390152e-07 1.713912249797577e-06 8.327480327308528e-08
-9.967911940980932e-06 -8.547572411612553e-07 1.715429078977189e-06 3.245722673364152e-07
-6.734769663726080e-06 -1.063809632615469e-06 1.103924939563786e-06 3.647528623125854e-07
-6.035894706174154e-06 -1.847587440593773e-06 9.314030254352383e-07 5.196420438599046e-07
-6.354364699730527e-06 -3.176723292087857e-06 1.006784350688556e-06 7.641554913431160e-07
-8.714541291647674e-06 -1.019141074572535e-06 1.480403886652165e-06 3.569327492982946e-07
-6.826149487496758e-06 -4.459683924370477e-06 1.126577341513325e-06 9.709248684193763e-07
-1.033950156940825e-05 -2.118540514764619e-06 1.782646551896317e-06 5.601721876619553e-07
-7.554811823060589e-06 -3.224553298477035e-06 1.283336327627222e-06 7.598466598658016e-07
-9.318862433844786e-06 -3.324520742909025e-06 1.585090430688209e-06 7.739276336598196e-07
-7.448064243789936e-06 -5.681965788815098e-06 1.238451110295454e-06 1.149481654994157e-06
-1.094836732856979e-05 -3.326232492925326e-06 1.894366649267302e-06 7.863081121919713e-07
-1.042997926407030e-05 -4.515278513440064e-06 1.770547849205909e-06 9.662940208437516e-07
-9.214823409287665e-06 -5.259252565429628e-06 1.541042281539797e-06 1.066788359120976e-06
-8.210475618796872e-06 -6.845011966881466e-06 1.393018007960382e-06 1.358360896548879e-06
-9.118844866873554e-06 -7.927751234181201e-06 1.549276661512199e-06 1.529136634767899e-06
-1.178387078675353e-05 -4.439230004542356e-06 1.990279942693975e-06 9.568598906172275e-07
-1.117350327990310e-05 -5.848470753186350e-06 1.863478215212566e-06 1.196570858134720e-06
-1.045600796780230e-05 -7.497371462155400e-06 1.737481170146540e-06 1.479623495177712e-06
-1.015043996942611e-05 -8.916157032122681e-06 1.704793497918451e-06 1.678995523904063e-06
-1.281729978915076e-05 -5.415339641928689e-06 2.152584604138134e-06 1.151915620789548e-06
-1.250191006130075e-05 -7.486874408646352e-06 2.080643447270639e-06 1.493853897464358e-06
-1.130478091558326e-05 -9.783813647073705e-06 1.867026405216778e-06 1.820331409698833e-06
-1.257129446326688e-05 -1.052576627658839e-05 2.069279758747124e-06 1.941347815481491e-06
-1.392495711262534e-05 -1.113109739092000e-05 2.282520328385194e-06 2.016454445755452e-06
-1.403645367435505e-05 -7.931367534384960e-06 2.286539184019227e-06 1.571049617521240e-06
-1.402612041976551e-05 -6.220098493420838e-06 2.291750838173558e-06 1.306473268143054e-06
-1.373105351670722e-05 -9.639920121071429e-06 2.253892875436150e-06 1.813667379618770e-06
-1.535732853278502e-05 -1.157480746143546e-05 2.511452298533652e-06 2.066716794803817e-06
-1.684755871208814e-05 -1.185796730482293e-05 2.692132788835595e-06 2.109242897718523e-06
-1.526660773808987e-05 -8.313562018317735e-06 2.446470303076935e-06 1.631938644777772e-06
-1.538236106625922e-05 -6.811425097808794e-06 2.455752880016479e-06 1.411033921913277e-06
-1.836897557235764e-05 -1.196795304906761e-05 2.860487715089829e-06 2.119518192208771e-06
-1.666726260691947e-05 -9.716481634280465e-06 2.662466203126711e-06 1.866016342355280e-06
-1.684270068928986e-05 -7.165946910182305e-06 2.628602053646121e-06 1.449673013206566e-06
-1.870347329330000e-05 -9.947734560401856e-06 2.941875717278056e-06 1.881530423834311e-06
-2.006773217482078e-05 -1.199496428500751e-05 3.039322658739398e-06 2.045928584502234e-06
-1.836128934090588e-05 -7.275604530337578e-06 2.864636243867014e-06 1.474359953873016e-06
-2.242739564763158e-05 -1.202161785071501e-05 3.353769256345966e-06 2.019966366586553e-06
-2.055400086604593e-05 -8.793120918798188e-06 3.164942392043108e-06 1.744846421346793e-06
-2.006618866786430e-05 -7.248569544165459e-06 3.083971018808746e-06 1.525815100132586e-06
-2.572264343010202e-05 -1.206110228931770e-05 3.524789089374529e-06 1.916013681353723e-06
-2.408086254969414e-05 -9.431121004427120e-06 3.503523006899358e-06 1.841683012373845e-06
-2.242795826112610e-05 -7.214009372722828e-06 3.332192217399831e-06 1.610640491598553e-06
-3.014258315733456e-05 -1.210134639912614e-05 3.569576710382902e-06 1.786511065680040e-06
-2.792118337393974e-05 -9.619828918835346e-06 3.653429203821903e-06 1.835378728491460e-06
-2.572269011791626e-05 -7.176083576253336e-06 3.626922567293847e-06 1.708903622728451e-06
-3.481200395146972e-05 -1.213188269044628e-05 3.268759430216952e-06 1.675507787867855e-06
-3.246779268923802e-05 -9.619469416574219e-06 3.505319696639192e-06 1.835471597132787e-06
-3.014258267913435e-05 -7.137407668809134e-06 3.680734332140524e-06 1.875797885154997e-06
-3.952946025637161e-05 -1.215245504391812e-05 2.837769903940032e-06 1.558027786946691e-06
-3.716428285102909e-05 -9.619290878914750e-06 3.103963249611122e-06 1.825181870522912e-06
-3.481208468563723e-05 -7.106827152596955e-06 3.349204210724335e-06 2.039533924260077e-06
-4.427538119121137e-05 -1.216264388915400e-05 2.300724562692419e-06 1.473819430846683e-06
-4.189932717767550e-05 -9.619255724815129e-06 2.556640973107758e-06 1.812389024886219e-06
-3.952950789369925e-05 -7.086154299831854e-06 2.830321571247360e-06 2.155410233646626e-06
-4.903001098173856e-05 -1.216343818077664e-05 1.721367984124325e-06 1.472496817631691e-06
-4.665269480697730e-05 -9.619357060687916e-06 1.953426106341905e-06 1.788797546406410e-06
-4.427533046327668e-05 -7.076022844714917e-06 2.202721066323230e-06 2.102515431315069e-06
-5.377727544748592e-05 -1.215817150032458e-05 1.273903783615735e-06 1.523807493778098e-06
-5.140564146453898e-05 -9.619638800418497e-06 1.462183352038704e-06 1.752936424909281e-06
-4.902983499314679e-05 -7.075575201144255e-06 1.695141367496393e-06 2.000578456893681e-06
-5.850961910501018e-05 -1.215095038312944e-05 1.104054813834212e-06 1.685288068406936e-06
-5.614600851963044e-05 -9.619944577962155e-06 1.163917916771110e-06 1.693883719910460e-06
-5.377709943942444e-05 -7.081345280555067e-06 1.319898533085655e-06 1.872107846869166e-06
-6.322733699097142e-05 -1.214468808466329e-05 1.264407457835044e-06 1.782808417194902e-06
-6.087056516724291e-05 -9.620226757371072e-06 1.173840652435798e-06 1.645729896606946e-06
-5.850947743207802e-05 -7.089248344712400e-06 1.178804116357323e-06 1.684659170367384e-06
-6.793510990423422e-05 -1.214071393315127e-05 1.512635535600830e-06 1.864879436384030e-06
-6.558245399143698e-05 -9.620379437720599e-06 1.357177292505448e-06 1.643126262454934e-06
-6.322729566099967e-05 -7.095997438339636e-06 1.237132681966434e-06 1.542276655905857e-06
-7.800439770828701e-05 -1.186134285064239e-05 2.328355535462357e-06 1.836772255290463e-06
-7.733684422294939e-05 -1.213787175976707e-05 2.271235215665872e-06 1.859738844673337e-06
-7.004191354589452e-05 -9.620434462249117e-06 1.659735134116159e-06 1.648138097341644e-06
-7.263702571276769e-05 -1.213847949457079e-05 1.901091420643111e-06 1.876727342243803e-06
-6.793510024506203e-05 -7.100177981567236e-06 1.516038101000036e-06 1.465937221090554e-06
-7.828090509364919e-05 -1.119376124960784e-05 2.352586898224451e-06 1.780482147782793e-06
-7.670145284736794e-05 -9.620353536280247e-06 2.226468704999977e-06 1.655831129354351e-06
-7.263705711223454e-05 -7.102355638303808e-06 1.897673382849883e-06 1.415067333821498e-06
-7.828090833225369e-05 -8.046933869460905e-06 2.346833402099727e-06 1.538592246937745e-06
-7.733685957029659e-05 -7.102840390135602e-06 2.263793744036547e-06 1.457586166107831e-06
-7.800440441795120e-05 -7.379363494621622e-06 2.322330104744590e-06 1.481683490737381e-06
