7.818293357476250e-05 -1.126025374654569e-05 5.708665067812397e-06 -1.419590612799219e-06
7.849246540124099e-05 -1.051317019468095e-05 5.696096064415382e-06 -1.445427583492098e-06
7.849241804572390e-05 -6.990856953383638e-06 5.651307244367794e-06 -1.458388294461962e-06
7.818288298835027e-05 -6.243782858279945e-06 5.657685699970854e-06 -1.471680028126818e-06
7.743570115832295e-05 -1.156967265369044e-05 5.734999345107064e-06 -1.408331614618250e-06
7.603368038677425e-05 -8.752009515099837e-06 5.685465186585181e-06 -1.437160505469374e-06
7.743565119868680e-05 -5.934368922207933e-06 5.672338617680635e-06 -1.476606209594724e-06
7.217373655971711e-05 -1.156735717177992e-05 5.761212122675760e-06 -1.380248860102537e-06
7.217370393737461e-05 -5.936737400518551e-06 5.700749705815109e-06 -1.457370402336695e-06
6.927069790449569e-05 -8.752070258490039e-06 5.845317735670846e-06 -1.397412261447812e-06
6.692043983998579e-05 -1.155738505192939e-05 5.770576852758214e-06 -1.406935651991274e-06
6.692031678737892e-05 -5.946800711424935e-06 5.827262043460969e-06 -1.544615027384136e-06
6.430124029225400e-05 -8.752023529894464e-06 6.020092957391449e-06 -1.358509192005352e-06
6.169500018085288e-05 -1.153659981277081e-05 5.811589866064431e-06 -1.404737590799164e-06
6.169507753566903e-05 -5.967363608106566e-06 6.084122018736907e-06 -1.552395201519125e-06
5.909674202796831e-05 -8.751921482350058e-06 6.179680182976360e-06 -1.400168873981114e-06
5.651856463083976e-05 -1.150470659507476e-05 5.874135620461160e-06 -1.478348136342111e-06
5.651867270897853e-05 -5.998866373145264e-06 6.281886738490610e-06 -1.472339120131757e-06
5.395191789269872e-05 -8.751737619645664e-06 6.180862099370065e-06 -1.426366664647033e-06
5.141125549694126e-05 -1.146373534799394e-05 5.770892264305103e-06 -1.539042946889373e-06
5.141110761851017e-05 -6.039319205551684e-06 6.347291088931017e-06 -1.397138594713704e-06
4.888441262554562e-05 -8.751470400227537e-06 6.060823128757223e-06 -1.494345242528905e-06
4.638806098967031e-05 -1.141578213315383e-05 5.560445003937125e-06 -1.592549997707470e-06
4.638763849545251e-05 -6.086845146673609e-06 6.121536289312750e-06 -1.285850496433718e-06
4.390710436365846e-05 -8.751119857755778e-06 5.727976000104201e-06 -1.547190771853861e-06
4.145962788118523e-05 -1.136258482138554e-05 5.310819754638864e-06 -1.621717090292237e-06
4.145942840059177e-05 -6.139800680868271e-06 5.622867431910920e-06 -1.201753903399329e-06
3.902938271753278e-05 -8.750957436472870e-06 5.335945358996567e-06 -1.574840052251674e-06
3.663395777953155e-05 -1.130578810111235e-05 5.123382534959902e-06 -1.582299763894432e-06
3.663441948448465e-05 -6.196374201134663e-06 5.131690331164931e-06 -1.355129160652669e-06
3.425769570900703e-05 -8.750885080290379e-06 5.074750978560177e-06 -1.554282992481463e-06
3.191762787625372e-05 -1.124544400160727e-05 4.922085036352938e-06 -1.623010644386549e-06
3.191852214153873e-05 -6.256298327260780e-06 4.910597947800927e-06 -1.469584828410578e-06
2.959779711245499e-05 -8.750805594670224e-06 4.964296141614712e-06 -1.515262661695459e-06
2.731636013556004e-05 -1.118079583559228e-05 4.827442408954476e-06 -1.609132211710891e-06
2.731684499396847e-05 -6.320629496015161e-06 4.918268800442884e-06 -1.562015068546342e-06
2.514618667930759e-05 -8.750204282884382e-06 4.924359381885558e-06 -1.542361180670030e-06
2.301652652673594e-05 -1.111157167883231e-05 4.770700351315032e-06 -1.659495176190535e-06
2.301638016813813e-05 -6.391839118776088e-06 4.842695883116654e-06 -1.520314859103019e-06
2.143106105536199e-05 -8.930872028376410e-06 4.827149873183807e-06 -1.578593923736208e-06
1.985101074536021e-05 -1.104910790905397e-05 4.751648175380407e-06 -1.714473760355713e-06
1.984940004932531e-05 -6.455826467350312e-06 4.748843747754287e-06 -1.443496381114182e-06
1.760639126488331e-05 -1.099448039920044e-05 4.608126379024960e-06 -1.753961395863238e-06
1.802813703414669e-05 -9.522218442195967e-06 4.640559531348827e-06 -1.646321212184062e-06
1.760343024226278e-05 -6.496569754009663e-06 4.572699387147577e-06 -1.438991093561698e-06
1.600417982831631e-05 -6.540563402306116e-06 4.470812453560171e-06 -1.415513364588808e-06
-2.463685667838145e-06 -3.161848433797966e-07 -1.028871680492610e-06 3.979575045597634e-07
-2.512519765127352e-06 -1.987145666712268e-07 -1.052537868790989e-06 4.533529400429326e-07
-2.512275737345526e-06 2.386749628632924e-07 -1.052713408640044e-06 6.566536118632481e-07
-2.463709001975390e-06 3.544686388425013e-07 -1.029836812854425e-06 7.110461778942510e-07
1.600036617004929e-05 -1.095580450075889e-05 4.534845690993127e-06 -1.798949841711667e-06
1.457631484961181e-05 -1.083927375848172e-05 4.355434208481865e-06 -1.806263488514195e-06
1.566619472900471e-05 -8.199092640377758e-06 4.466942779713166e-06 -1.522168053760915e-06
1.456399736105155e-05 -6.462606882618767e-06 4.361667022624515e-06 -1.381511164683885e-06
-2.346755433561960e-06 -3.647686277836018e-07 -9.730557885197987e-07 3.753127640315268e-07
-2.229071645532442e-06 1.149884596454290e-07 -9.190048888734285e-07 6.005266010913480e-07
-2.347829883132584e-06 4.028151972378799e-07 -9.757503993908238e-07 7.341156106580440e-07
1.411455885690452e-05 -9.485452793760041e-06 4.298910266751614e-06 -1.662705669034099e-06
1.319174522773427e-05 -1.055513180138887e-05 4.210500323048433e-06 -1.754488127083664e-06
1.187361369063664e-05 -1.013198320390210e-05 4.094904560428920e-06 -1.713061287166759e-06
1.368686343504480e-05 -7.650351706906533e-06 4.279955636649369e-06 -1.475821017812197e-06
1.320515102893355e-05 -6.155992311373983e-06 4.256807492640236e-06 -1.328919708244747e-06
-1.554441375078006e-06 -3.780825111356859e-07 -5.870231449486209e-07 3.664260300762730e-07
-1.553908052464767e-06 4.168506256234468e-07 -5.965244049455480e-07 7.353364951095301e-07
-1.143012102729436e-06 1.929942966426203e-08 -3.966649499775348e-07 5.488607302886566e-07
1.064103258937393e-05 -9.558885110384912e-06 3.948148798755037e-06 -1.684252698669613e-06
1.169071148849235e-05 -8.753670786161892e-06 4.075913571155399e-06 -1.598568336465704e-06
1.214261674960710e-05 -7.045822718205800e-06 4.156237795699300e-06 -1.411494355957696e-06
1.195607112791218e-05 -5.639710575052550e-06 4.159889315371640e-06 -1.225440672981826e-06
-6.967724338871900e-07 -4.528484468967294e-07 -2.270923146896802e-07 3.618777122823712e-07
-6.969952218953967e-07 4.908839540998525e-07 -1.949569460692822e-07 7.777775772988773e-07
-1.887620816376794e-07 1.873508000646931e-08 2.489762245700820e-08 5.761230499247112e-07
9.495980700692185e-06 -8.868839552173410e-06 3.810966421361979e-06 -1.663574985086653e-06
8.466494473665486e-06 -8.073189147071405e-06 3.705588271683675e-06 -1.606740501684593e-06
1.057248098112216e-05 -6.783803410254704e-06 3.952995599731808e-06 -1.392701903414128e-06
1.084987336777864e-05 -4.929726960120048e-06 4.028850912461783e-06 -1.084851594597009e-06
3.947798966495370e-07 -6.138641692532696e-07 3.173188439251672e-07 2.544810215202692e-07
3.946699399766097e-07 6.508226356947991e-07 3.143818550357616e-07 9.122505832653019e-07
8.728362987025559e-06 -6.864875980668814e-06 3.748121861438394e-06 -1.451166423792801e-06
7.558476553149210e-06 -7.173045326131692e-06 3.511276545899910e-06 -1.508360104346328e-06
9.161717573966976e-06 -5.522443233857699e-06 3.815025449464239e-06 -1.191742359136690e-06
9.912687305053182e-06 -4.072754765674877e-06 3.966961046419453e-06 -9.007239815202037e-07
1.037865026078006e-06 1.810901244714879e-08 6.420610525222162e-07 5.985106334555597e-07
1.803151980162938e-06 -8.461568986970455e-07 1.005110434019725e-06 1.977880453587638e-07
1.801846966478501e-06 8.838836836333626e-07 1.020877303151126e-06 1.053490887527873e-06
6.763243182526651e-06 -6.196924642857663e-06 3.309034053244442e-06 -1.324630557271223e-06
6.111376312843919e-06 -5.175462807037902e-06 3.088509019507769e-06 -1.136184479570402e-06
5.596809686894092e-06 -4.096902671633812e-06 2.875341875838258e-06 -9.140963156785850e-07
8.282239566894837e-06 -4.328816759211001e-06 3.646801092832328e-06 -9.706334195551599e-07
9.163171885368528e-06 -3.107908609557139e-06 3.897288898023766e-06 -6.246588362896189e-07
2.418060925082158e-06 1.531567658988171e-08 1.289537905997873e-06 6.260242994750441e-07
3.172988738597787e-06 -1.074329970279606e-06 1.607382034805688e-06 1.325626456405456e-07
3.173299736047096e-06 1.121793588670238e-06 1.642142112332425e-06 1.170224265194971e-06
6.691430598538210e-06 -4.093896234553112e-06 3.207004556922972e-06 -9.245759073308120e-07
5.207430181026502e-06 -2.989677652051654e-06 2.696188521103415e-06 -5.952811225549569e-07
4.416209834311485e-06 -1.267610086392164e-06 2.223916332035356e-06 8.311379549460442e-08
4.777527191704880e-06 -1.461324068992970e-06 2.393552536363476e-06 7.367533175639934e-09
4.969077164856202e-06 -1.857377452485973e-06 2.504665646220707e-06 -1.584618098236037e-07
7.670653544125048e-06 -2.967260670992373e-06 3.494563639386121e-06 -5.658409217014645e-07
8.606228991311021e-06 -2.078109642340442e-06 3.813520364227961e-06 -2.244990056449512e-07
3.851482165830452e-06 -1.448591929770019e-07 1.947882398049581e-06 6.059416478508922e-07
4.423335928896327e-06 1.293922272854559e-06 2.200112163977355e-06 1.254065332220074e-06
5.965962452989933e-06 -2.207238906613261e-06 2.941168071935185e-06 -3.233601576693779e-07
4.803516634169902e-06 -6.885149458267118e-07 2.389537706837717e-06 3.496365202357785e-07
5.232127026435668e-06 -1.324379693171274e-06 2.593213086893048e-06 6.708900604082273e-08
7.234008717755503e-06 -1.759384428676934e-06 3.403609695351023e-06 -1.504687486517405e-07
8.259189998481737e-06 -1.026886671784129e-06 3.820959718599398e-06 1.135878052864225e-07
4.830814055179655e-06 5.560726381871443e-07 2.367911096995314e-06 9.270500349725499e-07
4.780579977862478e-06 1.481166277648093e-06 2.340924703450270e-06 1.347961081723713e-06
6.196166629568437e-06 -4.277325567002856e-07 2.972226738345095e-06 4.298081023561267e-07
8.139300367341909e-06 2.420514568717709e-08 3.835962773533565e-06 6.347278559161865e-07
8.242902742067428e-06 1.059324406534458e-06 3.954505714498097e-06 1.176727427819046e-06
5.568544358368268e-06 1.231684079983321e-06 2.665675962949098e-06 1.242515793087560e-06
4.988412970705883e-06 1.882903516397169e-06 2.422136391807618e-06 1.559628996314527e-06
5.242717255948248e-06 2.991957498971155e-06 2.529086603020772e-06 2.156245575356250e-06
7.204545431725336e-06 1.190390808864948e-06 3.432160467769365e-06 1.228821933993658e-06
5.625896883861150e-06 4.071339529641559e-06 2.705179358517862e-06 2.713457696095537e-06
8.566221852205114e-06 2.106479321725540e-06 4.144772854086112e-06 1.731276825175073e-06
6.239838728069985e-06 3.029084738264568e-06 2.981082713564785e-06 2.194368165688153e-06
7.715245008248398e-06 3.113933194424910e-06 3.717901800485248e-06 2.258229246234856e-06
6.141351928911426e-06 5.103841654936088e-06 2.960741820238455e-06 3.248008597725370e-06
9.089475865949227e-06 3.116215269824243e-06 4.373981421748447e-06 2.245739883559336e-06
8.655487850019213e-06 4.117052356655683e-06 4.165121754803867e-06 2.757842016610415e-06
7.627991963233366e-06 4.745527498043661e-06 3.679740567477629e-06 3.085518991265463e-06
6.777869830844026e-06 6.093318373307759e-06 3.249296391980251e-06 3.721346987764134e-06
7.544735985260641e-06 7.019705875039193e-06 3.615686029278809e-06 4.180035634205693e-06
9.807178240073681e-06 4.051629533352570e-06 4.707056273127559e-06 2.721272115298139e-06
9.289280944701321e-06 5.247649395662141e-06 4.469532857375713e-06 3.314640836289449e-06
8.679019057495807e-06 6.653514760436015e-06 4.176000066294864e-06 3.997449029081139e-06
8.418610205053083e-06 7.869545721567626e-06 4.036412237229199e-06 4.562355705674592e-06
1.069457232899929e-05 4.876859023298252e-06 5.094526356550377e-06 3.116702130867596e-06
1.042605456245679e-05 6.647002323446032e-06 4.955063860903367e-06 3.977266090885634e-06
9.402621004387830e-06 8.617477225399923e-06 4.483662149598396e-06 4.886027977312599e-06
1.048774387001411e-05 9.260377596405840e-06 4.943659504014831e-06 5.172653919991452e-06
1.165063743039000e-05 9.788630227921547e-06 5.463179691083611e-06 5.455992409988889e-06
1.174438895185197e-05 7.029002110461695e-06 5.527882307548490e-06 4.137251727562129e-06
1.173454859618336e-05 5.560850778791360e-06 5.548837265590452e-06 3.434401900118890e-06
1.148173983943217e-05 8.499852976731249e-06 5.379761182814597e-06 4.828306750493039e-06
1.288578143607788e-05 1.017720939723904e-05 6.038365894522660e-06 5.673747056815143e-06
1.417490982117737e-05 1.042867131191103e-05 6.681247713585100e-06 5.826196422467213e-06
1.280461588113272e-05 7.357691560753606e-06 6.014732866210865e-06 4.278426459191201e-06
1.290492701395736e-05 6.063133962435656e-06 6.081290595662755e-06 3.649748300381019e-06
1.549346279430388e-05 1.053014237805650e-05 7.343201874605430e-06 5.908876175074269e-06
1.401533892203673e-05 8.571334878996715e-06 6.587795084759589e-06 4.865663847784103e-06
1.416833121702535e-05 6.362388838225560e-06 6.697547352106402e-06 3.766826735541381e-06
1.578253516274036e-05 8.773765353155227e-06 7.481458693062281e-06 4.969707725304433e-06
1.697203614008926e-05 1.056137731030461e-05 8.176499709325708e-06 5.989172990468611e-06
1.548474700498936e-05 6.452581491650152e-06 7.350479231083585e-06 3.784353820568964e-06
1.903266815973292e-05 1.059282509724184e-05 9.363341268883278e-06 6.052994976434090e-06
1.739341632822050e-05 7.768234624742563e-06 8.379651737254211e-06 4.426085355012401e-06
1.697009813946527e-05 6.422817497688813e-06 8.160596466582246e-06 3.724454023924940e-06
2.192624101667650e-05 1.064023568006775e-05 1.106448703266722e-05 6.179271829966681e-06
2.048107883610401e-05 8.325738471307830e-06 1.016334025925726e-05 4.776429233678355e-06
1.903327712576171e-05 6.383898287498143e-06 9.310066105040006e-06 3.657319066063793e-06
2.583026437418034e-05 1.068955094007082e-05 1.343926808350540e-05 6.343013342752001e-06
2.386459798103017e-05 8.492163169492728e-06 1.220437883669233e-05 4.907290305753672e-06
2.192642375739171e-05 6.340259600026748e-06 1.100836983770428e-05 3.584388808996702e-06
2.997463370119481e-05 1.072903391462332e-05 1.618803185018387e-05 6.464035519661545e-06
2.789069576744981e-05 8.492874630480682e-06 1.475289548700705e-05 4.939793773934429e-06
2.583018067298114e-05 6.295068189443733e-06 1.339616191344100e-05 3.491201403701381e-06
3.418222202191768e-05 1.076080950563049e-05 1.919810804988953e-05 6.622055169009249e-06
3.206868599128749e-05 8.493724200430698e-06 1.764152336572166e-05 4.969598868367142e-06
2.997448410569870e-05 6.257667301299684e-06 1.614186220064236e-05 3.369225998317803e-06
3.844143741629815e-05 1.078609069210263e-05 2.243564409366041e-05 6.721580888367018e-06
3.630395740627404e-05 8.494436249559408e-06 2.082054404813682e-05 4.989041875768316e-06
3.418198752641001e-05 6.227521318371819e-06 1.919572955687685e-05 3.276620497066944e-06
4.274093977659450e-05 1.080527610512075e-05 2.575575457236827e-05 6.807564332442441e-06
4.058513736825279e-05 8.494884648734206e-06 2.413422632562210e-05 5.001275998856360e-06
3.844108375407763e-05 6.203346923029901e-06 2.245771217310332e-05 3.236008082544692e-06
4.707054251748384e-05 1.081878851156966e-05 2.906371625399535e-05 6.800675850657031e-06
4.490140206464278e-05 8.495035546273396e-06 2.746030976658246e-05 5.025354651632995e-06
4.274068088967768e-05 6.184694411106864e-06 2.577469230066733e-05 3.266038272527029e-06
5.142017010763443e-05 1.082683817687751e-05 3.230305242528872e-05 6.810051705389759e-06
4.924283524958001e-05 8.494932832100022e-06 3.069155331855338e-05 5.056029235514294e-06
4.707042326111508e-05 6.171103356374079e-06 2.906640960542761e-05 3.342768725399235e-06
5.578036153158598e-05 1.083043760749625e-05 3.557800945349530e-05 6.887005384392695e-06
5.359923247484293e-05 8.494617597426495e-06 3.390377857129086e-05 5.095212806882446e-06
5.142026293233563e-05 6.162687327771151e-06 3.225730824166014e-05 3.341839323346631e-06
6.014399096631524e-05 1.083113606168795e-05 3.890245512600863e-05 6.928640197818607e-06
5.796207897854728e-05 8.494279368941782e-06 3.721823681191348e-05 5.128494668410289e-06
5.578055408136693e-05 6.158433119492477e-06 3.551603550360149e-05 3.311062982211955e-06
6.948995261463752e-05 1.057421491877807e-05 4.615477509502741e-05 6.733829545642871e-06
6.887029942865667e-05 1.083088216352216e-05 4.568296741014543e-05 6.931086552443074e-06
6.209853748282574e-05 8.494127234631985e-06 4.042756334709909e-05 5.129183972511543e-06
6.450732056892299e-05 1.083082727010848e-05 4.230050999825309e-05 6.946877671749756e-06
6.014392828644811e-05 6.157339227868164e-06 3.888742596285637e-05 3.286737786097350e-06
6.974661788780299e-05 9.954560347502883e-06 4.634979734920096e-05 6.260634423819856e-06
6.828028758079382e-05 8.493984146565402e-06 4.523667624586222e-05 5.149466280323158e-06
6.450724046606221e-05 6.157197562042876e-06 4.230603481329777e-05 3.333930692980874e-06
6.974648982395664e-05 7.033480060282005e-06 4.635907237311820e-05 4.033849341485338e-06
6.887016514183708e-05 6.157175890407619e-06 4.569287968840930e-05 3.361891141266202e-06
6.948981740380585e-05 6.413838868643106e-06 4.616409830811414e-05 3.559098318470306e-06
