7.758160165830501e-05 -1.321704160437355e-05 1.669871943653349e-06 4.867353841048457e-07
7.785072210956234e-05 -1.256743029674947e-05 1.719131189979809e-06 6.095746240294697e-07
7.785072249732914e-05 -9.504961975435530e-06 1.744282305311936e-06 1.103598082766883e-06
7.758159912686531e-05 -8.855335237406036e-06 1.700197879037913e-06 1.215963066780775e-06
7.693191445229134e-05 -1.348610264903816e-05 1.552152434022906e-06 4.340057739313121e-07
7.571322096376550e-05 -1.103619043490807e-05 1.383367358401997e-06 8.543272388997993e-07
7.693190291802351e-05 -8.586265498047069e-06 1.591979417177226e-06 1.263959714645494e-06
7.235741946346556e-05 -1.348485690024414e-05 7.443276581157074e-07 3.886564985756029e-07
7.235727557999753e-05 -8.587226311381665e-06 8.044248483570566e-07 1.327472783846119e-06
6.983304563855669e-05 -1.103582287622076e-05 3.185023056876345e-07 8.610067305442734e-07
6.778732765405294e-05 -1.348012936862339e-05 -4.045931985672617e-08 4.978286741111203e-07
6.778722617904416e-05 -8.590902131255048e-06 -8.666239492593904e-08 1.402127064883336e-06
6.550537293378889e-05 -1.103525070350144e-05 -4.640826471694938e-07 8.411986392204574e-07
6.322842997888331e-05 -1.347214953997044e-05 -8.136635316551303e-07 5.751439823567632e-07
6.322824757791060e-05 -8.597178998085093e-06 -1.120671258720084e-06 1.337607653853472e-06
6.095374468585033e-05 -1.103437394948593e-05 -1.141286070548451e-06 8.817313191783331e-07
5.868567365357923e-05 -1.346200618613439e-05 -1.369191383488041e-06 6.794532250921729e-07
5.868512859439011e-05 -8.605494474745639e-06 -1.882358678226432e-06 1.231551251310440e-06
5.641991277448689e-05 -1.103342384162632e-05 -1.504687188469703e-06 9.218514869128367e-07
5.416124719197439e-05 -1.345171493380151e-05 -1.663418201768497e-06 7.924362570053297e-07
5.416034081214266e-05 -8.614042397582834e-06 -2.216296557264223e-06 9.738609121269770e-07
5.190420627106012e-05 -1.103245506877766e-05 -1.724916936434286e-06 9.920962881127673e-07
4.965404103831601e-05 -1.344209600284688e-05 -1.862079723718655e-06 9.235501362604185e-07
4.965302447221813e-05 -8.621652354376711e-06 -2.151467161010580e-06 8.625072762157677e-07
4.740488894342958e-05 -1.103135018119217e-05 -1.810986585229243e-06 1.039232178251466e-06
4.516187499672264e-05 -1.343346836934824e-05 -1.845438210395614e-06 9.449277846413973e-07
4.516076819690781e-05 -8.628196137239685e-06 -1.857758962826295e-06 8.825853723509792e-07
4.291963649933167e-05 -1.103032038883363e-05 -1.846468974682459e-06 1.032301821289488e-06
4.068283838938682e-05 -1.342603880803485e-05 -1.799205210033088e-06 9.971904648444672e-07
4.068163814453205e-05 -8.633899898486802e-06 -1.700348968334567e-06 9.238410081425127e-07
3.844676819511512e-05 -1.102957227473788e-05 -1.765737335958298e-06 9.674486992518489e-07
3.621528452330287e-05 -1.341977939959898e-05 -1.693259241159929e-06 1.000604239651116e-06
3.621442032970002e-05 -8.638982646023107e-06 -1.694466345882387e-06 9.468317420724143e-07
3.398460454866129e-05 -1.102904003157371e-05 -1.653044535711850e-06 9.260031689918877e-07
3.175722828387802e-05 -1.341478413090841e-05 -1.729074112825196e-06 8.965578676861217e-07
3.175693424835474e-05 -8.643158384500028e-06 -1.767125246425899e-06 1.015964707344607e-06
2.962071109680181e-05 -1.102868835398303e-05 -1.669850998918036e-06 9.034569817896267e-07
2.748632132844517e-05 -1.341075110182166e-05 -1.782597738804830e-06 8.435062424315001e-07
2.748625540293473e-05 -8.646435423482418e-06 -1.796197100064767e-06 1.022881300927169e-06
2.588640468360532e-05 -1.121440164031635e-05 -1.825352748469317e-06 8.960804672397419e-07
2.425415233739567e-05 -1.340759769788724e-05 -1.890130254780152e-06 8.296961979484467e-07
2.425403230459822e-05 -8.648970229064471e-06 -1.938749816605863e-06 1.053361843266292e-06
2.190450438189479e-05 -1.340420745891226e-05 -2.081123028259568e-06 8.225465528719511e-07
2.236338118357158e-05 -1.183928641625347e-05 -2.054774583317894e-06 8.874023419294972e-07
2.190387737371004e-05 -8.650787170970598e-06 -2.083300502192439e-06 1.035772612543352e-06
2.019702469438469e-05 -8.653472738215424e-06 -2.219108886179518e-06 1.056664967080223e-06
-3.444767778531763e-06 -5.335104811894310e-07 6.949153671422025e-07 -2.340575694604798e-07
-3.514082411479068e-06 -3.667723861166109e-07 7.162917046437567e-07 -2.783928665611303e-07
-3.513689230819416e-06 2.542887429372175e-07 7.329520386901103e-07 -4.371240962268913e-07
-3.444725857042458e-06 4.186987478325060e-07 7.144359106653134e-07 -4.836126719102622e-07
2.019741700841906e-05 -1.340122748668301e-05 -2.170333325642767e-06 8.323345806017582e-07
1.864820082285650e-05 -1.330991239132731e-05 -2.254660927392089e-06 8.441742926494075e-07
1.985180213314579e-05 -1.043472909855026e-05 -2.233550509455767e-06 9.663221946300077e-07
1.864973999805779e-05 -8.521824877220776e-06 -2.306741256102151e-06 1.060818121252162e-06
-3.278758227917000e-06 -6.024818972345406e-07 6.458444456135233e-07 -2.159371470536377e-07
-3.111383748545448e-06 7.858192490275419e-08 6.100614713160092e-07 -3.795640422081829e-07
-3.280171681109441e-06 4.873024932030209e-07 6.660449775649453e-07 -4.983439716640178e-07
1.815671716440984e-05 -1.184558704246630e-05 -2.290984422526329e-06 9.239830354263641e-07
1.712121119265853e-05 -1.304227388878001e-05 -2.327613820706891e-06 8.781002659589095e-07
1.563663951036689e-05 -1.260373490790230e-05 -2.365397188531819e-06 9.386637294818983e-07
1.769089995632831e-05 -9.820119606131469e-06 -2.331200001408459e-06 1.010105348031417e-06
1.715201459621242e-05 -8.126402336720177e-06 -2.330978473678832e-06 1.041729531271731e-06
-2.153304158012746e-06 -6.204789836484010e-07 3.470280870337977e-07 -1.604682932868773e-07
-2.152507610275806e-06 5.066251106683170e-07 3.651059721668587e-07 -4.121861321574578e-07
-1.569648425899445e-06 -5.686237355017162e-08 2.242002998538551e-07 -2.622278959966981e-07
1.421587587582994e-05 -1.199866402109759e-05 -2.352481231127828e-06 1.019116248583537e-06
1.544155636611667e-05 -1.106809308441423e-05 -2.387877154893884e-06 9.923533183730071e-07
1.595572879475571e-05 -9.125424516640619e-06 -2.364570589803280e-06 1.014203922457107e-06
1.574896987249234e-05 -7.481046791716712e-06 -2.371562502620366e-06 1.011266828917385e-06
-9.383262856002008e-07 -7.227232222945984e-07 9.049128879701255e-08 -1.124382617528662e-07
-9.384801795901832e-07 6.087194759412855e-07 1.140707723845746e-07 -3.793748596071954e-07
-2.218523154335715e-07 -5.710292795366595e-08 -2.321687171959827e-08 -2.202858285699914e-07
1.287465285610083e-05 -1.123769770349240e-05 -2.323440254013524e-06 1.084572563275252e-06
1.163341119639383e-05 -1.033204088138166e-05 -2.236054693856468e-06 1.089168400266228e-06
1.414734917860604e-05 -8.815633926401272e-06 -2.403354989161439e-06 1.013657984043019e-06
1.448318949629623e-05 -6.605369498864325e-06 -2.413923896095414e-06 9.427134117381494e-07
5.983731304933804e-07 -9.436957346746355e-07 -1.537720817520570e-07 -4.388041577276657e-08
5.983755968943018e-07 8.293470607731347e-07 -1.418636456035649e-07 -3.401098943490274e-07
1.194660091923225e-05 -8.918500148533835e-06 -2.263278835756167e-06 1.034579622060560e-06
1.050864017460693e-05 -9.292490658666532e-06 -2.114712477071568e-06 1.064542170395075e-06
1.247397194293207e-05 -7.305855875008641e-06 -2.314726285195910e-06 9.417536011452509e-07
1.339197330863113e-05 -5.530151253394241e-06 -2.387912362500917e-06 8.225926706901996e-07
1.499335059050985e-06 -5.744557643328808e-08 -2.946371912778018e-07 -1.557312008806521e-07
2.567837150507301e-06 -1.262408098035185e-06 -4.923980857918675e-07 1.051862520034575e-07
2.566308102779897e-06 1.149704053594291e-06 -5.079232508424015e-07 -3.721081892199459e-07
9.510238066728495e-06 -8.134942074353373e-06 -1.994251849376430e-06 9.831310252232306e-07
8.655352001317860e-06 -6.879329754903962e-06 -1.896967063026330e-06 8.793916826139032e-07
7.950964365491653e-06 -5.535519356785030e-06 -1.755820008506366e-06 7.459410229776801e-07
1.139222502275777e-05 -5.838647483238733e-06 -2.194090976135902e-06 8.137110672460217e-07
1.250729690027475e-05 -4.292581105617674e-06 -2.322764618495679e-06 6.464992113430125e-07
3.425660248653814e-06 -6.062734241620988e-08 -6.648120548416638e-07 -1.472061359837012e-07
4.475702971834281e-06 -1.575894762350392e-06 -8.776414146293406e-07 1.724937337738454e-07
4.475587177049498e-06 1.475662885458129e-06 -8.697924582776092e-07 -4.900777442676655e-07
9.377491441943414e-06 -5.541251090942007e-06 -1.965100657496087e-06 7.629796726287009e-07
7.404587587016660e-06 -4.120298259747805e-06 -1.616892879135816e-06 5.840755582451946e-07
6.219946245373710e-06 -1.842758281500827e-06 -1.242541878300655e-06 2.036121084649721e-07
6.738251233051638e-06 -2.106288276557418e-06 -1.372256321583499e-06 2.510205821187404e-07
7.027401095565495e-06 -2.638028796106905e-06 -1.464337264398820e-06 3.522248558963533e-07
1.062994819116118e-05 -4.107873847632375e-06 -2.099793888308260e-06 6.039849150687235e-07
1.185413757359055e-05 -2.941336894962821e-06 -2.268338030741230e-06 4.135671621619089e-07
5.420034516364076e-06 -2.817488060857430e-07 -1.067088030078672e-06 -1.177353696586780e-07
6.192159749425777e-06 1.708485018832586e-06 -1.207971188683563e-06 -5.332926246858762e-07
8.388454258584002e-06 -3.111646339776317e-06 -1.760265482621866e-06 4.456212082429495e-07
6.756682906358997e-06 -1.042990694484620e-06 -1.361413813395912e-06 3.122673135826011e-08
7.369864148941678e-06 -1.919826034090705e-06 -1.518522126108359e-06 2.107791078768239e-07
1.006782010790932e-05 -2.519464314594569e-06 -2.014489202595686e-06 3.333399012065183e-07
1.146075358390341e-05 -1.526107744941424e-06 -2.234740776907967e-06 1.414300460790545e-07
6.762860066899758e-06 6.802631225725218e-07 -1.336294680139986e-06 -3.177175548484170e-07
6.667902081241098e-06 1.968748038325642e-06 -1.312523520314615e-06 -5.910840942672726e-07
8.672907150214292e-06 -7.117734747749080e-07 -1.776677479562611e-06 -2.700027458306713e-08
1.134293648552785e-05 -8.480803113462443e-08 -2.223488218494290e-06 -1.506619860673268e-07
1.155655819862483e-05 1.366433698649678e-06 -2.271789865513582e-06 -4.640568558780860e-07
7.766783619609675e-06 1.609827521568786e-06 -1.543166329599799e-06 -5.185408216712646e-07
6.937101000300561e-06 2.541258824088640e-06 -1.374050324011816e-06 -7.232646003177160e-07
7.253728893110648e-06 4.149136438557846e-06 -1.428565419748684e-06 -1.070928827748871e-06
1.007886105054895e-05 1.531889100142523e-06 -1.988508098405983e-06 -4.953843165305976e-07
7.759783717549736e-06 5.759213307966390e-06 -1.509596159591898e-06 -1.413539543738113e-06
1.208215698596054e-05 2.848251331331809e-06 -2.363069678205841e-06 -8.156388074363910e-07
8.682818529429616e-06 4.188806306573204e-06 -1.691384436401429e-06 -1.090763137274732e-06
1.084567321968605e-05 4.313640274956398e-06 -2.119958552236230e-06 -1.142337430124529e-06
8.487973117775823e-06 7.318364812919899e-06 -1.629129795750889e-06 -1.745265043543191e-06
1.291542437542217e-05 4.316874647433977e-06 -2.517725664737611e-06 -1.156394290164380e-06
1.227650392903086e-05 5.810872263689112e-06 -2.405202337653907e-06 -1.461888558120477e-06
1.071109481916069e-05 6.766017989971873e-06 -2.101178635712412e-06 -1.642856419277691e-06
9.411525794948622e-06 8.854400693903330e-06 -1.807808348055934e-06 -2.068369155343763e-06
1.056923630219087e-05 1.032226666959304e-05 -2.041176114134065e-06 -2.338810963058240e-06
1.406788048986617e-05 5.700591827521181e-06 -2.727872239836052e-06 -1.463385370008047e-06
1.326739252694165e-05 7.543177839502497e-06 -2.594273932417838e-06 -1.799612853333991e-06
1.231528334028105e-05 9.749992627987149e-06 -2.399841161617493e-06 -2.220910143769287e-06
1.190646827656955e-05 1.169922625685441e-05 -2.306101626442186e-06 -2.552906820519089e-06
1.549961230985891e-05 6.946221984398675e-06 -2.910591079202553e-06 -1.726297317218113e-06
1.507733724931082e-05 9.748912252714418e-06 -2.835720048459172e-06 -2.225426511417676e-06
1.344881029664082e-05 1.292400609233139e-05 -2.570463551400095e-06 -2.728735778379994e-06
1.518832167132068e-05 1.400090128281825e-05 -2.825131007776516e-06 -2.852572863812027e-06
1.707483899153446e-05 1.491239552608038e-05 -3.091029687753984e-06 -2.951405046843373e-06
1.721662436421435e-05 1.036423659589295e-05 -3.110790373427403e-06 -2.349098339517573e-06
1.719542364932197e-05 7.999530551450072e-06 -3.130571446756491e-06 -1.980347854818073e-06
1.678541110524269e-05 1.276958223611267e-05 -3.054646618141517e-06 -2.681204919905690e-06
1.911249862842197e-05 1.559116531448874e-05 -3.344978725263434e-06 -3.031545607690609e-06
2.126878232171348e-05 1.605158786343419e-05 -3.613442151875665e-06 -3.090131027536689e-06
1.896257920877267e-05 1.089639317897849e-05 -3.300491231124735e-06 -2.438370147712290e-06
1.913225523083595e-05 8.770081259937250e-06 -3.322707153444723e-06 -2.145035712509426e-06
2.349095305474962e-05 1.625823235363097e-05 -3.878987264670488e-06 -3.129368145960668e-06
2.097984914976890e-05 1.291830503952004e-05 -3.561504281475727e-06 -2.713391645112603e-06
2.124511821005748e-05 9.216095830021665e-06 -3.598896434467813e-06 -2.222257663584221e-06
2.397422348613969e-05 1.326815164928486e-05 -3.901834355924227e-06 -2.766436828787063e-06
2.602067420680420e-05 1.635367300762987e-05 -4.138758924204040e-06 -3.211858602837075e-06
2.346490600615830e-05 9.333480803956211e-06 -3.869144719114297e-06 -2.240321715663989e-06
2.958147727196540e-05 1.645107773472129e-05 -4.624608053087179e-06 -3.291015856968303e-06
2.673056156015610e-05 1.154480557240411e-05 -4.203623276461319e-06 -2.533226869004624e-06
2.601480604538650e-05 9.241381750134644e-06 -4.135723564482088e-06 -2.210821876217073e-06
3.467143613966436e-05 1.660355478265333e-05 -5.497371180510951e-06 -3.368413083056216e-06
3.210921044748189e-05 1.250351000166150e-05 -5.045978074993026e-06 -2.687390323534045e-06
2.958352296094746e-05 9.118988549403280e-06 -4.673800080963154e-06 -2.128165812801484e-06
4.167501201127095e-05 1.677169176065816e-05 -6.782046155204010e-06 -3.500970261725734e-06
3.812562533800843e-05 1.279566864400014e-05 -6.120844776342791e-06 -2.757753984050964e-06
3.467178718927281e-05 8.976261635552128e-06 -5.488282772546325e-06 -2.074483284665868e-06
4.924759347098545e-05 1.691502060710648e-05 -8.243356548867486e-06 -3.666148617652413e-06
4.541753150670267e-05 1.279740065269303e-05 -7.503854628216883e-06 -2.791097885172586e-06
4.167450897421925e-05 8.819665623719962e-06 -6.796155464648947e-06 -2.047260528073264e-06
5.705764735951569e-05 1.703360377645894e-05 -9.860921698399905e-06 -3.770906292604965e-06
5.311586532693156e-05 1.279998373794629e-05 -9.029493617462558e-06 -2.797210180742552e-06
4.924682293708710e-05 8.682283367046683e-06 -8.289063619048382e-06 -1.944881506827814e-06
6.506166273992420e-05 1.712836430982886e-05 -1.174471506851485e-05 -3.875232962207459e-06
6.103042319770261e-05 1.280238783747840e-05 -1.077533304018931e-05 -2.822282201491763e-06
5.705699593894938e-05 8.568880882826376e-06 -9.918972778114616e-06 -1.888200478755221e-06
7.321693384245776e-05 1.720136341322970e-05 -1.387969963054912e-05 -4.036033104978927e-06
6.911685620999385e-05 1.280441972319803e-05 -1.279420421317253e-05 -2.842105113640199e-06
6.506107412058422e-05 8.478527513684201e-06 -1.181673201727727e-05 -1.799484030220215e-06
8.148579222569277e-05 1.725525913276385e-05 -1.612316116452154e-05 -4.100003691890259e-06
7.733485680732670e-05 1.280612929532473e-05 -1.501931611271408e-05 -2.875324271219107e-06
7.321638619415760e-05 8.409117442403848e-06 -1.393857629405675e-05 -1.661639695323559e-06
8.983527310392388e-05 1.729228331237945e-05 -1.842217172460013e-05 -4.109302734751594e-06
8.564940646796018e-05 1.280758008433056e-05 -1.731559336917442e-05 -2.905866878450858e-06
8.148543726493338e-05 8.358283496182129e-06 -1.621013338769201e-05 -1.652116763793518e-06
9.823576408865056e-05 1.731477049466686e-05 -2.070996257358266e-05 -4.208744599157051e-06
9.402908547618156e-05 1.280885161847349e-05 -1.961180867078321e-05 -2.925090632859174e-06
8.983515461822507e-05 8.324105910186578e-06 -1.854617844174386e-05 -1.729644503138872e-06
1.066628337898164e-04 1.732599753568960e-05 -2.294149405985583e-05 -4.268224804610118e-06
1.024463642745934e-04 1.280991641404096e-05 -2.186842356391007e-05 -2.949519303970318e-06
9.823567289961705e-05 8.304165961767590e-06 -2.082041889796247e-05 -1.726906360867531e-06
1.247378845709954e-04 1.683460107964300e-05 -2.844657982648518e-05 -4.267548910073067e-06
1.235393997127596e-04 1.733101047138747e-05 -2.806901218657935e-05 -4.421436718822218e-06
1.104414117433501e-04 1.281067497537320e-05 -2.405656449107346e-05 -2.973691755734620e-06
1.151003116608941e-04 1.733014718675577e-05 -2.545128602878640e-05 -4.361219183446903e-06
1.066626921926963e-04 8.294813179954653e-06 -2.304416000135284e-05 -1.725823105100732e-06
1.252343156102371e-04 1.563614419688319e-05 -2.860385081560087e-05 -3.892746486833109e-06
1.223982080576889e-04 1.281121717449438e-05 -2.771326940715204e-05 -2.996038763673986e-06
1.151002000685743e-04 8.291807760579074e-06 -2.547833388143327e-05 -1.655781632157202e-06
1.252343165150930e-04 9.986298596577208e-06 -2.863690231633452e-05 -2.076384988683595e-06
1.235393683386578e-04 8.291383634742577e-06 -2.810727372433182e-05 -1.548492722677681e-06
1.247378767977613e-04 8.787809805568064e-06 -2.848261316219933e-05 -1.701792087632740e-06
