1.682031938988928e-05 -6.678306661683319e-07 -3.906193377340550e-05 5.045920677963479e-06
1.691313850296647e-05 -4.437802715695841e-07 -3.921001484887829e-05 4.679268879991520e-06
1.691296366391040e-05 6.125587158694544e-07 -3.915925910947449e-05 3.009932894232911e-06
1.682012355207843e-05 8.366041930927926e-07 -3.900602466709206e-05 2.641289842997788e-06
1.659623522795699e-05 -7.606273359477692e-07 -3.870111244329153e-05 5.199528895820016e-06
1.617563439708806e-05 8.440877258700511e-08 -3.801319091675828e-05 3.837722561616238e-06
1.659601704544499e-05 9.293956709210892e-07 -3.863966227968734e-05 2.487067517013583e-06
1.501801443625145e-05 -7.600778703930234e-07 -3.614448337947106e-05 5.241236843227089e-06
1.501782247243323e-05 9.285164776434057e-07 -3.608266643596872e-05 2.429279696589505e-06
1.414741382810891e-05 8.391937884314756e-08 -3.470055440807337e-05 3.854153412677039e-06
1.344247719148360e-05 -7.577747777756188e-07 -3.360555323442178e-05 5.198753894745170e-06
1.344266849254179e-05 9.248163718857011e-07 -3.346558449263813e-05 2.462465680476318e-06
1.265724277506960e-05 8.316793616374751e-08 -3.225994312166708e-05 3.835202320986499e-06
1.187491580946003e-05 -7.528573392996460e-07 -3.087197344498630e-05 5.163691111269214e-06
1.187560852901458e-05 9.180857585029368e-07 -3.085463265926369e-05 2.444634318736153e-06
1.109554515990134e-05 8.195448243543814e-08 -2.964764884300105e-05 3.810967771728727e-06
1.032133277273298e-05 -7.445489387063780e-07 -2.819429031387879e-05 5.217533107754257e-06
1.032188848883517e-05 9.072976251325299e-07 -2.832018120814983e-05 2.413384113749698e-06
9.551196476054563e-06 8.057927196076081e-08 -2.705425481137093e-05 3.735806303182692e-06
8.789208280316173e-06 -7.322715063014932e-07 -2.569922738006807e-05 5.068448770377106e-06
8.789506178703041e-06 8.920997781178124e-07 -2.598342802790077e-05 2.480537661340009e-06
8.032191235341429e-06 7.898626601373806e-08 -2.457247219450472e-05 3.711658850649201e-06
7.286553581054998e-06 -7.157241092575699e-07 -2.325018440728996e-05 5.014339492738090e-06
7.286432760810514e-06 8.722736753702273e-07 -2.361845469875538e-05 2.484482110759582e-06
6.546735285587187e-06 7.722613781290203e-08 -2.223174928726773e-05 3.713641018868918e-06
5.822068538706817e-06 -6.939448782553044e-07 -2.087955829570547e-05 5.010718855001832e-06
5.821504014442999e-06 8.467788106143622e-07 -2.112694233617479e-05 2.384174551206425e-06
5.104258883894067e-06 7.542725209239447e-08 -1.994813440083986e-05 3.719679557511615e-06
4.406117733059790e-06 -6.654802291118422e-07 -1.846247215253844e-05 4.921271230297311e-06
4.405452083646279e-06 8.141684759791768e-07 -1.852953332025681e-05 2.325058807009581e-06
3.717168540709102e-06 7.349954179686526e-08 -1.759507483416398e-05 3.706817024503603e-06
3.054066047729126e-06 -6.266364511142517e-07 -1.617526701077204e-05 4.810335462077695e-06
3.054066483655215e-06 7.709627214003804e-07 -1.601954781615098e-05 2.377736057160277e-06
2.404531828672796e-06 7.138453674411026e-08 -1.525101127827124e-05 3.678515599600570e-06
1.788988063221113e-06 -5.727728201695637e-07 -1.393010641098584e-05 4.886323877751150e-06
1.789716489321117e-06 7.123739831442577e-07 -1.373125396495505e-05 2.351869845920691e-06
1.216261290899049e-06 6.950229663607249e-08 -1.292615021136032e-05 3.661593542261941e-06
6.858952533330901e-07 -5.020170723684569e-07 -1.178421480728757e-05 4.856841943331535e-06
6.864172596549579e-07 6.339889112955179e-07 -1.166776980097184e-05 2.398263283476551e-06
3.011137150354123e-07 2.726306984947852e-08 -1.096488128331198e-05 3.738271467880227e-06
-4.542651718230181e-08 -4.297138413910839e-07 -1.010686839214224e-05 4.831176260423878e-06
-4.669454668854511e-08 5.552401170796099e-07 -1.005446573590167e-05 2.470484445997362e-06
-5.042162271660177e-07 -3.625635246898124e-07 -8.888208883430510e-06 4.852476831055034e-06
-4.367224188368467e-07 -8.884084623021565e-08 -9.142978271868210e-06 4.049995327642822e-06
-5.073133412975981e-07 5.021621536155569e-07 -8.913340991890853e-06 2.459824019547072e-06
-7.987235388868357e-07 4.442776504321982e-07 -8.012367174158242e-06 2.441957216916243e-06
5.193114122049222e-07 -2.265691450481740e-07 9.899593627991269e-07 -9.223373862445688e-07
5.302639445944974e-07 -2.528067228591759e-07 1.010199136057735e-06 -9.661355562980006e-07
5.302951893719529e-07 -3.509350258019204e-07 9.979744357370867e-07 -1.131446247167192e-06
5.193981290521205e-07 -3.770000458811820e-07 9.752005389464336e-07 -1.171500769426570e-06
-8.045422841056201e-07 -3.139119827697059e-07 -7.972400407335517e-06 4.862365905133872e-06
-1.030789728428880e-06 -2.561764875925716e-07 -7.212136354156587e-06 4.798734940373891e-06
-8.777880229303231e-07 1.571425458934498e-07 -7.832228273651088e-06 3.369397619924053e-06
-1.049769275938094e-06 4.023544286788798e-07 -7.232553635658204e-06 2.362518676491524e-06
4.931564155039308e-07 -2.157834308389647e-07 9.423025283514717e-07 -9.062393304982849e-07
4.666114146291364e-07 -3.234320857582756e-07 8.952997774988705e-07 -1.094202475141386e-06
4.933359144588588e-07 -3.879595513829909e-07 9.298275010523378e-07 -1.187654685263483e-06
-1.116400111760058e-06 -3.310972078968982e-08 -6.973919222239487e-06 4.065917809663211e-06
-1.226418771114077e-06 -1.641962938196311e-07 -6.449848634784987e-06 4.651084512795408e-06
-1.377206015325066e-06 -7.212194262914630e-08 -5.723539110525341e-06 4.410670655703126e-06
-1.184240778259228e-06 2.218568198385979e-07 -6.759056186600577e-06 3.027020689016629e-06
-1.244235138867502e-06 3.779689617263978e-07 -6.492129516813363e-06 2.149408247976645e-06
3.151756070633644e-07 -2.134550057943401e-07 6.974254322299567e-07 -9.332164334686234e-07
3.150356202125628e-07 -3.910264350583553e-07 7.160977527311375e-07 -1.192618390180626e-06
2.231553761729854e-07 -3.021444035142027e-07 5.463473381488566e-07 -1.053268814137831e-06
-1.479020064425355e-06 4.028021722007624e-08 -5.047571430853900e-06 4.087011157520826e-06
-1.411187430800454e-06 1.033519953357602e-07 -5.624337373941493e-06 3.648438131774053e-06
-1.366377717106846e-06 2.734697855909935e-07 -5.871408438551969e-06 2.669140937201656e-06
-1.392568309053152e-06 3.597768138921872e-07 -5.748395162388205e-06 1.825730447571949e-06
1.240826040304304e-07 -1.980633602042268e-07 3.836618127622583e-07 -8.795336131879522e-07
1.243322391913731e-07 -4.055354702832299e-07 3.710213565189026e-07 -1.262334533989354e-06
1.269211591177982e-08 -3.013062925232618e-07 1.432161700144754e-07 -1.083689486189628e-06
-1.548448735262034e-06 1.380133705144884e-07 -4.397550267226524e-06 3.685237867257179e-06
-1.567994711638628e-06 2.170594765770166e-07 -3.736297391889704e-06 3.204917471382799e-06
-1.498850922394621e-06 2.855597930423724e-07 -4.941370289672559e-06 2.512268212112560e-06
-1.496825886208846e-06 3.481439185962623e-07 -5.054818647069962e-06 1.367932268821339e-06
-1.142262569112738e-07 -1.645343770116664e-07 -1.527707088259756e-07 -8.047848755567894e-07
-1.138293524825969e-07 -4.368274447150878e-07 -1.454380968493607e-07 -1.385375404573697e-06
-1.560689713235355e-06 2.907888729127281e-07 -3.856326944735073e-06 2.507418738521309e-06
-1.547848662712919e-06 2.885014253504790e-07 -3.216810965178638e-06 2.670705586308171e-06
-1.559979435669512e-06 3.208892465320442e-07 -4.051813221871557e-06 1.712554276343239e-06
-1.563212378078679e-06 3.112067720544648e-07 -4.458050182379538e-06 8.296605148498891e-07
-2.522058435102156e-07 -3.000618630872806e-07 -4.452369976422723e-07 -1.097957430580179e-06
-4.149890509630556e-07 -1.165091791469800e-07 -7.755611627786468e-07 -7.490417119435290e-07
-4.145432421195377e-07 -4.823584698673059e-07 -7.692742413014670e-07 -1.430720384789721e-06
-1.513801448090511e-06 3.294809967381056e-07 -2.779211083306480e-06 2.103573348910668e-06
-1.440168257569417e-06 3.169759937730290e-07 -2.425998473710587e-06 1.488785740257623e-06
-1.344820151902452e-06 2.810622315924070e-07 -2.175710286234178e-06 8.539766569800553e-07
-1.550655631742649e-06 3.066974471107570e-07 -3.571441753906701e-06 9.905104653729946e-07
-1.601950699050872e-06 2.346667985430804e-07 -4.034096627057698e-06 3.125859496418764e-07
-5.451235204261391e-07 -2.987497579377355e-07 -1.034726815865623e-06 -1.077806403631496e-06
-7.039707079453356e-07 -6.898349473519108e-08 -1.376896913846157e-06 -6.157758882628866e-07
-7.027221813978926e-07 -5.280212424663811e-07 -1.357051374619451e-06 -1.522439371718221e-06
-1.458921448430258e-06 2.929215878778965e-07 -2.753311279089861e-06 8.478419619662883e-07
-1.256252442296560e-06 1.989089352227938e-07 -2.005504317828887e-06 2.435542732470685e-07
-9.848003052004800e-07 -2.705914421497484e-08 -1.849310926205382e-06 -5.558728150329773e-07
-1.080761087654291e-06 8.094676691244082e-09 -1.948937269203482e-06 -4.829118041493429e-07
-1.149309756575276e-06 7.026127957572069e-08 -1.979738189942167e-06 -3.139984516844787e-07
-1.531883268860916e-06 2.179291545801125e-07 -3.254433150271841e-06 2.360234465758470e-07
-1.636315934579798e-06 1.142902963081613e-07 -3.704178696729231e-06 -2.025954764900437e-07
-8.471017222499234e-07 -2.654910481105824e-07 -1.658233956090830e-06 -9.942882184457945e-07
-9.403616848532374e-07 -5.578278196430064e-07 -1.904352698127636e-06 -1.546868699590953e-06
-1.330322706149873e-06 1.298517007481863e-07 -2.406958887627309e-06 -1.650598487032042e-07
-1.064554855145072e-06 -1.427734991671086e-07 -1.988256628518041e-06 -7.866875374735908e-07
-1.176701821286954e-06 -1.565631151027814e-08 -2.117267956205748e-06 -5.437291313989737e-07
-1.496019216636078e-06 7.231583025214423e-08 -3.028966697427636e-06 -3.585074057420260e-07
-1.674871536716066e-06 -5.374201056742614e-08 -3.479200833755852e-06 -6.494998637794048e-07
-1.031715256999112e-06 -3.984962265995515e-07 -2.041358025996647e-06 -1.272555551503670e-06
-9.908776460324349e-07 -5.982579305002814e-07 -2.052949889855418e-06 -1.601239538368493e-06
-1.335813622278796e-06 -1.590004396163929e-07 -2.545762179438440e-06 -9.275751784101150e-07
-1.711062504060819e-06 -2.543150290626547e-07 -3.385028306004177e-06 -1.100145548799894e-06
-1.819844586994292e-06 -4.909043016724664e-07 -3.336691855240556e-06 -1.445548805969758e-06
-1.162834544702985e-06 -5.309545507617919e-07 -2.319639325386370e-06 -1.521237851663848e-06
-1.011449020839636e-06 -7.016556435394162e-07 -2.136302421584856e-06 -1.714763295224394e-06
-1.022043150667239e-06 -1.019441412412817e-06 -2.218251902995461e-06 -2.042440228331087e-06
-1.556951147153135e-06 -4.980484138494679e-07 -2.967401047421654e-06 -1.513661391481368e-06
-1.073126357102720e-06 -1.381861326573412e-06 -2.327651286155932e-06 -2.403214810678314e-06
-1.982238383842051e-06 -7.472628949525359e-07 -3.372026107829702e-06 -1.755841348877326e-06
-1.287106002849050e-06 -1.013460092966327e-06 -2.527824097147549e-06 -2.058702575064528e-06
-1.736804269219587e-06 -1.041156232727532e-06 -3.068827437164393e-06 -2.059430797090022e-06
-1.199093934382251e-06 -1.751324886057232e-06 -2.507157404968544e-06 -2.759931521226364e-06
-2.221587254606106e-06 -1.042635221960572e-06 -3.483532739703942e-06 -2.021515779972745e-06
-2.086629615428888e-06 -1.379944843972282e-06 -3.347200546286339e-06 -2.375393705414503e-06
-1.704301320569738e-06 -1.610807575171578e-06 -3.017361265341749e-06 -2.635152336432210e-06
-1.383107083457198e-06 -2.153216201119555e-06 -2.722178876131497e-06 -3.099427215022906e-06
-1.657315376403340e-06 -2.563786097243940e-06 -2.966676375022028e-06 -3.444506557496304e-06
-2.558747533371087e-06 -1.343884711563986e-06 -3.763717797819261e-06 -2.323775001269809e-06
-2.353125119365550e-06 -1.813028269151504e-06 -3.583176947414574e-06 -2.767885721352855e-06
-2.100863750562518e-06 -2.411102972777950e-06 -3.370818942284209e-06 -3.297395857602552e-06
-1.990292602537998e-06 -2.974445567142506e-06 -3.265183740944545e-06 -3.812257042149861e-06
-2.981793440698116e-06 -1.638826817160412e-06 -4.159447225778184e-06 -2.574568259535986e-06
-2.867463446186639e-06 -2.419496121526551e-06 -4.066281182206378e-06 -3.291396754445148e-06
-2.407367229509623e-06 -3.350386783031685e-06 -3.642135398701223e-06 -4.149688669702430e-06
-2.910770355500481e-06 -3.700199054039647e-06 -4.131857129312706e-06 -4.485867501856766e-06
-3.474678769626940e-06 -4.016407905915106e-06 -4.665292488824761e-06 -4.781248146034814e-06
-3.508152676342028e-06 -2.600296473977042e-06 -4.730069237083118e-06 -3.453526626751399e-06
-3.496927702161120e-06 -1.907608699799798e-06 -4.710904077673425e-06 -2.806117996855836e-06
-3.375603912931756e-06 -3.334468524288607e-06 -4.579018931887462e-06 -4.143747964304665e-06
-4.111422625071763e-06 -4.257802529211506e-06 -5.249068873797854e-06 -5.005244090463456e-06
-4.807845275893007e-06 -4.436527631663232e-06 -5.908000442780331e-06 -5.129184689012981e-06
-4.051557024063778e-06 -2.758808143305950e-06 -5.256739961098793e-06 -3.599236663302152e-06
-4.107450226205797e-06 -2.102394725791931e-06 -5.314052285691852e-06 -2.999590636394730e-06
-5.538679815457300e-06 -4.530783801670493e-06 -6.584984412724260e-06 -5.153964039259605e-06
-4.697774620363190e-06 -3.405327174282488e-06 -5.841978622672070e-06 -4.184404064878182e-06
-4.790310541690234e-06 -2.204842666741486e-06 -5.936025493438839e-06 -3.139703758605758e-06
-5.694834667624807e-06 -3.526805681475139e-06 -6.723806451214676e-06 -4.275543796238670e-06
-6.398545745551003e-06 -4.592964023455951e-06 -7.323705030985946e-06 -5.123211598446124e-06
-5.521523230158339e-06 -2.217721684769487e-06 -6.595969373126948e-06 -3.201210349024778e-06
-7.633666493295080e-06 -4.655808170736344e-06 -8.272388095286817e-06 -5.060926065423240e-06
-6.632264172991669e-06 -2.940127118378007e-06 -7.510204661572063e-06 -3.779077576298929e-06
-6.394806017503927e-06 -2.157044598448929e-06 -7.306537703022458e-06 -3.185611338650415e-06
-9.457443037085557e-06 -4.752877572922677e-06 -9.600621011683608e-06 -5.062339598589167e-06
-8.527136543833933e-06 -3.268952247643452e-06 -8.905825300084312e-06 -3.991787249124783e-06
-7.635046713589471e-06 -2.077416797430522e-06 -8.256799497794666e-06 -3.174237855819014e-06
-1.204498820599131e-05 -4.858077120932511e-06 -1.132887591438964e-05 -5.095041606329438e-06
-1.072135612684594e-05 -3.372694081191589e-06 -1.041847036940633e-05 -4.054577283194846e-06
-9.457670393726607e-06 -1.985864070731299e-06 -9.510965828960188e-06 -3.113871715315377e-06
-1.491251304541560e-05 -4.946379895317626e-06 -1.335680955651932e-05 -5.139905578456957e-06
-1.345160657672402e-05 -3.373091277572260e-06 -1.231858039624161e-05 -4.053018022745895e-06
-1.204465967904703e-05 -1.886660879967759e-06 -1.129792888052545e-05 -2.969803346051983e-06
-1.792641230189805e-05 -5.018225498268682e-06 -1.561173109940727e-05 -5.164214898648068e-06
-1.639707621357531e-05 -3.374045961503724e-06 -1.452501091675759e-05 -4.021027154534928e-06
-1.491206943921906e-05 -1.800636377113053e-06 -1.342174782847915e-05 -2.863646732304451e-06
-2.105733041449036e-05 -5.074079357256314e-06 -1.784367621976372e-05 -5.078899812632515e-06
-1.947461349011488e-05 -3.374885593360915e-06 -1.682536609684927e-05 -3.959573659869729e-06
-1.792615663295593e-05 -1.730645399069025e-06 -1.572406323611823e-05 -2.735928256460615e-06
-2.427677361924886e-05 -5.115378915745441e-06 -1.983682211155432e-05 -4.879822193588869e-06
-2.265435365486036e-05 -3.375414937982912e-06 -1.896627757835896e-05 -3.904130787777574e-06
-2.105724747951545e-05 -1.676294211229037e-06 -1.792988496682016e-05 -2.787149222859604e-06
-2.755938375776301e-05 -5.144124799941728e-06 -2.167688516307115e-05 -4.780155986688040e-06
-2.590920807968921e-05 -3.375774156196860e-06 -2.086414092279543e-05 -3.837786124445390e-06
-2.427659801516917e-05 -1.636026489277256e-06 -1.994555879037224e-05 -2.893155758659889e-06
-3.088403343108094e-05 -5.162321345417929e-06 -2.344883475414193e-05 -4.753615715587760e-06
-2.921608024988644e-05 -3.375887362263180e-06 -2.262604704152873e-05 -3.789611186328908e-06
-2.755917812191650e-05 -1.607668608348841e-06 -2.176533912535979e-05 -2.881860611918613e-06
-3.423388029335617e-05 -5.172510067120231e-06 -2.523163967181926e-05 -4.588793720439311e-06
-3.255583435102837e-05 -3.375739499003231e-06 -2.443777487092478e-05 -3.743085239305221e-06
-3.088389583487366e-05 -1.589324864317714e-06 -2.359252695874749e-05 -2.753456167984199e-06
-3.759634802786526e-05 -5.177236125242064e-06 -2.682993401058779e-05 -4.480528768519454e-06
-3.591378413708208e-05 -3.375572936392462e-06 -2.612329207092472e-05 -3.758663839884975e-06
-3.423384042530604e-05 -1.578705672574033e-06 -2.531775900240831e-05 -2.855871006853990e-06
-4.480862981767743e-05 -4.980750910713280e-06 -2.937149363898750e-05 -4.274528231554207e-06
-4.433045508607715e-05 -5.178820013289043e-06 -2.921194341409413e-05 -4.343225164022519e-06
-3.910417359824161e-05 -3.375519989286919e-06 -2.747162157924373e-05 -3.743919568724557e-06
-4.096327223708080e-05 -5.178700146682436e-06 -2.809079126777632e-05 -4.427103986097413e-06
-3.759628740266337e-05 -1.573817660715919e-06 -2.691419536590680e-05 -2.962718199065722e-06
-4.500669531552787e-05 -4.502573307357786e-06 -2.943903056764326e-05 -4.112330291472864e-06
-4.387515175440694e-05 -3.375489488172073e-06 -2.909401981842588e-05 -3.750963538163402e-06
-4.096323937135207e-05 -1.572278762443901e-06 -2.811580464788216e-05 -3.077859749930742e-06
-4.500665871874042e-05 -2.248425243974024e-06 -2.948391454751752e-05 -3.364893849440091e-06
-4.433041439380516e-05 -1.572180719776516e-06 -2.925578332218897e-05 -3.125058195621501e-06
-4.480859052171039e-05 -1.770249494740933e-06 -2.941853099158025e-05 -3.196495211992434e-06
