-6.498141596286752e-05 1.024670878533787e-05 4.887340908968478e-05 -6.044926238343936e-06
-6.521427976374431e-05 9.684444458520482e-06 4.913829903951031e-05 -5.429835306165000e-06
-6.521429394818544e-05 7.034114177283829e-06 4.929498500092810e-05 -2.661397673151704e-06
-6.498143028733541e-05 6.471842283232815e-06 4.904813584400613e-05 -2.047660686858406e-06
-6.441921410424615e-05 1.047961746326727e-05 4.824962325042858e-05 -6.301219429675069e-06
-6.336511829524723e-05 8.359282040781225e-06 4.724683230865386e-05 -4.079323335778761e-06
-6.441922522425424e-05 6.238930308177474e-06 4.844365955501397e-05 -1.791973517187287e-06
-6.046161989608321e-05 1.048068606540202e-05 4.392778620507689e-05 -6.329797615820463e-06
-6.046165758876821e-05 6.237930977175847e-06 4.416405967851535e-05 -1.795982936599218e-06
-5.827535929354886e-05 8.359366415749151e-06 4.176528309135529e-05 -4.032756379087416e-06
-5.649901863837121e-05 1.048569397208552e-05 3.993506167113344e-05 -6.088147532061691e-06
-5.649888476029558e-05 6.232838705680903e-06 4.017504475955559e-05 -1.859323298381334e-06
-5.451362005927915e-05 8.359356183161244e-06 3.800441388049999e-05 -4.074670024855897e-06
-5.252308943711337e-05 1.049461302767745e-05 3.606868068368693e-05 -6.025890338259055e-06
-5.252285657740570e-05 6.223890787038622e-06 3.610819702230530e-05 -1.962426365528489e-06
-5.052836194760163e-05 8.359361533537466e-06 3.423053444359871e-05 -4.033387844044383e-06
-4.852673933985848e-05 1.050620994645653e-05 3.220817806728112e-05 -6.069299553752271e-06
-4.852625145461365e-05 6.212104965494710e-06 3.233299635516903e-05 -1.982038867855056e-06
-4.651963809687168e-05 8.359204916396132e-06 3.053351489570020e-05 -4.010684721377101e-06
-4.450572085660558e-05 1.051809344953313e-05 2.847179956178045e-05 -5.909619883307115e-06
-4.450486493400019e-05 6.199864667591022e-06 2.870528817166924e-05 -2.170657874695667e-06
-4.248645786068309e-05 8.358959806160928e-06 2.694578241196670e-05 -4.000646497616935e-06
-4.046313019121830e-05 1.052611761783288e-05 2.509531444132185e-05 -5.685560894389860e-06
-4.046217174310357e-05 6.192025860004683e-06 2.547736607307252e-05 -2.369368714569086e-06
-3.843643115502758e-05 8.359069083101897e-06 2.376671364739510e-05 -4.038758933773495e-06
-3.641053624463524e-05 1.052612703351261e-05 2.231949017184336e-05 -5.500192021794492e-06
-3.640988545171838e-05 6.192692989554440e-06 2.256304321509684e-05 -2.494691850102505e-06
-3.438506176732191e-05 8.359376130003150e-06 2.103190518444259e-05 -4.097394348798987e-06
-3.236710232771182e-05 1.051498322973120e-05 1.993261999836948e-05 -5.398855301877679e-06
-3.236703282029961e-05 6.204454884663766e-06 1.983805226740765e-05 -2.643712968145186e-06
-3.035447832531398e-05 8.359616686543174e-06 1.858509692449882e-05 -4.147556334123498e-06
-2.835666722861821e-05 1.049138345850410e-05 1.749874060533058e-05 -5.439706812398475e-06
-2.835704214177248e-05 6.228408691863004e-06 1.715711563908961e-05 -2.715855752997676e-06
-2.636842693796624e-05 8.359933631997575e-06 1.607910748321550e-05 -4.142650019838596e-06
-2.440199243907130e-05 1.045564112569913e-05 1.477413168029806e-05 -5.660166338130818e-06
-2.440242112776618e-05 6.264647731993912e-06 1.449516885435317e-05 -2.611058885772389e-06
-2.252722853098598e-05 8.359877092364592e-06 1.338309960099749e-05 -4.164437430623995e-06
-2.067947329329198e-05 1.040983544409396e-05 1.198414678545140e-05 -5.731367645753516e-06
-2.067954462544571e-05 6.312470612577995e-06 1.185643119239379e-05 -2.655259043674074e-06
-1.930231284198967e-05 8.517568588039654e-06 1.087245728668631e-05 -4.305473547324960e-06
-1.792416425709117e-05 1.036522633730138e-05 9.821772611874031e-06 -5.639065463384972e-06
-1.792306048349932e-05 6.358573391769229e-06 9.791473386178057e-06 -2.753978697064741e-06
-1.596219749231601e-05 1.032553758171134e-05 8.342072893568561e-06 -5.622760254520702e-06
-1.633333192944914e-05 9.035455504566594e-06 8.615487412160644e-06 -4.713194397451136e-06
-1.596025313418696e-05 6.388563241792240e-06 8.351436177567248e-06 -2.841769615264955e-06
-1.455824318111028e-05 6.420797185800843e-06 7.318183760148930e-06 -2.913844415091060e-06
2.298445725317457e-06 6.800225672626888e-07 -9.552166592470998e-07 -5.882725792336922e-07
2.343358368730527e-06 5.718553127712890e-07 -9.760829210114901e-07 -5.383524223359806e-07
2.343048840466022e-06 1.696062957795239e-07 -9.682411408467308e-07 -3.408306451405936e-07
2.298385831474881e-06 6.321533415441307e-08 -9.441965579652820e-07 -2.889551125504080e-07
-1.455520311101724e-05 1.029742736140958e-05 7.302672780611835e-06 -5.578889942705042e-06
-1.330275986070976e-05 1.020049087931039e-05 6.467789138659330e-06 -5.478454633796375e-06
-1.426417208681717e-05 7.876634176342610e-06 7.078979848381793e-06 -3.883810362777757e-06
-1.329466299488967e-05 6.345263916966084e-06 6.490311186606270e-06 -2.948358183570286e-06
2.190813500619161e-06 7.248438952613093e-07 -9.044481575914336e-07 -6.084512183278056e-07
2.082731561182699e-06 2.836928164142394e-07 -8.453528299768297e-07 -3.922362671904889e-07
2.191888171716954e-06 1.889932598389044e-08 -8.927583601235205e-07 -2.673653890554110e-07
-1.289837397370802e-05 9.010777847139396e-06 6.185615854503882e-06 -4.673825918357325e-06
-1.208152921674101e-05 9.957349185655627e-06 5.691549544229080e-06 -5.255793127411406e-06
-1.091387064651595e-05 9.589108832670090e-06 4.974832328015856e-06 -4.983970823106402e-06
-1.252249548028578e-05 7.391408615033773e-06 5.977067039353992e-06 -3.628330157739380e-06
-1.209672203807311e-05 6.065413299061768e-06 5.711896855269345e-06 -2.805841526752723e-06
1.462343384503461e-06 7.378380973054097e-07 -5.720407144988287e-07 -5.743292348853179e-07
1.461860786027249e-06 6.063682779662869e-09 -5.662023868308965e-07 -2.584512571495044e-07
1.083664559863699e-06 3.719717580619150e-07 -3.771498952757337e-07 -4.088710591380980e-07
-9.815899249735431e-06 9.088640913852872e-06 4.320105310560518e-06 -4.647434946058971e-06
-1.075384682402455e-05 8.370725806033233e-06 4.856716572935584e-06 -4.237103587628393e-06
-1.115553165987413e-05 6.853616289389714e-06 5.125029266376788e-06 -3.285619313929369e-06
-1.099139486716503e-05 5.596638832609580e-06 5.037172426228332e-06 -2.573517193681577e-06
6.722571771577220e-07 8.079984245162625e-07 -2.435987596345020e-07 -5.173957864497465e-07
6.723313258110083e-07 -6.398294886691155e-08 -2.233236492437251e-07 -2.510680615374543e-07
2.024993439614830e-07 3.719582435561694e-07 -7.010551911358784e-08 -3.542205231022047e-07
-8.792157017820034e-06 8.480630115327985e-06 3.739576490056625e-06 -4.298561049590133e-06
-7.864753634521018e-06 7.774196511091242e-06 3.217686902874676e-06 -3.859936946672188e-06
-9.757497943386382e-06 6.619236398876462e-06 4.256820072969523e-06 -3.177040804750391e-06
-1.000836264854215e-05 4.953404757089907e-06 4.388547928457588e-06 -2.232846796600675e-06
-3.382787001504610e-07 9.592012436075808e-07 1.549453683372954e-07 -5.868834055834796e-07
-3.384615962888078e-07 -2.156934782523725e-07 1.640495564645213e-07 -5.325428229064290e-08
-8.100378758130669e-06 6.693770722217652e-06 3.323464635262560e-06 -3.226104612009657e-06
-7.040540528385590e-06 6.972134275311238e-06 2.780049826852858e-06 -3.377828661112057e-06
-8.492303789255115e-06 5.485100767093541e-06 3.485117750065767e-06 -2.537277584635193e-06
-9.172066012606220e-06 4.172851905100374e-06 3.800299535996787e-06 -1.735395469225749e-06
-9.360887624385278e-07 3.716910627423047e-07 4.126488443819359e-07 -3.054476517735914e-07
-1.649359161456869e-06 1.178304979809257e-06 6.862657156633996e-07 -5.896079270495838e-07
-1.648362363968242e-06 -4.370122613511473e-07 6.938314748094007e-07 6.376810741935689e-09
-6.316002455670027e-06 6.096761098816658e-06 2.404736329586344e-06 -2.908272404700280e-06
-5.714341630037212e-06 5.171516558661844e-06 2.084762086686171e-06 -2.385883263404605e-06
-5.232745557818818e-06 4.190614704589648e-06 1.863337248787854e-06 -1.847597931764886e-06
-7.695926623694074e-06 4.404036625580701e-06 3.065662592422945e-06 -1.898886039206788e-06
-8.501314248487252e-06 3.288419600089199e-06 3.432353656100425e-06 -1.362766551828367e-06
-2.223287742753596e-06 3.737191063985496e-07 9.026180631060899e-07 -2.930129604825091e-07
-2.930070124822642e-06 1.394837474235311e-06 1.167087139426062e-06 -6.597797021604076e-07
-2.930268949386546e-06 -6.631141142812530e-07 1.173908429827824e-06 1.008446277284261e-07
-6.241980989100260e-06 4.189839255392047e-06 2.370083457346347e-06 -1.828272141181279e-06
-4.865255213938966e-06 3.176198845359485e-06 1.710078948549025e-06 -1.343381371190559e-06
-4.100741397197609e-06 1.579630152468231e-06 1.629275630933649e-06 -7.159498692652590e-07
-4.444554805633902e-06 1.761640304964632e-06 1.686735742772131e-06 -7.551007632105506e-07
-4.630343440656780e-06 2.130719692525937e-06 1.687487216886822e-06 -8.784198174337334e-07
-7.140148717573191e-06 3.158900699299116e-06 2.800893590991975e-06 -1.319168319339729e-06
-8.004282075210725e-06 2.337642591601054e-06 3.164473251579254e-06 -9.624429426386175e-07
-3.565821236285834e-06 5.235255728864401e-07 1.430511751344633e-06 -3.299189400857722e-07
-4.097212179356693e-06 -8.263810022961757e-07 1.655358874399312e-06 1.539868045295411e-07
-5.563704956585581e-06 2.457362930000691e-06 2.055218289176745e-06 -1.003917807739935e-06
-4.464332751614751e-06 1.036887520060523e-06 1.736234147129525e-06 -5.217509045397796e-07
-4.872664886818628e-06 1.634233316203332e-06 1.809648557049939e-06 -6.957120601982664e-07
-6.739415166173811e-06 2.042933402053629e-06 2.617030943093210e-06 -8.379904853470780e-07
-7.698612183159613e-06 1.359277631715528e-06 2.997738973974467e-06 -6.014327321539758e-07
-4.481469987809461e-06 -1.323983879946341e-07 1.789299516236662e-06 -8.580035277903458e-08
-4.426931137315363e-06 -1.003628746709298e-06 1.797328742718877e-06 2.100676129699122e-07
-5.772501800642403e-06 7.999984597506137e-07 2.202268249470869e-06 -3.590121852454067e-07
-7.598290549298891e-06 3.750584500838904e-07 2.914484135563558e-06 -1.879936498696529e-07
-7.716207869761580e-06 -6.025563482794421e-07 2.862215835015447e-06 9.832506771659823e-08
-5.170725765159272e-06 -7.657804950852635e-07 2.032704638585029e-06 1.404077789182571e-07
-4.616808390281938e-06 -1.387260204560556e-06 1.882575891121783e-06 3.354301396669720e-07
-4.844543838209591e-06 -2.453527319570351e-06 1.993191456812900e-06 6.727428048352252e-07
-6.726150502841722e-06 -7.209545955344228e-07 2.556427613628544e-06 1.563603118460129e-07
-5.196658422260106e-06 -3.506226558888478e-06 2.130971783072969e-06 9.565622045587374e-07
-8.045122884106518e-06 -1.596294439742373e-06 2.899784338466565e-06 3.984065918836754e-07
-5.798294509359048e-06 -2.484470951593501e-06 2.261144407927715e-06 7.034945591868238e-07
-7.225491604396993e-06 -2.565727929874732e-06 2.667839722811669e-06 7.020846743916683e-07
-5.685084491501345e-06 -4.519208470756450e-06 2.287196278361990e-06 1.213644731084013e-06
-8.573376855030820e-06 -2.567071047324185e-06 2.991255978020629e-06 6.765173466754646e-07
-8.152623835478205e-06 -3.543060805213501e-06 2.890663764324802e-06 9.549759642960355e-07
-7.137839347467125e-06 -4.162859945924643e-06 2.669802361698311e-06 1.133510125911061e-06
-6.296611720539200e-06 -5.505638894706962e-06 2.457761491986815e-06 1.428046065653090e-06
-7.049191127866255e-06 -6.440253037518387e-06 2.643652567311886e-06 1.629787274194969e-06
-9.302922016480616e-06 -3.473792101440073e-06 3.147669936775513e-06 9.310087538253789e-07
-8.787056750825369e-06 -4.661207202110246e-06 3.042229973622159e-06 1.226373716661971e-06
-8.175506635874443e-06 -6.073013028928425e-06 2.923367891285922e-06 1.535247580390920e-06
-7.913661793787496e-06 -7.310090813968416e-06 2.854116992179656e-06 1.792516579842207e-06
-1.020879047440163e-05 -4.282102780547429e-06 3.335291004995580e-06 1.113020511920119e-06
-9.938198655130576e-06 -6.068755611378638e-06 3.274798487360387e-06 1.507162374176546e-06
-8.900861284207457e-06 -8.080735934140158e-06 3.061581433527797e-06 1.923976262551262e-06
-1.000522084509360e-05 -8.753051978018187e-06 3.277447752394482e-06 2.039664261051504e-06
-1.119811065746156e-05 -9.316683639387693e-06 3.519523591939477e-06 2.161293695040083e-06
-1.129039511976687e-05 -6.457650987825900e-06 3.586503415109191e-06 1.554743698394357e-06
-1.127845489072839e-05 -4.959594113416811e-06 3.598526610608794e-06 1.237937917704254e-06
-1.101857262999921e-05 -7.973730161640121e-06 3.486796428794526e-06 1.877017017826300e-06
-1.247925856327589e-05 -9.734518029258475e-06 3.790051625857482e-06 2.253179700502971e-06
-1.382860849329755e-05 -1.001326904402774e-05 4.104228511643994e-06 2.302415800287131e-06
-1.238868838313624e-05 -6.793498654409421e-06 3.836857422001916e-06 1.608139020599467e-06
-1.249462965789992e-05 -5.455334180849606e-06 3.876052119510237e-06 1.327649404899348e-06
-1.521584355224875e-05 -1.013364003087548e-05 4.388437499349608e-06 2.314745093738736e-06
-1.365276603988127e-05 -8.059163443950731e-06 4.086342897481142e-06 1.862184870408722e-06
-1.381705743140556e-05 -5.744913675580071e-06 4.146824951430607e-06 1.409279501709841e-06
-1.551877280240133e-05 -8.274542222392092e-06 4.441182572949917e-06 1.921075170221034e-06
-1.678666685488613e-05 -1.018234397518693e-05 4.735702256286639e-06 2.309481222722029e-06
-1.520268054452074e-05 -5.824768749959907e-06 4.389560710166762e-06 1.447403059556409e-06
-1.898914014504221e-05 -1.023084360067840e-05 5.167292031718484e-06 2.252517226324712e-06
-1.723070445536842e-05 -7.204948610381535e-06 4.816350862048515e-06 1.715459607505358e-06
-1.678444721501720e-05 -5.775954670861903e-06 4.715527472858352e-06 1.461892434738554e-06
-2.211395838321123e-05 -1.030479613343437e-05 5.688358428197968e-06 2.210570461881315e-06
-2.054679545059592e-05 -7.797129376638363e-06 5.385649691113688e-06 1.812744573123409e-06
-1.899098053206052e-05 -5.712602786711713e-06 5.117165247525674e-06 1.501371874449301e-06
-2.637551150444874e-05 -1.038337294820819e-05 6.128908973648087e-06 2.101258741573732e-06
-2.422254592550759e-05 -7.974805626039120e-06 5.879141033085341e-06 1.859160078117138e-06
-2.211491691698532e-05 -5.640983082217288e-06 5.536054703583911e-06 1.547179718190008e-06
-3.094415906857638e-05 -1.044838987188292e-05 6.412213842814236e-06 1.956243181697415e-06
-2.863989166801186e-05 -7.973997733072445e-06 6.247782053419244e-06 1.884068842305457e-06
-2.637577986387140e-05 -5.564624908281966e-06 5.984219595279254e-06 1.649402323702595e-06
-3.562148607783950e-05 -1.050159889656405e-05 6.482883749705770e-06 1.930049289490929e-06
-3.326619563392464e-05 -7.973774269356430e-06 6.441888121516292e-06 1.909414666840620e-06
-3.094419527534436e-05 -5.499316645953051e-06 6.306687744092932e-06 1.808299212538980e-06
-4.038841012233860e-05 -1.054473525591092e-05 6.477859037498397e-06 1.970085146586886e-06
-3.799150773144630e-05 -7.973594660550566e-06 6.496442703281194e-06 1.919726026661959e-06
-3.562163899173983e-05 -5.445719025900830e-06 6.485521227101418e-06 1.859737535868088e-06
-4.522689652814175e-05 -1.057865342082222e-05 6.574785214067293e-06 1.944785489841680e-06
-4.279711802664228e-05 -7.973437813696643e-06 6.579871437356657e-06 1.890219860639253e-06
-4.038858574974045e-05 -5.402318436525547e-06 6.557019820262858e-06 1.829538231964557e-06
-5.012007180097264e-05 -1.060399979905262e-05 6.701878850571504e-06 1.885765882419219e-06
-4.766564466957641e-05 -7.973313413757139e-06 6.690072480608974e-06 1.857235456785748e-06
-4.522696879699095e-05 -5.368108944304273e-06 6.653903815035645e-06 1.863755110209629e-06
-5.505316183333909e-05 -1.062264006513519e-05 6.686724039502261e-06 1.854120586119365e-06
-5.258095689935439e-05 -7.973202695824953e-06 6.684518480859552e-06 1.856353128247936e-06
-5.012016082976348e-05 -5.342394554864288e-06 6.703582691644948e-06 1.902101409615260e-06
-6.001629381377072e-05 -1.063686179661991e-05 6.509795849912606e-06 1.742977268435506e-06
-5.753036757433280e-05 -7.973028069773297e-06 6.564445846652250e-06 1.894092676251628e-06
-5.505338013438634e-05 -5.323481364828212e-06 6.585417531575408e-06 1.939945184628168e-06
-6.500194218970956e-05 -1.064679491978505e-05 6.318423043916872e-06 1.767434465911671e-06
-6.250608119809560e-05 -7.972905338744960e-06 6.366110074379609e-06 1.883051591545782e-06
-6.001648478719998e-05 -5.309036147159315e-06 6.396489439231949e-06 1.996220025846950e-06
-7.571909372760094e-05 -1.035907060118120e-05 6.196595122996095e-06 1.822266182538497e-06
-7.500825081543001e-05 -1.065347448297465e-05 6.193620790706539e-06 1.822279116096078e-06
-6.724024322800733e-05 -7.972845831084270e-06 6.274220499376903e-06 1.853424910853251e-06
-7.000235251924119e-05 -1.065221181489330e-05 6.202747811495962e-06 1.862664655812716e-06
-6.500201205719339e-05 -5.299026467933279e-06 6.319555428762657e-06 1.892039587767319e-06
-7.601353924473263e-05 -9.648283571377702e-06 6.200172908260746e-06 1.822427611010054e-06
-7.433119195476311e-05 -7.972767774124111e-06 6.225023019924016e-06 1.842859901108451e-06
-7.000235925885454e-05 -5.293398481958325e-06 6.241653758993583e-06 1.845792673050512e-06
-7.601354077960540e-05 -6.297248803814603e-06 6.255604322126470e-06 1.832746823743179e-06
-7.500825444560900e-05 -5.292062179963179e-06 6.252342603436492e-06 1.827022730105209e-06
-7.571909585163954e-05 -5.586464399732540e-06 6.255915952168220e-06 1.828788717172490e-06
