-8.162679137107382e-05 1.234926648104658e-05 4.562341795353523e-05 -5.518089528884318e-06
-8.194075279123231e-05 1.159123310994109e-05 4.581611381144252e-05 -5.036738951694564e-06
-8.194034762604474e-05 8.017571237618763e-06 4.573481840220879e-05 -2.654294004935258e-06
-8.162632601004088e-05 7.259460120397794e-06 4.553075212167070e-05 -2.166574262059242e-06
-8.086878907963043e-05 1.266325583861165e-05 4.514838532035018e-05 -5.717445477420123e-06
-7.944668852695389e-05 9.804291180726335e-06 4.412809732253498e-05 -3.832722000333817e-06
-8.086822733890100e-05 6.945433016477174e-06 4.504103773740013e-05 -1.964636498854526e-06
-7.553123813204514e-05 1.266306203970814e-05 4.164879832598060e-05 -5.710354014443069e-06
-7.553047782562667e-05 6.945021592645048e-06 4.149479114124925e-05 -1.933555903498562e-06
-7.258340333904335e-05 9.803849577146016e-06 3.961594259433428e-05 -3.832010509661468e-06
-7.019212710987571e-05 1.266176805015448e-05 3.799709428176848e-05 -5.771056925688270e-06
-7.019147209184460e-05 6.945412005921568e-06 3.776145362322449e-05 -1.881215410803814e-06
-6.752294857391996e-05 9.803051228965679e-06 3.621241425865480e-05 -3.779992190375428e-06
-6.485650253377472e-05 1.265569003110621e-05 3.435823403312978e-05 -5.715325168145731e-06
-6.485634421151892e-05 6.949429415661010e-06 3.410219803894824e-05 -1.871886547101105e-06
-6.219233538682713e-05 9.802091664615531e-06 3.261105341687404e-05 -3.773804316671300e-06
-5.953550164269385e-05 1.264227357614215e-05 3.085884933732332e-05 -5.520077851103997e-06
-5.953491804851441e-05 6.960378608781155e-06 3.054148449628608e-05 -1.971544720024678e-06
-5.688315243734701e-05 9.800677766625673e-06 2.923347357355332e-05 -3.710814946295855e-06
-5.424453825477568e-05 1.261923129825001e-05 2.762577202889390e-05 -5.384775847192303e-06
-5.424363242710788e-05 6.980315202713906e-06 2.725633818470123e-05 -1.972790618011723e-06
-5.161338761280220e-05 9.798796092131192e-06 2.610401939158883e-05 -3.680499763447903e-06
-4.900312140242375e-05 1.258510810917391e-05 2.461326153657837e-05 -5.322163075192721e-06
-4.900205997198430e-05 7.010458432020194e-06 2.415183167768532e-05 -1.997323302583577e-06
-4.640350285033540e-05 9.796489812048791e-06 2.308473755290297e-05 -3.660199512604065e-06
-4.383195177996376e-05 1.253947208495273e-05 2.155154800293760e-05 -5.292905781540259e-06
-4.383083529089988e-05 7.050907706235546e-06 2.116347619587679e-05 -2.092085036591344e-06
-4.127409355396678e-05 9.793795123201388e-06 2.003856256311039e-05 -3.639181384224624e-06
-3.875099421985233e-05 1.248335743331530e-05 1.831500156192911e-05 -5.364049563189274e-06
-3.875003694003983e-05 7.101510635499421e-06 1.826964641688987e-05 -2.113921598558320e-06
-3.624463057542140e-05 9.790876413458255e-06 1.689624407163313e-05 -3.660864678676282e-06
-3.377892629292769e-05 1.241736932702735e-05 1.520361315128783e-05 -5.398450236777041e-06
-3.377840830920086e-05 7.161595746603244e-06 1.544219185600764e-05 -2.133146842076833e-06
-3.133318129888697e-05 9.787808428478220e-06 1.379161163299283e-05 -3.706045850768913e-06
-2.893327905335658e-05 1.234147236799954e-05 1.228608256911494e-05 -5.295908028345029e-06
-2.893276820403603e-05 7.231126471698123e-06 1.258924045569615e-05 -2.240551723739312e-06
-2.665137148745259e-05 9.784067448802377e-06 1.094637294309213e-05 -3.773583358602548e-06
-2.441801537284847e-05 1.225834171685648e-05 9.696440350867229e-06 -5.146052971128847e-06
-2.441698758557496e-05 7.310169182858447e-06 9.882838634029167e-06 -2.451661164708151e-06
-2.275628562954570e-05 9.970648276698842e-06 8.842121349162272e-06 -3.922754342265834e-06
-2.110494559002709e-05 1.218554145378894e-05 7.980360299768985e-06 -5.028534787692831e-06
-2.110202805066913e-05 7.379787065289089e-06 8.075158998179414e-06 -2.621561558376122e-06
-1.875945412689579e-05 1.212552453327205e-05 6.924517449143604e-06 -4.919619049807288e-06
-1.919959226118419e-05 1.058645924419725e-05 7.100648964666226e-06 -4.226949266030488e-06
-1.875582722892863e-05 7.422098370542351e-06 6.873921731433182e-06 -2.685180089614125e-06
-1.708574742547120e-05 7.466277569674469e-06 6.145643062655735e-06 -2.844733471106359e-06
2.668930792153918e-06 8.138024803502205e-07 -8.299916347786899e-07 -1.020080301273209e-06
2.723210120192096e-06 6.831021058716541e-07 -8.376912691106141e-07 -9.879807345229945e-07
2.722835647504053e-06 1.967505317969441e-07 -8.258721830040517e-07 -8.739375981670389e-07
2.668848771670093e-06 6.811099422320385e-08 -8.174865459195650e-07 -8.482572808810507e-07
-1.708238237003655e-05 1.208461116972442e-05 6.160184296976428e-06 -4.854141905561674e-06
-1.559429516387938e-05 1.196332540966551e-05 5.561977663804851e-06 -4.763546607187077e-06
-1.673346702788115e-05 9.200874028818120e-06 5.961309721508740e-06 -3.625333923256129e-06
-1.558200820694713e-05 7.381425506619918e-06 5.489630395760009e-06 -2.912780342577133e-06
2.538814627414941e-06 8.679572022749272e-07 -8.079217482428995e-07 -1.035317371395099e-06
2.407729730267514e-06 3.347634875803743e-07 -7.768466463001035e-07 -9.028351761814692e-07
2.540060200696034e-06 1.459474554854683e-08 -7.975851285987284e-07 -8.349283915520663e-07
-1.511210592979762e-05 1.054708234254081e-05 5.353533669333155e-06 -4.156079269981300e-06
-1.414542300579202e-05 1.166808110014593e-05 4.949735220869534e-06 -4.637401385421329e-06
-1.276386560524846e-05 1.122695523683000e-05 4.377336300958239e-06 -4.467156624545036e-06
-1.466554836399269e-05 8.624185895888427e-06 5.145621951743016e-06 -3.412382457445548e-06
-1.416143710942870e-05 7.054502097736204e-06 4.935458709803153e-06 -2.834589440761646e-06
1.657127776306525e-06 8.828702948236394e-07 -6.087951974446109e-07 -1.046927220121975e-06
1.656917546741208e-06 1.055236150134211e-09 -5.833583945432466e-07 -7.594117682816029e-07
1.200764730007838e-06 4.426549611564451e-07 -4.583859819714407e-07 -8.814055166540035e-07
-1.146795246850230e-05 1.062924346982304e-05 3.873762348400340e-06 -4.209253790683118e-06
-1.257324671454140e-05 9.782204093386780e-06 4.312734402635772e-06 -3.856762636680768e-06
-1.304788815220169e-05 7.987609261480634e-06 4.496525518041317e-06 -3.195027708578105e-06
-1.285322878823470e-05 6.504873285558196e-06 4.412369574423260e-06 -2.653697621096210e-06
7.074899505895491e-07 9.628127537630654e-07 -2.423671092949934e-07 -1.102210754479545e-06
7.080978533489290e-07 -7.562268538523176e-08 -2.519319330367480e-07 -6.778150836550447e-07
1.493299274454499e-07 4.445505026482640e-07 -9.665297332919315e-09 -8.639427246194221e-07
-1.026186038718764e-05 9.906708742444885e-06 3.424417822583499e-06 -3.887509373194904e-06
-9.172743861832575e-06 9.070134927421037e-06 3.123810692630612e-06 -3.571984836859837e-06
-1.139761793615026e-05 7.710363710552433e-06 3.920649936033473e-06 -3.080368413936227e-06
-1.169166065095254e-05 5.749984827340199e-06 4.052027145286209e-06 -2.417203944490140e-06
-4.891258202406609e-07 1.134715420250982e-06 2.490317459573175e-07 -1.090137745784050e-06
-4.886621740648443e-07 -2.438050824503027e-07 2.781218155585668e-07 -5.708729135413528e-07
-9.449622658657918e-06 7.795882306905145e-06 3.257746663138574e-06 -3.111188492335022e-06
-8.208749220935501e-06 8.122057496810745e-06 2.835047582917295e-06 -3.218049824750493e-06
-9.908778015224090e-06 6.375150085141666e-06 3.472544888446318e-06 -2.632926090640495e-06
-1.070489716255986e-05 4.836520261056803e-06 3.779818366213258e-06 -2.168950809966682e-06
-1.189017575045003e-06 4.464737310535334e-07 5.357899189625191e-07 -7.941347714802886e-07
-2.019054577995008e-06 1.382769297281531e-06 8.093887478231765e-07 -1.117841718204058e-06
-2.017144771194160e-06 -4.898223435988970e-07 8.346073093702750e-07 -4.190826384125621e-07
-7.363075018136622e-06 7.090318025643729e-06 2.573483635554242e-06 -2.823327057303856e-06
-6.665771008982995e-06 6.005201128471837e-06 2.388551612460769e-06 -2.505491572870414e-06
-6.113117680290425e-06 4.857797851218974e-06 2.219655399790788e-06 -2.171553136755257e-06
-8.975984711264384e-06 5.106926778870149e-06 3.139906378007157e-06 -2.224689792257573e-06
-9.913935152564136e-06 3.805585887836182e-06 3.468813546485346e-06 -1.736323521809951e-06
-2.684625762251011e-06 4.509155131741213e-07 1.059366029430862e-06 -7.242122013534099e-07
-3.499323057131275e-06 1.626509767836401e-06 1.353203289012871e-06 -1.148467959172200e-06
-3.498939098753861e-06 -7.407037530115614e-07 1.359080639931290e-06 -2.981658021239444e-07
-7.282466007317106e-06 4.855661370737146e-06 2.584440268294608e-06 -2.162665985805893e-06
-5.694141259761041e-06 3.676026194617692e-06 2.092576456281931e-06 -1.803184884097835e-06
-4.838818186941806e-06 1.832884629440975e-06 1.784161945842204e-06 -1.163099445280350e-06
-5.228028388408066e-06 2.040452732777360e-06 1.938685916533429e-06 -1.232738800695809e-06
-5.435113318492324e-06 2.464907715978660e-06 2.019633069390700e-06 -1.385468979194880e-06
-8.326033961568165e-06 3.654217458739226e-06 2.953140632558382e-06 -1.722133809992435e-06
-9.325698561809182e-06 2.702732130985076e-06 3.301471453330993e-06 -1.406135818327137e-06
-4.230704238748048e-06 6.248211944062475e-07 1.606602735235613e-06 -7.757111277884292e-07
-4.844564922133319e-06 -9.217026506968224e-07 1.809323002619871e-06 -2.036830982967416e-07
-6.504341907078230e-06 2.840302980421369e-06 2.370478048971166e-06 -1.502235616584830e-06
-5.255227720857006e-06 1.210120911041841e-06 1.951341817267636e-06 -9.303949654777318e-07
-5.716388090053193e-06 1.893296279931699e-06 2.118884486771271e-06 -1.174616007065717e-06
-7.860496008892980e-06 2.360948837709243e-06 2.805932198605638e-06 -1.297484452875566e-06
-8.959483205901024e-06 1.574934183045790e-06 3.174890897233234e-06 -9.717166871908363e-07
-5.283208991655916e-06 -1.274943623740475e-07 1.973681328688472e-06 -4.906782991065737e-07
-5.228184495845377e-06 -1.121616606286998e-06 1.931257304060505e-06 -1.295212741193439e-07
-6.749665748298935e-06 9.316473634081801e-07 2.461378660506706e-06 -8.122921617601162e-07
-8.833828972302186e-06 4.462858224023506e-07 3.118155699790256e-06 -6.511421440279493e-07
-8.948591635686700e-06 -6.659332097613533e-07 3.184821883406348e-06 -2.765513128985772e-07
-6.074524960736708e-06 -8.522110274222891e-07 2.265995339947335e-06 -2.379331647997036e-07
-5.450729543510390e-06 -1.552209270461225e-06 2.008611686772866e-06 2.635349480336380e-08
-5.722698390171836e-06 -2.743828631636720e-06 2.143068966464846e-06 4.429892968668681e-07
-7.832599203770327e-06 -8.060145536893183e-07 2.812782209850205e-06 -2.391127711517988e-07
-6.132849766476173e-06 -3.906449277120145e-06 2.345590575347373e-06 7.885213556051368e-07
-9.299228447884452e-06 -1.790095354723888e-06 3.346301832435085e-06 1.217078049525413e-07
-6.794664065237470e-06 -2.782978337755684e-06 2.581114953040554e-06 4.423284844425467e-07
-8.383592389253998e-06 -2.873585365938224e-06 3.048282881259004e-06 4.806098544848401e-07
-6.686217808719703e-06 -5.019429187936193e-06 2.530369883498310e-06 1.091475422377548e-06
-9.866202706255295e-06 -2.875449770840454e-06 3.584853241702258e-06 5.180853050248813e-07
-9.398908660546764e-06 -3.953480430277695e-06 3.406337058265288e-06 8.117592503394135e-07
-8.289102281840715e-06 -4.632023587305498e-06 3.016151335783680e-06 9.597103868804392e-07
-7.370760796992687e-06 -6.089146552144848e-06 2.758144092706806e-06 1.435981798133665e-06
-8.198076163040947e-06 -7.092809422108470e-06 3.032001891779137e-06 1.745188766911602e-06
-1.064522283617806e-05 -3.881585547746326e-06 3.803579308204604e-06 8.102214821269351e-07
-1.008509604531958e-05 -5.173851967025577e-06 3.609399263971098e-06 1.173235443334350e-06
-9.424276382976418e-06 -6.696138279782025e-06 3.387945706520443e-06 1.644331459034677e-06
-9.142159399254633e-06 -8.016247319728181e-06 3.326651819920315e-06 2.018935877074931e-06
-1.160961960832446e-05 -4.770506615914050e-06 4.101954347766364e-06 1.115667313815071e-06
-1.131858146742242e-05 -6.688975676985634e-06 4.031068157213150e-06 1.658480307501163e-06
-1.020791939702073e-05 -8.829961518115202e-06 3.675886872507621e-06 2.259477907961431e-06
-1.138630256227209e-05 -9.531459802099545e-06 4.059523686594819e-06 2.419317580382494e-06
-1.265122702567579e-05 -1.011045203744725e-05 4.445536841786641e-06 2.491417620884134e-06
-1.275257380759601e-05 -7.103099882131260e-06 4.412692162049176e-06 1.794031787606016e-06
-1.274157594540514e-05 -5.508530004792037e-06 4.381415024000017e-06 1.381006909171395e-06
-1.246619514369033e-05 -8.704251741417673e-06 4.401376656108058e-06 2.178056877577910e-06
-1.399775204528269e-05 -1.053705833007388e-05 4.831188594722069e-06 2.519571240481837e-06
-1.540616547913014e-05 -1.081507831597182e-05 5.058632235626820e-06 2.494923485770858e-06
-1.390815475039918e-05 -7.459699856724408e-06 4.715175323490073e-06 1.909419934427527e-06
-1.401815590917665e-05 -6.049665546155328e-06 4.693716165645485e-06 1.580966627420469e-06
-1.684833071687117e-05 -1.092889942134131e-05 5.224928339951223e-06 2.454435290422011e-06
-1.522990842506044e-05 -8.783698984455342e-06 5.064697831960131e-06 2.217468125174790e-06
-1.539837490602798e-05 -6.370259471366766e-06 4.998796375345071e-06 1.729611000725960e-06
-1.716440702407391e-05 -9.004883522895130e-06 5.312631364699624e-06 2.235827034597795e-06
-1.846916595351363e-05 -1.096641936514005e-05 5.344189744786909e-06 2.345802043855967e-06
-1.683838255298041e-05 -6.464589339631863e-06 5.255102031997472e-06 1.823933517528103e-06
-2.073097342096966e-05 -1.100410553089555e-05 5.474066627134789e-06 2.289101120171864e-06
-1.893036052170543e-05 -7.901428542849472e-06 5.480975298737247e-06 2.128955169487142e-06
-1.846747494426662e-05 -6.426877278249911e-06 5.412307141688375e-06 1.935906607087167e-06
-2.391635704027255e-05 -1.106256686160014e-05 5.378705732257807e-06 2.182344922022406e-06
-2.232361997055206e-05 -8.511228950408345e-06 5.515484709548701e-06 2.212783391292869e-06
-2.073248348181854e-05 -6.377297059947671e-06 5.506768476154670e-06 2.093048350972568e-06
-2.823109364945205e-05 -1.112583631140397e-05 5.236462861354514e-06 2.114618422745734e-06
-2.605585346510405e-05 -8.692644135665451e-06 5.366548550143134e-06 2.208254990311593e-06
-2.391734399966788e-05 -6.320135824198286e-06 5.499279574658720e-06 2.251132528779426e-06
-3.283294150317481e-05 -1.117987576391566e-05 5.009340636543410e-06 2.181545985949501e-06
-3.051545222361178e-05 -8.691541832367021e-06 5.122447837861368e-06 2.237629215921807e-06
-2.823167783866138e-05 -6.257749639947707e-06 5.266986301896321e-06 2.354066459807202e-06
-3.752807808635545e-05 -1.122562854056455e-05 4.826066976212052e-06 2.122889296815925e-06
-3.516612576198020e-05 -8.690966421950934e-06 4.932070385296474e-06 2.257945265937370e-06
-3.283333404457086e-05 -6.202668731483593e-06 4.989740848705595e-06 2.368670690795331e-06
-4.230190053724514e-05 -1.126318274398469e-05 4.553890649521430e-06 2.114610157013087e-06
-3.990311937363085e-05 -8.690696260318966e-06 4.707940327196974e-06 2.284049172144813e-06
-3.752822674255155e-05 -6.156121711335126e-06 4.799172414409888e-06 2.438191111468478e-06
-4.713774876926119e-05 -1.129171486702242e-05 4.143847768445376e-06 2.093438964368826e-06
-4.471076592796708e-05 -8.690762383224278e-06 4.393678974534605e-06 2.304529152161068e-06
-4.230172140135887e-05 -6.118420555138641e-06 4.563394961548960e-06 2.443381376902485e-06
-5.201758466675038e-05 -1.131073878229035e-05 3.731958625388328e-06 2.146438579958416e-06
-4.957174500133108e-05 -8.690801176752201e-06 3.949573444798793e-06 2.301989873551645e-06
-4.713751874055995e-05 -6.089864676087233e-06 4.219018421056231e-06 2.471228940817337e-06
-5.692413950421853e-05 -1.132171906073654e-05 3.525471747109676e-06 2.252682816090067e-06
-5.446766996714081e-05 -8.690772805502327e-06 3.628043921701973e-06 2.317763909984433e-06
-5.201759587085670e-05 -6.070741094334542e-06 3.783378644585262e-06 2.469076309807004e-06
-6.184434443135116e-05 -1.132745859647836e-05 3.604976756567188e-06 2.404980721279943e-06
-5.938280912648729e-05 -8.690775299598670e-06 3.529917288622063e-06 2.318960101946819e-06
-5.692434915503376e-05 -6.059721278980489e-06 3.552501531899362e-06 2.427800077969224e-06
-6.677102762005940e-05 -1.133041730368531e-05 3.798709680965223e-06 2.446980373813351e-06
-6.430698328867743e-05 -8.690882710047507e-06 3.685091516539337e-06 2.307508675014163e-06
-6.184458006405930e-05 -6.054189808615107e-06 3.577190800195681e-06 2.260774598915868e-06
-7.733298474139884e-05 -1.104241201541376e-05 4.134989867590772e-06 2.419520469556404e-06
-7.663258804181280e-05 -1.133250692585961e-05 4.113997599872198e-06 2.428541418209845e-06
-6.897892546384808e-05 -8.691055380553032e-06 3.901039690530229e-06 2.328200945011227e-06
-7.170105935875604e-05 -1.133197823965965e-05 4.004468680674300e-06 2.427381382125542e-06
-6.677094602925045e-05 -6.051593201821838e-06 3.802674571761121e-06 2.223037334937916e-06
-7.762309863287216e-05 -1.034204071315972e-05 4.143868603709570e-06 2.398011138883290e-06
-7.596564467123020e-05 -8.691153801995245e-06 4.106015543644489e-06 2.343018077231444e-06
-7.170096212722347e-05 -6.050192956600838e-06 4.017478944196157e-06 2.252830328566891e-06
-7.762301639774643e-05 -7.040315262824291e-06 4.162970848682974e-06 2.279195962861451e-06
-7.663248769927014e-05 -6.049840437327670e-06 4.134056634822314e-06 2.245890278384892e-06
-7.733289390125705e-05 -6.339939158341586e-06 4.154933037397063e-06 2.255396199046687e-06
