3.228864730793245e-05 -2.759599465172286e-06 -3.501583655321088e-05 5.026037472784560e-06
3.244715543088424e-05 -2.376990717575102e-06 -3.512525007635380e-05 4.741748356716575e-06
3.244712351742791e-05 -5.731526726637095e-07 -3.508625505910240e-05 3.316957162522267e-06
3.228860957660251e-05 -1.905367621563408e-07 -3.496667803069148e-05 3.010006372463300e-06
3.190598943610303e-05 -2.918071898891268e-06 -3.474476018238351e-05 5.147168526610419e-06
3.118801071066603e-05 -1.475066855457892e-06 -3.413328314814808e-05 4.015133983775934e-06
3.190594168298256e-05 -3.206181487093031e-08 -3.467401683960591e-05 2.879091553171323e-06
2.921108534231149e-05 -2.917258287774661e-06 -3.256769985980010e-05 5.240135530008259e-06
2.921106059823543e-05 -3.295481793218504e-08 -3.248996529949457e-05 2.770823245248022e-06
2.772391312876416e-05 -1.475179772927357e-06 -3.138514614543013e-05 4.026935779592321e-06
2.651924002568589e-05 -2.912819072653877e-06 -3.019045063815581e-05 5.331487719773758e-06
2.651942065902384e-05 -3.782071803907898e-08 -3.013451920123216e-05 2.744931727665935e-06
2.517691003881169e-05 -1.475399671230796e-06 -2.905090473325882e-05 3.973234526296058e-06
2.384062824185779e-05 -2.902156101719694e-06 -2.757211979929493e-05 5.375349129606325e-06
2.384106518900635e-05 -4.912303628494201e-08 -2.763840900793273e-05 2.652908169544096e-06
2.250929070313605e-05 -1.475783860903654e-06 -2.634333530617672e-05 3.989853924753704e-06
2.118911719316315e-05 -2.883632660584570e-06 -2.494780010543619e-05 5.489690181466828e-06
2.118933940119828e-05 -6.831056483818908e-08 -2.501956238951524e-05 2.569998792368193e-06
1.987630097465897e-05 -1.476250861025572e-06 -2.362678852890280e-05 3.978103044265455e-06
1.858044760284572e-05 -2.856371080215994e-06 -2.231820605375266e-05 5.381854620313368e-06
1.858025847255914e-05 -9.631620798128879e-08 -2.251035779869812e-05 2.682798227044141e-06
1.729451695206757e-05 -1.476848034434274e-06 -2.110318719845129e-05 3.971905419441255e-06
1.603182888355665e-05 -2.819744679862116e-06 -1.977146599723672e-05 5.315180810205032e-06
1.603134553754873e-05 -1.344776091889145e-07 -2.018000376474114e-05 2.745810019028913e-06
1.478193177446740e-05 -1.477745800304689e-06 -1.861352554861957e-05 4.006853102018061e-06
1.356216187687902e-05 -2.772720731553853e-06 -1.732285411705446e-05 5.297171197900910e-06
1.356164264579943e-05 -1.836535240575568e-07 -1.781056017574717e-05 2.631920637680740e-06
1.235853181780378e-05 -1.478852204048732e-06 -1.610409525318028e-05 4.026192355636196e-06
1.119234834232307e-05 -2.714503978639253e-06 -1.513746811057645e-05 5.116973217676003e-06
1.119191026913275e-05 -2.443353239987504e-07 -1.533875629017684e-05 2.640691546123416e-06
1.004564177646805e-05 -1.480129518843038e-06 -1.371065405139125e-05 3.987359083083711e-06
8.944063475680134e-06 -2.644520039190260e-06 -1.295324472080411e-05 4.933518388003355e-06
8.943706915398015e-06 -3.171577166336572e-07 -1.283860152509303e-05 2.849122390030513e-06
7.865606356945111e-06 -1.481338895130822e-06 -1.168080346295089e-05 3.938403621767106e-06
6.839794269873424e-06 -2.561232094301144e-06 -1.111855521325646e-05 4.832239801588375e-06
6.839655302147199e-06 -4.034691711414953e-07 -1.085639116715015e-05 3.026833219699843e-06
5.880421196621520e-06 -1.482021133742340e-06 -1.014635715323178e-05 3.873391232851319e-06
4.978672280932439e-06 -2.465662934908923e-06 -9.668692055011914e-06 4.667253239357352e-06
4.978417615004429e-06 -5.053376198909819e-07 -9.448346195898559e-06 3.173430252813895e-06
4.318699078813691e-06 -1.554639144342187e-06 -9.083567971400920e-06 3.907549934094327e-06
3.701725067784811e-06 -2.376285517339827e-06 -8.718986621383882e-06 4.574041510374214e-06
3.699653827984608e-06 -5.994416343504209e-07 -8.626559383421870e-06 3.207534982136312e-06
2.859114195035194e-06 -2.297809701923771e-06 -8.043928014535674e-06 4.604764476129194e-06
2.998460841529815e-06 -1.771288153511590e-06 -8.181189146443598e-06 4.106278290190453e-06
2.855582356386314e-06 -6.600351766294244e-07 -8.062759066606261e-06 3.221075464637132e-06
2.291358646045916e-06 -7.245655427814966e-07 -7.573385342159625e-06 3.138912658250990e-06
5.667872103107872e-10 -1.807960883671486e-07 1.531416137810439e-06 -3.375149273697950e-08
4.290763801873895e-10 -1.803990603137633e-07 1.565850370266159e-06 -1.218549311751434e-07
4.717387854650399e-10 -1.791577661390077e-07 1.559759837295704e-06 -4.435196215825697e-07
6.038057693311615e-10 -1.788877099345757e-07 1.525660570795700e-06 -5.232418148185614e-07
2.284804118354271e-06 -2.242580913324311e-06 -7.551871715621843e-06 4.633907815840002e-06
1.814786089075498e-06 -2.165472438490321e-06 -7.050218591753012e-06 4.648030096395861e-06
2.154960378242063e-06 -1.296997472086956e-06 -7.489143476462462e-06 3.643702804394906e-06
1.794644546099531e-06 -7.508822835586354e-07 -7.136264857327353e-06 3.025788398065363e-06
9.496395463720091e-10 -1.810007175781400e-07 1.447442276074581e-06 2.792547417638544e-09
1.242994670777987e-09 -1.796805402531883e-07 1.367664353836488e-06 -3.542639139190206e-07
8.902702311729522e-10 -1.788436565620018e-07 1.447090160145582e-06 -5.547817595648013e-07
1.650490628655993e-06 -1.709504933070757e-06 -6.905358193168013e-06 4.177235848600047e-06
1.380723196878788e-06 -2.026272474521838e-06 -6.572083113489759e-06 4.579913067992668e-06
1.001431492265585e-06 -1.862831290955569e-06 -6.066773967720838e-06 4.422390418899573e-06
1.510045092050407e-06 -1.136161951096318e-06 -6.782671526384213e-06 3.461314540656708e-06
1.367391132041453e-06 -7.181719585681722e-07 -6.589559674963436e-06 2.813177352149667e-06
3.143290059112463e-09 -1.815013517843066e-07 9.175870489588058e-07 9.530440673247806e-09
2.981025263622927e-09 -1.792956448668383e-07 9.297434707867232e-07 -5.625455394484468e-07
4.408253509222397e-09 -1.807052542355499e-07 6.137102370293760e-07 -2.743723733070607e-07
6.825449228362499e-07 -1.653662296729643e-06 -5.549095475049003e-06 4.221742373918338e-06
9.367432407953178e-07 -1.448089968069837e-06 -5.986615334198514e-06 3.907392012925081e-06
1.061092937279841e-06 -9.777545010854190e-07 -6.171687899933815e-06 3.167330576416112e-06
1.003705869010327e-06 -6.402204122236308e-07 -6.111419467580777e-06 2.549272604223439e-06
5.926149476705559e-09 -1.822391156061770e-07 3.005731917853282e-07 2.674175851812020e-08
5.711397661285342e-09 -1.798615206563603e-07 2.862777140799246e-07 -5.686006747632272e-07
7.141285997636833e-09 -1.814089552313315e-07 -2.439704299057497e-09 -2.739647966409569e-07
4.097852933546749e-07 -1.437473242345574e-06 -5.054409956879200e-06 3.982650125732975e-06
2.032648031396971e-07 -1.218901368462940e-06 -4.539925272197025e-06 3.635278042727751e-06
6.529899046130164e-07 -9.187348502723971e-07 -5.476961298035983e-06 3.067238527687528e-06
7.066855300404460e-07 -5.197324038811607e-07 -5.574047620616548e-06 2.208913492717944e-06
8.301220839084109e-09 -1.824462908725615e-07 -3.602148308637362e-07 1.185150091643324e-07
8.095708995107576e-09 -1.811204499118175e-07 -3.323617954132454e-07 -6.232046352900118e-07
2.583440740525718e-07 -9.291261058009615e-07 -4.625984965783977e-06 3.105144351323316e-06
5.453296740772907e-08 -9.880376618905459e-07 -4.126229726925937e-06 3.243810350610102e-06
3.392679177752415e-07 -6.538191800370168e-07 -4.763996713823866e-06 2.485386827299967e-06
4.751635469507467e-07 -3.942809162175751e-07 -5.059767710017804e-06 1.740782968993415e-06
8.845528512006046e-09 -1.821773589737786e-07 -7.120265024618065e-07 -2.366764702432339e-07
9.281310410979023e-09 -1.822469715743525e-07 -1.091626767189068e-06 1.922232390246188e-07
8.847052905137887e-09 -1.826045213121293e-07 -1.094004897537205e-06 -6.670297024732674e-07
-6.091034068632018e-08 -7.708417106487211e-07 -3.767648718874564e-06 2.847694545459672e-06
-1.147503060883568e-07 -5.927796158302633e-07 -3.417399935491590e-06 2.355690233731576e-06
-1.236112168254664e-07 -4.251495363183361e-07 -3.129525456100566e-06 1.817666570153074e-06
1.863026093703179e-07 -4.455211639267830e-07 -4.376127900074992e-06 1.895485234049698e-06
3.029878945586842e-07 -2.839715445972378e-07 -4.758556888035016e-06 1.330146612575896e-06
9.114692975313081e-09 -1.831916590821241e-07 -1.401590994343064e-06 -2.329565964349144e-07
8.382627428403513e-09 -1.811142996735838e-07 -1.802781852038840e-06 3.366308630444940e-07
8.906291967189842e-09 -1.833229469064948e-07 -1.810128821108404e-06 -7.732362195625845e-07
-2.419605672837605e-08 -4.140251077687844e-07 -3.692484360184802e-06 1.818609205160366e-06
-1.152161295622888e-07 -2.933807091938060e-07 -2.913148799288830e-06 1.250906886473481e-06
-1.376061145746328e-08 -1.777548150572423e-07 -2.521291479454224e-06 4.660829983153290e-07
-3.428558393632412e-08 -1.815725307840591e-07 -2.703543707229587e-06 5.519467425447800e-07
-6.162297290442671e-08 -1.989365729895511e-07 -2.792872256943719e-06 7.254574747360082e-07
9.093241396771677e-08 -2.725192719975189e-07 -4.140569498227167e-06 1.295459128033967e-06
1.697597626959362e-07 -2.006352409257983e-07 -4.596448118778464e-06 8.871158249039466e-07
6.498103419445714e-09 -1.845830191289929e-07 -2.182795176199141e-06 -1.419499758773380e-07
2.954465631197448e-08 -1.812955942065684e-07 -2.475272729275268e-06 -8.911312647227639e-07
-4.138536911781885e-08 -2.101792489530194e-07 -3.273215915958378e-06 8.971167969296597e-07
-1.395730615524982e-08 -1.745129743646814e-07 -2.713810718166168e-06 1.727212601464024e-07
-3.730412647326928e-08 -1.774024121092850e-07 -2.919627911962382e-06 4.819064243603656e-07
4.312372215547532e-08 -1.788449881152539e-07 -3.935267393715267e-06 7.213940186740681e-07
7.067399042821018e-08 -1.563804577042679e-07 -4.515804441804736e-06 3.517862624134832e-07
2.252114047848200e-08 -1.747752950663055e-07 -2.698664129930040e-06 -5.030828856279178e-07
5.185500053499405e-08 -1.841800442812529e-07 -2.636790006464011e-06 -9.912465551080345e-07
-2.778065103045347e-09 -1.397875291438989e-07 -3.405032883600401e-06 5.349307614251305e-08
1.511802803358434e-08 -1.419586084065145e-07 -4.491302607314643e-06 -2.043070560448855e-07
-6.737094097642106e-08 -1.647836699257039e-07 -4.526361011901305e-06 -7.700845388532655e-07
4.121774463167995e-08 -1.692983156093959e-07 -3.053579040438485e-06 -8.533324943979614e-07
7.311988709589109e-08 -2.054700251627554e-07 -2.716391641903008e-06 -1.202336891866408e-06
1.140018842908394e-07 -2.941747665317608e-07 -2.827534772549181e-06 -1.827986464203808e-06
-1.777645364751328e-08 -1.460964025161177e-07 -3.955960133208904e-06 -8.456374428904411e-07
1.413024858293582e-07 -4.324188065278360e-07 -3.041319517992131e-06 -2.467525842902515e-06
-1.599040527655470e-07 -2.050377685839359e-07 -4.689251443864942e-06 -1.323157465429215e-06
5.441955874443518e-08 -2.807562914612680e-07 -3.419479972714472e-06 -1.830441406766971e-06
-8.973623920513913e-08 -2.900785687980603e-07 -4.229702044625629e-06 -1.876371528379465e-06
1.226177946255216e-07 -5.867230418538715e-07 -3.378956953414737e-06 -3.090785673579319e-06
-2.886434858487313e-07 -2.904094023742540e-07 -5.004450116838311e-06 -1.901924090924460e-06
-2.431244874166603e-07 -4.194948197166828e-07 -4.761170967604230e-06 -2.498162640519747e-06
-7.381105188410160e-08 -5.202495094854684e-07 -4.222481943198040e-06 -2.865851340444064e-06
7.129209425024758e-08 -7.828254573122791e-07 -3.791115932791944e-06 -3.636788963113692e-06
-4.266231230214702e-08 -1.000815470585204e-06 -4.224643436619404e-06 -4.090956267988480e-06
-4.756685994218146e-07 -3.963415387506366e-07 -5.376238203140601e-06 -2.463839525468130e-06
-3.769536295925829e-07 -6.168701713581058e-07 -5.093046963717715e-06 -3.139464678637867e-06
-2.503131612643999e-07 -9.237523852504493e-07 -4.815379329755454e-06 -3.897617711067967e-06
-1.933897175897601e-07 -1.236203431429862e-06 -4.698401887199042e-06 -4.530662798199118e-06
-7.145875390568558e-07 -5.183505892887546e-07 -5.869516646979912e-06 -2.933837832866485e-06
-6.549159782151389e-07 -9.325538317560260e-07 -5.735010581408948e-06 -3.883656694785607e-06
-4.056397425409772e-07 -1.458392358982908e-06 -5.209292723019358e-06 -4.934090878194489e-06
-6.848460213522493e-07 -1.677352435890695e-06 -5.761418882574313e-06 -5.311018934051732e-06
-1.010065394714484e-06 -1.888217565509756e-06 -6.344162685868521e-06 -5.623454732027028e-06
-1.024331391174266e-06 -1.033822697118415e-06 -6.458932812332854e-06 -4.089008553257549e-06
-1.015535547732352e-06 -6.435258087557794e-07 -6.444082366989520e-06 -3.292632067077214e-06
-9.448763993856813e-07 -1.467436351850510e-06 -6.277714847509891e-06 -4.905793339583469e-06
-1.395080192181565e-06 -2.052832334468654e-06 -6.967570100825005e-06 -5.860959004012935e-06
-1.831298622418044e-06 -2.183673452195871e-06 -7.687493697981050e-06 -6.017197818537856e-06
-1.351153781306740e-06 -1.124138606989265e-06 -7.050710703621589e-06 -4.275764906569277e-06
-1.387333102242304e-06 -7.317917333532930e-07 -7.114270226381395e-06 -3.589744847607904e-06
-2.297254647934568e-06 -2.260214086592633e-06 -8.436587723093043e-06 -6.057360440790637e-06
-1.751838980821671e-06 -1.524807142357183e-06 -7.639580528504411e-06 -4.923191839070745e-06
-1.814692635911796e-06 -7.689395338856039e-07 -7.740915642182340e-06 -3.776562594665892e-06
-2.395277644098712e-06 -1.605593168347941e-06 -8.640919675620532e-06 -5.040014909433490e-06
-2.863862977951213e-06 -2.319559186104085e-06 -9.313068118152483e-06 -5.992722864577915e-06
-2.281502184314845e-06 -7.600092809283377e-07 -8.440013688186112e-06 -3.828252605906333e-06
-3.694148258469136e-06 -2.379474444571747e-06 -1.049146586319568e-05 -5.980985542876895e-06
-3.013471830428586e-06 -1.216985012726169e-06 -9.535516331980126e-06 -4.519902635561132e-06
-2.860999708371879e-06 -7.005439168653336e-07 -9.286003426180601e-06 -3.808098527059455e-06
-4.958741606953195e-06 -2.472754391014506e-06 -1.208760507218221e-05 -5.972079854077038e-06
-4.306123840048817e-06 -1.434274917742777e-06 -1.126460595734043e-05 -4.763737094338895e-06
-3.696296102196248e-06 -6.220090629746092e-07 -1.043636341509896e-05 -3.765220251845535e-06
-6.804953960847090e-06 -2.573750381963643e-06 -1.403974163036049e-05 -5.921218278230422e-06
-5.852959127183102e-06 -1.504046357432859e-06 -1.301445748930442e-05 -4.854770360547176e-06
-4.959844215024135e-06 -5.308758480222949e-07 -1.198222413132651e-05 -3.712969780366232e-06
-8.896836563720030e-06 -2.658048028899310e-06 -1.598380147613190e-05 -5.796165667843638e-06
-7.824647549855657e-06 -1.502422746397575e-06 -1.497776484653095e-05 -4.830155533090685e-06
-6.805454547285226e-06 -4.315657913297885e-07 -1.396015730797959e-05 -3.707071954198890e-06
-1.113086849137915e-05 -2.724770861654562e-06 -1.790928861970837e-05 -5.832985315620865e-06
-9.992652534216238e-06 -1.501568213578353e-06 -1.693682319586820e-05 -4.809494232015162e-06
-8.896963279316641e-06 -3.458130285315116e-07 -1.597837266829330e-05 -3.767050444968803e-06
-1.347388438802951e-05 -2.773440928261381e-06 -1.974922707320347e-05 -5.894371144301098e-06
-1.228705176514071e-05 -1.500914904694952e-06 -1.885397481698020e-05 -4.826387736527869e-06
-1.113094816898726e-05 -2.775598042577737e-07 -1.795458638404538e-05 -3.767474506752057e-06
-1.589121066602299e-05 -2.804739706710366e-06 -2.166502013474255e-05 -5.888486898053309e-06
-1.467289517585762e-05 -1.500583271340664e-06 -2.072521131227289e-05 -4.831356651729326e-06
-1.347397383158866e-05 -2.279849792419943e-07 -1.985319280987072e-05 -3.768538027017162e-06
-1.835082621949499e-05 -2.821112195759432e-06 -2.375218837198079e-05 -6.017609767614363e-06
-1.711622031328996e-05 -1.500520232913292e-06 -2.269080277531306e-05 -4.828968568744014e-06
-1.589120386506577e-05 -1.963473818920938e-07 -2.177524926595648e-05 -3.799133885372782e-06
-2.082728564648996e-05 -2.826213513989860e-06 -2.602348649979101e-05 -6.197652190985976e-06
-1.958776498009026e-05 -1.500538999381366e-06 -2.485493118771481e-05 -4.859163217715396e-06
-1.835074052351346e-05 -1.800760047072819e-07 -2.382121253836434e-05 -3.704898524553002e-06
-2.330349435927615e-05 -2.824843048434896e-06 -2.849985887668645e-05 -6.207153194621015e-06
-2.206608478178446e-05 -1.500793851564106e-06 -2.723244746266135e-05 -4.876715802524422e-06
-2.082691999413300e-05 -1.751496870747899e-07 -2.606529429066014e-05 -3.593977250330779e-06
-2.577216509714117e-05 -2.821652882159177e-06 -3.109107802594088e-05 -6.280257010564239e-06
-2.453898701431223e-05 -1.501149497025688e-06 -2.976705988230544e-05 -4.916875524166153e-06
-2.330308851032159e-05 -1.770555649836855e-07 -2.845844767089376e-05 -3.583963660731677e-06
-3.104157945589589e-05 -2.674328189016187e-06 -3.635493395810845e-05 -6.077211162945382e-06
-3.069233278135701e-05 -2.819007249252769e-06 -3.601808448145669e-05 -6.219786164601240e-06
-2.687549642304509e-05 -1.501534839805447e-06 -3.223621298398506e-05 -4.949174570076328e-06
-2.823373348690394e-05 -2.819482383934275e-06 -3.357056310700207e-05 -6.334320461683529e-06
-2.577186876801236e-05 -1.809656982862421e-07 -3.113541829055573e-05 -3.544819649298931e-06
-3.118623939728923e-05 -2.325055392992467e-06 -3.649698073402039e-05 -5.738990075236617e-06
-3.035996206162799e-05 -1.501861527538186e-06 -3.574907628739636e-05 -4.983667670796714e-06
-2.823364208454292e-05 -1.838932423787707e-07 -3.361752645810760e-05 -3.636185807053679e-06
-3.118621456334788e-05 -6.786939218466440e-07 -3.656821991188336e-05 -4.187987841601121e-06
-3.069228300782269e-05 -1.847088793768471e-07 -3.609297017768976e-05 -3.698506034827299e-06
-3.104154683499125e-05 -3.293998259360844e-07 -3.643075852657489e-05 -3.843511703502049e-06
