6.418289620677928e-05 -8.156889166911399e-06 -1.663405187040507e-05 3.790334204315537e-06
6.444316734375854e-05 -7.528548915053714e-06 -1.667431151124131e-05 3.681323824182912e-06
6.444323698501849e-05 -4.566378609744974e-06 -1.648756075943308e-05 3.115655653386775e-06
6.418297882398996e-05 -3.938064554853036e-06 -1.642474187376575e-05 2.996919750588070e-06
6.355454785188641e-05 -8.417155609789003e-06 -1.652604715563796e-05 3.832994985095012e-06
6.237595522204759e-05 -6.047502262654478e-06 -1.618365516193771e-05 3.363816375609785e-06
6.355465538591638e-05 -3.677812175439610e-06 -1.628828876097409e-05 2.950286608547671e-06
5.913002555650692e-05 -8.417161698751644e-06 -1.580208279071548e-05 3.728181588505898e-06
5.913022758079140e-05 -3.678132488039557e-06 -1.551228069655899e-05 3.009485694646376e-06
5.668718477483906e-05 -6.047748708016678e-06 -1.526887838517238e-05 3.390030505365343e-06
5.470510864651191e-05 -8.416004022049728e-06 -1.511505071421780e-05 3.831333805873565e-06
5.470535710555838e-05 -3.679814648896094e-06 -1.492337469898206e-05 3.134206347068972e-06
5.249393286035465e-05 -6.048094089745286e-06 -1.463013859683622e-05 3.323692106576600e-06
5.028524387156750e-05 -8.410620738891907e-06 -1.438450240699187e-05 3.752682034428651e-06
5.028572165246826e-05 -3.685957621469308e-06 -1.448096418936523e-05 3.032659859243017e-06
4.807991717727654e-05 -6.048546896407392e-06 -1.394917921045250e-05 3.360877841691040e-06
4.588119858276532e-05 -8.398720222555211e-06 -1.376223132556066e-05 3.791566914096437e-06
4.588192050082553e-05 -3.698828071249131e-06 -1.365431714737359e-05 2.879969484355165e-06
4.368840781260159e-05 -6.049057958494461e-06 -1.302469946333757e-05 3.329175236462194e-06
4.150691552358205e-05 -8.379360882617972e-06 -1.282700971779767e-05 3.886534720600792e-06
4.150779389359281e-05 -3.719328744763082e-06 -1.259145917921521e-05 2.732345418055810e-06
3.933397599780731e-05 -6.049594834054095e-06 -1.196142913542361e-05 3.317286849636460e-06
3.717695527296517e-05 -8.352353921877017e-06 -1.166039343946050e-05 3.922031905989752e-06
3.717787010018992e-05 -3.747508156106843e-06 -1.143005983933867e-05 2.686831193144751e-06
3.503086263076421e-05 -6.050078183679148e-06 -1.095075700441994e-05 3.292510060027296e-06
3.290540025421547e-05 -8.317176294079868e-06 -1.047637759337054e-05 3.836616875814385e-06
3.290646471552713e-05 -3.783768779226666e-06 -1.037860614994567e-05 2.794442140688713e-06
3.079340559157551e-05 -6.050707068750846e-06 -1.006946377465554e-05 3.264919876048551e-06
2.870812875291378e-05 -8.272111790778242e-06 -9.460512285359332e-06 3.787758594725433e-06
2.870918203560093e-05 -3.829898889779141e-06 -9.493019416222811e-06 2.828544421414410e-06
2.663961161403420e-05 -6.051231187023492e-06 -9.238679341153047e-06 3.228206600490473e-06
2.460614996035670e-05 -8.214251114745822e-06 -8.552853264359869e-06 3.857216164024287e-06
2.460701047639800e-05 -3.888600465666096e-06 -8.738236017269490e-06 2.783074745992059e-06
2.259328935658754e-05 -6.051724792150536e-06 -8.194333411512445e-06 3.215422459055542e-06
2.062489812324911e-05 -8.141079390882894e-06 -7.484035192676231e-06 3.817746310536717e-06
2.062537067027309e-05 -3.963010993073100e-06 -7.771436045759540e-06 2.662100457671734e-06
1.875903996729059e-05 -6.051637855813274e-06 -7.069050040516156e-06 3.207465538109355e-06
1.694551958693082e-05 -8.052761155317686e-06 -6.449122811573881e-06 3.741461746263082e-06
1.694553245676524e-05 -4.055803959767132e-06 -6.665334069065434e-06 2.643410718794306e-06
1.560102635780590e-05 -6.203471491223851e-06 -6.138110307863542e-06 3.256196952435955e-06
1.428170880327830e-05 -7.968061703417008e-06 -5.726558780180410e-06 3.636659672935538e-06
1.427964932345139e-05 -4.144395663308299e-06 -5.815672801027952e-06 2.680956333643510e-06
1.242546363100612e-05 -7.892333005981998e-06 -5.382727372906917e-06 3.578365729960607e-06
1.276407707491680e-05 -6.689480402568084e-06 -5.447898725578356e-06 3.343518354485799e-06
1.242174371367495e-05 -4.202203174700521e-06 -5.382633719672581e-06 2.656581443873178e-06
1.111871409286474e-05 -4.264522051729273e-06 -5.059002878568622e-06 2.676675324153022e-06
-1.500215004195038e-06 -1.456588612222547e-07 6.981420415705762e-07 -1.697449111345671e-07
-1.530113399751206e-06 -7.375635612810191e-08 7.082944013639966e-07 -1.850432217314431e-07
-1.529904363066839e-06 1.941620832150337e-07 6.992639208624956e-07 -2.404835722870227e-07
-1.500140789340168e-06 2.651060046451893e-07 6.875121081684789e-07 -2.559896135164798e-07
1.111273784558173e-05 -7.838388410329207e-06 -5.128358123286833e-06 3.581312759814175e-06
9.970309702782423e-06 -7.723969513871160e-06 -4.851610673353454e-06 3.576544926244555e-06
1.083404196831649e-05 -5.608201689734853e-06 -4.999909491361824e-06 3.050468234182518e-06
9.951588979975555e-06 -4.230493644613632e-06 -4.764860391013696e-06 2.665176139686664e-06
-1.428631959045047e-06 -1.753808168630712e-07 6.755084324864963e-07 -1.650085521232639e-07
-1.356449036521739e-06 1.185130749177493e-07 6.497818174737256e-07 -2.307591768935414e-07
-1.429140961507680e-06 2.947742475876533e-07 6.647424868752936e-07 -2.637838851715501e-07
9.593391724286922e-06 -6.633227841450483e-06 -4.755999365099152e-06 3.305730350640359e-06
8.872168371466103e-06 -7.471269743541177e-06 -4.554616846980402e-06 3.556906748121755e-06
7.845278537678792e-06 -7.118697064257047e-06 -4.212233621842157e-06 3.495655492728801e-06
9.250483344175268e-06 -5.179404276025340e-06 -4.630975816424717e-06 2.904379798431318e-06
8.872736896768334e-06 -4.022387850267064e-06 -4.518708183184395e-06 2.530875314652541e-06
-9.433542166979662e-07 -1.828801585649113e-07 5.504735527815151e-07 -1.857832156275933e-07
-9.427648797801680e-07 3.041302138656874e-07 5.543637685894080e-07 -2.867369197410034e-07
-6.909723468313408e-07 6.104847465067355e-08 4.850880630411781e-07 -2.405427477436325e-07
6.905174480615761e-06 -6.647731500541234e-06 -3.839152330781817e-06 3.392872639110117e-06
7.696011571960589e-06 -6.035333412355164e-06 -4.182751206258393e-06 3.149799609788484e-06
8.044589487656340e-06 -4.717233921059938e-06 -4.300242277571085e-06 2.715971125200762e-06
7.896770235422786e-06 -3.659809956549144e-06 -4.277817973059991e-06 2.289844320266235e-06
-4.175835872227584e-07 -2.276120491542784e-07 3.928844227250754e-07 -1.225829674582992e-07
-4.173694235090868e-07 3.504940490267614e-07 3.608905318500568e-07 -4.061639416621306e-07
-1.061028973542418e-07 6.192203577645097e-08 2.175964034884618e-07 -2.899914381339583e-07
6.044810027236413e-06 -6.100191624506182e-06 -3.467680928185238e-06 3.207458315225824e-06
5.293003679835205e-06 -5.485921207009996e-06 -3.106265715758365e-06 2.951189189059423e-06
6.845477011340766e-06 -4.522111440250923e-06 -3.877017282538147e-06 2.594468137732199e-06
7.046034541308450e-06 -3.154038238191634e-06 -3.995661369457680e-06 1.966728814224903e-06
2.508750569744226e-07 -3.240701695168975e-07 6.837782945406193e-08 -1.474115985056039e-07
2.512710879930214e-07 4.491044398018110e-07 6.427033268339893e-08 -4.682410788817220e-07
5.485286075738738e-06 -4.577307273396354e-06 -3.199318075136485e-06 2.561320422012815e-06
4.649639493069685e-06 -4.800278955291057e-06 -2.769692558872883e-06 2.650289827095269e-06
5.797414981440757e-06 -3.594698426415048e-06 -3.373753791576109e-06 2.112975011239041e-06
6.336102850782106e-06 -2.555393828298351e-06 -3.681429363585060e-06 1.565900098518004e-06
6.442149818602303e-07 6.296031263281258e-08 -9.249694873326175e-08 -3.199592998383341e-07
1.111169535371573e-06 -4.633372085440077e-07 -3.632936727930916e-07 -1.736475245815890e-08
1.110615077706068e-06 5.915618964329282e-07 -3.463339187344455e-07 -6.341096752625755e-07
4.094800634250812e-06 -4.075496580971539e-06 -2.468116608628352e-06 2.298145326945719e-06
3.663877022892342e-06 -3.345691680292709e-06 -2.242928466290762e-06 1.938053744342095e-06
3.344144158835809e-06 -2.587353454136278e-06 -1.998430235270858e-06 1.526924958729773e-06
5.168622735876132e-06 -2.741654471905485e-06 -3.058788085847793e-06 1.648751834479127e-06
5.775339515409476e-06 -1.900243314365733e-06 -3.441867419571317e-06 1.142131494280574e-06
1.486350243360440e-06 6.211044169849476e-08 -5.784811620038817e-07 -3.102913744512866e-07
1.945641527767058e-06 -5.999693827345176e-07 -8.442116461444951e-07 1.148297112751204e-07
1.946637174553018e-06 7.367515949450918e-07 -8.779679303832975e-07 -7.803975202707196e-07
4.071652951121180e-06 -2.578961623626254e-06 -2.462714051317894e-06 1.544256791699385e-06
3.111262583765858e-06 -1.832935764693514e-06 -1.795209769409200e-06 1.036314487117237e-06
2.689846970379398e-06 -7.146403409555969e-07 -1.399442296490198e-06 2.736680039271730e-07
2.897670952353660e-06 -8.346494458204882e-07 -1.575687980556476e-06 3.671489628831789e-07
2.997995980594008e-06 -1.086181153141564e-06 -1.669560052343427e-06 5.409867843051110e-07
4.737383299723006e-06 -1.807152940405903e-06 -2.837828588173164e-06 1.071179071821587e-06
5.354730753671831e-06 -1.222032056317069e-06 -3.239184721190717e-06 6.467033824917789e-07
2.358118252242323e-06 -3.517149253143048e-08 -1.117439244422714e-06 -2.514287940666617e-07
2.720390616424764e-06 8.434461342813999e-07 -1.376123601418227e-06 -8.925475304612957e-07
3.617895561105999e-06 -1.306047972348537e-06 -2.104185439239377e-06 6.940284995903853e-07
2.925738887483482e-06 -3.597485695145135e-07 -1.577232558985398e-06 1.719252196332867e-08
3.172826713189406e-06 -7.485585681552591e-07 -1.776937522703913e-06 3.064669113680893e-07
4.441555314703284e-06 -1.014372014567619e-06 -2.623627732820347e-06 4.792756669719882e-07
5.082296116909012e-06 -5.547634844497534e-07 -3.059539861788387e-06 1.265785212553249e-07
2.964238492049159e-06 3.981664220569165e-07 -1.569023616496435e-06 -5.591636757926818e-07
2.951276734866302e-06 9.558913437113930e-07 -1.548321743691134e-06 -9.848491792310345e-07
3.780632519473227e-06 -1.795322370426580e-07 -2.178598014177433e-06 -1.044022250601717e-07
4.974664320365870e-06 9.423693207906636e-08 -3.014277738241686e-06 -3.422447463083812e-07
4.986597375190713e-06 7.107258281867157e-07 -3.102393929108563e-06 -7.884014579601873e-07
3.424502465736740e-06 8.131204081944477e-07 -1.900185375081617e-06 -8.719291081021559e-07
3.090549652031760e-06 1.187811366012848e-06 -1.648698494871306e-06 -1.171566345640019e-06
3.269647637861604e-06 1.809550974503499e-06 -1.773632004669264e-06 -1.661579198554226e-06
4.384567485925162e-06 8.021283143559947e-07 -2.645132028907380e-06 -8.337810256893897e-07
3.519020755001917e-06 2.382953919004149e-06 -1.939893582119786e-06 -2.134848175489656e-06
5.126238130566789e-06 1.324146920786239e-06 -3.294615170717206e-06 -1.237801384983633e-06
3.840288221107491e-06 1.840286424168242e-06 -2.211814033080158e-06 -1.677319703773906e-06
4.650410604285039e-06 1.886172735344243e-06 -2.915231937349011e-06 -1.699138126701254e-06
3.820851215635134e-06 2.918019784942388e-06 -2.147840046259779e-06 -2.588543334863967e-06
5.365614420783701e-06 1.887225255956080e-06 -3.548482491188842e-06 -1.693884470791021e-06
5.128722055667867e-06 2.418457588600723e-06 -3.346476351856142e-06 -2.143096224919350e-06
4.606115931724017e-06 2.740126578976468e-06 -2.852859328239019e-06 -2.426916817492858e-06
4.176491047870345e-06 3.401745675453978e-06 -2.411850336778386e-06 -3.063780196375934e-06
4.573568148137424e-06 3.833990724267597e-06 -2.725813318942905e-06 -3.513872662265027e-06
5.688357158482760e-06 2.392644908963071e-06 -3.870944674543225e-06 -2.104991147422890e-06
5.432731293705572e-06 2.987429240459277e-06 -3.613180449023545e-06 -2.639465885733831e-06
5.137795646035377e-06 3.657781654702971e-06 -3.265887727187561e-06 -3.322427618078585e-06
5.013615900069145e-06 4.209427815111730e-06 -3.118130812624057e-06 -3.971907583183507e-06
6.083422239379439e-06 2.821301150579871e-06 -4.302331262839230e-06 -2.453611514395516e-06
5.955783155073772e-06 3.648723474686841e-06 -4.170922391148801e-06 -3.320572003734302e-06
5.483600849875350e-06 4.530923074434091e-06 -3.628713221548811e-06 -4.383618734909120e-06
5.974872948448051e-06 4.790642488137293e-06 -4.203267466238299e-06 -4.744278729588678e-06
6.486100118656291e-06 4.986109423253550e-06 -4.854231333371242e-06 -5.099316481557120e-06
6.534646851945976e-06 3.820255757914413e-06 -4.874797629342957e-06 -3.501207209881531e-06
6.534207251518172e-06 3.162011308312405e-06 -4.874037504162247e-06 -2.758809266629513e-06
6.422496709367883e-06 4.454463352634290e-06 -4.733019171261668e-06 -4.319706649366473e-06
7.005445082484763e-06 5.124607182305127e-06 -5.569626101645042e-06 -5.384502865226503e-06
7.527816733515355e-06 5.200555649111648e-06 -6.367784089557514e-06 -5.601805886016943e-06
6.982486756043726e-06 3.965945518835678e-06 -5.452392527446555e-06 -3.651045756752112e-06
7.021990104032825e-06 3.414149331472804e-06 -5.521109629572276e-06 -2.924326581724105e-06
8.050413168324133e-06 5.218001932278507e-06 -7.244253536420865e-06 -5.707323724233836e-06
7.477791391013704e-06 4.464372462962092e-06 -6.214536866988734e-06 -4.402742527234720e-06
7.533476761134138e-06 3.573112023789774e-06 -6.315181250846664e-06 -2.964733914740559e-06
8.167130059107379e-06 4.539762241642264e-06 -7.423567807080603e-06 -4.520378164050641e-06
8.611590262618664e-06 5.203994519697762e-06 -8.240026343972684e-06 -5.768942332657536e-06
8.054086942415401e-06 3.632521112560784e-06 -7.222381554487093e-06 -2.948481625984060e-06
9.371285763961148e-06 5.190768709273467e-06 -9.685296981565335e-06 -5.830903194314029e-06
8.777652102018196e-06 4.159288553654201e-06 -8.532092651266437e-06 -3.800588787181000e-06
8.611690841394603e-06 3.648289066074076e-06 -8.258277362853306e-06 -2.853327788241154e-06
1.038774188748552e-05 5.171602486189616e-06 -1.185304647175171e-05 -5.884536172054072e-06
9.890292072777585e-06 4.369748417032189e-06 -1.081197221654799e-05 -4.171121798959430e-06
9.370329697027468e-06 3.667854646245049e-06 -9.785155493805993e-06 -2.744400733395917e-06
1.169344400770495e-05 5.152455638153037e-06 -1.492726852267486e-05 -5.997873435691478e-06
1.104604075959812e-05 4.430425866025491e-06 -1.339671895861375e-05 -4.235816866349150e-06
1.038699399966006e-05 3.688832240301327e-06 -1.196508773536094e-05 -2.632800937667971e-06
1.302159993434924e-05 5.136573585128217e-06 -1.839379111947797e-05 -6.114778399353794e-06
1.236254536772759e-05 4.432172004861898e-06 -1.666078878393322e-05 -4.199998047248844e-06
1.169291267350656e-05 3.710282991790500e-06 -1.504580962643629e-05 -2.436463640309217e-06
1.431976630623512e-05 5.122176152108694e-06 -2.210921099712597e-05 -6.144638265452961e-06
1.367545854738894e-05 4.433687270398450e-06 -2.022412137861143e-05 -4.163707467723863e-06
1.302124012782508e-05 3.729252357885246e-06 -1.849602748994835e-05 -2.311223220729345e-06
1.558936128462037e-05 5.109017169723213e-06 -2.596606584684708e-05 -6.145392195843988e-06
1.495897574928000e-05 4.435101449289417e-06 -2.396256339586552e-05 -4.135607093411631e-06
1.431939506326663e-05 3.746602828551152e-06 -2.211011763039440e-05 -2.209411199274327e-06
1.683271748304786e-05 5.097090820753626e-06 -2.965225082110345e-05 -6.037844779651402e-06
1.621495857763057e-05 4.436407008385583e-06 -2.771404887182112e-05 -4.148105506712458e-06
1.558887464984961e-05 3.762604897614292e-06 -2.579941497363000e-05 -2.175039710532155e-06
1.805341848112267e-05 5.087116279569711e-06 -3.295015005655752e-05 -5.775384949462076e-06
1.744632574308030e-05 4.437497707907884e-06 -3.128721396527513e-05 -4.180608863621110e-06
1.683221435682280e-05 3.776849623046107e-06 -2.944328969087208e-05 -2.263527834091944e-06
1.925566975128298e-05 5.079207104222391e-06 -3.569133501665924e-05 -5.476253491196421e-06
1.865720604654775e-05 4.438424846088814e-06 -3.438560503529980e-05 -4.154877254838451e-06
1.805309631992325e-05 3.788782768804426e-06 -3.286965101540329e-05 -2.478561843633891e-06
2.044331149499510e-05 5.073303266905698e-06 -3.798766501092903e-05 -5.325938114905104e-06
1.985153840523713e-05 4.439346587335408e-06 -3.691188269444655e-05 -4.136640382768223e-06
1.925544803939188e-05 3.798525364478029e-06 -3.573012972132709e-05 -2.728432782550302e-06
2.162041532576990e-05 5.069423084373533e-06 -4.019561090046365e-05 -5.279963879001831e-06
2.103323387324147e-05 4.440203728586860e-06 -3.911231567389507e-05 -4.102373487214304e-06
2.044317585251797e-05 3.806264452960732e-06 -3.808256089199648e-05 -2.901016327717324e-06
2.412345165172474e-05 4.998105446197820e-06 -4.462422497015191e-05 -5.084472295948826e-06
2.395760145114380e-05 5.066820618854440e-06 -4.432905927521779e-05 -5.206293291781245e-06
2.214516624792686e-05 4.440879949538043e-06 -4.109675645117802e-05 -4.118039992129888e-06
2.279038543536234e-05 5.067254467763163e-06 -4.228662450231363e-05 -5.168981286433587e-06
2.162016156467506e-05 3.811800017297972e-06 -4.012362794280064e-05 -3.023379501800622e-06
2.419214463559292e-05 4.832224547229722e-06 -4.474398031108704e-05 -4.787147979648485e-06
2.379980792658306e-05 4.441270378715039e-06 -4.400008301623540e-05 -4.065649581808256e-06
2.279023918010858e-05 3.814901151115174e-06 -4.221881708862197e-05 -2.964582240879696e-06
2.419207796425866e-05 4.050359629597379e-06 -4.464862101887713e-05 -3.397891867177098e-06
2.395749972007331e-05 3.815727100564780e-06 -4.422626593597283e-05 -2.987944679255390e-06
2.412337256285482e-05 3.884455482512407e-06 -4.452286101718043e-05 -3.107984538206181e-06
