7.613922920618764e-05 -1.077010635697507e-05 1.062053678051856e-05 -2.463639975670317e-06
7.643526169193353e-05 -1.005543536971024e-05 1.067953785425105e-05 -2.319445028005112e-06
7.643540790714638e-05 -6.686558511559534e-06 1.075876899349982e-05 -1.551008254369757e-06
7.613939590467806e-05 -5.971897318061808e-06 1.070939697987074e-05 -1.416684833719907e-06
7.542455497187156e-05 -1.106613348807368e-05 1.047837524425531e-05 -2.525034595176531e-06
7.408435296255880e-05 -8.371020886727789e-06 1.018329423565015e-05 -1.957320765763903e-06
7.542474943581929e-05 -5.675872998934085e-06 1.058093679168055e-05 -1.360861056223773e-06
7.039285826344924e-05 -1.106619897793425e-05 9.281823965202334e-06 -2.592048346538039e-06
7.039307914227538e-05 -5.675721697366727e-06 9.414846059585155e-06 -1.383266767240479e-06
6.761486899756728e-05 -8.370878495790525e-06 8.827830511224779e-06 -1.990870117879475e-06
6.536062229583160e-05 -1.106650362173265e-05 8.260579401810469e-06 -2.440858381205519e-06
6.536070845282665e-05 -5.675401501356509e-06 8.274808546062786e-06 -1.424883256111091e-06
6.284389786180587e-05 -8.370828155122015e-06 7.888019037312730e-06 -2.033345061302121e-06
6.032729069743790e-05 -1.106611151908969e-05 7.480683510151245e-06 -2.412246294986696e-06
6.032734224199262e-05 -5.675786982313928e-06 7.190371954194894e-06 -1.556113739519887e-06
5.781061210298521e-05 -8.370547598057037e-06 6.990134932002076e-06 -2.012626582707852e-06
5.529500773523667e-05 -1.106274238989910e-05 6.829174331858521e-06 -2.441943494210934e-06
5.529577614794418e-05 -5.678752722685971e-06 6.381107426422885e-06 -1.590909333899705e-06
5.278133724931746e-05 -8.370443369352738e-06 6.253151904411969e-06 -2.022371423669309e-06
5.027176718581111e-05 -1.105315527804001e-05 6.146087799543802e-06 -2.337655097776347e-06
5.027288573002345e-05 -5.687856943609868e-06 5.748353174806213e-06 -1.709443703422339e-06
4.776705757689258e-05 -8.370559748435641e-06 5.658578000824070e-06 -2.002367705825378e-06
4.527290780893328e-05 -1.103348528312031e-05 5.550356096522559e-06 -2.159464057211559e-06
4.527370167585799e-05 -5.707432422768066e-06 5.327423770699227e-06 -1.829289186423573e-06
4.278741086223206e-05 -8.370827788640229e-06 5.248768506792461e-06 -1.994815952913953e-06
4.032162876326308e-05 -1.100027077898227e-05 5.289918644305065e-06 -2.117450609783056e-06
4.032199014247303e-05 -5.741213593828834e-06 5.104184704018366e-06 -1.882445846507975e-06
3.786935604581121e-05 -8.371143911882155e-06 5.054599906228898e-06 -1.985745537056118e-06
3.544748366863118e-05 -1.095090945253810e-05 5.364408279702175e-06 -1.920647916264249e-06
3.544742976241295e-05 -5.791276375681052e-06 5.127880456663948e-06 -2.020785400826964e-06
3.304425652682085e-05 -8.371381955238935e-06 5.141175953763656e-06 -1.946222397347228e-06
3.068182387247887e-05 -1.088567963744606e-05 5.477332547669151e-06 -1.850465952544917e-06
3.068146808487558e-05 -5.857100504309870e-06 5.188786245873459e-06 -2.065069892570116e-06
2.834205294630233e-05 -8.371457684709978e-06 5.363786061432158e-06 -1.920054519008880e-06
2.605221098344890e-05 -1.080576351512580e-05 5.574626168983493e-06 -1.893848439433349e-06
2.605139142760651e-05 -5.937569871308337e-06 5.375802528697252e-06 -1.995856244913876e-06
2.387861884582439e-05 -8.370786125427085e-06 5.546321504038087e-06 -1.878487072232346e-06
2.176009693692474e-05 -1.071476431306646e-05 5.610443038770837e-06 -1.908612829728656e-06
2.175909152583706e-05 -6.031752374629209e-06 5.474718094133107e-06 -1.887354378499039e-06
2.018652416761519e-05 -8.548975004989538e-06 5.563069958190852e-06 -1.846511807007093e-06
1.863269540913486e-05 -1.063160404129388e-05 5.559171009450156e-06 -1.947534918422301e-06
1.863018593493212e-05 -6.117032128744657e-06 5.448826381150742e-06 -1.766876278559925e-06
1.643536602255002e-05 -1.056062200423010e-05 5.370436629655072e-06 -2.025290353898205e-06
1.684263160937800e-05 -9.126218363624854e-06 5.419135964949016e-06 -1.881114568360764e-06
1.643204321454120e-05 -6.170473805107185e-06 5.371686340388771e-06 -1.734293377463148e-06
1.487787823387522e-05 -6.226607804755365e-06 5.212529227295165e-06 -1.607433816324092e-06
-2.229198971864681e-06 -4.860687906666690e-07 -1.013063609862620e-06 1.015350914929237e-06
-2.272878555289710e-06 -3.809196937710879e-07 -1.037016362834059e-06 1.066646935838590e-06
-2.272612476708541e-06 1.027649653864896e-08 -1.029686507395705e-06 1.263994097531598e-06
-2.229178074281362e-06 1.137786146795478e-07 -1.003200128256843e-06 1.316400932316693e-06
1.487220018346417e-05 -1.051152812831559e-05 5.249430349987202e-06 -2.081713261370152e-06
1.349696080052390e-05 -1.038885646166209e-05 5.066667943062868e-06 -2.135719035349290e-06
1.454476451461213e-05 -7.836666270192562e-06 5.222651707241090e-06 -1.732994234019825e-06
1.348184141168220e-05 -6.164315429779637e-06 5.093013541467627e-06 -1.492755201308088e-06
-2.124564156282527e-06 -5.296023430534675e-07 -9.566404093404679e-07 9.959168121661384e-07
-2.019446658180286e-06 -1.005096003801848e-07 -8.985930617027097e-07 1.215934152904634e-06
-2.125588999392514e-06 1.569421227013835e-07 -9.460463277859689e-07 1.339910107642456e-06
1.304808961393277e-05 -9.077881348010379e-06 5.019599391700856e-06 -1.968932745880243e-06
1.216487041295699e-05 -1.010328871998008e-05 4.874885496778001e-06 -2.146543714918304e-06
1.090483485949804e-05 -9.689354714800218e-06 4.611852046824213e-06 -2.085684034503906e-06
1.263604166031041e-05 -7.311014488458164e-06 4.963890653766084e-06 -1.646123209762799e-06
1.217530879207853e-05 -5.883432298888305e-06 4.879791307385799e-06 -1.324241931508085e-06
-1.416165093417969e-06 -5.420932079516393e-07 -6.269544097259242e-07 1.041648863027537e-06
-1.415732743480628e-06 1.695466296938137e-07 -6.199973029011165e-07 1.379828573766164e-06
-1.047846630110135e-06 -1.864829395552835e-07 -4.235990600262557e-07 1.226330728616977e-06
9.733205205186505e-06 -9.131948544900836e-06 4.323635963207443e-06 -2.007963599379774e-06
1.072761627385766e-05 -8.366647986038546e-06 4.565383856148961e-06 -1.854577457572679e-06
1.115925228990939e-05 -6.736048197061939e-06 4.681113297058553e-06 -1.479576336919578e-06
1.098093758416766e-05 -5.403602531014843e-06 4.672778047883926e-06 -1.124810152461979e-06
-6.476205205848597e-07 -6.107540915599564e-07 -2.498827878070490e-07 1.048046098856771e-06
-6.479803544840505e-07 2.368822579905583e-07 -2.366022730355280e-07 1.424747467368644e-06
-1.911189665773818e-07 -1.873891216634744e-07 -5.439581735747673e-08 1.232410007894268e-06
8.649629171544159e-06 -8.468787433401347e-06 4.046238195842575e-06 -1.911548301671456e-06
7.682124273762485e-06 -7.709896953638786e-06 3.760208667684530e-06 -1.738459957841998e-06
9.666870338441786e-06 -6.489072470727651e-06 4.277488927109987e-06 -1.421812466080188e-06
9.928208257075556e-06 -4.739942034372453e-06 4.371591457879076e-06 -8.838572371050719e-07
3.344575666130143e-07 -7.580406185100932e-07 1.944901540395734e-07 9.394898691258502e-07
3.343465170043955e-07 3.825332498542545e-07 1.822004714427442e-07 1.505784013416068e-06
7.929074470039181e-06 -6.564853360626609e-06 3.804820176148176e-06 -1.446581198376628e-06
6.834161089347006e-06 -6.854381607604879e-06 3.460547457997861e-06 -1.529104370167540e-06
8.336115986960428e-06 -5.300605959297964e-06 3.886703944918763e-06 -1.057638213292019e-06
9.040446266652255e-06 -3.941746958118842e-06 4.099517100379858e-06 -5.456721593996682e-07
9.145044412639248e-07 -1.882256762956460e-07 4.529846620694444e-07 1.221223678929970e-06
1.605868558642642e-06 -9.699020172170059e-07 7.817152907205865e-07 8.315596397135062e-07
1.604472874266441e-06 5.944416224974236e-07 7.827930779732489e-07 1.614113175344917e-06
6.094043799398907e-06 -5.932805210240592e-06 3.180022696446707e-06 -1.286927317348736e-06
5.493657457217327e-06 -4.976229857858792e-06 2.882719305487453e-06 -9.466761587984555e-07
5.024847262181548e-06 -3.969326749188084e-06 2.643499372655440e-06 -5.737953154517331e-07
7.513827557872415e-06 -4.183000765565764e-06 3.625368442765847e-06 -6.604563997359049e-07
8.333139681046016e-06 -3.047745599562393e-06 3.931260355020786e-06 -2.365977764310488e-07
2.161431686056351e-06 -1.912418677549784e-07 1.054173378981989e-06 1.202211126589538e-06
2.845070410790798e-06 -1.178788880958078e-06 1.403993514397104e-06 6.697109874941796e-07
2.845180691519145e-06 8.116166593460359e-07 1.391441121847337e-06 1.690286823299837e-06
6.035409770538254e-06 -3.964797317308741e-06 3.069929820125674e-06 -5.814171049778021e-07
4.672493062545848e-06 -2.942056536322307e-06 2.448665658573677e-06 -1.599720275794077e-07
3.969209445465134e-06 -1.356447085267901e-06 1.991715576817998e-06 5.589196645120491e-07
4.294314801220456e-06 -1.534005458423249e-06 2.153750110859819e-06 4.762768276856053e-07
4.464241051692211e-06 -1.897381392397906e-06 2.259438708153862e-06 3.067771340016697e-07
6.943976995250329e-06 -2.918334451962873e-06 3.409545859979280e-06 -1.746758648354027e-07
7.807176979043169e-06 -2.098743958979920e-06 3.772389211475801e-06 1.837181803448400e-07
3.459205343285902e-06 -3.372154135439812e-07 1.713307467204721e-06 1.101142035585880e-06
3.981281031573654e-06 9.697507765344631e-07 1.963935377077579e-06 1.745909792396647e-06
5.373893237276867e-06 -2.217552710843406e-06 2.730299090565897e-06 1.335142946564517e-07
4.320710969260868e-06 -8.303858922106362e-07 2.154835616503609e-06 8.181237295053201e-07
4.707208516086607e-06 -1.409382168589115e-06 2.358615720759689e-06 5.338108283578626e-07
6.540226705386169e-06 -1.805846660387843e-06 3.258790451264952e-06 2.980231673422958e-07
7.477722057452653e-06 -1.136348524946123e-06 3.711569041001353e-06 5.832377837238712e-07
4.350384590523555e-06 3.006120973240623e-07 2.147488122641719e-06 1.406985417629750e-06
4.308298518962314e-06 1.140182086665825e-06 2.122491984611906e-06 1.824901767162934e-06
5.589490344269979e-06 -5.891692588353463e-07 2.789894597428825e-06 9.058167780098900e-07
7.361561757872009e-06 -1.786005307176071e-07 3.685982251425083e-06 1.101508238210719e-06
7.446407335791740e-06 7.596537161273626e-07 3.725578770443411e-06 1.615690561605112e-06
5.023901213573484e-06 9.154776163297672e-07 2.470190097218190e-06 1.709383622404695e-06
4.499749821449708e-06 1.503673972852927e-06 2.213704321093058e-06 2.006809118496337e-06
4.735486425805637e-06 2.503278086748482e-06 2.329495434487393e-06 2.530620035173804e-06
6.506702205577037e-06 8.808719695493241e-07 3.234581037340990e-06 1.686479704258540e-06
5.086964963850853e-06 3.470979753157369e-06 2.501228591846387e-06 3.036864282453257e-06
7.731013712514179e-06 1.707351925102537e-06 3.851317769276033e-06 2.114783229375456e-06
5.636590940196496e-06 2.538407697997206e-06 2.774656013011992e-06 2.555869403672953e-06
6.964192304073505e-06 2.614490838103723e-06 3.448605843341176e-06 2.593385610045255e-06
5.553983418851056e-06 4.394377253062343e-06 2.728673945534495e-06 3.520345389809182e-06
8.194442997561790e-06 2.616394337169741e-06 4.060529002551349e-06 2.577524985363711e-06
7.804523536546882e-06 3.513479464776370e-06 3.855032010637439e-06 3.056013564581698e-06
6.886714382937907e-06 4.075014693781717e-06 3.401198573754235e-06 3.363045109759850e-06
6.127950180583583e-06 5.274870512787496e-06 3.013294367561798e-06 3.991347827449122e-06
6.814653357734428e-06 6.096072619313232e-06 3.362191988533303e-06 4.430298443888040e-06
8.829621908287031e-06 3.456186261037261e-06 4.381191486446823e-06 3.014964211142044e-06
8.368513924386061e-06 4.522175227812298e-06 4.142140748978967e-06 3.598364364154196e-06
7.826220648834601e-06 5.770577305678750e-06 3.881815384587005e-06 4.256566631030367e-06
7.595114999368684e-06 6.845768868703923e-06 3.760012060671680e-06 4.821878867398646e-06
9.614249784831463e-06 4.194681873616140e-06 4.802297461526164e-06 3.386824200937476e-06
9.376397690068900e-06 5.763963947661875e-06 4.659292057089577e-06 4.223346009467016e-06
8.469993617262022e-06 7.503983297615087e-06 4.189211719182581e-06 5.168471788616645e-06
9.430210010764361e-06 8.066653146863602e-06 4.680296207882259e-06 5.509402400331128e-06
1.045604131817709e-05 8.524850409723467e-06 5.243310342507883e-06 5.851985538136797e-06
1.053987232866492e-05 6.101527135421076e-06 5.317326403770050e-06 4.367286594825767e-06
1.053138087604783e-05 4.804800395001061e-06 5.329029756484552e-06 3.648243024437968e-06
1.030910884257647e-05 7.395729943827077e-06 5.144588978901308e-06 5.133733752586426e-06
1.154131845128942e-05 8.860379315225849e-06 5.888928315143199e-06 6.124039401287255e-06
1.266916881062015e-05 9.073727954885251e-06 6.658594077006910e-06 6.340550813900653e-06
1.147219536606584e-05 6.391598183559943e-06 5.880714036307351e-06 4.504694558336090e-06
1.155943782015578e-05 5.253773387021371e-06 5.966479369183503e-06 3.812380263479546e-06
1.382000954906372e-05 9.156128669634085e-06 7.486015563211412e-06 6.455885578654091e-06
1.253318464117436e-05 7.453894098582038e-06 6.538435259988491e-06 5.187776871922773e-06
1.266537268694249e-05 5.523791312660882e-06 6.677464475952229e-06 3.876949831801654e-06
1.407298184708172e-05 7.628923862540099e-06 7.664829745220860e-06 5.330237907490866e-06
1.510371614928107e-05 9.175713177837816e-06 8.467783973675414e-06 6.534137251681152e-06
1.381432426120816e-05 5.608153869538213e-06 7.472431131304421e-06 3.862764637037679e-06
1.688546520333977e-05 9.195249938719072e-06 9.933130806818241e-06 6.599893990334728e-06
1.547130735618241e-05 6.756688734264387e-06 8.738358542409680e-06 4.667144276315053e-06
1.510239223509773e-05 5.589352254392525e-06 8.471499876069275e-06 3.770462208253051e-06
1.937202876378904e-05 9.225139266344929e-06 1.204372730794616e-05 6.655586016596563e-06
1.813313585052108e-05 7.239415861810765e-06 1.096155626862362e-05 5.011121420761774e-06
1.688564870455635e-05 5.565179731250369e-06 9.916479202033267e-06 3.632139547190407e-06
2.270856099502900e-05 9.257340372275046e-06 1.491969186799992e-05 6.655547909039557e-06
2.103109574120516e-05 7.382596455646443e-06 1.346396742962020e-05 5.100888055918813e-06
1.937182547369110e-05 5.537596693312355e-06 1.200428304045983e-05 3.517445709693085e-06
2.623676140507945e-05 9.283258318079601e-06 1.784735833936979e-05 6.609156219982932e-06
2.446459206557731e-05 7.383282426527173e-06 1.639421587892784e-05 5.073043182489919e-06
2.270809659047972e-05 5.508217253170635e-06 1.488469779168915e-05 3.506910682756393e-06
2.980519664425863e-05 9.301957234885734e-06 2.074302126278322e-05 6.624076871633735e-06
2.801523678530177e-05 7.384097116051489e-06 1.929906491594677e-05 5.055340494027226e-06
2.623634922610077e-05 5.483932153788278e-06 1.783446132965472e-05 3.545087774191755e-06
3.339962729246758e-05 9.313386326680021e-06 2.367173187872603e-05 6.623949033013567e-06
3.159922885145387e-05 7.384856551612701e-06 2.222290185650745e-05 5.021475777759573e-06
2.980507355672208e-05 5.466801747828477e-06 2.076299925206761e-05 3.500275964469148e-06
3.700689932233405e-05 9.319629769426260e-06 2.668925910319801e-05 6.608214798120043e-06
3.520181538783226e-05 7.385723371875546e-06 2.521703305672533e-05 5.005374077381142e-06
3.339952533575278e-05 5.457134523972189e-06 2.369669345729319e-05 3.390091616338250e-06
4.062068532028656e-05 9.323677170798133e-06 2.970790377333750e-05 6.628461278255686e-06
3.881283598080113e-05 7.386521199985835e-06 2.827023250987278e-05 5.014173106324928e-06
3.700682513893035e-05 5.452703644960303e-06 2.676717990438125e-05 3.360449628652127e-06
4.423938863012216e-05 9.326762572466455e-06 3.272673654212903e-05 6.758050361204532e-06
4.242917066002715e-05 7.387315891509174e-06 3.120898534586508e-05 5.034249514145471e-06
4.062048629800175e-05 5.450291511385504e-06 2.974867422071376e-05 3.390066028281251e-06
4.786196755447233e-05 9.328633884644394e-06 3.589696012075878e-05 6.856698392920915e-06
4.605012679599552e-05 7.387991727423209e-06 3.427792847400888e-05 5.047948444745121e-06
4.423920183270664e-05 5.448545467413569e-06 3.271202393486613e-05 3.372751952420755e-06
5.148520606483433e-05 9.328805621863746e-06 3.932844231727392e-05 6.981580655339758e-06
4.967366019588641e-05 7.388656925204506e-06 3.756845254002485e-05 5.064169274237151e-06
4.786165412583940e-05 5.447971004136443e-06 3.587219426883321e-05 3.328872194788013e-06
5.923881277750158e-05 9.114632629461298e-06 4.747918251130213e-05 6.862491150352869e-06
5.872483814640677e-05 9.327544186741439e-06 4.693670382186657e-05 7.090145449144161e-06
5.310761786141175e-05 7.389019968981194e-06 4.099550038002169e-05 5.049477485406312e-06
5.510617326627322e-05 9.327973544588297e-06 4.306005701562416e-05 7.115781017321284e-06
5.148513744391329e-05 5.448787464986772e-06 3.937468553862648e-05 3.139445332255453e-06
5.945170844609329e-05 8.600635926361738e-06 4.770418432860139e-05 6.316773631451285e-06
5.823566533097502e-05 7.389202666203857e-06 4.643507232414896e-05 5.045922097750338e-06
5.510623143554947e-05 5.450336600242827e-06 4.310111408780398e-05 3.023188766219776e-06
5.945181420135153e-05 6.177709342870471e-06 4.773449164567626e-05 3.753839178106786e-06
5.872494603577236e-05 5.450782486442116e-06 4.697711734551413e-05 2.987537148798571e-06
5.923892352149800e-05 5.663698836879792e-06 4.751351444070758e-05 3.212488171777126e-06
