7.717941795462637e-05 -1.325742865454297e-05 4.510109482442569e-07 8.644450439160308e-08
7.743762816944520e-05 -1.263405717300476e-05 4.696156739888019e-07 1.248262821206156e-07
7.743750245598066e-05 -9.695399709934750e-06 4.981948660912451e-07 3.040437259830662e-07
7.717928373760748e-05 -9.072047194886880e-06 4.828706274930385e-07 3.399275324914869e-07
7.655603748386369e-05 -1.351563358935176e-05 4.091304759542354e-07 7.121281216879009e-08
7.538670909871499e-05 -1.116469791645817e-05 3.550231115038153e-07 2.179105500096987e-07
7.655590320814401e-05 -8.813850664746658e-06 4.451045026439892e-07 3.541576971467892e-07
7.216682870291544e-05 -1.351531632799809e-05 1.230375900437979e-07 9.322078771304857e-08
7.216672670882841e-05 -8.814137263356801e-06 1.866281774376051e-07 3.545297193277641e-07
6.974440106596083e-05 -1.116468551364454e-05 -8.241348721634889e-09 2.389794412938296e-07
6.777927105407503e-05 -1.351474167258975e-05 -1.934877495854246e-07 2.654944580402991e-08
6.777958754360832e-05 -8.815036015804154e-06 -3.766076782487452e-08 4.066484514655418e-07
6.558650681535946e-05 -1.116463656853791e-05 -3.653003076304513e-07 2.138417117184240e-07
6.339283932967945e-05 -1.351517548976145e-05 -5.432537894043401e-07 -6.477962480153686e-09
6.339376201679043e-05 -8.814553281211168e-06 -4.386756401517296e-07 4.187272520601258e-07
6.119995116516052e-05 -1.116475256695039e-05 -8.022709950831301e-07 1.868982440649807e-07
5.900373250551812e-05 -1.351812097565312e-05 -8.828876194308806e-07 9.092203012311073e-08
5.900487706803645e-05 -8.811837382913030e-06 -8.258186294703877e-07 3.380726613919967e-07
5.680801605477712e-05 -1.116514536695428e-05 -1.084377107124963e-06 1.216929565181878e-07
5.460728229439566e-05 -1.352345330535485e-05 -9.918303376032677e-07 1.136939406616166e-07
5.460845461951111e-05 -8.807396468365374e-06 -1.057672184021671e-06 2.099055511192199e-07
5.240663749323834e-05 -1.116582377820942e-05 -1.136946438711522e-06 7.934292667698316e-08
5.019993259909333e-05 -1.353086561810903e-05 -8.555116166341520e-07 1.392972645713770e-07
5.020099985062704e-05 -8.801254115734818e-06 -1.121934333326220e-06 1.322755751472603e-07
4.799251349816199e-05 -1.116671277310953e-05 -1.058799764869542e-06 4.235019696866234e-08
4.577851878988558e-05 -1.354061678331238e-05 -7.790326123128274e-07 7.710903511511735e-08
4.577927518698457e-05 -8.793502025293454e-06 -1.242017411634860e-06 1.782714879513536e-07
4.356222233599636e-05 -1.116782813207879e-05 -1.186411137358410e-06 4.113091459859732e-08
4.133829418188874e-05 -1.355311044645989e-05 -1.006744528801428e-06 -2.717304298447840e-08
4.133871162748270e-05 -8.783573382159009e-06 -1.450017333101694e-06 1.527858905424910e-07
3.911052436854773e-05 -1.116907522438974e-05 -1.456080672947607e-06 1.091239582134033e-07
3.687412149869971e-05 -1.356739929475545e-05 -1.344518216654357e-06 -8.967781683895213e-08
3.687451007505273e-05 -8.772142696148041e-06 -1.548369853209948e-06 1.156560609862428e-07
3.463369620059640e-05 -1.117029479674754e-05 -1.643282277716647e-06 1.359480340515825e-07
3.238482170838707e-05 -1.358075819303655e-05 -1.517867230742722e-06 4.931638214787133e-08
3.238538684855786e-05 -8.761238755030277e-06 -1.466789770495616e-06 1.654870429351719e-08
3.022406343420952e-05 -1.117145077950811e-05 -1.540295639054457e-06 1.158988233540098e-07
2.805705218112277e-05 -1.359047245733994e-05 -1.386844696341607e-06 2.072693775398266e-07
2.805749001978187e-05 -8.753607716971495e-06 -1.302829556250408e-06 -6.378375741410116e-08
2.643125106366931e-05 -1.136156588372007e-05 -1.268530744957296e-06 1.134541015305017e-07
2.476837245180610e-05 -1.359464251424287e-05 -1.150873809630470e-06 2.662043773856018e-07
2.476866713071613e-05 -8.751214867100124e-06 -1.144156966088289e-06 -3.175110228321170e-08
2.237342036640404e-05 -1.359443317402338e-05 -9.289258199432671e-07 2.619851628684982e-07
2.284180022715113e-05 -1.199950976189147e-05 -9.727477346903807e-07 1.372213885140358e-07
2.237310242215575e-05 -8.752074783464818e-06 -9.416433124475897e-07 -3.788711633814575e-08
2.063273168079378e-05 -8.754548373873460e-06 -8.810436336710856e-07 -1.375499937083137e-08
-3.533439913186131e-06 -4.407361948031225e-07 1.615348651142619e-07 -7.599058996130941e-07
-3.603482972910930e-06 -2.722792655873948e-07 1.665230689776764e-07 -7.770819336012212e-07
-3.603068474817455e-06 3.552039403889924e-07 1.752422638565975e-07 -8.372960031026685e-07
-3.533372167566469e-06 5.213343744741495e-07 1.726303917778969e-07 -8.513933435325661e-07
2.063273643452541e-05 -1.359266543900991e-05 -7.851701720321902e-07 2.385933745938358e-07
1.905310211611695e-05 -1.350028971848204e-05 -7.472382521279073e-07 2.059690257053369e-07
2.028077643622129e-05 -1.056952290353677e-05 -8.467429751600889e-07 7.996047460267732e-08
1.905535177656799e-05 -8.620788886629799e-06 -8.040436174943680e-07 -1.106512489868357e-08
-3.365730950051431e-06 -5.103931864512697e-07 1.489067117298051e-07 -7.520414803620295e-07
-3.196749638275160e-06 1.778271464216568e-07 1.445743850696842e-07 -8.131954008402150e-07
-3.367100120489656e-06 5.907205349574927e-07 1.614048825076906e-07 -8.546087049984649e-07
1.855215840297544e-05 -1.200803629034888e-05 -7.399570064359162e-07 1.452536787535013e-07
1.749659167961327e-05 -1.322783084176800e-05 -7.110216894135893e-07 1.820221519288283e-07
1.598370517160866e-05 -1.278141014576778e-05 -7.031327166368745e-07 1.563288027776621e-07
1.807765484994047e-05 -9.944170867480384e-06 -7.404080124076988e-07 6.204364067814886e-08
1.752874200181533e-05 -8.218681914325017e-06 -7.305730721858028e-07 1.475015403726312e-08
-2.229140212830557e-06 -5.285048771301540e-07 8.518179272349854e-08 -7.310487815089573e-07
-2.228094738218670e-06 6.113408903047679e-07 8.798861044982793e-08 -8.289868168542774e-07
-1.639049074214418e-06 4.192518775629385e-08 6.732053927647165e-08 -7.883152224341383e-07
1.453571248008694e-05 -1.216544991846100e-05 -7.100329583644787e-07 1.296336538363353e-07
1.578503125648329e-05 -1.121679259431675e-05 -7.065650129632504e-07 1.099001021750446e-07
1.630952771970263e-05 -9.237179302745008e-06 -7.034684810263909e-07 6.903041184148739e-08
1.609941011612305e-05 -7.561710953149347e-06 -7.049439029806462e-07 3.385668565026128e-08
-9.998085580381424e-07 -6.335319167106308e-07 4.426053659084815e-08 -7.717841612827364e-07
-9.996280150775651e-07 7.182091745330068e-07 2.327630832814188e-08 -8.273503993630317e-07
-2.719623867710863e-07 4.292103829266165e-08 2.518873169979653e-08 -8.188499062719422e-07
1.316889368044118e-05 -1.139116660689607e-05 -7.171629786527662e-07 1.304940869972055e-07
1.190352479027699e-05 -1.046947484620979e-05 -6.220065366348500e-07 1.224881427494386e-07
1.446690524897058e-05 -8.922617493241666e-06 -7.176649927923660e-07 9.084811140796577e-08
1.481042141195970e-05 -6.669552375531702e-06 -7.062872606365711e-07 1.492521360241689e-09
5.632206899311302e-07 -8.614351790297309e-07 7.295594254909213e-09 -7.755250533804561e-07
5.637883814219500e-07 9.489042680724340e-07 2.643442645496765e-08 -8.415981943849987e-07
1.222315179200553e-05 -9.029197774690094e-06 -6.271361950936106e-07 9.395372430037261e-08
1.075532484961737e-05 -9.411214181367488e-06 -5.629124153745107e-07 1.121292513159520e-07
1.276208372608517e-05 -7.384735507984119e-06 -6.404809387058198e-07 3.388888888973667e-08
1.369995960659678e-05 -5.572993640879175e-06 -6.693681279130078e-07 -9.449460377641655e-08
1.483943202323464e-06 4.436736786521174e-08 7.394742126110424e-10 -7.887773988137424e-07
2.578423823230525e-06 -1.191129776629619e-06 -4.172266721197559e-08 -6.861390372392870e-07
2.577468048692362e-06 1.284107673684153e-06 -1.376908669099484e-08 -8.323140484987362e-07
9.735534834839500e-06 -8.232718906727598e-06 -5.103059271988313e-07 9.790412643018537e-08
8.860061980536407e-06 -6.952312849792725e-06 -4.051375435071108e-07 -2.475189194362615e-08
8.135471681706581e-06 -5.580307126864804e-06 -3.186761662449096e-07 -1.660052592590183e-07
1.165902829106012e-05 -5.889044747032305e-06 -5.777265651430655e-07 -9.933968990404492e-08
1.280057578206531e-05 -4.308378517648683e-06 -6.394982364010731e-07 -2.329180116806257e-07
3.458628954055850e-06 4.281132405015564e-08 -5.815376470663369e-08 -7.550507816693889e-07
4.538854945486566e-06 -1.516561429698410e-06 -1.026324381327633e-07 -6.667649973293833e-07
4.539139479133490e-06 1.625436055273023e-06 -8.462942328776406e-08 -8.042634249911865e-07
9.598045808100806e-06 -5.586616505322200e-06 -4.645577922923081e-07 -1.510230173119691e-07
7.571904600106192e-06 -4.133092731497933e-06 -2.614350504392555e-07 -3.168275003140084e-07
6.339040113338472e-06 -1.794310287026747e-06 -1.962174147341295e-07 -5.845033732035741e-07
6.876288195842668e-06 -2.066314017967040e-06 -2.449033711666337e-07 -5.308773405056908e-07
7.177706385039711e-06 -2.613214012919269e-06 -2.595289370417952e-07 -4.523459315786530e-07
1.088170266492321e-05 -4.120446844654346e-06 -5.621225450070498e-07 -2.441287188176085e-07
1.213865621758857e-05 -2.924110958634729e-06 -6.791510603514559e-07 -3.301582017607058e-07
5.511259245477844e-06 -1.836127142642781e-07 -1.371801281335787e-07 -7.136921424504008e-07
6.304733844640840e-06 1.869461018058625e-06 -2.156933011458541e-07 -8.499402467215744e-07
8.580536919942384e-06 -3.100413960150888e-06 -3.543193627614415e-07 -3.917814886701663e-07
6.892701791230496e-06 -9.701137249492743e-07 -2.542747385477467e-07 -6.463406203862189e-07
7.528746443314771e-06 -1.874659336427618e-06 -2.993618512611512e-07 -5.376796457542509e-07
1.030693341152673e-05 -2.492346578807918e-06 -5.199368310228412e-07 -4.176181062656308e-07
1.174382547489331e-05 -1.469833273088252e-06 -6.858393774283790e-07 -5.578643815655850e-07
6.894339010328177e-06 8.083120628171857e-07 -2.710599520363432e-07 -7.779360066749523e-07
6.792039963587356e-06 2.139965417353048e-06 -2.498227564438186e-07 -8.682344716730650e-07
8.871462264679450e-06 -6.326014907422873e-07 -4.200660597269554e-07 -6.586402448352981e-07
1.163019316650547e-05 1.552957313664089e-08 -6.716128778462824e-07 -6.896402357788730e-07
1.186434476805948e-05 1.517398052714165e-06 -6.554103098052318e-07 -7.950486302054887e-07
7.929212627410567e-06 1.767940978830587e-06 -3.558666299972970e-07 -8.325481397119895e-07
7.066891086387208e-06 2.736107946081924e-06 -2.629230650353954e-07 -9.068519234233998e-07
7.387634144650334e-06 4.413333446525553e-06 -2.820115795591535e-07 -1.029083144119248e-06
1.032882409450228e-05 1.684978789363987e-06 -5.448965826475137e-07 -8.199619470701451e-07
7.906660268627684e-06 6.100493685382032e-06 -3.324534848835350e-07 -1.154374080859838e-06
1.242350863882605e-05 3.055120308903128e-06 -6.731319776495183e-07 -8.899820729897027e-07
8.874934267172106e-06 4.452281341773999e-06 -4.359227675295615e-07 -1.011955168730548e-06
1.113432355607787e-05 4.583278221277704e-06 -5.794854945189316e-07 -9.970771000949273e-07
8.663020104152894e-06 7.737576866190316e-06 -3.985343896268793e-07 -1.269697302941607e-06
1.330664567197841e-05 4.586941955839140e-06 -7.621914887089928e-07 -1.007604640386105e-06
1.263911429814378e-05 6.152298062771336e-06 -7.108888570827085e-07 -1.117265192630021e-06
1.099345097705126e-05 7.155871073187646e-06 -5.791141598597004e-07 -1.188159243088552e-06
9.626660599566389e-06 9.357115181687547e-06 -4.856159215482085e-07 -1.393360069566916e-06
1.084260948064485e-05 1.090955648551923e-05 -5.758448601620090e-07 -1.494620735213587e-06
1.452899385137385e-05 6.034727829793918e-06 -8.641624563621644e-07 -1.110164041458221e-06
1.368581308548166e-05 7.975143243394794e-06 -7.948329882836505e-07 -1.231210809834400e-06
1.268154508081028e-05 1.030561722072949e-05 -7.104308938080991e-07 -1.432189865496137e-06
1.224997241469179e-05 1.237020962497050e-05 -6.762389563557297e-07 -1.639044146772653e-06
1.604807299100408e-05 7.342594747020996e-06 -9.936221386962720e-07 -1.175113849530703e-06
1.560254468341744e-05 1.030609088470121e-05 -9.579581958851732e-07 -1.395906318155844e-06
1.387927764971834e-05 1.367123101651206e-05 -7.941809875317275e-07 -1.785039563556465e-06
1.572258941004301e-05 1.481823207006899e-05 -9.554180735547265e-07 -1.921707979335564e-06
1.772430309799932e-05 1.579165873978375e-05 -1.146604303810351e-06 -2.050887291270892e-06
1.787313986024170e-05 1.095841266733764e-05 -1.179511732520088e-06 -1.460110562543136e-06
1.784943709621885e-05 8.452223474380392e-06 -1.153991659877470e-06 -1.221451315966489e-06
1.741522998038419e-05 1.351233622734298e-05 -1.120160368756028e-06 -1.771610490437174e-06
1.989106460120625e-05 1.651702468034031e-05 -1.394248211732757e-06 -2.154729882078106e-06
2.218662161274380e-05 1.701031097692164e-05 -1.709502401456607e-06 -2.269608891566109e-06
1.972961667984953e-05 1.152291816343936e-05 -1.433940605651416e-06 -1.531188223049417e-06
1.991012406124581e-05 9.264134167925650e-06 -1.447036943926287e-06 -1.278566283574036e-06
2.455434156162399e-05 1.723266392744870e-05 -1.996502914627962e-06 -2.350259892046711e-06
2.187712881939265e-05 1.367365394529071e-05 -1.674935381344343e-06 -1.776522676764221e-06
2.216015946182800e-05 9.733251261974954e-06 -1.732081637368855e-06 -1.318443289617264e-06
2.506927083775765e-05 1.404664736912851e-05 -2.086800588852928e-06 -1.849849275866902e-06
2.725216150024247e-05 1.733574047798562e-05 -2.431270107190567e-06 -2.386996589340301e-06
2.452574753755280e-05 9.855363767618754e-06 -1.999201992549470e-06 -1.297926608293863e-06
3.105050447116723e-05 1.743968389270676e-05 -3.018124956724107e-06 -2.439982595099782e-06
2.800914401527714e-05 1.220993285418488e-05 -2.525844475595590e-06 -1.590741739291513e-06
2.724604020018938e-05 9.754821898997755e-06 -2.415977729395955e-06 -1.247437931051710e-06
3.647789637864332e-05 1.759936636733623e-05 -4.020996699148266e-06 -2.540684190204413e-06
3.374681107386940e-05 1.323144133319610e-05 -3.465644713129432e-06 -1.732812487022892e-06
3.105269918807696e-05 9.623357328865145e-06 -2.993868008900004e-06 -1.179207990695676e-06
4.393471522537167e-05 1.777162535896913e-05 -5.466343997425277e-06 -2.659056453255078e-06
4.015793153974000e-05 1.354233053581899e-05 -4.652249470111519e-06 -1.815663859264081e-06
3.647833880531629e-05 9.473433269727828e-06 -3.934669907375996e-06 -1.062141680887270e-06
5.198297625525335e-05 1.791724612777797e-05 -7.152041749325295e-06 -2.690674570946377e-06
4.791467553015439e-05 1.354375434682656e-05 -6.244147591970556e-06 -1.827628756247546e-06
4.393435386837953e-05 9.312558750349899e-06 -5.368527541841450e-06 -9.454860513113389e-07
6.027321744658546e-05 1.804014239572597e-05 -8.855610226608696e-06 -2.770814135203740e-06
5.609015349638499e-05 1.354619268267450e-05 -7.978561780823560e-06 -1.822731541942902e-06
5.198221960984252e-05 9.172601079569955e-06 -7.072147538259726e-06 -9.056473662781438e-07
6.876839830644631e-05 1.814282787932760e-05 -1.070716945719035e-05 -2.755049704184447e-06
6.448907915059081e-05 1.354853367159477e-05 -9.790220658698002e-06 -1.791640844886377e-06
6.027245709722283e-05 9.054647722713085e-06 -8.857497411759195e-06 -8.230973612639036e-07
7.743343424574052e-05 1.822644775123642e-05 -1.254963469132763e-05 -2.705924686464111e-06
7.307508168738980e-05 1.355039272775116e-05 -1.162463780502970e-05 -1.782264412771678e-06
6.876787853014228e-05 8.956090254841515e-06 -1.070746659453970e-05 -8.365610658954731e-07
8.623493718461235e-05 1.829183839134424e-05 -1.424427913722179e-05 -2.514024923486832e-06
8.181406932346853e-05 1.355170162235336e-05 -1.342226521696263e-05 -1.753846400526658e-06
7.743329682506925e-05 8.875567036381027e-06 -1.251618904071346e-05 -8.608498579233865e-07
9.513948846615347e-05 1.833934322743495e-05 -1.547444257874410e-05 -2.259269961199090e-06
9.067268048400164e-05 1.355257351611740e-05 -1.488107381000791e-05 -1.756379499467079e-06
8.623493283033838e-05 8.812510326842494e-06 -1.412018289895510e-05 -9.926214495761711e-07
1.041147369704143e-04 1.837039064922106e-05 -1.623714480244945e-05 -1.976082384096882e-06
9.961771765560457e-05 1.355319529158490e-05 -1.588414813193873e-05 -1.727021422222440e-06
9.513942173561952e-05 8.766520703462109e-06 -1.533716853008493e-05 -1.188764428751526e-06
1.131316346231418e-04 1.838764392217002e-05 -1.655314775568366e-05 -1.821384660026635e-06
1.086182149715114e-04 1.355372743535188e-05 -1.640214999988316e-05 -1.701870422904049e-06
1.041145123360175e-04 8.736626274398402e-06 -1.612397650984554e-05 -1.390553509057833e-06
1.324946326030409e-04 1.786450507059276e-05 -1.668661687538652e-05 -1.679154930107063e-06
1.312106072433805e-04 1.839633581348782e-05 -1.668521524079757e-05 -1.682914614726255e-06
1.171778296444640e-04 1.355393548969918e-05 -1.658820524209654e-05 -1.680346056513681e-06
1.221685723465898e-04 1.839505725342265e-05 -1.664798131918021e-05 -1.718424636025520e-06
1.131316986120914e-04 8.719989796652201e-06 -1.648675090837991e-05 -1.530331941944015e-06
1.330265007870605e-04 1.658053061997748e-05 -1.668654209117913e-05 -1.671794450222703e-06
1.299878976152318e-04 1.355403715279672e-05 -1.668062402917278e-05 -1.657947512365476e-06
1.221686767915246e-04 8.713024146419642e-06 -1.663461404946079e-05 -1.596006081239186e-06
1.330266232370772e-04 1.052747198369495e-05 -1.666585876747689e-05 -1.657207858540236e-06
1.312107439894479e-04 8.711661130107793e-06 -1.666350253920308e-05 -1.648466849351552e-06
1.324947641843495e-04 9.243492275162553e-06 -1.666534114976956e-05 -1.652284519100352e-06
