-1.301644420626761e-04 1.819297259565843e-05 -2.182710466172571e-05 2.485408033033133e-06
-1.306816995837533e-04 1.694426649996649e-05 -2.193554535764602e-05 2.243687933753390e-06
-1.306816146904562e-04 1.105758905768806e-05 -2.204601865829247e-05 1.147756116082039e-06
-1.301643462732266e-04 9.808876982614714e-06 -2.194898447328806e-05 9.072941154663637e-07
-1.289156842095987e-04 1.871019298621036e-05 -2.157610544615955e-05 2.584360396700845e-06
-1.265732380166337e-04 1.400092078427474e-05 -2.122825981049553e-05 1.719460618020222e-06
-1.289155745726975e-04 9.291654330221495e-06 -2.170928502415210e-05 8.091625332342856e-07
-1.201227483953418e-04 1.870910773922293e-05 -1.998970637560879e-05 2.567646339208373e-06
-1.201225900400176e-04 9.292658870770094e-06 -2.014911634268178e-05 9.009100398140183e-07
-1.152694996981501e-04 1.400077591828807e-05 -1.916449943842620e-05 1.743132456111799e-06
-1.113342822863619e-04 1.870360836546911e-05 -1.849410467817252e-05 2.513848644642697e-06
-1.113339131712196e-04 9.297707191595759e-06 -1.855657830927808e-05 8.691946478895634e-07
-1.069433455683214e-04 1.400036819142797e-05 -1.774139559287902e-05 1.781501755050902e-06
-1.025593925075655e-04 1.869189853252775e-05 -1.716865936430223e-05 2.533242839237180e-06
-1.025588803918023e-04 9.308333022377046e-06 -1.702858844435685e-05 9.448441263207122e-07
-9.817880218321489e-05 1.399982582729194e-05 -1.635997125082026e-05 1.759791199506283e-06
-9.381086566414246e-05 1.867180677574898e-05 -1.566502852856865e-05 2.513929760932623e-06
-9.381003336223238e-05 9.327081327265520e-06 -1.559650913862194e-05 9.872620473950002e-07
-8.944858891525033e-05 1.399900756463032e-05 -1.490179141569107e-05 1.787373058634749e-06
-8.510722316300267e-05 1.863868821468356e-05 -1.417129388758628e-05 2.563631692386328e-06
-8.510634094420328e-05 9.358355623426304e-06 -1.402453386630731e-05 9.434893516233160e-07
-8.077600665480691e-05 1.399808529010395e-05 -1.336542048586900e-05 1.826940952474174e-06
-7.647677456031005e-05 1.858810261072181e-05 -1.270756739537067e-05 2.638274865862132e-06
-7.647589138562693e-05 9.406964488624464e-06 -1.243344196005114e-05 9.720993308090904e-07
-7.219404487476904e-05 1.399721019603924e-05 -1.179997993553815e-05 1.854210853837413e-06
-6.795652300169646e-05 1.851704693284628e-05 -1.119654124812193e-05 2.706480061803019e-06
-6.795538360526631e-05 9.476294971283094e-06 -1.091785788941088e-05 1.162206695569168e-06
-6.374244694898578e-05 1.399635928954369e-05 -1.036129440511520e-05 1.889731466398797e-06
-5.958775505914617e-05 1.842355863246554e-05 -9.549409971977049e-06 2.889083809796042e-06
-5.958641867948593e-05 9.568112945815605e-06 -9.403773406174025e-06 1.152712022541575e-06
-5.546334228640489e-05 1.399538046425897e-05 -8.859712107766042e-06 1.962118012215134e-06
-5.141244502962355e-05 1.830732108488423e-05 -7.748981305827999e-06 3.008226008114231e-06
-5.141125463452490e-05 9.682704809622711e-06 -7.770338313689878e-06 1.105439789946569e-06
-4.739900247949232e-05 1.399433231908093e-05 -7.127608433302208e-06 2.044478791097291e-06
-4.347259715101521e-05 1.816758623963608e-05 -5.958782817551039e-06 2.998492951133862e-06
-4.347117909019569e-05 9.821047961175643e-06 -5.973417609887919e-06 1.195354288039357e-06
-3.974536837657778e-05 1.399228210165117e-05 -5.339070478257954e-06 2.099397283219638e-06
-3.611460770381765e-05 1.800687820521302e-05 -4.364818508009512e-06 2.978571317886253e-06
-3.611242605646866e-05 9.985617657890034e-06 -4.385675102162420e-06 1.289717679958450e-06
-3.341774159413592e-05 1.429629530529208e-05 -3.858968984504133e-06 2.190407933008176e-06
-3.075906928564762e-05 1.785721078012492e-05 -3.287259149323676e-06 2.914129453112152e-06
-3.075411740958314e-05 1.013829842758867e-05 -3.317134074087665e-06 1.392252398617264e-06
-2.700372178156367e-05 1.772665841290969e-05 -2.607325566409199e-06 2.793670770580470e-06
-2.769653374071982e-05 1.528082227946472e-05 -2.710120340915575e-06 2.396776862916087e-06
-2.699677373946516e-05 1.023588086530424e-05 -2.662199573697808e-06 1.489509098907928e-06
-2.434583669509148e-05 1.033999628715503e-05 -2.190670387969411e-06 1.579610337654656e-06
3.518805666882414e-06 1.098471856637023e-06 2.239620383809211e-07 1.392036476491898e-06
3.589296942308878e-06 9.287191269552099e-07 2.270729616191013e-07 1.390803362687530e-06
3.588812484060273e-06 2.971655976118237e-07 2.289527864339676e-07 1.387977108821555e-06
3.518698799947264e-06 1.301337969179909e-07 2.250393792787466e-07 1.382586597832672e-06
-2.433628665111663e-05 1.763485720375037e-05 -2.196744626076498e-06 2.741848350719657e-06
-2.199662263763106e-05 1.741806913277169e-05 -1.856389526548994e-06 2.689840641506634e-06
-2.377464899405591e-05 1.308133119125322e-05 -2.068227547694729e-06 2.065428225641471e-06
-2.196616479364870e-05 1.024467951190261e-05 -1.809127793862315e-06 1.659575893300673e-06
3.349835565508938e-06 1.168813935553899e-06 2.179939945397791e-07 1.392229830663535e-06
3.179793742159748e-06 4.764017460681370e-07 2.135157644545267e-07 1.390871617872131e-06
3.351474038216530e-06 6.064240919644936e-08 2.167300561808524e-07 1.379105888149905e-06
-2.123027546232631e-05 1.518733621081473e-05 -1.733697410520321e-06 2.362357398431684e-06
-1.973641032853764e-05 1.692169886558872e-05 -1.550283733032824e-06 2.591231685865310e-06
-1.760632007071682e-05 1.621091582488245e-05 -1.319305678640346e-06 2.485450685815178e-06
-2.052824288637250e-05 1.219198582349545e-05 -1.637124291704959e-06 1.962573305482968e-06
-1.974719457940454e-05 9.783635377428120e-06 -1.589274749264876e-06 1.705882216833379e-06
2.205560983190309e-06 1.188378373180926e-06 1.942149716650434e-07 1.391167290771009e-06
2.205115521636556e-06 4.238926632803334e-08 1.764432921497318e-07 1.363622524986381e-06
1.612567042192876e-06 6.158628082859197e-07 1.762123319190867e-07 1.356674285586405e-06
-1.563680673004815e-05 1.525626835091702e-05 -1.107436205479741e-06 2.353995149515791e-06
-1.730298736843341e-05 1.397157814770206e-05 -1.287889990453834e-06 2.204524973819776e-06
-1.802959398899007e-05 1.122402587992242e-05 -1.395640487190698e-06 1.898574522427735e-06
-1.772548046198882e-05 8.992978853086671e-06 -1.373994990645715e-06 1.656187309199916e-06
9.707341890620021e-07 1.293549795143952e-06 1.888070041921120e-07 1.359074855927178e-06
9.711412920722504e-07 -6.066807083123811e-08 1.694364122268822e-07 1.292017338192960e-06
2.422132001692834e-07 6.169293083458159e-07 1.368411031732080e-07 1.303865853967138e-06
-1.382180163409541e-05 1.412922110309040e-05 -9.195877267930865e-07 2.219762547669423e-06
-1.221414405284874e-05 1.284881576284994e-05 -7.809400505093499e-07 2.085301268446169e-06
-1.551885658287285e-05 1.081016648639710e-05 -1.109706441414620e-06 1.869804552479908e-06
-1.594977455667903e-05 7.897551947531976e-06 -1.170207087396628e-06 1.546100687628311e-06
-5.926545987728315e-07 1.520325953550607e-06 8.982928287601343e-08 1.317718283824434e-06
-5.925485185864126e-07 -2.858397217063460e-07 7.340475966274554e-08 1.218880171688226e-06
-1.262422450586604e-05 1.093188771108321e-05 -8.267636749136574e-07 1.883555043270746e-06
-1.081839209698109e-05 1.141071359420786e-05 -6.342865258090175e-07 1.925232441371659e-06
-1.329583254476002e-05 8.831960258362755e-06 -9.031736469854586e-07 1.653549156570341e-06
-1.445745650138390e-05 6.588788373110782e-06 -1.041980351490063e-06 1.442131150623570e-06
-1.510265811506858e-06 6.176967218674302e-07 2.861324531694125e-08 1.221336366814083e-06
-2.599958529886285e-06 1.847339299480076e-06 -6.860504487821873e-08 1.299299949575046e-06
-2.598042089915907e-06 -6.145523610266313e-07 -9.245300378815210e-08 1.063620795213622e-06
-9.605760047959940e-06 9.871952670664587e-06 -5.070991443107391e-07 1.718784345582826e-06
-8.638825432193160e-06 8.293946509965503e-06 -4.622308490919917e-07 1.568600478277221e-06
-7.899342617651257e-06 6.641801212991630e-06 -4.643039645950549e-07 1.436576641380536e-06
-1.193761979131773e-05 6.987588279654348e-06 -7.810118705698941e-07 1.482194358258908e-06
-1.327175984948078e-05 5.137019198797606e-06 -9.278655464328549e-07 1.327247711085156e-06
-3.474833066570606e-06 6.216919748593711e-07 -1.788955016751137e-07 1.151424460546042e-06
-4.547183815364442e-06 2.169040877554376e-06 -2.634864673753647e-07 1.251116624205832e-06
-4.548158042946839e-06 -9.514215295634549e-07 -2.707705446296115e-07 1.015421661488348e-06
-9.527070835857640e-06 6.630113192375357e-06 -5.449063525927406e-07 1.427616108871391e-06
-7.350558251096432e-06 4.972874037626831e-06 -4.676930932758979e-07 1.331727785635578e-06
-6.298016622787577e-06 2.440869160332796e-06 -3.796695481564631e-07 1.185582405337990e-06
-6.796693136810157e-06 2.719055172239611e-06 -4.138035909109334e-07 1.178531345125596e-06
-7.049421141714804e-06 3.294832605182554e-06 -4.360907828570216e-07 1.203509189377582e-06
-1.100003449305466e-05 4.927704784843382e-06 -6.723233870616430e-07 1.286362076065094e-06
-1.238588167901130e-05 3.611840466190372e-06 -7.863478647182090e-07 1.170513699300809e-06
-5.510115648135609e-06 8.498564906436091e-07 -3.404678187229165e-07 1.107336295941176e-06
-6.338939183293257e-06 -1.197618481667210e-06 -4.139379771283337e-07 9.698264158923653e-07
-8.481655217306137e-06 3.800830004932134e-06 -5.443926005025517e-07 1.231564946504748e-06
-6.848168217136891e-06 1.615366025430807e-06 -4.249052486591938e-07 1.112355202031425e-06
-7.440714346621379e-06 2.521441068182529e-06 -4.611521640496178e-07 1.151607823908282e-06
-1.034453432415969e-05 3.142194551986346e-06 -6.392217150211629e-07 1.156061721531521e-06
-1.182154693736406e-05 2.084555508609773e-06 -7.183814364180022e-07 1.082380389596769e-06
-6.912821209439206e-06 -1.536650321224034e-07 -4.505743569282111e-07 1.019112749451957e-06
-6.862185761071149e-06 -1.461820308917949e-06 -4.625553259675515e-07 9.481104344802332e-07
-8.835428593937685e-06 1.219852480330442e-06 -5.652941874803880e-07 1.043115970967186e-06
-1.161062207007615e-05 5.792217240294495e-07 -7.180315122119750e-07 9.894896391161248e-07
-1.169778621625312e-05 -8.759671849297795e-07 -7.758917650365551e-07 9.338533083433935e-07
-7.974213046544616e-06 -1.117991607224163e-06 -5.365490165938480e-07 9.588380217205697e-07
-7.172429469200772e-06 -2.017785969582770e-06 -4.966135797139271e-07 9.040335112892475e-07
-7.562243314243328e-06 -3.531109974857388e-06 -5.298146895514840e-07 7.919179608106317e-07
-1.025727270962056e-05 -1.075927214874931e-06 -6.864101862481991e-07 9.434240336008614e-07
-8.125572658407598e-06 -4.966991795708103e-06 -5.633541090516097e-07 6.978191391955526e-07
-1.209019643955722e-05 -2.335635398403140e-06 -8.584208081030706e-07 8.558547689216378e-07
-8.936614451690963e-06 -3.593355854181224e-06 -6.100890038270533e-07 7.793459950127945e-07
-1.093033327149724e-05 -3.707021347412653e-06 -7.709770755640074e-07 7.609230079396304e-07
-8.844080866723830e-06 -6.324792962443652e-06 -5.975695938282603e-07 6.106432797277386e-07
-1.274136791235541e-05 -3.709719804297221e-06 -9.355227473706103e-07 7.698177970111468e-07
-1.215669677919223e-05 -5.040467107423603e-06 -8.864643348477709e-07 6.766520007088527e-07
-1.081677845809057e-05 -5.862482706824781e-06 -7.531031633262221e-07 6.210291171150369e-07
-9.711430026059416e-06 -7.592078294652474e-06 -6.642676413810266e-07 5.060002346743155e-07
-1.071965281018916e-05 -8.754449307260000e-06 -7.640250584579088e-07 3.785002763767508e-07
-1.362826516401841e-05 -4.963586842636038e-06 -1.039254520764588e-06 6.882229317413562e-07
-1.296194769901256e-05 -6.507222252652998e-06 -9.764234636179198e-07 5.527814162080054e-07
-1.218408191541927e-05 -8.288460887241448e-06 -9.043968615330422e-07 4.145933434798764e-07
-1.185408819639848e-05 -9.796610147465828e-06 -8.757537044771696e-07 2.813088066759019e-07
-1.472028506739343e-05 -6.049376582532071e-06 -1.147283285730026e-06 6.073521600429644e-07
-1.438037270322146e-05 -8.272933433296128e-06 -1.109860870433806e-06 4.236868899521332e-07
-1.310172572572353e-05 -1.070356035956062e-05 -9.970558344478183e-07 2.054271773646383e-07
-1.444653348690742e-05 -1.146426596938570e-05 -1.139520002860706e-06 1.441158705413046e-07
-1.587016208129216e-05 -1.206874035661995e-05 -1.278464000120992e-06 1.230785366007545e-07
-1.599365551671993e-05 -8.744568367429282e-06 -1.258048248515311e-06 3.840987325448228e-07
-1.598613752585244e-05 -6.932447096451542e-06 -1.251597748580599e-06 5.510197803339609e-07
-1.567570163543738e-05 -1.053104357111782e-05 -1.257695902545230e-06 2.282443289544391e-07
-1.735499279085458e-05 -1.250735350916779e-05 -1.412406337166871e-06 1.218008541718553e-07
-1.888248207595310e-05 -1.277564892411532e-05 -1.504293123926107e-06 1.372133218374815e-07
-1.727071527637407e-05 -9.148248958092759e-06 -1.357168778793675e-06 3.471298098429197e-07
-1.738836794686744e-05 -7.583285459674691e-06 -1.357961826918037e-06 4.904564226775251e-07
-2.043128659669114e-05 -1.286893080385223e-05 -1.604652367888712e-06 1.489007096852906e-07
-1.871024962865990e-05 -1.059359053960034e-05 -1.486359933238179e-06 2.299759169655293e-07
-1.888449095143766e-05 -7.981048901110610e-06 -1.479690722049313e-06 4.424052521427625e-07
-2.077318390280339e-05 -1.082586598304881e-05 -1.618809722196679e-06 2.201078503408168e-07
-2.213980665059306e-05 -1.287605313786616e-05 -1.650693891073139e-06 1.530625623772276e-07
-2.042917771203275e-05 -8.113956541941785e-06 -1.612012142797910e-06 4.078184837271298e-07
-2.449492531710441e-05 -1.288504484722386e-05 -1.700088910655161e-06 1.932217232291211e-07
-2.263303110791685e-05 -9.665179157853691e-06 -1.718632487912030e-06 2.793760093221964e-07
-2.213812035489924e-05 -8.110097544779124e-06 -1.691007308516981e-06 3.602280985778329e-07
-2.774802926065130e-05 -1.290235848673398e-05 -1.692156669253907e-06 2.626244366934345e-07
-2.613338667013747e-05 -1.030837888659317e-05 -1.720022129741823e-06 2.501387105971554e-07
-2.449385514488584e-05 -8.102840830859262e-06 -1.739626247179574e-06 2.736403808544565e-07
-3.207557132884779e-05 -1.292785375853784e-05 -1.580089957273117e-06 3.446948155004563e-07
-2.990462283870074e-05 -1.049876951716397e-05 -1.635656598311313e-06 2.444124981070737e-07
-2.774669709306597e-05 -8.090816013088400e-06 -1.684303888619110e-06 1.848349903042649e-07
-3.663008753617733e-05 -1.295677040633836e-05 -1.280874473640398e-06 3.219013290428649e-07
-3.434413285521842e-05 -1.050199307252576e-05 -1.377846109066892e-06 1.827718710138154e-07
-3.207446219744072e-05 -8.072681826493138e-06 -1.495106005426468e-06 5.926709311779374e-08
-4.123545926432174e-05 -1.298730131464790e-05 -8.752929205992069e-07 3.412837698908364e-07
-3.892337350228945e-05 -1.050529012221364e-05 -1.045940612945946e-06 1.312564397783704e-07
-3.662892888109726e-05 -8.050404585541717e-06 -1.167072581513157e-06 2.975936802453132e-09
-4.589199797901219e-05 -1.301563862518177e-05 -4.387355920064408e-07 3.243018825352665e-07
-4.355502007033806e-05 -1.050849599097853e-05 -6.278655279287619e-07 9.891267907734210e-08
-4.123437299736928e-05 -8.026474117167852e-06 -8.188526124567852e-07 -9.037825047582158e-08
-5.059292388805184e-05 -1.303912718148026e-05 -2.349547343841128e-08 3.039430658590141e-07
-4.823542125600896e-05 -1.051131577742636e-05 -1.905124773353776e-07 7.547413770890726e-08
-4.589110523193626e-05 -8.004146659515358e-06 -3.811489134026689e-07 -1.431654282559588e-07
-5.532795675243975e-05 -1.305733860943433e-05 4.497838895670025e-07 3.066281752002437e-07
-5.295513437024274e-05 -1.051392305809926e-05 2.680101933340348e-07 5.583777804999506e-08
-5.059211187226396e-05 -7.986148484998331e-06 9.001862619488932e-08 -1.819245519755134e-07
-6.008754407988873e-05 -1.307086454745151e-05 9.759839494717168e-07 3.153038810747833e-07
-5.770381497087114e-05 -1.051614715958464e-05 7.760083816560760e-07 4.261774961213484e-08
-5.532715045612052e-05 -7.972811850192535e-06 5.941348197508794e-07 -2.218543246793462e-07
-6.486526033886467e-05 -1.308068725916425e-05 1.469158216183431e-06 2.203712528705212e-07
-6.247340583590012e-05 -1.051785632073673e-05 1.294484392475052e-06 2.127837648365499e-08
-6.008682817239092e-05 -7.963265229599254e-06 1.101514632840016e-06 -2.474366117717910e-07
-6.965612601785828e-05 -1.308740847907143e-05 1.724197832101766e-06 3.337224313979179e-08
-6.725869642760857e-05 -1.051907218684706e-05 1.686551246917086e-06 6.372274013706233e-09
-6.486470070214848e-05 -7.956274749876826e-06 1.540469928975738e-06 -1.733720431215272e-07
-7.993817684844425e-05 -1.280964467207398e-05 1.352029663261421e-06 -1.739920483212423e-07
-7.925631230206919e-05 -1.309205734630336e-05 1.394669299654533e-06 -1.904424109653320e-07
-7.180466425207112e-05 -1.051995594232299e-05 1.784526595342152e-06 -3.234836206292874e-08
-7.445473078633917e-05 -1.309111675178322e-05 1.662743040849764e-06 -1.033579399285180e-07
-6.965575309032155e-05 -7.951651038043820e-06 1.830279171731852e-06 -7.060630314415992e-08
-8.022061845740942e-05 -1.212781859852157e-05 1.336574985786098e-06 -1.321773263702045e-07
-7.860695524176160e-05 -1.052060134477003e-05 1.472834219790617e-06 -5.481616425436610e-09
-7.445459141501757e-05 -7.949469908051443e-06 1.698023955423633e-06 9.444544529599888e-08
-8.022063297117926e-05 -8.913391963004091e-06 1.386393342493841e-06 9.284237590412539e-08
-7.925628199098544e-05 -7.949084176182686e-06 1.448256579511926e-06 1.462517995634807e-07
-7.993817964751795e-05 -8.231520102975343e-06 1.405907150064295e-06 1.316423286711020e-07
