1.566626309305270e-05 -9.269758069584145e-07 3.880308862468089e-05 -5.995066578495896e-06
1.576538140483590e-05 -6.878110421522879e-07 3.892026331748480e-05 -5.723461712176420e-06
1.576519415635971e-05 4.401569475552390e-07 3.901976474066849e-05 -4.534164886144092e-06
1.566604691601765e-05 6.793552860614116e-07 3.891490030429847e-05 -4.271002572508748e-06
1.542699188712365e-05 -1.026016736788822e-06 3.852847213545683e-05 -6.108917317272908e-06
1.497757951558076e-05 -1.237875871503618e-07 3.813194431732423e-05 -5.154377085237724e-06
1.542672997821077e-05 7.784112978915538e-07 3.865638818100080e-05 -4.161807552140853e-06
1.374132281317303e-05 -1.024207704791010e-06 3.668298157197030e-05 -6.197962848482239e-06
1.374095770941110e-05 7.767629152540965e-07 3.684455710771181e-05 -4.154300798864677e-06
1.281188704812321e-05 -1.237230917650947e-07 3.570970468707983e-05 -5.192050401952748e-06
1.206192243769111e-05 -1.016137932580552e-06 3.477953594448509e-05 -6.273042184605426e-06
1.206150744133154e-05 7.689381702760804e-07 3.493414387430781e-05 -4.047441000952746e-06
1.122791874284353e-05 -1.236007463244903e-07 3.367449082482236e-05 -5.326139215202652e-06
1.040479806225785e-05 -9.986158679475581e-07 3.273216210774780e-05 -6.425029534821364e-06
1.040426995738391e-05 7.521201173618155e-07 3.256133439214224e-05 -4.006435208903913e-06
9.587893817398518e-06 -1.233620942850463e-07 3.131756942125772e-05 -5.322850617152282e-06
8.789318060879170e-06 -9.705664618752108e-07 3.034829623416173e-05 -6.688412157740858e-06
8.788193244090281e-06 7.246853535994543e-07 3.002269477849364e-05 -3.872667815383842e-06
7.999791822504114e-06 -1.228357356007791e-07 2.872042123356722e-05 -5.304404197309623e-06
7.235419399142399e-06 -9.322804086956499e-07 2.759672285520275e-05 -6.842207542221060e-06
7.234014999826938e-06 6.871157337523920e-07 2.732454941844796e-05 -3.865021617531720e-06
6.483152903555497e-06 -1.222815794482682e-07 2.596609471694572e-05 -5.267248852074964e-06
5.761712914449270e-06 -8.850119487549378e-07 2.454828042356748e-05 -6.949331959255838e-06
5.760613591358696e-06 6.405462664954131e-07 2.458940251658605e-05 -3.856387048718550e-06
5.055118733800827e-06 -1.218186301052392e-07 2.306841582023361e-05 -5.292122769478666e-06
4.383369452824288e-06 -8.309231765725365e-07 2.158154627739809e-05 -6.909853740715081e-06
4.382818988465637e-06 5.871972650166849e-07 2.179242015985227e-05 -3.810751349555151e-06
3.728209289683269e-06 -1.215430963093346e-07 2.018290185395096e-05 -5.316433554096600e-06
3.110946180482249e-06 -7.717380205336740e-07 1.883173499384083e-05 -6.817587339744189e-06
3.110618702782686e-06 5.286983998614699e-07 1.900334068433255e-05 -3.862529111705317e-06
2.511327466483599e-06 -1.211657112740166e-07 1.738946270846326e-05 -5.331475065707391e-06
1.952509576583667e-06 -7.071960138480424e-07 1.624462964661485e-05 -6.649831259474857e-06
1.952517517046365e-06 4.651350670163898e-07 1.630983287710144e-05 -3.977455651854182e-06
1.413327340749453e-06 -1.207405358073852e-07 1.479245903323906e-05 -5.325778787600330e-06
9.183911284617107e-07 -6.354813243536481e-07 1.380395208938418e-05 -6.544434093990398e-06
9.184059833674126e-07 3.943201571363377e-07 1.376502687083766e-05 -3.997351209582174e-06
4.640029962870661e-07 -1.195787154295214e-07 1.252121869517392e-05 -5.260504053768743e-06
5.617639286398447e-08 -5.566392345443621e-07 1.165185134504156e-05 -6.371674960146234e-06
5.579939902997478e-08 3.144798024532397e-07 1.154658542447905e-05 -4.064104218201089e-06
-2.368465072441968e-07 -1.488851724762096e-07 1.078921793680669e-05 -5.310610249927600e-06
-4.914344156116903e-07 -4.857554201514566e-07 1.016510971272468e-05 -6.220686518134778e-06
-4.936063666351315e-07 2.430034752829939e-07 1.005980162032726e-05 -4.209296205153404e-06
-8.238571644399761e-07 -4.253984593289606e-07 9.182461657466132e-06 -6.178166153209684e-06
-7.782074448507804e-07 -2.300688906342505e-07 9.359176642621796e-06 -5.532199422465219e-06
-8.270900072246350e-07 1.982812981054972e-07 9.164635954111160e-06 -4.244864880466305e-06
-1.032750530465494e-06 1.509040719234049e-07 8.461881166584859e-06 -4.222257194221604e-06
5.009667711684583e-07 -5.445575907575889e-07 -1.261117318704252e-06 -1.013646426302601e-06
5.105836902653307e-07 -5.674653951016937e-07 -1.289493183069740e-06 -9.487962076529765e-07
5.106248689695130e-07 -6.535890706156467e-07 -1.300855673723077e-06 -7.074015816936080e-07
5.010266695615800e-07 -6.765540418830559e-07 -1.273324185644613e-06 -6.386118782274086e-07
-1.036880577997457e-06 -3.833574093107897e-07 8.444557816935505e-06 -6.146771360761046e-06
-1.192081955869162e-06 -3.365085068279772e-07 7.791064792982900e-06 -6.128999431265540e-06
-1.090806119761379e-06 -5.173426577567439e-08 8.324745298268591e-06 -4.942489196576321e-06
-1.208392408490186e-06 1.152256776783303e-07 7.826874064887017e-06 -4.144915019091895e-06
4.781113202145587e-07 -5.352270817900039e-07 -1.194450605352426e-06 -1.040739017917633e-06
4.548313316056728e-07 -6.298543495395142e-07 -1.136650112519888e-06 -7.814344871404500e-07
4.780769000450718e-07 -6.863619084243871e-07 -1.205558695566888e-06 -6.101310365195256e-07
-1.252929168667070e-06 -1.806314995222832e-07 7.593841581986479e-06 -5.543275039138960e-06
-1.323332126741493e-06 -2.655863718485225e-07 7.157799877185145e-06 -6.043020471625163e-06
-1.419209038606831e-06 -1.977642516538166e-07 6.544034239016854e-06 -5.875861831252858e-06
-1.299680317030051e-06 -8.154272465952375e-09 7.420346418509900e-06 -4.688165685960921e-06
-1.338778162230960e-06 9.018016334594105e-08 7.207338008022317e-06 -3.975408781827962e-06
3.225209720145759e-07 -5.341692813770235e-07 -7.590447742184607e-07 -1.065692879630426e-06
3.219344603258148e-07 -6.907865545721606e-07 -7.510463554831324e-07 -6.141565683718141e-07
2.412883695740113e-07 -6.132414864633562e-07 -5.158229728019978e-07 -8.344518144103545e-07
-1.476929199079223e-06 -1.164618239475260e-07 5.964085999515514e-06 -5.628856713450936e-06
-1.443348515883190e-06 -8.168979949819829e-08 6.459619624286153e-06 -5.260843243627857e-06
-1.416328992410266e-06 2.331018489426132e-08 6.691917189235982e-06 -4.409014867945111e-06
-1.434029199691442e-06 6.630509945862174e-08 6.607468945129571e-06 -3.690944699966660e-06
1.533265632756009e-07 -5.202748919675400e-07 -3.037575435294760e-07 -1.060618581938914e-06
1.529891498018504e-07 -7.074654870846181e-07 -2.922535952970769e-07 -5.711974085499341e-07
5.240378457267884e-08 -6.144302693909490e-07 -7.522367160974491e-09 -8.010068755608556e-07
-1.509974194848140e-06 -4.936459929887089e-08 5.391297923557212e-06 -5.286498014377307e-06
-1.504658411762323e-06 6.737655326110669e-10 4.779328555866316e-06 -4.891007559992352e-06
-1.492155246767407e-06 2.940384397571335e-08 5.867441688519151e-06 -4.281841125284263e-06
-1.496797129506522e-06 4.379780314182021e-08 5.995057691288112e-06 -3.280673286227496e-06
-6.391390780175485e-08 -4.879651739235856e-07 3.049758777496012e-07 -1.119063647832070e-06
-6.411658065433796e-08 -7.417587243306413e-07 3.303422273477565e-07 -4.351208313185206e-07
-1.504223627522682e-06 3.721761939608853e-08 4.882721670799654e-06 -4.295352598613774e-06
-1.468184298195966e-06 4.235689742297770e-08 4.270973514772509e-06 -4.461487545291371e-06
-1.513365689868687e-06 3.476483557375449e-08 5.074986336486055e-06 -3.601145617077431e-06
-1.532757955156816e-06 -2.947115795653464e-09 5.463097283498353e-06 -2.805308190206012e-06
-1.931890448406181e-07 -6.152179362557007e-07 6.214882439510996e-07 -7.684655143911273e-07
-3.476614076034156e-07 -4.401748683471346e-07 1.016810373578199e-06 -1.224209577845939e-06
-3.477835365315864e-07 -7.910970521471918e-07 1.012894785191447e-06 -3.153183968045455e-07
-1.422289202614004e-06 5.784093721715379e-08 3.837207150349281e-06 -4.024462399329881e-06
-1.345505276565554e-06 2.741820635396333e-08 3.474782452630823e-06 -3.451641866315802e-06
-1.251330498788463e-06 -2.471995440050593e-08 3.180130795136520e-06 -2.835832749625629e-06
-1.487064239756837e-06 6.752324754750981e-11 4.625456465136208e-06 -2.970071504902817e-06
-1.550512747796873e-06 -8.630564493693072e-08 5.085747566290302e-06 -2.365749650287822e-06
-4.724446325064073e-07 -6.156794541556789e-07 1.345224746481255e-06 -7.394137412338025e-07
-6.267797452922214e-07 -3.920891210231765e-07 1.765684965651320e-06 -1.304696475331251e-06
-6.263575394752018e-07 -8.409188699709552e-07 1.762532778611446e-06 -9.451149337010518e-08
-1.373727761670195e-06 -1.474673529385926e-08 3.797362318579116e-06 -2.840040316580284e-06
-1.164917180941750e-06 -1.169235171991262e-07 2.945379129381082e-06 -2.245067650126629e-06
-9.024069050341139e-07 -3.493370346580785e-07 2.467400681161580e-06 -1.371643396294589e-06
-9.967148824619981e-07 -3.139669194935847e-07 2.663270271014174e-06 -1.457486301900692e-06
-1.063166389912334e-06 -2.513599007559861e-07 2.775232554414960e-06 -1.654936267625957e-06
-1.458686013069842e-06 -1.020132774352703e-07 4.294424172639076e-06 -2.283210250203592e-06
-1.570237099079574e-06 -2.099202284839789e-07 4.781779009192621e-06 -1.813128371658498e-06
-7.668487025690541e-07 -5.845481902014829e-07 2.148004836509890e-06 -7.784732834756095e-07
-8.600564075673933e-07 -8.741888989227404e-07 2.475936352434156e-06 1.246826199456897e-08
-1.245090626930172e-06 -1.921131132179934e-07 3.358535589231406e-06 -1.847029955900048e-06
-9.814871224846499e-07 -4.638019963856253e-07 2.678348042739877e-06 -1.060853879529404e-06
-1.092241077398909e-06 -3.376509416191459e-07 2.916857412944949e-06 -1.379121392272161e-06
-1.418523923132093e-06 -2.517935222333568e-07 4.046795822783785e-06 -1.627926280840442e-06
-1.599689423271283e-06 -3.776514841246027e-07 4.594623372034723e-06 -1.243952393956736e-06
-9.502250322830060e-07 -7.173330392521477e-07 2.700796226564602e-06 -3.864275256084432e-07
-9.102351698721681e-07 -9.153178992912861e-07 2.701901484944195e-06 1.235860895338014e-07
-1.254062364049659e-06 -4.818183251865756e-07 3.478452063579801e-06 -9.052883383613701e-07
-1.632013838265255e-06 -5.762033753769117e-07 4.536365294470922e-06 -6.358221147139909e-07
-1.737354025817760e-06 -8.099541613901360e-07 4.554991716048114e-06 -8.911159445635783e-08
-1.081754785400599e-06 -8.493839453195428e-07 3.123618214807077e-06 4.686464875622517e-09
-9.310396917596195e-07 -1.018861022044483e-06 2.833667744004297e-06 3.461158752778463e-07
-9.414082453492926e-07 -1.335145143245004e-06 2.948152845981123e-06 9.206286590920507e-07
-1.475328413055980e-06 -8.174969432023535e-07 4.017352818192555e-06 -1.323586961232006e-08
-9.918842128038725e-07 -1.695984930607683e-06 3.108163796219009e-06 1.498776605993587e-06
-1.897798670920359e-06 -1.064105903432527e-06 4.662148374587354e-06 4.906143734628082e-07
-1.205472196366762e-06 -1.329040755600429e-06 3.413739409609106e-06 9.592736338309423e-07
-1.653104525946888e-06 -1.355885923757812e-06 4.210801919002652e-06 1.033970671562370e-06
-1.116305940056520e-06 -2.063663382719072e-06 3.374650459937703e-06 2.064697808520577e-06
-2.135921334520092e-06 -1.356781406513620e-06 4.860873441247180e-06 1.030399586587385e-06
-2.001277599874416e-06 -1.692288066522154e-06 4.662196240797869e-06 1.572255969565484e-06
-1.619525964216048e-06 -1.922957456253872e-06 4.186082546618792e-06 1.903916655403379e-06
-1.298679636099154e-06 -2.464902762677351e-06 3.734926230280989e-06 2.548935716832861e-06
-1.571394019577993e-06 -2.875392316455630e-06 4.136020166163163e-06 2.959435712168658e-06
-2.472921441836368e-06 -1.655484270922651e-06 5.221486409050895e-06 1.546009943069041e-06
-2.267021869080661e-06 -2.123787855913520e-06 4.995471069588182e-06 2.130477945028850e-06
-2.014070794678987e-06 -2.722427557449410e-06 4.727691285134277e-06 2.767970269310715e-06
-1.903234475567431e-06 -3.287622663109546e-06 4.588746006890306e-06 3.335778010360690e-06
-2.897062453919331e-06 -1.948178174680103e-06 5.616655030905618e-06 1.954202802223628e-06
-2.781888037232821e-06 -2.730216713163635e-06 5.490927970772665e-06 2.775784351078561e-06
-2.319983155421779e-06 -3.665592786434536e-06 5.051730140955748e-06 3.661250923872464e-06
-2.825299080213147e-06 -4.018734462475284e-06 5.531270594865850e-06 3.922724868169681e-06
-3.392791625112789e-06 -4.339549407417797e-06 6.001139223740558e-06 4.078708931679200e-06
-3.426333903338136e-06 -2.911192152762023e-06 6.068875799441452e-06 2.970452990186846e-06
-3.415144215638549e-06 -2.215368870092482e-06 6.076954800964851e-06 2.302948207291969e-06
-3.292307234502676e-06 -3.650694877570252e-06 5.952504166409154e-06 3.612164379722725e-06
-4.035624614384618e-06 -4.584728851236226e-06 6.444085575708863e-06 4.180082819478811e-06
-4.740244390394197e-06 -4.766908567322595e-06 6.904534702829099e-06 4.206215321748482e-06
-3.974603099298852e-06 -3.070136506146809e-06 6.469494243015845e-06 3.128871388524325e-06
-4.031373014689130e-06 -2.408413851288117e-06 6.509863251838784e-06 2.592266053338541e-06
-5.480667354298164e-06 -4.863268354776334e-06 7.356806993008780e-06 4.197891923590986e-06
-4.628030767550846e-06 -3.723059565023821e-06 6.881397364263148e-06 3.580499015328375e-06
-4.722192924005038e-06 -2.508835306061496e-06 6.962315986240038e-06 2.809368248722399e-06
-5.639002346704968e-06 -3.845891473061181e-06 7.430772901298753e-06 3.651744763791374e-06
-6.353191692643173e-06 -4.926691059662239e-06 7.808816012205876e-06 4.218759821475070e-06
-5.463074156310054e-06 -2.519987827096736e-06 7.392091146228122e-06 2.914285811060193e-06
-7.607287875208956e-06 -4.989907385550163e-06 8.429232380967191e-06 4.206580127494167e-06
-6.590555815582591e-06 -3.250791142301250e-06 7.925265265002763e-06 3.348094804903916e-06
-6.349748972940192e-06 -2.456900204809386e-06 7.798460932216390e-06 2.961428803783669e-06
-9.457415219463958e-06 -5.085571105680820e-06 9.370988748975483e-06 4.277903209420775e-06
-8.514543028432413e-06 -3.583212470726977e-06 8.841201012942330e-06 3.506260458007806e-06
-7.608955737224993e-06 -2.375204642180628e-06 8.427536809679611e-06 2.976109132767044e-06
-1.207502343511543e-05 -5.186803161232211e-06 1.063694622321581e-05 4.339972589423303e-06
-1.073765018933968e-05 -3.687256320401541e-06 9.912704540720760e-06 3.567129581137797e-06
-9.458064212075342e-06 -2.283255461340521e-06 9.243867230873878e-06 2.888585296517489e-06
-1.496634300296328e-05 -5.270530717939821e-06 1.210079226748038e-05 4.339800180122901e-06
-1.349512704743358e-05 -3.686516377806211e-06 1.128671303737771e-05 3.583167937276363e-06
-1.207530290150675e-05 -2.185870912413954e-06 1.049630330252408e-05 2.807282898730710e-06
-1.799816766249448e-05 -5.340168185692191e-06 1.361998231461980e-05 4.437726112284050e-06
-1.646053599383623e-05 -3.686413382629332e-06 1.278060358671861e-05 3.584065902531192e-06
-1.496641873003427e-05 -2.102328930681820e-06 1.200232701114330e-05 2.757708825398125e-06
-2.114756541140599e-05 -5.397270141043267e-06 1.537837502321832e-05 4.603004073069761e-06
-1.955498226280375e-05 -3.686394403248613e-06 1.444084470323096e-05 3.577064315067112e-06
-1.799811518139332e-05 -2.032618783628144e-06 1.362178189112825e-05 2.643158352507719e-06
-2.439194004851871e-05 -5.442944848438627e-06 1.742678577015404e-05 4.686934073832830e-06
-2.275552663418874e-05 -3.686362542072524e-06 1.635969621872339e-05 3.557984600001051e-06
-2.114747388912216e-05 -1.975434098742720e-06 1.542233485314693e-05 2.553342762297878e-06
-2.771110745238271e-05 -5.478735710143874e-06 1.969139470026619e-05 4.783098507304671e-06
-2.604049660548311e-05 -3.686330014779812e-06 1.848744984766877e-05 3.560173133985088e-06
-2.439199072728521e-05 -1.929738923449862e-06 1.739285568056696e-05 2.500443606646233e-06
-3.108830273163826e-05 -5.506738774841002e-06 2.180342041058369e-05 4.753301653804186e-06
-2.939104781323892e-05 -3.686438536755279e-06 2.067062271289238e-05 3.613913373597896e-06
-2.771110370037405e-05 -1.894046290543874e-06 1.954971440871819e-05 2.494255322424552e-06
-3.451121115401475e-05 -5.528412352321691e-06 2.369991851060078e-05 4.703326211725104e-06
-3.279290500969898e-05 -3.686548289460113e-06 2.268009956238811e-05 3.685825889795970e-06
-3.108820241539988e-05 -1.866282768036596e-06 2.162637397864965e-05 2.583034635282133e-06
-3.796845537557692e-05 -5.543868547347842e-06 2.559831872608556e-05 4.785975901582817e-06
-3.623501359020018e-05 -3.686735127052379e-06 2.459030212400130e-05 3.750172705964787e-06
-3.451102739272782e-05 -1.844807688656681e-06 2.359715824476477e-05 2.695903898291391e-06
-4.543178737157910e-05 -5.349693055228666e-06 2.991074560694733e-05 4.761958244365217e-06
-4.493655787369034e-05 -5.554765894403512e-06 2.962142181271578e-05 4.882802888407822e-06
-3.952464511477949e-05 -3.686905334302282e-06 2.642551251696574e-05 3.780539736497001e-06
-4.144809391650385e-05 -5.552679201411723e-06 2.752583110643944e-05 4.877560366802097e-06
-3.796837276203042e-05 -1.829665418849915e-06 2.551642432292690e-05 2.685766337514711e-06
-4.563692735858709e-05 -4.854553581355078e-06 3.003009231141472e-05 4.471315542373500e-06
-4.446459743985367e-05 -3.687223330287797e-06 2.933138201904967e-05 3.787294880617019e-06
-4.144803795203315e-05 -1.821421789999192e-06 2.750462656131093e-05 2.668725033300155e-06
-4.563696059290568e-05 -2.519890667786283e-06 3.000986291560387e-05 3.115788569903691e-06
-4.493656775198774e-05 -1.819635945349921e-06 2.959690594130812e-05 2.702481781444864e-06
-4.543181586010277e-05 -2.024723090242461e-06 2.988847999817249e-05 2.824191190320383e-06
