5.348758676069336e-05 -7.012823617669405e-06 2.429930499934036e-05 -3.874256248567751e-06
5.372425921589911e-05 -6.441620090075058e-06 2.432274722319149e-05 -3.802927827224175e-06
5.372459194487287e-05 -3.748644528767185e-06 2.426333001169824e-05 -3.432068178727878e-06
5.348796148738067e-05 -3.177437912985722e-06 2.422941088480246e-05 -3.346499157093983e-06
5.291626635616418e-05 -7.249402173215896e-06 2.423620437596518e-05 -3.905603950125844e-06
5.184463530284051e-05 -5.095151758098676e-06 2.404604299374715e-05 -3.611724541250245e-06
5.291668855900061e-05 -2.940851602410725e-06 2.414882285897829e-05 -3.309353056077980e-06
4.889307084786363e-05 -7.247698846353412e-06 2.369032829241016e-05 -3.973532251971491e-06
4.889352212484474e-05 -2.941902683939671e-06 2.354424340415869e-05 -3.225421281080547e-06
4.667320913927085e-05 -5.094288567723907e-06 2.324780917104309e-05 -3.614263359339747e-06
4.487495231303926e-05 -7.240219955658986e-06 2.287680567562276e-05 -4.116313158600093e-06
4.487547256608458e-05 -2.947599918375468e-06 2.285112007919453e-05 -3.179128039610961e-06
4.287066708034757e-05 -5.093351141916179e-06 2.244776212642728e-05 -3.608167649185437e-06
4.087512524497940e-05 -7.224043964546273e-06 2.188240244139944e-05 -4.122040103818500e-06
4.087553278267039e-05 -2.961390766016364e-06 2.196274771171043e-05 -2.980715292336294e-06
3.888539031289507e-05 -5.091862516226658e-06 2.136581835733191e-05 -3.615761560706812e-06
3.691210387532178e-05 -7.195763728642628e-06 2.078677493212730e-05 -4.266431612950563e-06
3.691295866478568e-05 -2.986564365534917e-06 2.072169402251028e-05 -2.779175100097480e-06
3.494919846015947e-05 -5.090454779628206e-06 1.993851034338359e-05 -3.548782015240203e-06
3.301088771538769e-05 -7.155026956091085e-06 1.939833655394794e-05 -4.339469502131742e-06
3.301158695952847e-05 -3.024332511969000e-06 1.917537108188531e-05 -2.643278512569244e-06
3.108678419416832e-05 -5.089151234665686e-06 1.833099211443260e-05 -3.507807598839202e-06
2.919500828125212e-05 -7.102884056807697e-06 1.764249456791379e-05 -4.490452053762287e-06
2.919526089044472e-05 -3.073757068518947e-06 1.740864349605519e-05 -2.514264739950449e-06
2.732029655806532e-05 -5.087827824047020e-06 1.651543922042702e-05 -3.441247884421023e-06
2.548416747753080e-05 -7.041064273782313e-06 1.566492682409337e-05 -4.532708573368167e-06
2.548393542152905e-05 -3.133030359812821e-06 1.548081343973923e-05 -2.414081660562684e-06
2.366723200776569e-05 -5.086500760264393e-06 1.459743885396875e-05 -3.430241988173117e-06
2.189422992034144e-05 -6.970810803170705e-06 1.361994092532487e-05 -4.568176648324963e-06
2.189374157221182e-05 -3.200845017009668e-06 1.342076350104939e-05 -2.329772317165673e-06
2.014301033332622e-05 -5.085273862415437e-06 1.244329139882727e-05 -3.433836929017935e-06
1.844110328384722e-05 -6.891687304190205e-06 1.145013904291057e-05 -4.528878986897169e-06
1.844045591676200e-05 -3.277750325282209e-06 1.128461039056418e-05 -2.314596128528590e-06
1.676365508132416e-05 -5.084026623602228e-06 1.021832902327281e-05 -3.395887743270726e-06
1.514109217498342e-05 -6.801855462127583e-06 9.316151484154593e-06 -4.455446902337077e-06
1.514030562952423e-05 -3.365431958739583e-06 9.277225204460972e-06 -2.320127871857527e-06
1.360973799996850e-05 -5.082083315631326e-06 8.273408787621900e-06 -3.373159494999853e-06
1.213772722440091e-05 -6.701169257177287e-06 7.525318565034839e-06 -4.205150185840045e-06
1.213666646031531e-05 -3.467030679749224e-06 7.527232816993829e-06 -2.412243780035593e-06
1.104996947710678e-05 -5.202037763473976e-06 6.891714117739506e-06 -3.430026765763906e-06
9.997522733074057e-06 -6.608447434486749e-06 6.378872418843921e-06 -4.056097736714268e-06
9.994672875194319e-06 -3.560289880793775e-06 6.348973384347532e-06 -2.546325077933249e-06
8.527459868386630e-06 -6.527768759595372e-06 5.722325911120800e-06 -3.951298600361900e-06
8.789194276425547e-06 -5.583374829345183e-06 5.816732166361088e-06 -3.557708846900033e-06
8.522979129951961e-06 -3.619607892186903e-06 5.681737658217943e-06 -2.571067337229528e-06
7.502536306450351e-06 -3.683197812191849e-06 5.256383403650768e-06 -2.612373596736087e-06
-8.562139957818358e-07 -1.019755859307295e-06 -9.048378750971034e-07 -1.463815065131202e-07
-8.740214387650255e-07 -9.766084165713239e-07 -9.132079565660714e-07 -1.253005421896093e-07
-8.737961480559491e-07 -8.171224764139797e-07 -9.157670625802799e-07 -4.779069629284699e-08
-8.561374523711565e-07 -7.751591420430218e-07 -9.085515198892014e-07 -2.792551326626373e-08
7.497083627385815e-06 -6.470992340906619e-06 5.287560636957682e-06 -3.896690381297081e-06
6.612596187700560e-06 -6.368937334079575e-06 4.904767592904278e-06 -3.841276148531312e-06
7.274402998620534e-06 -4.731966188055111e-06 5.163598868713061e-06 -3.122658914790391e-06
6.591922240019138e-06 -3.672600907266759e-06 4.867543160768049e-06 -2.585341236473788e-06
-8.133156668561469e-07 -1.037810427397369e-06 -8.848614580772630e-07 -1.554791269621032e-07
-7.704623817239710e-07 -8.631779521597354e-07 -8.690324293593996e-07 -6.772907350511434e-08
-8.140747720544582e-07 -7.580063179770066e-07 -8.896488911603369e-07 -1.831116074326931e-08
6.316676220087389e-06 -5.520856273794863e-06 4.775287356905525e-06 -3.450929626855528e-06
5.769743694140947e-06 -6.157674187433810e-06 4.503598874968665e-06 -3.762672524988620e-06
4.992529028607066e-06 -5.875738821914918e-06 4.145086637910480e-06 -3.631574734266595e-06
6.050839802434650e-06 -4.404900807523901e-06 4.656125851537647e-06 -2.915695621730680e-06
5.763050547392759e-06 -3.532422144615133e-06 4.542709028056747e-06 -2.492248048073221e-06
-5.236213724766695e-07 -1.044855694740682e-06 -7.305618854732643e-07 -1.640952259421771e-07
-5.244108468446859e-07 -7.563406121383992e-07 -7.342729119654264e-07 1.168861883968268e-08
-3.746691616316520e-07 -9.023252649907157e-07 -6.219363752936289e-07 -7.062845955845114e-08
4.293626842282013e-06 -5.503058134391363e-06 3.853368722149002e-06 -3.445778348991178e-06
4.875172817759362e-06 -5.049196888116474e-06 4.105774206444306e-06 -3.235242011560102e-06
5.136262238148469e-06 -4.058788965656611e-06 4.255887551494686e-06 -2.754054663726985e-06
5.022306901033658e-06 -3.281068501428097e-06 4.242002140488240e-06 -2.331201302074716e-06
-2.133314780224326e-07 -1.072888699710889e-06 -4.895886162872551e-07 -2.054647208411232e-07
-2.145228056812200e-07 -7.356400278894389e-07 -4.634864965615792e-07 1.067061034506050e-07
-3.274703085169052e-08 -9.062824325349916e-07 -3.038343215823626e-07 -3.535229584017949e-08
3.662179577632640e-06 -5.080862660739009e-06 3.587929820119979e-06 -3.251986978992042e-06
3.125369717477159e-06 -4.617952539852296e-06 3.213713175685097e-06 -3.015693395258434e-06
4.243635075513669e-06 -3.914989668219174e-06 3.874671326589711e-06 -2.688483439691806e-06
4.384916255708488e-06 -2.926939395046115e-06 3.970486256626873e-06 -2.052233997490297e-06
1.739608483523462e-07 -1.130162842014610e-06 -8.147040946504338e-08 -2.903669093067722e-07
1.727981704454284e-07 -6.866029178276990e-07 -8.833780337928508e-08 2.351924357070106e-07
3.263333013475717e-06 -3.950115670151594e-06 3.284529820454440e-06 -2.666201626338948e-06
2.680431014919084e-06 -4.107406510282624e-06 2.906162682485262e-06 -2.761015141423807e-06
3.482722935975046e-06 -3.246155145971590e-06 3.428506256541092e-06 -2.239089360982327e-06
3.859844162728556e-06 -2.517248902303089e-06 3.701949641900287e-06 -1.712377041344121e-06
3.984137311122472e-07 -9.105027174411309e-07 1.980575417825735e-07 -1.496781158657214e-08
6.645610623027296e-07 -1.210963152653400e-06 5.245750771016453e-07 -3.561319041105769e-07
6.625987254802456e-07 -6.135348610322420e-07 5.381528269725630e-07 3.733510807105632e-07
2.303258629166693e-06 -3.579741076845213e-06 2.640469535189838e-06 -2.502493414160662e-06
2.029498692220740e-06 -3.069395487945514e-06 2.366078435517533e-06 -2.103246998550336e-06
1.844080481826995e-06 -2.548687712841568e-06 2.139774746480944e-06 -1.674794026324911e-06
3.043622544875840e-06 -2.648740323827215e-06 3.161794709337033e-06 -1.801071199417753e-06
3.449532769306113e-06 -2.084098234886001e-06 3.489841633970088e-06 -1.311056337340878e-06
8.763969099419127e-07 -9.154336794155754e-07 7.838730738547002e-07 2.511828096884322e-08
1.135481536296102e-06 -1.288784041383677e-06 1.060573271479338e-06 -4.029746024583173e-07
1.134984077150338e-06 -5.375738713461007e-07 1.099862780634155e-06 5.258431192672724e-07
2.309266248363971e-06 -2.538117502030754e-06 2.587151312741161e-06 -1.681172906907609e-06
1.717716720582135e-06 -2.048966902633169e-06 1.963551838984040e-06 -1.249863791928851e-06
1.540553636307171e-06 -1.352536410464124e-06 1.590738614392849e-06 -5.170521566822138e-07
1.644968610383589e-06 -1.422654509160101e-06 1.758108866524668e-06 -6.156362689099421e-07
1.685207270612374e-06 -1.574506197284982e-06 1.850210600393696e-06 -7.966272827087329e-07
2.747508438602782e-06 -2.023912319833744e-06 2.949828674563982e-06 -1.243464759123795e-06
3.138567768278964e-06 -1.653609563654189e-06 3.314400461374279e-06 -8.862332262855684e-07
1.366092681699229e-06 -9.740277959999970e-07 1.342371393389386e-06 -9.972527490723913e-09
1.582367714155645e-06 -4.805655952927726e-07 1.591674108459067e-06 6.343865025168172e-07
2.044464236046127e-06 -1.704982228327909e-06 2.271354653432268e-06 -9.416635459330745e-07
1.672592578509925e-06 -1.151610703342320e-06 1.760465796769907e-06 -2.635033360164331e-07
1.797443433361598e-06 -1.372170766494636e-06 1.958330377431707e-06 -5.591673645570940e-07
2.554231793569579e-06 -1.523555266955742e-06 2.773308763568059e-06 -7.527022608154580e-07
2.928986841021574e-06 -1.252430330246450e-06 3.212381996750368e-06 -4.208188417999387e-07
1.715394298034443e-06 -7.270027441050237e-07 1.757718852435532e-06 3.087785613745644e-07
1.725136253360032e-06 -4.207080453009620e-07 1.736813953574824e-06 7.330602681499899e-07
2.157847418118927e-06 -1.031428320307696e-06 2.349935060277000e-06 -1.641555954418085e-07
2.836340638451133e-06 -8.802558060550324e-07 3.214522532995583e-06 7.330116198456285e-08
2.795320945085354e-06 -5.492482791991257e-07 3.328134522285671e-06 5.606927484833439e-07
1.983773575344132e-06 -4.929363548435800e-07 2.074548721715550e-06 6.304089806506632e-07
1.815475800008454e-06 -3.050349235510939e-07 1.819035058280348e-06 9.267139448537624e-07
1.939385091880602e-06 -1.125324152229406e-08 1.905010115579518e-06 1.452070453824725e-06
2.487251254300057e-06 -4.871920643160901e-07 2.847876680562312e-06 6.054411770604373e-07
2.093884942043714e-06 2.292048444566026e-07 2.045401549185003e-06 2.003625800958569e-06
2.820680965541140e-06 -2.317403458172759e-07 3.516398675815842e-06 1.033735918478663e-06
2.223787761432641e-06 1.312219033842479e-08 2.358955773020092e-06 1.465914873562846e-06
2.594999778715257e-06 3.214252688671322e-08 3.103052616556394e-06 1.512354291201467e-06
2.251040637053450e-06 4.393156731483286e-07 2.277790336934511e-06 2.550358803099481e-06
2.882658773109589e-06 3.167499081877721e-08 3.788394427494244e-06 1.507913796659545e-06
2.776404558464367e-06 2.538176983495458e-07 3.576057174591143e-06 2.033388526940199e-06
2.578845326145201e-06 3.769180176149029e-07 3.043672159868059e-06 2.369078684285462e-06
2.420080649781637e-06 5.992849637379145e-07 2.584893592265771e-06 3.094468039040197e-06
2.577763470346247e-06 7.192158809088148e-07 2.980635870885165e-06 3.630701671264204e-06
2.960142663831418e-06 2.512533685797547e-07 4.213479801007034e-06 1.989900063666211e-06
2.872215456761939e-06 4.593106677498802e-07 3.930612492999247e-06 2.637897450595915e-06
2.777285602513913e-06 6.632043656105762e-07 3.601046841435874e-06 3.421257866571955e-06
2.739434724882137e-06 7.993423006819475e-07 3.452223673239391e-06 4.154979782693475e-06
3.050534497660861e-06 4.197105802283120e-07 4.753106036178107e-06 2.392927818779480e-06
3.012156296699268e-06 6.523648041450458e-07 4.602113165125372e-06 3.414594131799922e-06
2.884839438997355e-06 8.569966285134775e-07 4.015225392693757e-06 4.623256220668412e-06
3.006928355329109e-06 8.828476850576096e-07 4.669547584441424e-06 5.043895048327686e-06
3.115657978434183e-06 8.777355123184665e-07 5.397894798019139e-06 5.434227476749708e-06
3.134820516138748e-06 6.916467819708385e-07 5.456202884060040e-06 3.622938898040192e-06
3.139116566331207e-06 5.384254690514400e-07 5.451483215697359e-06 2.739513681682357e-06
3.115216707977111e-06 8.093190306842282e-07 5.270502731826981e-06 4.569892297018866e-06
3.197513966161962e-06 8.656529684052562e-07 6.213901417216726e-06 5.732554851449998e-06
3.253567818308613e-06 8.366889816592657e-07 7.113610168697208e-06 5.916095655482162e-06
3.208227229968521e-06 7.228070023243704e-07 6.152138337162804e-06 3.815064200012366e-06
3.210846984175046e-06 6.283752830370882e-07 6.222546990575166e-06 2.981924840621901e-06
3.294083098332210e-06 8.040753099053183e-07 8.055951049059157e-06 5.973400152030372e-06
3.268643714843867e-06 7.827183999655840e-07 6.994563300428696e-06 4.636059356927016e-06
3.266141137860749e-06 6.947135579037274e-07 7.105790545640473e-06 3.135832285752193e-06
3.306887432181195e-06 7.796917204548398e-07 8.249381765929084e-06 4.765488547258783e-06
3.301609203089079e-06 7.623336467204270e-07 9.055258034212506e-06 5.974966584346338e-06
3.305395380912240e-06 7.312839911924049e-07 8.061492019276383e-06 3.197131455645638e-06
3.276851315127190e-06 7.195870270425943e-07 1.045820587581983e-05 5.966782039904100e-06
3.314608976353048e-06 7.766405501401931e-07 9.349910805012131e-06 4.068315797752021e-06
3.304332004001758e-06 7.712190835722243e-07 9.065127674325644e-06 3.174065001470738e-06
3.156214256570164e-06 6.525172614542101e-07 1.243907768243304e-05 5.967662461616979e-06
3.235287712922741e-06 7.740347624308020e-07 1.146288930137869e-05 4.438983899451154e-06
3.276088072221594e-06 8.246112621694458e-07 1.049089561700747e-05 3.168630929307940e-06
2.870834340640034e-06 5.780073037972522e-07 1.493809342525112e-05 5.984127330530554e-06
3.034731839936729e-06 7.675554492790454e-07 1.363271957682097e-05 4.542177326345313e-06
3.156216850851590e-06 8.874086977133964e-07 1.238953963833725e-05 3.197847859025351e-06
2.449663202686503e-06 5.128195951403399e-07 1.757563498818071e-05 5.968268000330777e-06
2.680383384244027e-06 7.672032661260378e-07 1.619249255728040e-05 4.569214776424994e-06
2.871160042387437e-06 9.574517754511662e-07 1.482574541332784e-05 3.137653721753206e-06
1.916969025553465e-06 4.567777918520071e-07 2.028674613070371e-05 6.003259982852957e-06
2.200903762500112e-06 7.665476475436654e-07 1.888411462779592e-05 4.554884169638731e-06
2.450034390593319e-06 1.021056400626693e-06 1.752131271439622e-05 3.097869011974291e-06
1.289495294662164e-06 4.108263854228124e-07 2.310133648283588e-05 5.991435970325180e-06
1.617598989641607e-06 7.659500458867521e-07 2.171473358382231e-05 4.502337017748862e-06
1.917145228533607e-06 1.075743870432764e-06 2.036451051097377e-05 2.972845082372529e-06
5.871987133939152e-07 3.756725313008341e-07 2.583113920861137e-05 5.891805929473924e-06
9.492183069326419e-07 7.652932454847519e-07 2.451610890319361e-05 4.463912211426736e-06
1.289643116849072e-06 1.120317538106719e-06 2.320503522543973e-05 2.955294893842650e-06
-1.686648507664380e-07 3.509789366168884e-07 2.842293724355285e-05 5.836957165321259e-06
2.167684273430360e-07 7.646525029969572e-07 2.714232330904451e-05 4.444247811328510e-06
5.874559508191729e-07 1.154100418183515e-06 2.589163204817716e-05 3.055473215582936e-06
-9.603204754886463e-07 3.343177278986946e-07 3.095634579720913e-05 5.819633621745331e-06
-5.594771312625493e-07 7.641066112804772e-07 2.968085325829111e-05 4.428863375856916e-06
-1.683777226363073e-07 1.177693855974133e-06 2.845258932941584e-05 3.092385159348387e-06
-1.775212693925546e-06 3.232985312369619e-07 3.357419767105451e-05 5.804964764969235e-06
-1.364449891185419e-06 7.635089949688157e-07 3.225683085339391e-05 4.428780827544276e-06
-9.599348420847767e-07 1.193289153503661e-06 3.099635847771411e-05 3.024321924231274e-06
-2.605003541032077e-06 3.161837482486922e-07 3.628138207304302e-05 5.768014818525026e-06
-2.187997274673553e-06 7.629137754779790e-07 3.495306486301297e-05 4.412890608332210e-06
-1.774881781229261e-06 1.203178602278545e-06 3.362454907203910e-05 3.005421719305361e-06
-4.405138603610134e-06 3.606946717548733e-07 4.160957089363210e-05 5.491671092868930e-06
-4.285663385049801e-06 3.112296971823982e-07 4.127099728127911e-05 5.636968669598508e-06
-2.979652884990603e-06 7.624276510870985e-07 3.747317621026763e-05 4.391618110760930e-06
-3.443757753551461e-06 3.122999860015285e-07 3.884116029748160e-05 5.736742412464080e-06
-2.604747797177073e-06 1.209178228162785e-06 3.633187225578168e-05 2.991131607171397e-06
-4.454628267929308e-06 4.801378160228535e-07 4.175037247419167e-05 5.145915467219319e-06
-4.171659951507614e-06 7.618526063604523e-07 4.097519401701612e-05 4.355916781987733e-06
-3.443562776650225e-06 1.212062324086808e-06 3.887540456890039e-05 3.042438513565467e-06
-4.454572705394606e-06 1.043509225754341e-06 4.178136661758821e-05 3.542854873688706e-06
-4.285553656577988e-06 1.212486557089332e-06 4.130851004157777e-05 3.055784391087930e-06
-4.405065945012448e-06 1.162997091533835e-06 4.164428660143883e-05 3.199815251563825e-06
