-5.139231040143047e-05 8.625081525612778e-06 4.687022366838397e-05 -5.500044111396247e-06
-5.157731624149020e-05 8.178616439965927e-06 4.705826604819795e-05 -5.057459114771443e-06
-5.157749776543379e-05 6.073582599103544e-06 4.711556739385980e-05 -2.964902184973573e-06
-5.139251613653184e-05 5.627132152558609e-06 4.693504454208802e-05 -2.521550035653290e-06
-5.094571557328257e-05 8.809985187407914e-06 4.642128085804933e-05 -5.682472853245683e-06
-5.010791267438241e-05 7.126127398384863e-06 4.561960978711581e-05 -4.013016131391308e-06
-5.094595402861842e-05 5.442233886117343e-06 4.649444312708869e-05 -2.337668361610078e-06
-4.780119081137308e-05 8.808175639220456e-06 4.327441841776635e-05 -5.677064726458317e-06
-4.780148683881460e-05 5.444025174872186e-06 4.340227929444618e-05 -2.332518552518306e-06
-4.606745624477327e-05 7.126021039230599e-06 4.163200489006976e-05 -3.995003341195472e-06
-4.466365610845456e-05 8.801929136316733e-06 4.019802297276807e-05 -5.668918860277725e-06
-4.466404672148781e-05 5.450110568619837e-06 4.028597983951360e-05 -2.326863434890445e-06
-4.309988267051700e-05 7.126093812211094e-06 3.870482772492676e-05 -4.015604708472781e-06
-4.154245575305993e-05 8.792107661800256e-06 3.712152231359658e-05 -5.680809939524475e-06
-4.154264734093624e-05 5.460233416610500e-06 3.714545905639812e-05 -2.443731091912119e-06
-3.998857110280449e-05 7.126221675182476e-06 3.570433447814366e-05 -4.026801743186789e-06
-3.844270607979748e-05 8.780380115301254e-06 3.392014932612522e-05 -5.769304101333789e-06
-3.844277724748188e-05 5.472023278166192e-06 3.420329072650538e-05 -2.521921442333956e-06
-3.690000410251698e-05 7.126294979103493e-06 3.272890329767834e-05 -4.086814849203749e-06
-3.536583798783809e-05 8.768277465832751e-06 3.081708804026732e-05 -5.752410237940933e-06
-3.536554509936489e-05 5.483829615012910e-06 3.136227014205645e-05 -2.578903927822873e-06
-3.383435818090321e-05 7.125959677415199e-06 2.977186496454318e-05 -4.150595464432624e-06
-3.231121641522764e-05 8.756204223522978e-06 2.788119384493010e-05 -5.766641846238237e-06
-3.231072094179265e-05 5.494832269502094e-06 2.847396797086189e-05 -2.596827125623876e-06
-3.079055890868707e-05 7.125223317393893e-06 2.671568215434168e-05 -4.271878497027026e-06
-2.927750561933929e-05 8.744391364853778e-06 2.494654335986860e-05 -5.859403493229661e-06
-2.927688500753792e-05 5.504633470282119e-06 2.532148710798265e-05 -2.543973521661815e-06
-2.776705548269547e-05 7.123978622475991e-06 2.359190549689766e-05 -4.383525984482255e-06
-2.626323861757744e-05 8.733457379088990e-06 2.195364192614083e-05 -5.987200074962045e-06
-2.626249452405332e-05 5.512796947170542e-06 2.201505037787194e-05 -2.566630243095287e-06
-2.476140020566477e-05 7.122307592618731e-06 2.047680583030813e-05 -4.426356380760063e-06
-2.326488674828807e-05 8.724128294018329e-06 1.887888950797760e-05 -6.099571453049355e-06
-2.326413001252375e-05 5.518763801622209e-06 1.862614793678456e-05 -2.664650301573604e-06
-2.176970752953051e-05 7.120517667619554e-06 1.723061598231573e-05 -4.450497118448653e-06
-2.027891648035876e-05 8.715985257713757e-06 1.563418092313530e-05 -6.248465785381041e-06
-2.027819877365502e-05 5.523508245234428e-06 1.523351454295530e-05 -2.706524265427421e-06
-1.884907861186936e-05 7.118681758851467e-06 1.394711976155590e-05 -4.499872492961938e-06
-1.742329117082528e-05 8.707729555710926e-06 1.243684327548985e-05 -6.386963104686015e-06
-1.742267131480381e-05 5.528630975190818e-06 1.211068046406983e-05 -2.813563097684345e-06
-1.635456074808426e-05 7.240948851190190e-06 1.107993647529742e-05 -4.669330259503693e-06
-1.526800262313277e-05 8.698944295783818e-06 9.887360687738256e-06 -6.369024830855226e-06
-1.526724238688104e-05 5.535235784362701e-06 9.795343433129784e-06 -2.909786312643191e-06
-1.370734069702489e-05 8.689000808326807e-06 8.121243994731636e-06 -6.288887860172804e-06
-1.400956132635468e-05 7.653801865945298e-06 8.440277259626589e-06 -5.148446933905787e-06
-1.370585230814892e-05 5.540895847713827e-06 8.165400688238528e-06 -3.005068813299812e-06
-1.257657208540389e-05 5.548739221270197e-06 6.992927497197050e-06 -3.065784503240737e-06
2.076816299979130e-06 4.888761252064616e-07 -4.817859619253903e-07 -7.000944624701358e-07
2.117722968172720e-06 3.904227411792274e-07 -4.796161843643595e-07 -7.009335083636295e-07
2.117488130993803e-06 2.412770845707602e-08 -4.914333757728260e-07 -7.104743418678187e-07
2.076818012728125e-06 -7.277279870425465e-08 -4.955797029018021e-07 -7.117788072105485e-07
-1.257681811517511e-05 8.680733966647418e-06 6.873613964100395e-06 -6.204920734607360e-06
-1.155660648142400e-05 8.614509596765082e-06 5.902121973920208e-06 -6.053863097016283e-06
-1.234596883954065e-05 6.723875316953409e-06 6.716409659153072e-06 -4.242495843211337e-06
-1.155438594666585e-05 5.469421331039539e-06 5.962243675688547e-06 -3.046143239277854e-06
1.978816938755466e-06 5.296408407597660e-07 -4.865748085967780e-07 -7.009832543253964e-07
1.880291580692227e-06 1.279615743766873e-07 -5.060397632308644e-07 -7.148069305505383e-07
1.979816633148062e-06 -1.131162623946108e-07 -5.010657713343975e-07 -7.127145695128789e-07
-1.123100608305398e-05 7.649421766587525e-06 5.584010262641093e-06 -5.109521193125356e-06
-1.055512842985655e-05 8.430673611544918e-06 4.986314717059795e-06 -5.786903353196739e-06
-9.586921384615547e-06 8.137411637649536e-06 4.203066945690546e-06 -5.468887796122563e-06
-1.092379720360183e-05 6.322176376712136e-06 5.340293743145298e-06 -3.871739613300686e-06
-1.057111920086680e-05 5.220313862742988e-06 5.053609269692600e-06 -2.942236205397723e-06
1.315258527986340e-06 5.413433391698105e-07 -5.391477677276107e-07 -7.376799151665597e-07
1.315191837417604e-06 -1.235490714466055e-07 -5.253017831696474e-07 -6.984412124148607e-07
9.715199208437543e-07 2.096657792798424e-07 -5.035469307417543e-07 -7.012657343675864e-07
-8.667263675172523e-06 7.734840915867509e-06 3.548325617998551e-06 -5.058723826292394e-06
-9.457383631748863e-06 7.133368081526484e-06 4.083253370141621e-06 -4.605786848093315e-06
-9.791029350976426e-06 5.871516353294032e-06 4.362161092328047e-06 -3.544837381129273e-06
-9.654908971839740e-06 4.812110817542364e-06 4.226127904208244e-06 -2.751814281347077e-06
5.985969375681870e-07 6.046973932142476e-07 -4.390376671932205e-07 -7.670269591396111e-07
5.993011690469933e-07 -1.832753437661901e-07 -4.700748225698326e-07 -6.580307346216405e-07
1.748849351415770e-07 2.117926084915135e-07 -3.659073423137712e-07 -7.303456493443427e-07
-7.803197119876401e-06 7.234986511078578e-06 2.970726714511066e-06 -4.626749459751671e-06
-7.011088021562496e-06 6.646098417283478e-06 2.480550796844028e-06 -4.174012718332000e-06
-8.619730390837362e-06 5.671899190743957e-06 3.449207768401020e-06 -3.450793120420393e-06
-8.832843256498114e-06 4.257099785932249e-06 3.547597690572760e-06 -2.466324830978162e-06
-3.124956832009524e-07 7.410982023400709e-07 -2.233106922956002e-07 -8.991866994036301e-07
-3.119020990830848e-07 -3.153290864887411e-07 -2.186191722164806e-07 -5.476423076391256e-07
-7.211100978012915e-06 5.735641755111123e-06 2.592722354815782e-06 -3.533711631923571e-06
-6.300178387530661e-06 5.973350693391226e-06 2.069417384852447e-06 -3.691686857566659e-06
-7.545728234460850e-06 4.706153376122383e-06 2.761037667195196e-06 -2.846000341544144e-06
-8.127698668186775e-06 3.580042495901801e-06 3.085640983575783e-06 -2.176023078764133e-06
-8.493140837627723e-07 2.141097829043394e-07 -8.805330329548467e-08 -7.104781588471290e-07
-1.489305437895720e-06 9.380593730819810e-07 1.004974005479672e-07 -9.832276182919936e-07
-1.487626125897695e-06 -5.089702240804434e-07 1.130331550865152e-07 -3.983508292767186e-07
-5.672018736664501e-06 5.230470813985552e-06 1.725613448222616e-06 -3.233209050722546e-06
-5.142434736953893e-06 4.434948006505073e-06 1.456210842405954e-06 -2.731576720889648e-06
-4.712923142105934e-06 3.587819875749610e-06 1.293613374245531e-06 -2.224740387071647e-06
-6.859964658145662e-06 3.776247225971074e-06 2.392863464355874e-06 -2.320473554080362e-06
-7.558279541399348e-06 2.807487122346825e-06 2.749396820113650e-06 -1.827434377474118e-06
-2.003177179415955e-06 2.180829314724849e-07 2.904853715229101e-07 -6.941946942682750e-07
-2.635646379192466e-06 1.131921599271976e-06 5.497994873270156e-07 -1.070999960488948e-06
-2.635030783935743e-06 -7.074620464782428e-07 5.469183563624271e-07 -3.209997347012627e-07
-5.597539061694501e-06 3.589347574147766e-06 1.735971447717030e-06 -2.211331738459607e-06
-4.382744466392430e-06 2.703668182347761e-06 1.187084939199200e-06 -1.779457732234983e-06
-3.684323242993750e-06 1.297111065995470e-06 9.739522448370556e-07 -1.146775552876598e-06
-3.994144710522876e-06 1.458903001042944e-06 1.082361165620040e-06 -1.206485111595960e-06
-4.164189556713578e-06 1.785626798147485e-06 1.131321345176017e-06 -1.343733187624902e-06
-6.378878646793926e-06 2.692768360721799e-06 2.157434319193069e-06 -1.772523521264921e-06
-7.136330119199272e-06 1.971465337516763e-06 2.519613588732057e-06 -1.477423982289189e-06
-3.203924199828875e-06 3.532302261944698e-07 7.881162340876001e-07 -7.781355971300482e-07
-3.674384370634925e-06 -8.500343600028403e-07 1.010126799751378e-06 -2.766342972804310e-07
-4.993785981789155e-06 2.075616211158610e-06 1.510489374021587e-06 -1.474814590148979e-06
-4.008683428662781e-06 8.132504269288787e-07 1.108397620325960e-06 -9.588248518645564e-07
-4.376437467436211e-06 1.345879538430811e-06 1.239268569468786e-06 -1.157494551501310e-06
-6.028337187794394e-06 1.711194580455976e-06 1.999805139952907e-06 -1.349888785578031e-06
-6.878517713271257e-06 1.104960666572773e-06 2.398318559816857e-06 -1.091387614093335e-06
-4.018340761830328e-06 -2.296531814949437e-07 1.152371927361072e-06 -5.382046975916503e-07
-3.965396284749120e-06 -1.007534118441896e-06 1.151867301205923e-06 -2.119724634135134e-07
-5.172853841954132e-06 6.076472079689273e-07 1.615877314267940e-06 -8.552142571912667e-07
-6.796447705590307e-06 2.291878265930193e-07 2.352319347832962e-06 -7.024785313018364e-07
-6.912228443606006e-06 -6.454447754143178e-07 2.337143939535971e-06 -3.459851062687333e-07
-4.629546916565517e-06 -7.928234863024194e-07 1.434821782939482e-06 -2.935392688902275e-07
-4.131513603774825e-06 -1.351362849777033e-06 1.235491265570796e-06 -7.772895942170257e-08
-4.328436810313466e-06 -2.312368983745068e-06 1.321762678672629e-06 2.872737909260449e-07
-6.023379038255021e-06 -7.486944099338524e-07 1.989546501181383e-06 -2.854584886334361e-07
-4.637708456979610e-06 -3.269120279484277e-06 1.448949068376065e-06 6.346309150426586e-07
-7.217313434248483e-06 -1.535949737506554e-06 2.391068412410143e-06 1.060825424865391e-08
-5.185863089804225e-06 -2.337861532241369e-06 1.654373785671895e-06 3.004549076250354e-07
-6.477221146739987e-06 -2.411088724494758e-06 2.113255008114584e-06 3.411570608585636e-07
-5.074779230763714e-06 -4.192896573245769e-06 1.631495266433198e-06 9.650554078023712e-07
-7.705542332052907e-06 -2.412029485083306e-06 2.553189121650335e-06 3.543105430514219e-07
-7.324244807095822e-06 -3.299349990166188e-06 2.418616415580920e-06 6.746071047263257e-07
-6.396253425371206e-06 -3.865905774614082e-06 2.123341825116290e-06 8.606798576093150e-07
-5.626206790123693e-06 -5.099575915961508e-06 1.902582242828798e-06 1.270575497028349e-06
-6.312293181026069e-06 -5.963412414858817e-06 2.174652016216581e-06 1.514097068101107e-06
-8.381948202212961e-06 -3.234061812253102e-06 2.772166391736335e-06 6.529084271783461e-07
-7.908150504704468e-06 -4.323232741836109e-06 2.623476301693509e-06 1.011874999468434e-06
-7.344987877050957e-06 -5.625151543599735e-06 2.510435087169641e-06 1.411338220004870e-06
-7.103452777900402e-06 -6.772681776878889e-06 2.458961513050800e-06 1.746285937803758e-06
-9.223265832442481e-06 -3.970937897589808e-06 3.032822131685961e-06 8.900207718191514e-07
-8.973235117000630e-06 -5.622572585650603e-06 2.962330407048938e-06 1.406688868869459e-06
-8.012963797546177e-06 -7.491898024566588e-06 2.731821582289312e-06 1.952888925758205e-06
-9.036973502999937e-06 -8.123563280797011e-06 3.005380483447135e-06 2.101682333815079e-06
-1.014712720388579e-05 -8.658037657364061e-06 3.257097652615253e-06 2.169418954937071e-06
-1.023152988562547e-05 -5.983698696556932e-06 3.332703254516092e-06 1.522486254865152e-06
-1.021989676603987e-05 -4.592019247506328e-06 3.335816079973657e-06 1.102258667348705e-06
-9.977364239504804e-06 -7.398535920867204e-06 3.246534152521648e-06 1.922815149109675e-06
-1.134516264565085e-05 -9.055931029997664e-06 3.496799140430713e-06 2.210651300159310e-06
-1.261285724629198e-05 -9.325609765674390e-06 3.773405322523541e-06 2.228313434157976e-06
-1.125785788312520e-05 -6.296021985477570e-06 3.584231595917639e-06 1.635866960181935e-06
-1.135798452167700e-05 -5.045604552767456e-06 3.604972977021518e-06 1.311833965878790e-06
-1.391921448090962e-05 -9.446163155932220e-06 4.042081563442045e-06 2.223913796515181e-06
-1.244342802463558e-05 -7.484006999171775e-06 3.784977330257849e-06 1.872126798144600e-06
-1.259978961662565e-05 -5.307561742746879e-06 3.849560374363514e-06 1.481774089860788e-06
-1.420363765944038e-05 -7.688666500269492e-06 4.121923645408878e-06 1.887440270707251e-06
-1.540631899997960e-05 -9.501189133591258e-06 4.365913608928111e-06 2.232165330496921e-06
-1.390463015320133e-05 -5.376010392493922e-06 4.094908246594659e-06 1.528342244609202e-06
-1.749953841744045e-05 -9.556669580268590e-06 4.718116063515008e-06 2.285492392595894e-06
-1.582431220559393e-05 -6.675027136698789e-06 4.394790922954656e-06 1.717557521151449e-06
-1.540363527987352e-05 -5.321389047941813e-06 4.329983295251317e-06 1.516465159690202e-06
-2.048957862229898e-05 -9.642550748605736e-06 5.350533165110911e-06 2.352736074746049e-06
-1.898547942445427e-05 -7.236870539134674e-06 4.954161305993221e-06 1.809899414451823e-06
-1.750145533209175e-05 -5.249240577201035e-06 4.657200096083337e-06 1.471698143526904e-06
-2.459664707303264e-05 -9.734895512986909e-06 6.108448758588634e-06 2.319387343257872e-06
-2.251692961717852e-05 -7.406591301821573e-06 5.650100057964386e-06 1.880632948651509e-06
-2.049043135669801e-05 -5.166067444485585e-06 5.161618978710012e-06 1.455746402901021e-06
-2.902815889529692e-05 -9.812445613990872e-06 6.835132795388545e-06 2.307985959651821e-06
-2.678849663077654e-05 -7.405465572490270e-06 6.408837261317877e-06 1.935371735319854e-06
-2.459689813761643e-05 -5.076283953148346e-06 5.907329164572398e-06 1.492998078802326e-06
-3.359205931369103e-05 -9.878128208425033e-06 7.391195990944402e-06 2.267185036471918e-06
-3.128949366408073e-05 -7.404917606413393e-06 7.123193096469786e-06 2.019468616996492e-06
-2.902819098177360e-05 -4.997797191725568e-06 6.701703043941970e-06 1.561146319898205e-06
-3.826933281311438e-05 -9.933280804685380e-06 7.778460688170208e-06 2.208524182050079e-06
-3.591338063076479e-05 -7.404310416415654e-06 7.662337609454467e-06 2.042927553954862e-06
-3.359232965233660e-05 -4.931058026556072e-06 7.409449647481202e-06 1.660896989088054e-06
-4.304138944573874e-05 -9.978205708344744e-06 8.104119329746434e-06 2.201154583709560e-06
-4.064122710315427e-05 -7.403559862781079e-06 7.995103786244297e-06 2.025327475774926e-06
-3.826976995822664e-05 -4.874596897912005e-06 7.863594405462740e-06 1.867544470204405e-06
-4.788895266855994e-05 -1.001287150141674e-05 8.383925694955798e-06 2.238474853353697e-06
-4.545428028754076e-05 -7.402871809496221e-06 8.230174118610085e-06 2.030735508846437e-06
-4.304170483435909e-05 -4.828273375012880e-06 8.114418856357232e-06 1.976551683481130e-06
-5.279242170986875e-05 -1.003800671891923e-05 8.658095265191710e-06 2.251962133219114e-06
-5.033288818629889e-05 -7.402339131645058e-06 8.453597988831907e-06 2.056787968142923e-06
-4.788914520766525e-05 -4.792350215432857e-06 8.278309381841336e-06 1.983386538503448e-06
-5.773505763993525e-05 -1.005542556357706e-05 9.044673754948541e-06 2.245838896612103e-06
-5.525837682815640e-05 -7.401876296518056e-06 8.805715274961467e-06 2.073451892415287e-06
-5.279261933410387e-05 -4.766243227433020e-06 8.542187479665895e-06 1.888459235252685e-06
-6.270424283410862e-05 -1.006705304418662e-05 9.360258280363529e-06 2.266590063560088e-06
-6.021611715429550e-05 -7.401554358439967e-06 9.199679478050734e-06 2.108237335693373e-06
-5.773518428426581e-05 -4.748073688108328e-06 8.963719220236678e-06 1.851882082294257e-06
-7.339315547541829e-05 -9.781529231056631e-06 1.014306936578441e-05 2.222539492883817e-06
-7.268413008729972e-05 -1.007517625962261e-05 1.009326353171289e-05 2.244007767506040e-06
-6.493594389314808e-05 -7.401359313001415e-06 9.523548643991204e-06 2.091019486897780e-06
-6.769054392684977e-05 -1.007364791427408e-05 9.723060808104240e-06 2.273705962501982e-06
-6.270438488459588e-05 -4.735882465432557e-06 9.376211592780094e-06 1.871441061742453e-06
-7.368685017567513e-05 -9.072569782332158e-06 1.016418916433259e-05 2.171425239773503e-06
-7.200873356041354e-05 -7.401351712711109e-06 1.005146771511235e-05 2.056865696867052e-06
-6.769057790118076e-05 -4.729071281841879e-06 9.733678775831438e-06 1.873573009268177e-06
-7.368688648129424e-05 -5.730115706363009e-06 1.017389108613023e-05 1.935161412920443e-06
-7.268417268821186e-05 -4.727509253778873e-06 1.010329606622808e-05 1.862544280349113e-06
-7.339319505084834e-05 -5.021155939836942e-06 1.015358771667802e-05 1.884050004120119e-06
