-3.394107287796841e-05 6.250077228929675e-06 4.872490874780906e-05 -6.793824663326703e-06
-3.405298639798368e-05 5.979853144433419e-06 4.894512741677547e-05 -6.267925563410109e-06
-3.405308782556311e-05 4.706136261017166e-06 4.888008550085990e-05 -3.829129754536895e-06
-3.394119044501913e-05 4.435943224980846e-06 4.865245900267024e-05 -3.296537634439541e-06
-3.367088363688017e-05 6.362018021193634e-06 4.819311329792419e-05 -7.010352700201808e-06
-3.316424417926133e-05 5.343031446473237e-06 4.717074859563620e-05 -5.030170973929485e-06
-3.367103022560980e-05 4.324018640629381e-06 4.811085046171032e-05 -3.076471703291640e-06
-3.176832380893154e-05 6.362697837439010e-06 4.445218979025393e-05 -6.973846037012917e-06
-3.176856769424843e-05 4.323752388918842e-06 4.436873008830157e-05 -3.059590272402351e-06
-3.071734162667473e-05 5.343459690522597e-06 4.235204742983694e-05 -5.026210973961059e-06
-2.986373114355115e-05 6.363851555577035e-06 4.081832978826591e-05 -6.955607579856454e-06
-2.986405125940895e-05 4.323606166820694e-06 4.077243702281784e-05 -3.105111554059731e-06
-2.891115779468955e-05 5.344020478160842e-06 3.887120994478871e-05 -5.046941020775537e-06
-2.795831952802353e-05 6.363700903889890e-06 3.722418574519189e-05 -6.860399751250344e-06
-2.795886608264625e-05 4.325259128395443e-06 3.725670411704428e-05 -3.175045485338529e-06
-2.700713602493898e-05 5.344728917586364e-06 3.540383197460355e-05 -5.039272774422378e-06
-2.605673826685172e-05 6.361654315619462e-06 3.386780045117230e-05 -6.833134900215268e-06
-2.605778280680416e-05 4.329017784776438e-06 3.388484616643485e-05 -3.299525244113672e-06
-2.510945339351748e-05 5.345611206713630e-06 3.216258669391136e-05 -4.987127679510090e-06
-2.416315635291818e-05 6.358747602682130e-06 3.056111896151151e-05 -6.804171922161979e-06
-2.416434562097116e-05 4.333270290743071e-06 3.077393438404283e-05 -3.389300365543197e-06
-2.321977961465941e-05 5.346280803951896e-06 2.901141512092420e-05 -4.998311845193661e-06
-2.227609817089652e-05 6.357765995333795e-06 2.724857256186255e-05 -6.816099970519836e-06
-2.227718094798354e-05 4.335234987089304e-06 2.772107300184208e-05 -3.357002077015524e-06
-2.133361924454064e-05 5.346824671796419e-06 2.576928595917704e-05 -5.021996211392055e-06
-2.038878824621443e-05 6.360290419232921e-06 2.406249340447314e-05 -6.762970030940667e-06
-2.038929878483980e-05 4.333431225146239e-06 2.448830132359962e-05 -3.265104062952226e-06
-1.944294712770475e-05 5.347155541898421e-06 2.244068501199513e-05 -5.042572316708356e-06
-1.849388901047898e-05 6.365258517307242e-06 2.102605346618911e-05 -6.686582966640919e-06
-1.849389109771279e-05 4.329025863125294e-06 2.108841422313803e-05 -3.224392110378114e-06
-1.754273565181377e-05 5.347402594240901e-06 1.921285522984907e-05 -5.047835144610381e-06
-1.658842013765265e-05 6.370965053205045e-06 1.802986169256790e-05 -6.538787764743687e-06
-1.658794771108876e-05 4.323813735280434e-06 1.781518040818455e-05 -3.324646964381784e-06
-1.563166970536342e-05 5.347642866276115e-06 1.629181559938557e-05 -4.996460984503824e-06
-1.467224188205331e-05 6.376895901509243e-06 1.506247729866321e-05 -6.492697695733273e-06
-1.467168009137799e-05 4.318599555331013e-06 1.487263409859731e-05 -3.443596685667560e-06
-1.374960470012477e-05 5.348033657316451e-06 1.356363591687490e-05 -4.985983767577641e-06
-1.282391813418380e-05 6.383449503989875e-06 1.234654847487476e-05 -6.445173584384335e-06
-1.282362676189493e-05 4.312874782252089e-06 1.221293008621139e-05 -3.500780363623514e-06
-1.212863136685364e-05 5.429739781516053e-06 1.129546226389277e-05 -5.071512302036261e-06
-1.141523676143878e-05 6.389589981019488e-06 1.034958163885845e-05 -6.415834178578540e-06
-1.141547523599566e-05 4.307441644491755e-06 1.029121589390047e-05 -3.565315054801076e-06
-1.038441900121602e-05 6.395512275134759e-06 8.870268181240356e-06 -6.367499966252781e-06
-1.058812057277495e-05 5.705416816393360e-06 9.131430405710827e-06 -5.450849125167916e-06
-1.038506682228848e-05 4.303705381639993e-06 8.882372668869773e-06 -3.631386456562132e-06
-9.632460054177905e-06 4.299280486406384e-06 7.875428053752688e-06 -3.645508078878739e-06
1.719711871323460e-06 3.873829440374193e-07 -1.228563404345246e-06 -1.078641600908260e-06
1.754163093150895e-06 3.044460427767007e-07 -1.254259188735435e-06 -1.019513340251204e-06
1.753982841799783e-06 -4.203542788764727e-09 -1.257177782675456e-06 -8.162720853745276e-07
1.719728443049594e-06 -8.586819971483706e-08 -1.232973713827524e-06 -7.593445634282739e-07
-9.632410126737317e-06 6.399868421267625e-06 7.849868237681536e-06 -6.297228673321282e-06
-8.945281925913841e-06 6.364781473010999e-06 6.997186228160238e-06 -6.197665233756680e-06
-9.482205386863101e-06 5.087102155566426e-06 7.657093176692661e-06 -4.623161778666181e-06
-8.949238193654904e-06 4.234429462452344e-06 7.014589031028897e-06 -3.622638412356670e-06
1.637167638432541e-06 4.217234696720732e-07 -1.167936833928765e-06 -1.103373087866398e-06
1.554108621111084e-06 8.326938276352643e-08 -1.120438549974508e-06 -8.745577246924704e-07
1.637996634625639e-06 -1.198893847617829e-07 -1.176855144305187e-06 -7.342613622451197e-07
-8.729062670472582e-06 5.716104365736789e-06 6.710421781791008e-06 -5.399300341412071e-06
-8.264567105025572e-06 6.252788206726530e-06 6.201857731419402e-06 -5.977846614957250e-06
-7.598192438445879e-06 6.062586737549568e-06 5.485091628053148e-06 -5.692274558809837e-06
-8.523246792663568e-06 4.812143679922092e-06 6.475842695361417e-06 -4.329040697728734e-06
-8.282669830654935e-06 4.049322701359121e-06 6.209374876220715e-06 -3.507658407105431e-06
1.077938055251084e-06 4.313986339532970e-07 -7.624233294064531e-07 -1.152030129042699e-06
1.077730596451594e-06 -1.290217279181840e-07 -7.676942673134958e-07 -7.194520798857200e-07
7.879452312127521e-07 1.515004603085312e-07 -4.808212167542743e-07 -9.403508104823459e-07
-6.953966519012984e-06 5.798460256137084e-06 4.876628567323599e-06 -5.326222599762912e-06
-7.512805034054803e-06 5.375474096778043e-06 5.359980509635775e-06 -4.948721166465098e-06
-7.745514912138253e-06 4.498472906285304e-06 5.615852709887119e-06 -4.004073285463995e-06
-7.654324413759733e-06 3.748302410795593e-06 5.525142757154669e-06 -3.299400890629598e-06
4.736606009616888e-07 4.837430849327550e-07 -2.385390776009103e-07 -1.153983536016367e-06
4.739637053028722e-07 -1.798703251203619e-07 -2.175940806692488e-07 -6.883919627898252e-07
1.163964741997484e-07 1.523206521085858e-07 5.625300890493538e-08 -9.245906211804272e-07
-6.342156453018494e-06 5.460838044498681e-06 4.339313530260691e-06 -4.941456447939172e-06
-5.768552538109463e-06 5.053466880498646e-06 3.847280969935188e-06 -4.522760252214619e-06
-6.926589103784909e-06 4.357883278788326e-06 4.793051101915462e-06 -3.882896577414486e-06
-7.083761701322834e-06 3.340387010534102e-06 4.931793627308500e-06 -2.974884431432096e-06
-2.936514647349046e-07 5.962515790665742e-07 3.808361634876642e-07 -1.254105434891105e-06
-2.935039343654225e-07 -2.909561585990180e-07 3.626150315405045e-07 -5.982282891382502e-07
-5.913412222842512e-06 4.408414751545313e-06 3.951456991107629e-06 -3.926679316813881e-06
-5.241179707114283e-06 4.582702747677025e-06 3.462133581381396e-06 -4.080064823056048e-06
-6.159805788475655e-06 3.663000763148605e-06 4.122031542655465e-06 -3.279335565467628e-06
-6.589015223254819e-06 2.834418457476170e-06 4.453818883849444e-06 -2.572786869178596e-06
-7.446790525203108e-07 1.530099857934595e-07 6.437497913291186e-07 -9.263917677680600e-07
-1.280223041996397e-06 7.571766168009137e-07 9.761143479487573e-07 -1.329829673706650e-06
-1.279380405301368e-06 -4.518179757059255e-07 9.852599853987341e-07 -5.202065223467861e-07
-4.769949462445294e-06 4.052596186372436e-06 3.140831079441233e-06 -3.670078169978212e-06
-4.357090382467473e-06 3.466332204749688e-06 2.824656669840414e-06 -3.171686584198454e-06
-4.008401743125916e-06 2.833753603964803e-06 2.614083071368043e-06 -2.656210946750507e-06
-5.655269577930791e-06 2.978575806736369e-06 3.780593390975672e-06 -2.748829771132723e-06
-6.186240411802884e-06 2.244030687856013e-06 4.168062106913071e-06 -2.253340413717470e-06
-1.710309861149761e-06 1.548003336825548e-07 1.247330827616254e-06 -9.316633079196536e-07
-2.237138237996282e-06 9.147858176893344e-07 1.560817385864079e-06 -1.406469551960241e-06
-2.236763368800022e-06 -6.149563698721800e-07 1.547673471847849e-06 -4.610855421143589e-07
-4.697538348071389e-06 2.838753193201121e-06 3.089691358138143e-06 -2.651879034244667e-06
-3.734221606027290e-06 2.158426644710030e-06 2.465988701225960e-06 -2.176536201435907e-06
-3.116885121211010e-06 1.048863337680245e-06 2.151579488671958e-06 -1.492867775629690e-06
-3.381593349298858e-06 1.179531435358324e-06 2.304339783276681e-06 -1.561968805455345e-06
-3.533025141345838e-06 1.440808079169400e-06 2.377293717891543e-06 -1.715579029353294e-06
-5.297713920948270e-06 2.155787767322419e-06 3.513736682639725e-06 -2.194512324678903e-06
-5.891664341571723e-06 1.590209384809691e-06 3.925766751916845e-06 -1.810211003441914e-06
-2.711031031730812e-06 2.655228475259253e-07 1.863287948111215e-06 -9.887409422797189e-07
-3.092037209356972e-06 -7.306001414303951e-07 2.130121639373626e-06 -3.866974448567299e-07
-4.208665207240767e-06 1.674381494789589e-06 2.786188728890953e-06 -1.862709780794938e-06
-3.385800461692391e-06 6.492169134518825e-07 2.315142635122098e-06 -1.235817575162733e-06
-3.698538638648239e-06 1.087137959740128e-06 2.487226518933291e-06 -1.496859170435948e-06
-5.029027907886449e-06 1.385524778898827e-06 3.349462604562120e-06 -1.689913709570141e-06
-5.720107144407881e-06 8.942819031416825e-07 3.801984583374396e-06 -1.405888969782614e-06
-3.379880976779899e-06 -2.137176152712836e-07 2.308024028074389e-06 -6.875295276817637e-07
-3.324762796084167e-06 -8.615329227342505e-07 2.305250787508651e-06 -2.999525994650893e-07
-4.343029405107912e-06 4.920646219514376e-07 2.888625436145280e-06 -1.111310876820140e-06
-5.676272060086600e-06 1.773062716232416e-07 3.764782330651454e-06 -8.883490490819196e-07
-5.805940070111000e-06 -5.549097222558283e-07 3.799271071124490e-06 -4.577056437578287e-07
-3.878285849721317e-06 -6.776868722545667e-07 2.610080928016799e-06 -3.873703747018533e-07
-3.454220026924378e-06 -1.153650295808945e-06 2.404585923270463e-06 -1.189737857362288e-07
-3.602505482799970e-06 -1.982095502948593e-06 2.518081055824218e-06 3.635545502625029e-07
-5.052532737485202e-06 -6.325330360989808e-07 3.350020532728894e-06 -3.996775853096532e-07
-3.849170778276693e-06 -2.825319042145484e-06 2.675049268659804e-06 8.351627897656754e-07
-6.094931732593799e-06 -1.307086966647598e-06 3.916979724267002e-06 -4.017107253797357e-10
-4.334586858763368e-06 -1.998322496289328e-06 2.889744403389399e-06 4.046948647149804e-07
-5.457193383862370e-06 -2.063263686836120e-06 3.556897000268136e-06 4.550217692625002e-07
-4.219531560079829e-06 -3.647398214559640e-06 2.922078961645953e-06 1.300207934303968e-06
-6.548098267792286e-06 -2.064996678443431e-06 4.078736516067472e-06 4.437906974768515e-07
-6.216284904626277e-06 -2.847576757726799e-06 3.929800696396217e-06 9.169675583887628e-07
-5.386425491639493e-06 -3.352878088265226e-06 3.568149330465078e-06 1.185703193420320e-06
-4.696665902899082e-06 -4.469233744076211e-06 3.198185872139075e-06 1.709051751387633e-06
-5.308217097093742e-06 -5.262830696867094e-06 3.536555722276824e-06 2.093422784635881e-06
-7.176957977911815e-06 -2.786123130664959e-06 4.375689461998011e-06 9.196939376311992e-07
-6.749793985012448e-06 -3.768071518178551e-06 4.225451016077558e-06 1.420926723026212e-06
-6.239278458325150e-06 -4.955486965878696e-06 4.036666917229958e-06 1.939240177349093e-06
-6.019496605899233e-06 -6.014981636924535e-06 3.919871535551091e-06 2.351636808257134e-06
-7.959472396095229e-06 -3.442871056431817e-06 4.683582792110175e-06 1.301420081081661e-06
-7.732746685467493e-06 -4.957313753318151e-06 4.623966043242357e-06 1.932987457214018e-06
-6.850195578051501e-06 -6.687143118730401e-06 4.310447885798493e-06 2.539597632280689e-06
-7.797283261902951e-06 -7.283641601943552e-06 4.630468194705006e-06 2.660190153135229e-06
-8.829195290928690e-06 -7.793322388154516e-06 4.947127876413330e-06 2.752098780536883e-06
-8.903926313220806e-06 -5.292552212203453e-06 5.016347500957991e-06 2.045367098775372e-06
-8.890288635935922e-06 -4.004488621782726e-06 5.021954615916668e-06 1.584286643144501e-06
-8.667357395604128e-06 -6.611149562793966e-06 4.923440970850530e-06 2.448824833686978e-06
-9.952156818984204e-06 -8.173745354423202e-06 5.231377318743173e-06 2.815776067184196e-06
-1.114527618501831e-05 -8.434172600168855e-06 5.508509463540991e-06 2.800707758108333e-06
-9.865876465071296e-06 -5.583149628299476e-06 5.290701632322993e-06 2.153108659890603e-06
-9.959610281240395e-06 -4.415454184578700e-06 5.317102478803469e-06 1.812172315197543e-06
-1.237827632909570e-05 -8.552944683412017e-06 5.747983266714636e-06 2.758121711229496e-06
-1.098193290185913e-05 -6.698561418861459e-06 5.528587864251741e-06 2.432802435316540e-06
-1.112995527176155e-05 -4.651592966123876e-06 5.574524077741956e-06 2.033854483722281e-06
-1.264637081067720e-05 -6.892964585137493e-06 5.772202803038313e-06 2.480583483085845e-06
-1.378649978834083e-05 -8.608992995974882e-06 5.960407712536670e-06 2.730310339939489e-06
-1.236239438503685e-05 -4.710957104720308e-06 5.771948837516926e-06 2.168045513903618e-06
-1.577105960574998e-05 -8.664058452796379e-06 6.167736867993827e-06 2.681758221397333e-06
-1.418151601349594e-05 -5.934837971837588e-06 5.964205565307408e-06 2.361003530097136e-06
-1.378372539124441e-05 -4.654598207775600e-06 5.908318800469556e-06 2.225402015196621e-06
-1.860750518610873e-05 -8.745815096139388e-06 6.412713705022363e-06 2.661981021746075e-06
-1.718075721987301e-05 -6.466303872466102e-06 6.257997297429687e-06 2.459953834908665e-06
-1.577271425655228e-05 -4.582833199216052e-06 6.133437626071446e-06 2.270296898010189e-06
-2.249879528001570e-05 -8.829662587696286e-06 6.619131915955747e-06 2.676194402678622e-06
-2.052953757838422e-05 -6.626778708665485e-06 6.422516317311153e-06 2.528980107318895e-06
-1.860827185777761e-05 -4.503628505344249e-06 6.262274249870111e-06 2.364256613857015e-06
-2.668825229631735e-05 -8.897698240768850e-06 6.888918686229980e-06 2.728505580798518e-06
-2.457266070322858e-05 -6.625256892890284e-06 6.664353149714281e-06 2.566755736029143e-06
-2.249915398376257e-05 -4.421476891829073e-06 6.458590224598518e-06 2.358494049599090e-06
-3.099227431355675e-05 -8.954184473562417e-06 7.219564783422663e-06 2.856170195151729e-06
-2.882258740519554e-05 -6.624203838286951e-06 6.976672273102327e-06 2.616739546073092e-06
-2.668840603861968e-05 -4.351701129969017e-06 6.776559543666265e-06 2.395648852488720e-06
-3.539445675833658e-05 -9.002755913262209e-06 7.727557336190681e-06 3.021666726214272e-06
-3.317817885285469e-05 -6.623204134865189e-06 7.434511251681018e-06 2.623486746813916e-06
-3.099256899427378e-05 -4.293097387626053e-06 7.226700911805394e-06 2.327084833541646e-06
-3.988264837103217e-05 -9.045689477437790e-06 8.564112469577406e-06 3.137251209659958e-06
-3.762508515049645e-05 -6.622392105351273e-06 8.104959803737005e-06 2.623013687563771e-06
-3.539482129125279e-05 -4.242760861635870e-06 7.790228522539274e-06 2.245217049559280e-06
-4.444758209642726e-05 -9.083505494081591e-06 9.760488878511453e-06 3.300341722974557e-06
-4.215313706352202e-05 -6.621729467269679e-06 9.068022738354565e-06 2.619118971586464e-06
-3.988303022043740e-05 -4.198435992963926e-06 8.543087706646625e-06 2.136564771833175e-06
-4.907934589315370e-05 -9.114991636710156e-06 1.115511765419020e-05 3.387841376700795e-06
-4.675333198418768e-05 -6.621190182156559e-06 1.034661473000862e-05 2.628441821788509e-06
-4.444782110316348e-05 -4.159500204231802e-06 9.643803623689821e-06 1.949074877670325e-06
-5.376346722781793e-05 -9.138236573146292e-06 1.257318716303315e-05 3.357605702899434e-06
-5.141396544957330e-05 -6.621068135422903e-06 1.178819829601098e-05 2.635613544026971e-06
-4.907921707147806e-05 -4.127290961702568e-06 1.101431142517695e-05 1.853075780112850e-06
-5.848143897016847e-05 -9.152593184746258e-06 1.397974891798947e-05 3.320792541739915e-06
-5.611808656843497e-05 -6.621415005867161e-06 1.327232336365378e-05 2.617961266116641e-06
-5.376305281432653e-05 -4.104158332012688e-06 1.251022821405081e-05 1.858693729465896e-06
-6.863195051950017e-05 -8.882051058086099e-06 1.660177353069754e-05 3.170521767568483e-06
-6.795875781923330e-05 -9.160864836033891e-06 1.643875117542516e-05 3.241004553956641e-06
-6.060114046976020e-05 -6.621686646566051e-06 1.456374871563259e-05 2.615798686453094e-06
-6.321752112767438e-05 -9.159467585009508e-06 1.525468791381728e-05 3.287946979438391e-06
-5.848134320157402e-05 -4.090332457916966e-06 1.395428979519414e-05 1.901062194095192e-06
-6.891080329287620e-05 -8.208910396564108e-06 1.666901379048982e-05 3.003073003324739e-06
-6.731755609451169e-05 -6.622120453613205e-06 1.628588856142999e-05 2.618354420861889e-06
-6.321749499361360e-05 -4.084333637468846e-06 1.524329646781049e-05 1.939021292281276e-06
-6.891090059994744e-05 -5.035298209424271e-06 1.666200413796951e-05 2.237259102589240e-06
-6.795882974267164e-05 -4.083284666733852e-06 1.642958876477253e-05 1.997968708546587e-06
-6.863204510601840e-05 -4.362117461168070e-06 1.659410703568297e-05 2.069192289111331e-06
