7.887449392397602e-05 -1.267255551810682e-05 -2.159009941878638e-06 -5.563842154399425e-07
7.914394645221220e-05 -1.202200190792196e-05 -2.187507876122977e-06 -6.132345115647539e-07
7.914353081574780e-05 -8.955077801095224e-06 -2.294770994690729e-06 -8.696594537941075e-07
7.887401909620350e-05 -8.304468799243681e-06 -2.278077752991073e-06 -9.242545858424704e-07
7.822395044060399e-05 -1.294202190701301e-05 -2.097487970244045e-06 -5.324663518867113e-07
7.700342783043019e-05 -1.048846265477985e-05 -2.050802048909418e-06 -7.277560281278189e-07
7.822338765624768e-05 -8.034978925644613e-06 -2.229701948507701e-06 -9.477445030296958e-07
7.364324011585186e-05 -1.294208074171160e-05 -1.639819965046716e-06 -5.050182466492467e-07
7.364255916476603e-05 -8.034917923092884e-06 -1.825740398295040e-06 -9.709236526070235e-07
7.111383883708071e-05 -1.048861955373268e-05 -1.549817935905389e-06 -7.568708337730024e-07
6.906168576767939e-05 -1.294286005491570e-05 -1.253895833200149e-06 -5.755197253122908e-07
6.906127799998806e-05 -8.034629038900082e-06 -1.433087097409063e-06 -1.020779592428891e-06
6.677037051333407e-05 -1.048838948621951e-05 -1.128991851663305e-06 -7.204799444163446e-07
6.447888519319786e-05 -1.294278439498090e-05 -9.053498755168553e-07 -5.682009720059375e-07
6.447911723084282e-05 -8.033839415879410e-06 -9.623679433065943e-07 -9.890639407633857e-07
6.218742760503978e-05 -1.048815928304067e-05 -6.567151482035034e-07 -7.361521024149656e-07
5.989657658323783e-05 -1.294143748656117e-05 -4.856672866450508e-07 -4.692678790485398e-07
5.989633418986995e-05 -8.034063968740040e-06 -6.726220250002824e-07 -1.029077421993735e-06
5.760549911915923e-05 -1.048763008297742e-05 -1.364178797143433e-07 -7.313727706280278e-07
5.531628694105050e-05 -1.293892458001735e-05 3.625287663582387e-08 -4.844124053967892e-07
5.531548985633564e-05 -8.035319230712343e-06 -2.559829887878673e-07 -9.622383995065277e-07
5.302707305968565e-05 -1.048690435324238e-05 3.564760930076356e-07 -7.347641938294756e-07
5.074146230208514e-05 -1.293462441313944e-05 5.273236471362050e-07 -5.245798786714540e-07
5.074022245139092e-05 -8.038225114449461e-06 2.658433813669062e-07 -9.362273828709207e-07
4.845597954288600e-05 -1.048600762242126e-05 7.269820193693612e-07 -7.509688890812135e-07
4.617476435410660e-05 -1.292932297585916e-05 8.822095043528960e-07 -5.617505951496493e-07
4.617355934853828e-05 -8.041870351606312e-06 7.837728066034762e-07 -9.609786891816980e-07
4.389345675712092e-05 -1.048502130066991e-05 9.629337815805136e-07 -7.167491581835741e-07
4.161640305807394e-05 -1.292406969438547e-05 1.037404093714250e-06 -6.829718464710857e-07
4.161534212348136e-05 -8.045237513748081e-06 1.204356102625846e-06 -9.135019057479020e-07
3.933907852793152e-05 -1.048391167188320e-05 1.139476294984167e-06 -7.223307807151980e-07
3.706571017019112e-05 -1.291881026773690e-05 1.153964590022630e-06 -7.140025635843085e-07
3.706514800609813e-05 -8.048363783720978e-06 1.534013396398256e-06 -8.202611440042776e-07
3.479229501268591e-05 -1.048274779063111e-05 1.288064350098542e-06 -7.047298053098994e-07
3.252279503274150e-05 -1.291241922908544e-05 1.278526370463762e-06 -6.876757787535536e-07
3.252264871741702e-05 -8.052058335497879e-06 1.523597671611042e-06 -7.782113898567238e-07
3.034584071917322e-05 -1.048145518030167e-05 1.357255655901860e-06 -6.970881209554210e-07
2.817324129052728e-05 -1.290457856023128e-05 1.312818124762179e-06 -7.561668750726189e-07
2.817323185223457e-05 -8.057494498976498e-06 1.402814653353918e-06 -6.488038755219821e-07
2.654526901291879e-05 -1.066956410752584e-05 1.273955975120489e-06 -6.876953568337688e-07
2.488697809795475e-05 -1.289749255968285e-05 1.197600597576635e-06 -8.221891640831828e-07
2.488672583056051e-05 -8.063028885912158e-06 1.196021326960679e-06 -5.335872854216659e-07
2.250138672971103e-05 -1.289154936864897e-05 1.085562687866870e-06 -8.420680085220874e-07
2.296652268738980e-05 -1.130341302318613e-05 1.110014766485890e-06 -7.370840115937569e-07
2.250082982274055e-05 -8.066677844450129e-06 1.095644385340771e-06 -5.378087722846761e-07
2.076984492771543e-05 -8.070864586771438e-06 9.550280563748981e-07 -5.318399459011766e-07
-3.592116921408443e-06 2.593215625585701e-07 -6.152930275759476e-08 -8.434087387358017e-08
-3.664471304380640e-06 4.330606255392894e-07 -5.557266175300906e-08 -9.648673235228115e-08
-3.664190125170778e-06 1.081418670060923e-06 -5.987373036012545e-08 -1.481193121841634e-07
-3.592155752804122e-06 1.253296985579972e-06 -6.808423190157973e-08 -1.611257013420063e-07
2.076978637486436e-05 -1.288744087046388e-05 9.665939066824505e-07 -8.284786566667914e-07
1.919950544404729e-05 -1.279437661990317e-05 8.361496796079983e-07 -8.201925458880513e-07
2.041928045609036e-05 -9.877988405862667e-06 9.244948555533746e-07 -6.346582361930662e-07
1.920150788019334e-05 -7.938219902396413e-06 8.251307892129165e-07 -5.338524719480141e-07
-3.419051528740498e-06 1.876456809503953e-07 -7.540213133711374e-08 -8.039627985038101e-08
-3.244027275605628e-06 8.988037633871605e-07 -8.805048427668851e-08 -1.400556093092646e-07
-3.420174186490394e-06 1.325311191281627e-06 -8.207642264979129e-08 -1.670056708555623e-07
1.870128890861391e-05 -1.130931965931239e-05 7.889005272001798e-07 -7.176679643025888e-07
1.765150850305235e-05 -1.252307908488257e-05 7.151098528508827e-07 -7.999286630268559e-07
1.614671457683791e-05 -1.207939791957283e-05 6.143347909667963e-07 -7.929865141577681e-07
1.822993175580082e-05 -9.254983252565937e-06 7.508095032189144e-07 -6.186098033030081e-07
1.768461929208059e-05 -7.537092194217943e-06 7.158767550884149e-07 -5.101880337870232e-07
-2.244081587348007e-06 1.712425885842161e-07 -1.262532182080871e-07 -9.513406659075020e-08
-2.242601133610309e-06 1.347377624529774e-06 -1.189257701909859e-07 -1.698903498468185e-07
-1.634877978194166e-06 7.603920764300488e-07 -1.992054858841699e-07 -1.169423044057195e-07
1.470479356292940e-05 -1.146743352585893e-05 5.277741337961998e-07 -7.708103902965820e-07
1.594956552549231e-05 -1.052227197149534e-05 6.017663846808333e-07 -7.143115974850043e-07
1.647201509146100e-05 -8.550846772051936e-06 6.414049613654108e-07 -5.785878898732565e-07
1.626379439422043e-05 -6.880623697529970e-06 6.343701330870617e-07 -4.616649699202472e-07
-9.768665278215736e-07 6.721146492483542e-08 -2.383810136448781e-07 -1.095637407603287e-07
-9.765504273968736e-07 1.455038346116225e-06 -2.356116026502720e-07 -1.220707032527709e-07
-2.300460466192625e-07 7.618649840432612e-07 -2.409562163887928e-07 -9.061633262643704e-08
1.334307162535406e-05 -1.069756040929162e-05 4.465642618493008e-07 -7.296532124875686e-07
1.208053897676085e-05 -9.780115416772149e-06 3.662639202871544e-07 -6.568699038373151e-07
1.463786054833440e-05 -8.237287142295754e-06 5.228845343691868e-07 -5.571506279490628e-07
1.498178566003534e-05 -5.988887719779113e-06 5.557954165900926e-07 -4.207239095344846e-07
6.241298450407741e-07 -1.608428608289414e-07 -2.352410853010107e-07 -9.521258330289021e-08
6.245877218793439e-07 1.686042733824221e-06 -2.178629700620975e-07 -7.053458553717271e-08
1.239980132906889e-05 -8.344318287558671e-06 3.949337672042975e-07 -5.507025257098678e-07
1.093251934384527e-05 -8.726024399423595e-06 2.803652895959168e-07 -5.720856693846329e-07
1.293883723772581e-05 -6.702492633718445e-06 4.506294965082194e-07 -4.705519996748307e-07
1.387677374798511e-05 -4.891380667227785e-06 5.301568994133034e-07 -4.053344001851613e-07
1.562707227637848e-06 7.630363543027546e-07 -1.951150308420416e-07 -8.462968939403494e-08
2.675442658245891e-06 -4.916083714702311e-07 -1.329378886359974e-07 -1.638321209752256e-07
2.674271055146460e-06 2.021252058027121e-06 -1.310617790395450e-07 8.359442456739729e-09
9.912014970867905e-06 -7.550722692677365e-06 2.062715284554188e-07 -4.928847012517543e-07
9.033156783135717e-06 -6.270503380019159e-06 1.589655712459089e-07 -4.276114490340533e-07
8.303395149806271e-06 -4.897272922457429e-06 1.459686628597604e-07 -3.633046474422006e-07
1.183679849917734e-05 -5.207209364459117e-06 3.818412308802631e-07 -4.063253702726672e-07
1.298107105843923e-05 -3.622987395497576e-06 4.673280777837930e-07 -2.996830915850445e-07
3.569241528459979e-06 7.608788698613045e-07 -6.499735975727356e-08 -4.978300688591977e-08
4.663296064125387e-06 -8.178039440595384e-07 -1.807887318736021e-09 -1.297773214093141e-07
4.663383057611832e-06 2.362023896154013e-06 -1.615773430068186e-09 4.739454237778799e-08
9.771904073621396e-06 -4.904281489374446e-06 2.055566131289533e-07 -3.631106309026872e-07
7.734830975479598e-06 -3.446084400950684e-06 1.415491748978042e-07 -2.701777808215761e-07
6.484756562997694e-06 -1.095670579040059e-06 5.077038963797254e-08 -1.159108199646997e-07
7.028319427564378e-06 -1.369083080597808e-06 8.867377545947971e-08 -1.334310994163934e-07
7.334032954462259e-06 -1.919235664597248e-06 1.171593382698903e-07 -1.678412903567475e-07
1.105942957689413e-05 -3.434272012817034e-06 3.016038388660354e-07 -2.643488206153267e-07
1.232227476946862e-05 -2.231855166169592e-06 3.911615334912937e-07 -1.984589813176415e-07
5.647770128782617e-06 5.313990265244618e-07 2.943321061935391e-08 -4.511625656815039e-08
6.448350136920524e-06 2.604948337062324e-06 4.262152994499356e-08 8.404214817519936e-08
8.747478135365476e-06 -2.409699237616005e-06 1.896424635236718e-07 -2.005121837826262e-07
7.044087837603931e-06 -2.630538235514515e-07 8.453261992381805e-08 -7.255088882985226e-08
7.686760362331008e-06 -1.175426342349724e-06 1.314022139421974e-07 -1.265023119690076e-07
1.048320777847517e-05 -1.797712273897332e-06 2.604484383838212e-07 -1.681845479758080e-07
1.193033280063621e-05 -7.673066928549262e-07 3.475301260190158e-07 -9.409524603640312e-08
7.044344785819048e-06 1.532349383853228e-06 8.005282050657100e-08 1.766358956685684e-08
6.940083862806131e-06 2.876908720441870e-06 4.215797420111585e-08 9.622946757528499e-08
9.039134466212380e-06 7.624861633878853e-08 1.952417290933330e-07 -6.942957090034812e-08
1.181894061668675e-05 7.304572153163305e-07 3.329344622698165e-07 -6.106122996257636e-08
1.205863485026993e-05 2.246596186192211e-06 3.567441759337458e-07 4.611128182042340e-08
8.087592422618070e-06 2.500166236121767e-06 1.282091575586060e-07 6.024733180898872e-08
7.216868882573605e-06 3.477798782867418e-06 3.181138450436186e-08 1.187222059880951e-07
7.539812471158955e-06 5.170718494428599e-06 8.694255783087434e-09 2.196171026163606e-07
1.050893649183439e-05 2.414999070332053e-06 2.445393247512258e-07 5.315124978425231e-08
8.062830926020200e-06 6.875215607797806e-06 1.352514734250935e-08 3.708109354723557e-07
1.262561461902043e-05 3.798417165592261e-06 4.209950930278932e-07 1.270888465302780e-07
9.041218485804073e-06 5.209614750946281e-06 1.576720825350472e-07 1.890503112759567e-07
1.132379808802117e-05 5.341776480567601e-06 3.154342954483975e-07 2.048304279143265e-07
8.826241254131306e-06 8.529659395434616e-06 4.775774704802209e-08 5.227128041749428e-07
1.352003834145055e-05 5.345368480915205e-06 5.683503983777318e-07 2.291533374151254e-07
1.284575975100531e-05 6.926925083713507e-06 4.869206126404457e-07 3.337432692406171e-07
1.118158010651761e-05 7.941428074984449e-06 2.774322636743015e-07 4.230449501699691e-07
9.799569197043271e-06 1.016770516520921e-05 1.440388039261574e-07 7.089221915242558e-07
1.102897853173366e-05 1.173869426178255e-05 2.667561496157997e-07 8.444343757732023e-07
1.475799764821971e-05 6.807610481421833e-06 7.049359218321670e-07 3.055523937183727e-07
1.390512824006626e-05 8.769771057155799e-06 5.798392054713955e-07 4.960669098880461e-07
1.288900944610788e-05 1.112760571328530e-05 4.371111232977722e-07 7.810637632827579e-07
1.245236780182224e-05 1.321752578291054e-05 4.041956175542547e-07 1.029745607131760e-06
1.629659550384648e-05 8.129110541955743e-06 9.229633898916991e-07 4.222862603146674e-07
1.584581979816518e-05 1.112791665996298e-05 8.468807664284557e-07 7.697419074086646e-07
1.410125557561959e-05 1.453497980898161e-05 5.871503254312916e-07 1.224417406460211e-06
1.596794454195563e-05 1.569696273068944e-05 8.550086070340578e-07 1.413676248447388e-06
1.799558921859897e-05 1.668352529378261e-05 1.155388205675361e-06 1.550236827856178e-06
1.814585595296612e-05 1.178789081358198e-05 1.154985905982606e-06 8.532151524048321e-07
1.812157616980878e-05 9.250766477870617e-06 1.142639009413932e-06 5.280236158948333e-07
1.768209461479918e-05 1.437435617689333e-05 1.104456265726157e-06 1.220476477204303e-06
2.019154211265162e-05 1.741849780726262e-05 1.522965268025983e-06 1.635373912508528e-06
2.251786952721588e-05 1.791794432750475e-05 1.852232998572140e-06 1.703021751830139e-06
2.002722201536079e-05 1.235914728005821e-05 1.443492669151108e-06 9.304783488535018e-07
2.021005622148819e-05 1.007126837505645e-05 1.455259507423092e-06 6.065938378365010e-07
2.491767705861576e-05 1.814253854745184e-05 2.187355496363304e-06 1.728038804300286e-06
2.220419520446690e-05 1.453763352947661e-05 1.805252969971976e-06 1.254121643492449e-06
2.249102027375922e-05 1.054523501827272e-05 1.802223933419797e-06 6.406235751380901e-07
2.543990903033273e-05 1.491479250648300e-05 2.316447110473621e-06 1.270835629764618e-06
2.765145510644411e-05 1.824539226536478e-05 2.583914491856733e-06 1.666551448594057e-06
2.488915678310936e-05 1.066841267171893e-05 2.211326809039498e-06 6.461932166517636e-07
3.149917472953843e-05 1.834799046847014e-05 3.136403942151151e-06 1.643636339802094e-06
2.841950935432570e-05 1.305364303294151e-05 2.745097480947262e-06 9.965431759278690e-07
2.764608613044949e-05 1.056657946071436e-05 2.623021999527654e-06 6.391650303126000e-07
3.699134796673794e-05 1.850397317043578e-05 3.720106976774918e-06 1.527158576611496e-06
3.422962403337800e-05 1.408688527023709e-05 3.508302826782872e-06 1.095921836277219e-06
3.150216152112897e-05 1.043476249343899e-05 3.143132777057284e-06 6.475743097170274e-07
4.452717470345985e-05 1.867173109568265e-05 4.444079923378952e-06 1.469389434670376e-06
4.071219546116223e-05 1.439961698841289e-05 4.134723703612622e-06 1.078910505784680e-06
3.699272288302839e-05 1.028584580816233e-05 3.829652631314279e-06 6.998236668941713e-07
5.265488509150383e-05 1.881651431533541e-05 5.299698084056948e-06 1.515769627287886e-06
4.854686568452072e-05 1.439892177626519e-05 4.879124396271801e-06 1.025585370430681e-06
4.452745959893277e-05 1.012519603804232e-05 4.550527481727652e-06 6.473419215929657e-07
6.103243283895431e-05 1.894432489586792e-05 6.375669912160256e-06 1.577448882448024e-06
5.680361841479417e-05 1.439906912021106e-05 5.802764563204110e-06 9.914132300473454e-07
5.265481237902106e-05 9.981452071673781e-06 5.349075137106288e-06 5.039335282684391e-07
6.963466956321027e-05 1.905704626965429e-05 7.595498141460282e-06 1.568499247611007e-06
6.529807238470343e-05 1.439924370135395e-05 6.952501733628716e-06 9.726167623670260e-07
6.103236827998044e-05 9.853986936053109e-06 6.323522104535966e-06 3.697729461039952e-07
7.843247750243966e-05 1.915300252341033e-05 8.804362200917869e-06 1.585591842264269e-06
7.400342553755134e-05 1.439931567880749e-05 8.130431392298935e-06 9.375310863580669e-07
6.963473596593489e-05 9.741475185450632e-06 7.514038046760875e-06 3.474822926874815e-07
8.739308817233042e-05 1.923103364028645e-05 1.004877024382867e-05 1.671941629131675e-06
8.288835036389856e-05 1.439933830811323e-05 9.340260285471677e-06 9.065806500063656e-07
7.843263516333432e-05 9.645598378373566e-06 8.686361598675842e-06 2.422102733173555e-07
9.648205217848071e-05 1.929120345665122e-05 1.151220333122854e-05 1.773993980522121e-06
9.191885399988751e-05 1.439952101907051e-05 1.070715975198629e-05 9.171229567481582e-07
8.739315788235679e-05 9.567843704670235e-06 9.984579234444258e-06 1.878938033394534e-07
1.056663357975919e-04 1.933463405557281e-05 1.323420377622016e-05 1.906471406599883e-06
1.010607836595610e-04 1.439977695445282e-05 1.233018413551678e-05 9.217620107463026e-07
9.648207863053518e-05 9.508090092951223e-06 1.147632661449684e-05 6.153213687089482e-08
1.149151761146350e-04 1.936242326379313e-05 1.517976398789673e-05 2.008102018544173e-06
1.102823771331771e-04 1.439988423452194e-05 1.415859145342593e-05 9.299437853380785e-07
1.056663842931661e-04 9.465043677402461e-06 1.323950460436969e-05 -7.092169646316869e-08
1.348227126991644e-04 1.883289962960076e-05 1.952975817943893e-05 2.001403873455539e-06
1.335021567090727e-04 1.937980499094908e-05 1.923615866845258e-05 2.121101205804756e-06
1.190710989489826e-04 1.439986950468499e-05 1.602757010235824e-05 9.706181490332235e-07
1.242018544772707e-04 1.937668732737703e-05 1.719241267173874e-05 2.039928672015260e-06
1.149152679175329e-04 9.437329959223060e-06 1.508705230647243e-05 -1.184160413507590e-07
1.353697172154790e-04 1.751247787009188e-05 1.965001164741981e-05 1.708461005907897e-06
1.322441897591416e-04 1.439981448588977e-05 1.892097288739530e-05 9.911027574552528e-07
1.242018937161270e-04 9.423028942614936e-06 1.714426544038055e-05 -1.123917416081908e-07
1.353697417336767e-04 1.128713238339145e-05 1.959728204694709e-05 3.053986976021781e-07
1.335021888031321e-04 9.419812202118342e-06 1.917608442308171e-05 -1.074249534979208e-07
1.348227401955572e-04 9.966714641109916e-06 1.947279944443548e-05 1.310169505012441e-08
