7.863262394220032e-05 -1.271770971440867e-05 -2.660226279208316e-06 -3.156743625566748e-07
7.889946650375905e-05 -1.207349528433409e-05 -2.696169779341191e-06 -4.167337284482493e-07
7.889972474723760e-05 -9.036861595291926e-06 -2.537495047580506e-06 -8.617849170045139e-07
7.863292641283357e-05 -8.392718106276612e-06 -2.483032858958178e-06 -9.652606787551364e-07
7.798841998027530e-05 -1.298455854017543e-05 -2.564075638481979e-06 -2.748133376380550e-07
7.678046337654707e-05 -1.055525139336048e-05 -2.310194646858414e-06 -6.676753668967907e-07
7.798879988287925e-05 -8.125904035235033e-06 -2.365955098690449e-06 -1.006287864348859e-06
7.345275297715377e-05 -1.298493957000984e-05 -2.002770689392119e-06 -3.555514882766050e-07
7.345342334803784e-05 -8.126046624272299e-06 -1.761468372071399e-06 -9.691054454109864e-07
7.094904239478587e-05 -1.055569081072786e-05 -1.517939126422279e-06 -6.357511455543895e-07
6.891711687553757e-05 -1.298501263903085e-05 -1.420122489406101e-06 -2.927121369727440e-07
6.891754737403498e-05 -8.126728925513448e-06 -1.122261629298395e-06 -9.079445279048035e-07
6.664957555096032e-05 -1.055638442602019e-05 -9.476005344471764e-07 -6.885731849581505e-07
6.438245328211300e-05 -1.298493379998210e-05 -8.445993018914502e-07 -3.458095725153211e-07
6.438232259822988e-05 -8.128537367310110e-06 -7.228207508115815e-07 -8.743983750142871e-07
6.211586698650862e-05 -1.055713831290935e-05 -4.690178132199047e-07 -6.595801159406870e-07
5.984985251676693e-05 -1.298485017398396e-05 -4.565770413820918e-07 -4.972207084511643e-07
5.985002593991809e-05 -8.130486720286369e-06 -2.925834316059476e-07 -8.284792305579648e-07
5.758478739488650e-05 -1.055793426162026e-05 -1.453897073953665e-07 -6.563126696094748e-07
5.531945403414403e-05 -1.298492268765350e-05 -1.388204545632040e-07 -5.147789163539187e-07
5.531998365066347e-05 -8.132048089580140e-06 1.326666152535315e-07 -9.131711260460042e-07
5.305512142936663e-05 -1.055864477879140e-05 1.579101240534825e-07 -6.685783024615379e-07
5.078944497189130e-05 -1.298576236093963e-05 9.584689954099339e-08 -5.387683686201848e-07
5.079051870694942e-05 -8.132454681199942e-06 5.123721809516958e-07 -9.343661784164555e-07
4.852487618620315e-05 -1.055943583998095e-05 5.059900447675442e-07 -7.128526854192587e-07
4.625848001100666e-05 -1.298739422952631e-05 4.875542164789608e-07 -5.373934712100773e-07
4.625966379956403e-05 -8.132215042284479e-06 7.745432215007206e-07 -8.469652329667485e-07
4.399297719158210e-05 -1.056029517576168e-05 9.922295307047775e-07 -7.761341560945536e-07
4.172574998387376e-05 -1.298907917148608e-05 9.313186858714309e-07 -6.056354523235571e-07
4.172683119442020e-05 -8.132129824861816e-06 8.108140511293447e-07 -7.867247354443276e-07
3.945901460688093e-05 -1.056125369807938e-05 1.273918744884364e-06 -7.819534790338902e-07
3.719090227545383e-05 -1.299088093747323e-05 1.146334202779743e-06 -6.723959328474948e-07
3.719141628285625e-05 -8.132101894992047e-06 8.097441836544266e-07 -7.988592068061533e-07
3.492292606232600e-05 -1.056208314990790e-05 1.337590110120272e-06 -7.733596607990789e-07
3.265415487790518e-05 -1.299242554412829e-05 1.117087147328654e-06 -8.832923865345724e-07
3.265429983696906e-05 -8.132415070560085e-06 8.835073996567710e-07 -7.549020773511517e-07
3.047699883446468e-05 -1.056283945292058e-05 1.164588428922326e-06 -8.060940169350858e-07
2.830008253894320e-05 -1.299242279857060e-05 9.809631251005076e-07 -9.365584338324668e-07
2.830015193063839e-05 -8.134367418864954e-06 8.630906873053285e-07 -7.546029043935870e-07
2.666808295590022e-05 -1.075328804991830e-05 9.429456973439588e-07 -8.373806912843054e-07
2.500285735230010e-05 -1.299061605023736e-05 8.629712110304122e-07 -9.270597027498196e-07
2.500293988238523e-05 -8.137774212711402e-06 8.277986546926947e-07 -8.371987783907831e-07
2.260606231986711e-05 -1.298757144684940e-05 7.699336071864159e-07 -9.317645319561621e-07
2.307409103847130e-05 -1.139155059628906e-05 7.968020811488607e-07 -8.855413902794834e-07
2.260602021151870e-05 -8.140889020878356e-06 7.907711306608333e-07 -8.413974434240152e-07
2.086610928698047e-05 -8.144617409420246e-06 7.394090645733238e-07 -8.216333081796592e-07
-3.593064771374496e-06 2.407471049588471e-07 -1.205118540210274e-07 -3.219997671078676e-07
-3.664816245625718e-06 4.130711247540586e-07 -1.223466777474958e-07 -3.158940602441049e-07
-3.664491176732769e-06 1.056047722820048e-06 -1.142615968876606e-07 -2.941708558149850e-07
-3.593045162815924e-06 1.226480471764011e-06 -1.101070376658555e-07 -2.903031402238531e-07
2.086547478194914e-05 -1.298492384902862e-05 7.039907937415563e-07 -9.317662552406479e-07
1.928659270999160e-05 -1.289236132992017e-05 7.385277770056878e-07 -9.360524930658279e-07
2.051384562421493e-05 -9.960537892673448e-06 7.338403427423283e-07 -8.639550445711980e-07
1.928952001807258e-05 -8.011125228897957e-06 7.522964457389797e-07 -8.158836591564761e-07
-3.421440345150294e-06 1.696519060299312e-07 -1.149716927292528e-07 -3.242483133133048e-07
-3.248032351202337e-06 8.749934620799570e-07 -1.115203150128860e-07 -2.963037327060406e-07
-3.422513754978254e-06 1.297918007950713e-06 -1.059497814180036e-07 -2.884473230351414e-07
1.878595917515659e-05 -1.139991121013853e-05 7.551369698270573e-07 -9.250257150158691e-07
1.773027299806850e-05 -1.262035759908618e-05 7.447444411736902e-07 -9.619156418065428e-07
1.621727906676427e-05 -1.217488676442085e-05 7.230771967344032e-07 -9.547338584510041e-07
1.831233580199938e-05 -9.334987520824775e-06 7.691261085842433e-07 -8.441557125238605e-07
1.776409083356808e-05 -7.607980298601194e-06 7.820918572593574e-07 -7.929247711042448e-07
-2.256974222757435e-06 1.532293863915596e-07 -1.337907150813231e-07 -3.079655152763017e-07
-2.255251723567425e-06 1.320924319558385e-06 -1.303110932452362e-07 -2.632549169425891e-07
-1.651975716890829e-06 7.386887203462128e-07 -1.110983319781239e-07 -2.627515078917436e-07
1.476712002833265e-05 -1.156033609799981e-05 6.809526736039466e-07 -9.413174891337246e-07
1.601918184417895e-05 -1.060968257615643e-05 7.231528177774441e-07 -9.153792660550704e-07
1.654465325244475e-05 -8.627508907042113e-06 7.530055302824195e-07 -8.327955779387286e-07
1.633536825074971e-05 -6.948069806129156e-06 7.565202940788657e-07 -7.381057727531571e-07
-9.975097830004390e-07 4.838543040046740e-08 -1.190251415262827e-07 -2.336606457238201e-07
-9.967271286149602e-07 1.431940259547622e-06 -9.314470576744690e-08 -1.957501373938665e-07
-2.521922687241996e-07 7.417588823073784e-07 -9.558942661030511e-08 -1.601629904081326e-07
1.339743804895901e-05 -1.078705365835877e-05 6.213290275948459e-07 -9.173902534392822e-07
1.212686115720986e-05 -9.864997914797111e-06 4.842477013076739e-07 -8.715333154637156e-07
1.469996033575176e-05 -8.312810361699728e-06 6.453174172086515e-07 -8.279542021286333e-07
1.504584717276852e-05 -6.051200641534730e-06 6.369536069500023e-07 -6.127417732166563e-07
6.017470905283067e-07 -1.814403306190515e-07 -8.894787197534692e-08 -1.525657736706765e-07
6.027600935615496e-07 1.668277624278762e-06 -6.214235906380152e-08 -9.250340604942135e-08
1.244798731884493e-05 -8.421095042288277e-06 4.804536814415998e-07 -7.998101653694890e-07
1.097116297778872e-05 -8.805309250678713e-06 3.672809421373603e-07 -8.226955511846775e-07
1.299021298694225e-05 -6.769293200658115e-06 4.881528890996486e-07 -6.524025415238646e-07
1.393386273559029e-05 -4.946617967485843e-06 5.275295726454277e-07 -4.481246025722053e-07
1.542702031824960e-06 7.447504662576577e-07 -7.906448639888489e-08 -1.138349385266268e-07
2.659270251081528e-06 -5.142645482860192e-07 -8.949407105565224e-08 -1.182410240715837e-07
2.658692630644572e-06 2.009252571620597e-06 -9.284554311987454e-08 -1.076729079875424e-07
9.943606309067495e-06 -7.623257919992025e-06 2.660207154596143e-07 -7.657417725392349e-07
9.057908576841701e-06 -6.334694881340145e-06 1.621524442945322e-07 -6.196941749020127e-07
8.322106207953679e-06 -4.952200055855747e-06 9.675504193525160e-08 -4.648098148359206e-07
1.188059568938080e-05 -5.264448030047744e-06 4.176178668813010e-07 -4.831139325191583e-07
1.303230016427061e-05 -3.669591764534687e-06 4.848833629136707e-07 -3.602385824629735e-07
3.557135668438435e-06 7.442304496490588e-07 -8.910937279589910e-08 -8.553351123865087e-08
4.656942446563564e-06 -8.426943417579833e-07 -3.648006175277601e-08 -1.221486193675586e-07
4.657418838644752e-06 2.355155745068036e-06 -4.432268067127302e-08 7.937877999304750e-10
9.801468441637370e-06 -4.959436952004684e-06 2.467816832738965e-07 -4.584249700414772e-07
7.748729183382996e-06 -3.490588550875137e-06 4.959987189146090e-08 -3.230711380856375e-07
6.489371930726201e-06 -1.122946582217166e-06 3.852629368134301e-08 -1.203816989814473e-07
7.036584786839301e-06 -1.398476655225208e-06 3.086408209898473e-08 -1.331544719397706e-07
7.344542461526574e-06 -1.952724743672940e-06 2.635706141712255e-08 -1.749840929447389e-07
1.109757212308072e-05 -3.479423512379413e-06 3.470553173305433e-07 -3.258341282171258e-07
1.236910394066036e-05 -2.268661011740283e-06 4.175800254559766e-07 -2.363872417604678e-07
5.646962097736136e-06 5.145160331667238e-07 8.104440224042837e-09 -4.876904700876448e-08
6.452550670944444e-06 2.601963916790854e-06 4.125169671934424e-08 4.620147820350555e-08
8.768477937900800e-06 -2.446966955538082e-06 1.518476588671675e-07 -2.228608324834636e-07
7.052278448393602e-06 -2.849774496706864e-07 4.540673508683721e-08 -8.649680720933411e-08
7.699634130342546e-06 -1.203636701438739e-06 6.016777326284241e-08 -1.242104898027365e-07
1.051666132612163e-05 -1.831051227410935e-06 2.861764898624984e-07 -1.894147128096709e-07
1.197417384798120e-05 -7.933233411188312e-07 3.694319023790669e-07 -1.301511972133236e-07
7.052202989471476e-06 1.522676226050707e-06 6.287286526671083e-08 5.303313334672580e-09
6.947022052008609e-06 2.876635971007109e-06 6.521310146149988e-08 6.684562902318060e-08
9.061364520637745e-06 5.665150332943922e-08 1.740696897850640e-07 -5.206616996130290e-08
1.186151097340824e-05 7.155552720319665e-07 3.453917882221678e-07 -1.391388171864812e-08
1.210214236262783e-05 2.242880381923471e-06 3.265972750253839e-07 5.262574345860749e-08
8.102548225110036e-06 2.497812059656316e-06 1.234700686088351e-07 5.653529416012521e-08
7.225442030792995e-06 3.482780514009719e-06 8.038153912043813e-08 1.058824333403196e-07
7.549950864387807e-06 5.189352689431986e-06 7.516484905057715e-08 2.055270839548756e-07
1.054121932492037e-05 2.412639623438294e-06 2.548050190638298e-07 6.406615185776899e-08
8.076409371815369e-06 6.906873075564101e-06 7.890218666381464e-08 3.069438236081532e-07
1.267229489631920e-05 3.806747845739201e-06 3.192369208815276e-07 1.473183812557314e-07
9.062307080314702e-06 5.228591451018035e-06 1.363057454920268e-07 2.124937966733355e-07
1.136073399581408e-05 5.361923572389837e-06 2.483909695507840e-07 2.376430149880526e-07
8.845101775370847e-06 8.573863899223582e-06 1.156055415466908e-07 4.093949382212053e-07
1.357203865454987e-05 5.365652010208647e-06 3.164369744463619e-07 2.403686205061523e-07
1.289254496115040e-05 6.959235540475390e-06 2.821593721916579e-07 3.309763452869010e-07
1.121690316062185e-05 7.981296631193086e-06 2.392061270643033e-07 3.900062993691620e-07
9.825062105494765e-06 1.022377819999704e-05 1.891042785981397e-07 4.812207862313447e-07
1.106246993529433e-05 1.180594050930278e-05 2.328705212581044e-07 5.066595205790322e-07
1.481754568039842e-05 6.839142229358566e-06 3.377255859628896e-07 3.134952543675330e-07
1.395838058420040e-05 8.815683451784316e-06 3.010836327722706e-07 3.966971766677975e-07
1.293502822799772e-05 1.119059902568126e-05 2.841735116109616e-07 4.835257847642044e-07
1.249517397777134e-05 1.329576943695458e-05 2.699357318829203e-07 5.350423162175060e-07
1.636591995224311e-05 8.170366212714238e-06 3.740977795768165e-07 3.298052836581488e-07
1.591135093461303e-05 1.119113040110213e-05 3.249863165930445e-07 4.540873442038003e-07
1.415463037074969e-05 1.462330771329039e-05 2.708536783733771e-07 5.692509420678444e-07
1.603370916061474e-05 1.579484198425906e-05 3.233924245965352e-07 6.405840870267066e-07
1.807555206882352e-05 1.679069676868338e-05 3.839583125636571e-07 7.104850357022914e-07
1.822721798981383e-05 1.185624844423423e-05 4.279086205357359e-07 4.637640030199857e-07
1.820317694461427e-05 9.300095928995093e-06 4.544469174407088e-07 3.411627233184500e-07
1.775954529017470e-05 1.446272688180808e-05 3.719016737315500e-07 6.021070628773450e-07
2.028750627414991e-05 1.753328502061318e-05 4.515754791060917e-07 7.736573967175830e-07
2.263279082879607e-05 1.803950373905963e-05 5.769722441638019e-07 8.276848673058671e-07
2.012211262612144e-05 1.243203655651380e-05 4.826319063411079e-07 4.811559598006118e-07
2.030674435364457e-05 1.012629934572540e-05 5.164059333271158e-07 3.564132172813827e-07
2.505276309887646e-05 1.826876714516052e-05 7.261890663482893e-07 8.634783953636233e-07
2.231539506231911e-05 1.462900734438482e-05 5.548354699512392e-07 6.258727770679950e-07
2.260512026849623e-05 1.060278778293145e-05 5.946701045939639e-07 3.552281173710678e-07
2.557882843856023e-05 1.501084141318307e-05 7.574692723739869e-07 6.525500484375021e-07
2.781229980553976e-05 1.837648157858766e-05 9.081036799429140e-07 9.121545511179248e-07
2.502277835604825e-05 1.072574605598794e-05 7.422359033620070e-07 3.544721996271155e-07
3.169930220937044e-05 1.848494791821957e-05 1.228617292874707e-06 9.638629256371954e-07
2.858604101849412e-05 1.313211919241950e-05 9.569908399642875e-07 5.028710904259957e-07
2.780586229116949e-05 1.062079628948032e-05 9.143520507928975e-07 3.293483949610713e-07
3.725721761599336e-05 1.865137257351670e-05 1.766966027813748e-06 1.088546245020628e-06
3.445960650019974e-05 1.417701033773420e-05 1.432839822819614e-06 5.649098922265299e-07
3.170155764775526e-05 1.048357345693699e-05 1.199468239954069e-06 2.599998363630226e-07
4.489955907587321e-05 1.883179108833931e-05 2.716875750854335e-06 1.271792650733646e-06
4.102760029695450e-05 1.449490536009256e-05 2.138476213102448e-06 6.306584205060182e-07
3.725767306866278e-05 1.032669341007003e-05 1.654580297931460e-06 1.663895391239654e-07
5.315777193868570e-05 1.898654020028636e-05 4.082383528955629e-06 1.486493635094950e-06
4.898151566673093e-05 1.449543881682637e-05 3.316524365289806e-06 6.860655729704120e-07
4.489945528834608e-05 1.015668049842378e-05 2.613906180606123e-06 9.514247989980986e-09
6.167862090435708e-05 1.912020915613835e-05 5.746539067176497e-06 1.637510697975143e-06
5.737661295778753e-05 1.449681457359393e-05 4.893811668809437e-06 7.452352479619429e-07
5.315734367173233e-05 1.000566037077104e-05 4.034772673497731e-06 -1.250534417716144e-07
7.042795307467152e-05 1.923438685224353e-05 7.499773669389867e-06 1.706939919213170e-06
6.601764439914176e-05 1.449803860707741e-05 6.685275391176686e-06 7.919183070001193e-07
6.167823777224304e-05 9.874791679787474e-06 5.784180277604414e-06 -2.122694178257412e-07
7.937074832819480e-05 1.932961057861944e-05 9.103370798176373e-06 1.597387435909025e-06
7.486950093582849e-05 1.449910269348191e-05 8.419270044343795e-06 8.180424242637037e-07
7.042744926279546e-05 9.762857343382181e-06 7.568039797105502e-06 -1.188998171502359e-07
8.847220996171306e-05 1.940618704370172e-05 1.048159562446229e-05 1.544860945703658e-06
8.389751207312707e-05 1.449994325739533e-05 9.886345172492212e-06 8.406689591607264e-07
7.937029027999762e-05 9.669516299003687e-06 9.180799083951459e-06 8.832187654004808e-08
9.769786079151238e-05 1.946474148814971e-05 1.154928823168602e-05 1.440105812650781e-06
9.306675477031663e-05 1.450062347570835e-05 1.108325860245286e-05 8.855661615589396e-07
8.847180294711753e-05 9.594418128173226e-06 1.050333916005184e-05 2.666226294471465e-07
1.070148232382318e-04 1.950585338264614e-05 1.234623919985461e-05 1.316259540185475e-06
1.023435619456813e-04 1.450119560611643e-05 1.200350078269371e-05 9.281028702106899e-07
9.769755733154910e-05 9.537091254833267e-06 1.155092037689914e-05 4.176124757649838e-07
1.163915207774475e-04 1.953139389380467e-05 1.292941867024461e-05 1.257114943215395e-06
1.116955146630714e-04 1.450166520336232e-05 1.268643071965112e-05 9.960205548431636e-07
1.070145680599187e-04 9.496949736563509e-06 1.234732474644205e-05 6.150778968177867e-07
1.365567911638310e-04 1.899205829409904e-05 1.366035761918220e-05 1.228291385353171e-06
1.352193668357087e-04 1.954598070489417e-05 1.361641413470369e-05 1.249376426327985e-06
1.206028463178077e-04 1.450207228111943e-05 1.314040481955689e-05 1.043451636392561e-06
1.258004310597824e-04 1.954353625376793e-05 1.331407979698860e-05 1.302876920007782e-06
1.163912875008659e-04 9.472415652714013e-06 1.296191016337018e-05 7.431118522738183e-07
1.371107771637895e-04 1.765472264994697e-05 1.367887980104144e-05 1.181905546547760e-06
1.339454532990728e-04 1.450227535780924e-05 1.360431671357429e-05 1.090067622871444e-06
1.258003255123900e-04 9.460779251279622e-06 1.333964868878991e-05 8.688159634993134e-07
1.371107181782890e-04 1.134986883367954e-05 1.371723474632719e-05 9.737839845296182e-07
1.352192820613385e-04 9.458586798293868e-06 1.365777724932209e-05 9.028465913431503e-07
1.365567224910091e-04 1.001251792189731e-05 1.370064294076675e-05 9.240775542075819e-07
