4.484129955960249e-05 -5.588689358733602e-06 3.211128557694158e-05 -5.632274513451939e-06
4.503839955394854e-05 -5.112707751347831e-06 3.223678594239039e-05 -5.303863134023078e-06
4.503816331834850e-05 -2.869229212860140e-06 3.208866353214168e-05 -3.592505102260563e-06
4.484103332387870e-05 -2.393236978482823e-06 3.194286512076607e-05 -3.249284405979212e-06
4.436541774045062e-05 -5.785868134122159e-06 3.179323327516817e-05 -5.768662796421168e-06
4.347297786932514e-05 -3.990942640413485e-06 3.096832597604969e-05 -4.414530897029614e-06
4.436511392269330e-05 -2.196055960110161e-06 3.159635143713750e-05 -3.106052543705469e-06
4.101481411153860e-05 -5.787225011319849e-06 2.923508031980751e-05 -5.735019736139989e-06
4.101447954593400e-05 -2.194913051811911e-06 2.898726255201177e-05 -3.049519917783081e-06
3.916254155654175e-05 -3.991231293310780e-06 2.784334962760126e-05 -4.427982956561533e-06
3.765794129300376e-05 -5.790915122584501e-06 2.675725883557680e-05 -5.669478242746893e-06
3.765752639176837e-05 -2.191838658166524e-06 2.642395143364395e-05 -3.112683060255891e-06
3.597635433061708e-05 -3.991241386050089e-06 2.563916417001210e-05 -4.361198889236999e-06
3.429350625469934e-05 -5.792272703424492e-06 2.444249265373143e-05 -5.554475139752793e-06
3.429343775870359e-05 -2.190417003539677e-06 2.405693684473553e-05 -3.044257373532644e-06
3.261045070605434e-05 -3.991357199115428e-06 2.331324774862966e-05 -4.335694890600925e-06
3.093029100244837e-05 -5.786700546305258e-06 2.222731769400405e-05 -5.554639769869074e-06
3.093019411627347e-05 -2.196075819309485e-06 2.167023215623061e-05 -2.981948308561828e-06
2.925296934961942e-05 -3.991365918036134e-06 2.097650963558211e-05 -4.249495708872383e-06
2.758525119397131e-05 -5.770756085059121e-06 1.983302036167282e-05 -5.485352852177669e-06
2.758490328986168e-05 -2.211641494430668e-06 1.926931261306906e-05 -3.011239039929580e-06
2.592371169357434e-05 -3.991219496486341e-06 1.864952673403884e-05 -4.194196317419518e-06
2.428016564415966e-05 -5.742130892407247e-06 1.737620707442239e-05 -5.410824126355979e-06
2.427929133447014e-05 -2.239445705589397e-06 1.703799882034253e-05 -3.107134596832691e-06
2.264616732850051e-05 -3.990562126806537e-06 1.637141323827792e-05 -4.160713384157337e-06
2.103922869085189e-05 -5.699145315842047e-06 1.514232261408824e-05 -5.311328003338447e-06
2.103825481896293e-05 -2.280885287385868e-06 1.509503960579842e-05 -3.244060458189541e-06
1.944649250208390e-05 -3.989537619417584e-06 1.433812057381102e-05 -4.165495290664987e-06
1.789070952635178e-05 -5.640056235710617e-06 1.332751958549093e-05 -5.124108135034683e-06
1.788990011442912e-05 -2.337702240913484e-06 1.345385308699404e-05 -3.325658835546260e-06
1.635464643789663e-05 -3.988091815985688e-06 1.262530771266465e-05 -4.156965809515936e-06
1.486612729527793e-05 -5.563523376798024e-06 1.190750140901943e-05 -4.879652359300391e-06
1.486566651133254e-05 -2.411238578620211e-06 1.205398846003613e-05 -3.405673575125173e-06
1.340280868014850e-05 -3.986362008027563e-06 1.121391281683181e-05 -4.157337928303678e-06
1.199704201337039e-05 -5.469955760883566e-06 1.074589402822891e-05 -4.806885262726328e-06
1.199612529255624e-05 -2.501356269932390e-06 1.073357505852202e-05 -3.432034937892347e-06
1.067512221163923e-05 -3.983695971636884e-06 1.005256958619985e-05 -4.119210684397027e-06
9.417073249865844e-06 -5.363049652495703e-06 9.634650683376628e-06 -4.770561125882292e-06
9.415471300572730e-06 -2.607884981925138e-06 9.529459485007581e-06 -3.399618899949780e-06
8.490422679870034e-06 -4.084076543719132e-06 9.079057586882254e-06 -4.172914951877595e-06
7.605731607117172e-06 -5.265927606818266e-06 8.670604259067445e-06 -4.778472431419389e-06
7.602274550805190e-06 -2.704511946246327e-06 8.579858849384937e-06 -3.435378313461566e-06
6.378129425588579e-06 -5.183055513627988e-06 7.974440785450944e-06 -4.752264103907507e-06
6.591833591667122e-06 -4.400343605746077e-06 8.101252773143600e-06 -4.292212252267718e-06
6.373568194330087e-06 -2.765082383332795e-06 7.960205764086925e-06 -3.408603391209763e-06
5.530598986326941e-06 -2.829228074626764e-06 7.494177305686421e-06 -3.384591542215563e-06
-5.309491823368099e-07 -9.790254495051941e-07 -1.608181853654883e-06 -1.182376457605258e-07
-5.425230634225251e-07 -9.508484684479725e-07 -1.646290908867991e-06 -1.968992964647445e-08
-5.423670996308587e-07 -8.471372930666039e-07 -1.643035517472614e-06 3.419040368231711e-07
-5.309153606960281e-07 -8.199317889139257e-07 -1.605696645859016e-06 4.373884296552654e-07
5.524978520134699e-06 -5.125519567431507e-06 7.447721118577091e-06 -4.729735547652804e-06
4.801812890239002e-06 -5.032345025382622e-06 6.998080556299450e-06 -4.700846074934983e-06
5.338100921779319e-06 -3.693649463560511e-06 7.401039852851361e-06 -3.917168714766916e-06
4.781031327292272e-06 -2.832520308082522e-06 7.037616999279140e-06 -3.290559161642594e-06
-5.029699804298537e-07 -9.908948549062493e-07 -1.515143309269925e-06 -1.603741205898132e-07
-4.751802831801167e-07 -8.774336754467195e-07 -1.416410385943535e-06 2.394611019700524e-07
-5.036405130714977e-07 -8.089309786345943e-07 -1.514739782344912e-06 4.790204763752179e-07
4.556963429111141e-06 -4.336093262625966e-06 6.866376981503971e-06 -4.291959882325567e-06
4.117769200281858e-06 -4.848606003979557e-06 6.547039385277639e-06 -4.641760309403198e-06
3.495076156865883e-06 -4.612456885303173e-06 6.107390945916588e-06 -4.532818263026098e-06
4.339948894762025e-06 -3.430082880555186e-06 6.738382482264607e-06 -3.693181106331656e-06
4.108613613643751e-06 -2.733082111141674e-06 6.578760345304314e-06 -3.127954128234436e-06
-3.143361102063958e-07 -9.964570068780128e-07 -8.269799867947263e-07 -1.863835738659880e-07
-3.151071958241896e-07 -8.087592818311215e-07 -8.138056170693303e-07 5.191791521934695e-07
-2.172656996463295e-07 -9.041396429398728e-07 -4.452150054764660e-07 1.751628318448948e-07
2.943261534469492e-06 -4.303151672660904e-06 5.677900157827126e-06 -4.365468337178372e-06
3.398249686933070e-06 -3.945350014541303e-06 6.064992825266732e-06 -4.070254063720571e-06
3.606289657260617e-06 -3.155974862278093e-06 6.206917857985248e-06 -3.459088780327438e-06
3.514309118073672e-06 -2.547625331792377e-06 6.137745509701320e-06 -2.862385138937423e-06
-1.120891258268341e-07 -1.014944269771801e-06 -3.979910141133502e-08 -2.081494463103705e-07
-1.130530573174566e-07 -7.965376030777424e-07 -5.771736505488363e-08 5.199814164163239e-07
4.928072729685549e-09 -9.073420080457135e-07 3.271150225290858e-07 1.439478659292666e-07
2.450408308875079e-06 -3.960561420072834e-06 5.244546149107089e-06 -4.105033139981955e-06
2.040716477531891e-06 -3.591836705483620e-06 4.790296274420039e-06 -3.794373496629753e-06
2.901222520635870e-06 -3.044370583523980e-06 5.653520940455463e-06 -3.326886787461264e-06
3.008720920740184e-06 -2.282604405214136e-06 5.750116374742148e-06 -2.506671520271861e-06
1.379741727872446e-07 -1.050369166459926e-06 7.017628778247884e-07 -2.422300944442507e-07
1.371186117405491e-07 -7.674024324738626e-07 7.041632794629306e-07 5.089652051556708e-07
2.146752673581677e-06 -3.069619312730512e-06 4.890159801905911e-06 -3.329360491780642e-06
1.709497301036754e-06 -3.188975411358401e-06 4.415308824183823e-06 -3.455282749092237e-06
2.312738349016577e-06 -2.530313441716418e-06 5.073173249666708e-06 -2.767459511308270e-06
2.597004419467649e-06 -1.981360308996366e-06 5.412139997473959e-06 -2.129065101292563e-06
2.809436481308909e-07 -9.103365052100909e-07 1.050016882217620e-06 1.228440342224971e-07
4.488671074382303e-07 -1.098757340796341e-06 1.457503763501040e-06 -3.763977856919785e-07
4.475806853675838e-07 -7.240974670343360e-07 1.446250583802145e-06 5.780306692536326e-07
1.432694776011998e-06 -2.780386423070410e-06 4.085469927759675e-06 -3.106126295031579e-06
1.242868750602128e-06 -2.396958898398985e-06 3.746356513452244e-06 -2.610021708908131e-06
1.125246653319642e-06 -2.011217440274477e-06 3.464954308941837e-06 -2.074132685426823e-06
1.983318997622533e-06 -2.081579596210653e-06 4.722887721284058e-06 -2.239353992994980e-06
2.278015505684984e-06 -1.671107354714320e-06 5.134282504243866e-06 -1.647979796929159e-06
5.819657862319959e-07 -9.135810238718158e-07 1.785384008118909e-06 9.959578778280310e-08
7.426002347130310e-07 -1.144024065258915e-06 2.202556459687039e-06 -4.889075248133467e-07
7.426473664025679e-07 -6.794931367349863e-07 2.139485312944338e-06 6.271901500942844e-07
1.450015701999682e-06 -2.000558446389192e-06 4.019125068187983e-06 -2.089648464599929e-06
1.050888165835450e-06 -1.651972200512315e-06 3.252585260994352e-06 -1.531664641110693e-06
9.835542290292318e-07 -1.179451240357219e-06 2.826736095775964e-06 -6.244598698621396e-07
1.039112833379557e-06 -1.223335646496452e-06 3.025218953043276e-06 -7.399456074671772e-07
1.052511951519471e-06 -1.323187320378957e-06 3.127684613787573e-06 -9.631068764910505e-07
1.763781157954995e-06 -1.629000332202726e-06 4.476995493682710e-06 -1.578903719203932e-06
2.034517607449204e-06 -1.372979014955262e-06 4.954024359789016e-06 -1.159804698399235e-06
8.850335181164350e-07 -9.500675434932709e-07 2.521885001133247e-06 -4.136346743295593e-08
1.028127860176971e-06 -6.450794078380311e-07 2.819433613465179e-06 7.270119243462409e-07
1.280502839249499e-06 -1.407772259343689e-06 3.639084905712133e-06 -1.159411363764955e-06
1.064758180830094e-06 -1.054288050079284e-06 3.039753431959227e-06 -3.278036229672586e-07
1.131091023438027e-06 -1.190316430198101e-06 3.267285610660722e-06 -6.747607386675582e-07
1.626054149655347e-06 -1.283867620638003e-06 4.272306466568209e-06 -9.685291202075979e-07
1.865691978601272e-06 -1.108315471739188e-06 4.843680499838367e-06 -5.464402129202968e-07
1.106801314752308e-06 -7.939250919291060e-07 3.053370055270295e-06 3.269953042301938e-07
1.125929665925663e-06 -6.101045674356360e-07 3.019209430467573e-06 8.340767791679755e-07
1.365173620371683e-06 -9.654431824955198e-07 3.771521377050744e-06 -2.154887820602867e-07
1.785235163469158e-06 -8.735411911243874e-07 4.818911552716791e-06 3.357981973472737e-08
1.722877554237511e-06 -6.803837854014333e-07 4.865725109520704e-06 5.994201884958558e-07
1.278982177245004e-06 -6.478699724976075e-07 3.463480792964824e-06 6.985232982022673e-07
1.190867724571633e-06 -5.493937765952643e-07 3.131877639522400e-06 1.045605621182209e-06
1.285630142417222e-06 -4.108221947710330e-07 3.271241408571573e-06 1.615323534141569e-06
1.558120778986840e-06 -6.338180895571157e-07 4.337869456555575e-06 6.774397790894295e-07
1.392964820481070e-06 -3.286743398153977e-07 3.486427710359973e-06 2.172026061375422e-06
1.695014427295907e-06 -5.040366238440661e-07 5.001113636277328e-06 1.146653947001759e-06
1.431396051943102e-06 -3.894994305678804e-07 3.827253634037887e-06 1.624179751196635e-06
1.590043810298108e-06 -3.818568889895457e-07 4.567899422392527e-06 1.674792968826121e-06
1.480458560327990e-06 -2.726710853360575e-07 3.778155310829667e-06 2.704850828044992e-06
1.671673947014181e-06 -3.820207981452186e-07 5.274241909279222e-06 1.710792306251676e-06
1.628053931601020e-06 -3.066990458673493e-07 5.048621376851963e-06 2.236463400859081e-06
1.587800431276064e-06 -2.791885133403534e-07 4.552713751348724e-06 2.525132358909793e-06
1.559673489549871e-06 -2.679042839789232e-07 4.158915347853077e-06 3.193596273727985e-06
1.601895895075699e-06 -2.983868053074558e-07 4.538528469747587e-06 3.585764583413087e-06
1.629463858515672e-06 -2.969977773475048e-07 5.592723294996408e-06 2.225736301485690e-06
1.622618634394274e-06 -2.744097559064265e-07 5.336602325142439e-06 2.776085214942723e-06
1.624948064313227e-06 -2.958651495913006e-07 5.067282509690163e-06 3.409934781914993e-06
1.628891111158570e-06 -3.617789180732771e-07 4.955291999573136e-06 3.987822330504241e-06
1.569981544898284e-06 -2.514902824790701e-07 5.981106579385146e-06 2.621143074203155e-06
1.574728102011084e-06 -3.067329958762223e-07 5.855024984819283e-06 3.388021361519668e-06
1.616119398428034e-06 -4.326548934416187e-07 5.404489546634877e-06 4.350697006223219e-06
1.556725378609726e-06 -5.214874921567197e-07 5.875122056479471e-06 4.632758097566306e-06
1.467285378630328e-06 -6.249502666758586e-07 6.380076440618241e-06 4.871052072012780e-06
1.472418028299281e-06 -3.310982021315503e-07 6.449612622370261e-06 3.555383492068506e-06
1.479570696393291e-06 -2.384017538381134e-07 6.445817133432730e-06 2.911729852485256e-06
1.498245795027610e-06 -4.660565708609776e-07 6.315177867289429e-06 4.272019299711616e-06
1.332632729137155e-06 -7.103213689521581e-07 6.922710573482796e-06 5.060215492060968e-06
1.158633549518765e-06 -7.892713535547663e-07 7.546503726604117e-06 5.214398700089615e-06
1.360443785249636e-06 -3.552079022562738e-07 6.939042975726463e-06 3.717019677718117e-06
1.345013255472653e-06 -2.256594203199422e-07 6.982808431145199e-06 3.123610990462341e-06
9.610759828002516e-07 -8.443173465845883e-07 8.205777428986567e-06 5.290680432772489e-06
1.205295779331472e-06 -5.093689976284864e-07 7.474291823850611e-06 4.289201950265747e-06
1.174231374239811e-06 -2.035299684362195e-07 7.574696979511326e-06 3.250320933211530e-06
9.219064596708540e-07 -5.493208018795983e-07 8.370101395765646e-06 4.399878297312523e-06
6.969538242112080e-07 -8.957165922258537e-07 8.991269418412201e-06 5.321981540016806e-06
9.752843725106066e-07 -1.778592766674905e-07 8.209300538342599e-06 3.261271637470110e-06
2.898782787542384e-07 -9.471522458918771e-07 1.006411973231923e-05 5.374554357335825e-06
6.331159542357213e-07 -3.678454915611380e-07 9.212120395384687e-06 3.902864352113822e-06
6.997341534062699e-07 -1.270412481283240e-07 8.997147554130253e-06 3.213443315320049e-06
-3.729342051745859e-07 -1.025523167151282e-06 1.167835021151444e-05 5.447928967109436e-06
-2.252895843870280e-08 -4.720151545272386e-07 1.085627788471886e-05 4.171823405973634e-06
2.885129849457198e-07 -6.110297446370841e-08 1.008461037599023e-05 3.162862076780417e-06
-1.391240578187363e-06 -1.108274296253347e-06 1.386409006961645e-05 5.510588890481746e-06
-8.587876093483602e-07 -5.087096988931295e-07 1.271327987144894e-05 4.261374289090377e-06
-3.734000056187023e-07 1.328667663878010e-08 1.162039641145878e-05 3.086715775588902e-06
-2.584268100217243e-06 -1.175582441373121e-06 1.623122686678206e-05 5.565413046020815e-06
-1.967214066160748e-06 -5.087811018746385e-07 1.498218686968750e-05 4.276050225149159e-06
-1.391180827639930e-06 9.175063631276340e-08 1.373487536393951e-05 3.002910568647996e-06
-3.887700687509986e-06 -1.229210910140659e-06 1.864846035260795e-05 5.679065615876621e-06
-3.219340465582447e-06 -5.091964954583398e-07 1.740819674459373e-05 4.303041952336447e-06
-2.584174074763091e-06 1.577001013006596e-07 1.610274263904923e-05 2.979700825084215e-06
-5.278200049861066e-06 -1.269935286901848e-06 2.123072668611599e-05 5.800437427012627e-06
-4.570287839955047e-06 -5.092911014227715e-07 1.995015646643432e-05 4.327374429944978e-06
-3.887686940245276e-06 2.106716800009789e-07 1.865484442845718e-05 2.921386928549664e-06
-6.733226038944127e-06 -1.298651411715740e-06 2.399318605656665e-05 5.830135428499741e-06
-5.996659366409846e-06 -5.090417960534511e-07 2.262371865649548e-05 4.343542173958045e-06
-5.278229858827689e-06 2.514865443253406e-07 2.128843645893894e-05 2.907408014545792e-06
-8.231982746605183e-06 -1.316894097192378e-06 2.683234785337325e-05 5.824879708897966e-06
-7.476851727660634e-06 -5.085874555060700e-07 2.539973634481090e-05 4.348648330161199e-06
-6.733135814966258e-06 2.809709043121808e-07 2.398546350031467e-05 2.916242471628223e-06
-9.756327549708549e-06 -1.326711405502802e-06 2.943440656546407e-05 5.694363636446886e-06
-8.991154926081732e-06 -5.080177180061359e-07 2.813931905326380e-05 4.364597898911666e-06
-8.231989846091826e-06 3.003445977635262e-07 2.671196317717494e-05 2.919750986515601e-06
-1.129279117067743e-05 -1.330684806337345e-06 3.180943507279606e-05 5.546964909628682e-06
-1.052344152797966e-05 -5.073935588643875e-07 3.063312890515183e-05 4.353514463231083e-06
-9.756458897868415e-06 3.114377571408965e-07 2.933636698078254e-05 3.018857487486253e-06
-1.283350458845200e-05 -1.331802364040308e-06 3.409466494156790e-05 5.481913839599880e-06
-1.206290104444758e-05 -5.068519189877427e-07 3.295487808852160e-05 4.312008758191729e-06
-1.129302127033287e-05 3.164877144114438e-07 3.176383828668308e-05 3.129729845708849e-06
-1.613603417690289e-05 -1.241146755350326e-06 3.844468764960445e-05 5.232073481402453e-06
-1.591705929647852e-05 -1.331857659803598e-06 3.816706414977590e-05 5.349051068449831e-06
-1.352391649996194e-05 -5.064609375691023e-07 3.503888390607583e-05 4.310408433680848e-06
-1.437504130814714e-05 -1.331971684580923e-06 3.616829486801856e-05 5.381851755519802e-06
-1.283353980285006e-05 3.184706968713931e-07 3.405749963934725e-05 3.176610487247917e-06
-1.622673320089030e-05 -1.022159330469528e-06 3.855881732706636e-05 4.951925296829455e-06
-1.570853975314803e-05 -5.060375428888536e-07 3.789596063055192e-05 4.298539147551202e-06
-1.437507084039866e-05 3.195041411455596e-07 3.615396620876632e-05 3.218216512246396e-06
-1.622663950421590e-05 1.004763886110280e-08 3.853502491562387e-05 3.658602311272139e-06
-1.591699079211814e-05 3.196897934687781e-07 3.814306061788830e-05 3.265516811302885e-06
-1.613594340094874e-05 2.289966799636627e-07 3.841951363516961e-05 3.381215297213443e-06
