-9.565757923476295e-07 1.711099152812167e-06 4.442940314567230e-05 -6.463082149928818e-06
-9.323701827129200e-07 1.769499406006311e-06 4.462840085222037e-05 -6.002699661186755e-06
-9.323908251519527e-07 2.044891958807938e-06 4.472965840307097e-05 -3.977861469992591e-06
-9.566035773103629e-07 2.103316715281449e-06 4.454400735846806e-05 -3.527291522414939e-06
-1.015004582447109e-06 1.686917050906221e-06 4.396022840566841e-05 -6.653244257139101e-06
-1.124605079509494e-06 1.907219074491452e-06 4.324770395624704e-05 -5.009586489104910e-06
-1.015050522411048e-06 2.127511037927693e-06 4.409405047240638e-05 -3.341191692428257e-06
-1.426132985294657e-06 1.687333117783435e-06 4.089426555470200e-05 -6.637208107571363e-06
-1.426160992531851e-06 2.127218761722884e-06 4.103929206035473e-05 -3.385956389953700e-06
-1.652683587328168e-06 1.907220522449233e-06 3.923866619258837e-05 -4.996679197635634e-06
-1.835834972791847e-06 1.688035856559762e-06 3.803156920031464e-05 -6.474160909500237e-06
-1.835899097185131e-06 2.126498276907963e-06 3.807865657446564e-05 -3.362147640375197e-06
-2.040373456937919e-06 1.906910412259250e-06 3.651749655756877e-05 -5.036016101685788e-06
-2.244583330768257e-06 1.687782086580856e-06 3.535367839881755e-05 -6.444495304197138e-06
-2.244894489519223e-06 2.125744524350252e-06 3.511722829070942e-05 -3.469184339160244e-06
-2.449558888619290e-06 1.906176560701468e-06 3.380864554961951e-05 -5.023594227653452e-06
-2.654076090396793e-06 1.687667463004597e-06 3.249335429834423e-05 -6.566438796180718e-06
-2.654596954968139e-06 2.123816605898791e-06 3.224911972972601e-05 -3.459489947090771e-06
-2.858906931284828e-06 1.904922235099706e-06 3.094621508926529e-05 -4.993678110932002e-06
-3.060862656989206e-06 1.690700945246069e-06 2.938532640806799e-05 -6.747894628982677e-06
-3.061449929881922e-06 2.117510727832943e-06 2.932069708944694e-05 -3.330023563827247e-06
-3.261312026158796e-06 1.903143628788890e-06 2.776869530905524e-05 -4.970749824112604e-06
-3.454174142789101e-06 1.700648192638191e-06 2.595366601845170e-05 -6.840907889844589e-06
-3.454483364139745e-06 2.103197470959222e-06 2.604558582435831e-05 -3.233041763948516e-06
-3.642351578636638e-06 1.900891769310953e-06 2.442308517327824e-05 -4.970664574214184e-06
-3.816943055277799e-06 1.720169518937776e-06 2.245762773044918e-05 -6.833448741288361e-06
-3.816782391060785e-06 2.078667383615247e-06 2.263678554671236e-05 -3.238585480015157e-06
-3.982935915605349e-06 1.898252006691129e-06 2.114038781993091e-05 -4.949762716207570e-06
-4.129118538652724e-06 1.749905327201141e-06 1.908499146080199e-05 -6.745112379652295e-06
-4.128211394031828e-06 2.043153562507589e-06 1.927746892849581e-05 -3.314773800030892e-06
-4.262752730769573e-06 1.895142166254585e-06 1.797595193469175e-05 -5.000614750373599e-06
-4.370598975369502e-06 1.789730819155757e-06 1.610227695948512e-05 -6.543669970683586e-06
-4.369174499060157e-06 1.996968276834021e-06 1.616573363851642e-05 -3.402466799374006e-06
-4.462404738674232e-06 1.891774591719155e-06 1.493555565707427e-05 -5.038653828090683e-06
-4.522150473627113e-06 1.840528115646915e-06 1.334964346056519e-05 -6.431191054413657e-06
-4.520571581444750e-06 1.939164529842108e-06 1.325169565986517e-05 -3.507867805220303e-06
-4.561692766892084e-06 1.888726044000120e-06 1.209007645201279e-05 -5.052421519264074e-06
-4.564240415387232e-06 1.901634868464375e-06 1.089457705383921e-05 -6.341007698731069e-06
-4.563081867813714e-06 1.868912978923037e-06 1.070041369827064e-05 -3.623650703656965e-06
-4.554199389926533e-06 1.890549161724438e-06 9.905218531289138e-06 -5.089573242986701e-06
-4.506025785147732e-06 1.960533015965202e-06 9.059903399550299e-06 -6.240483402602768e-06
-4.506585004437595e-06 1.802884484382319e-06 9.009442398466694e-06 -3.817250852853180e-06
-4.404273890370299e-06 2.013076042570893e-06 7.908124734282647e-06 -6.108616687661675e-06
-4.441548687456246e-06 1.921067690035866e-06 8.110818893404430e-06 -5.344247133923956e-06
-4.405986821265277e-06 1.760009575147877e-06 7.906797372082843e-06 -3.826151980321406e-06
-4.298629947586393e-06 1.714683907187038e-06 7.147238726042288e-06 -3.874788301335613e-06
1.004350208000458e-06 -2.782727816420676e-07 -1.185176291705191e-06 -1.517137797145758e-06
1.024613220159106e-06 -3.268592970730102e-07 -1.212431270033934e-06 -1.446230728082030e-06
1.024569415616446e-06 -5.084873350535544e-07 -1.216803162452935e-06 -1.197789393295830e-06
1.004380492434039e-06 -5.566920316759915e-07 -1.192793766455304e-06 -1.134641203757566e-06
-4.303918265286930e-06 2.050084033516030e-06 7.057883154802213e-06 -6.018036403601475e-06
-4.176830249152859e-06 2.076572276323864e-06 6.430508865454204e-06 -5.881461579767475e-06
-4.292780153757226e-06 1.838262335789069e-06 6.966751642180064e-06 -4.724569032332085e-06
-4.190903271983031e-06 1.656583591578825e-06 6.454773848067295e-06 -3.831849796450038e-06
9.559367402997170e-07 -2.582768495455016e-07 -1.118737622411473e-06 -1.547684603408022e-06
9.068718501382400e-07 -4.575410409461451e-07 -1.060110940271133e-06 -1.275643680565153e-06
9.561628234277497e-07 -5.769622523296408e-07 -1.130840312170114e-06 -1.110150417793647e-06
-4.147003274990136e-06 1.964291757732651e-06 6.231340689450328e-06 -5.235612370676610e-06
-4.031203499950296e-06 2.094592251557353e-06 5.823098505588393e-06 -5.707080830873838e-06
-3.859689056570532e-06 2.079242792194444e-06 5.345223768682636e-06 -5.502502522789166e-06
-4.107974721731367e-06 1.768844836815988e-06 6.078244698372232e-06 -4.396374712332889e-06
-4.048986406985490e-06 1.562235001539004e-06 5.916561088302030e-06 -3.749079280025636e-06
6.270306078129963e-07 -2.542274242248530e-07 -6.788738834452179e-07 -1.571155848646892e-06
6.264275883263334e-07 -5.837136878742765e-07 -6.788505456806344e-07 -1.114841274978651e-06
4.561306871830262e-07 -4.195244435508398e-07 -4.762539718127978e-07 -1.326800844767831e-06
-3.664779638740091e-06 2.046872349697643e-06 4.912519237114903e-06 -5.226705282259149e-06
-3.847375339835966e-06 1.917114145690686e-06 5.299996491640316e-06 -4.887265474343910e-06
-3.911375668351647e-06 1.674331129035645e-06 5.467304915980680e-06 -4.186068146091115e-06
-3.890428720981480e-06 1.426257377119398e-06 5.366258072234238e-06 -3.577003018337117e-06
2.716463038705519e-07 -2.254835111423851e-07 -2.606434117579015e-07 -1.544199710114633e-06
2.714931817662651e-07 -6.143083186467111e-07 -2.515702580762773e-07 -1.104177061222447e-06
6.230152819360598e-08 -4.202222225527928e-07 -6.816717073477111e-09 -1.317399936297902e-06
-3.461034772688460e-06 1.973458257094224e-06 4.492951015344621e-06 -4.889586201825096e-06
-3.240690387535469e-06 1.859276123390864e-06 4.129662665199795e-06 -4.609548256155654e-06
-3.664725793166188e-06 1.623730360496051e-06 4.885678924931172e-06 -4.107350686271916e-06
-3.725462410715362e-06 1.252636459174236e-06 4.961060820378567e-06 -3.340075829623253e-06
-1.768031918049531e-07 -1.623045620959555e-07 3.293480746246862e-07 -1.663796885188332e-06
-1.769725040494814e-07 -6.786824311621790e-07 3.404536715607628e-07 -9.656671414936280e-07
-3.294089365549997e-06 1.645962984572514e-06 4.235420402144707e-06 -4.179941499317483e-06
-3.014822974479103e-06 1.714399527465323e-06 3.792130429213386e-06 -4.304424814495789e-06
-3.391980221585276e-06 1.364377806913029e-06 4.407880349367095e-06 -3.647133277619357e-06
-3.565954930879671e-06 1.024213693763013e-06 4.699185842112272e-06 -3.123017867230089e-06
-4.391709531406010e-07 -4.206188894747243e-07 6.914719020668936e-07 -1.290922412447006e-06
-7.497126717869579e-07 -7.064210790093689e-08 1.104315198319260e-06 -1.750107962073469e-06
-7.493605436542251e-07 -7.711558948762152e-07 1.091927216541043e-06 -8.012421907016001e-07
-2.803009715050149e-06 1.525314540216292e-06 3.487257728146415e-06 -3.953484342834761e-06
-2.590963083355600e-06 1.280601838095153e-06 3.216167023758441e-06 -3.541570947051741e-06
-2.392789475017637e-06 1.003289623405522e-06 2.993686437711819e-06 -3.097963300534208e-06
-3.181338804243811e-06 1.078450905047251e-06 4.078662582207423e-06 -3.205535993549189e-06
-3.425591358705917e-06 7.385411605674365e-07 4.429237267325076e-06 -2.684269983208031e-06
-9.989673254760779e-07 -4.199658674221432e-07 1.448175674437469e-06 -1.280295870944485e-06
-1.303789762389228e-06 2.012780568820661e-08 1.809216525015018e-06 -1.780873848721299e-06
-1.303166177444909e-06 -8.643458487220145e-07 1.856447174766577e-06 -7.505656569749112e-07
-2.739328691246710e-06 1.012604882851764e-06 3.465861623561027e-06 -3.101855688931054e-06
-2.229155336618337e-06 6.806612842604551e-07 2.835681800544890e-06 -2.632117087922287e-06
-1.822020594831270e-06 9.854804963695705e-08 2.409962371738379e-06 -1.865303008008112e-06
-1.984516206045949e-06 1.719113978163850e-07 2.636321976300026e-06 -1.966625790208936e-06
-2.085390299138174e-06 3.141613210469852e-07 2.750800008979870e-06 -2.156990361161798e-06
-3.024206222756672e-06 6.918940406555723e-07 3.902695024909267e-06 -2.650734389030670e-06
-3.325276605806571e-06 4.018661910412466e-07 4.319386690416264e-06 -2.315581552371778e-06
-1.578336849312373e-06 -3.564326227329063e-07 2.149149824060484e-06 -1.358308436717793e-06
-1.786877298729968e-06 -9.288368202726296e-07 2.447087785480016e-06 -6.188219222349620e-07
-2.464614015545769e-06 4.438447050015781e-07 3.174640143648905e-06 -2.306273033131140e-06
-1.977023808927614e-06 -1.303287694480803e-07 2.641315689249183e-06 -1.579898155004776e-06
-2.168379165110265e-06 1.206941200030150e-07 2.868899554545508e-06 -1.899816971513765e-06
-2.893187114047082e-06 2.934717494619556e-07 3.712503573660550e-06 -2.129346007547186e-06
-3.276201948441734e-06 2.108099709777350e-08 4.220778809122058e-06 -1.725285954895333e-06
-1.955983577324306e-06 -6.277200722510422e-07 2.652309731017246e-06 -9.902904311065252e-07
-1.910662736794064e-06 -1.005269193441058e-06 2.596370853201291e-06 -5.090272108906673e-07
-2.521233845856974e-06 -2.039533082696240e-07 3.273593703750564e-06 -1.478049657742545e-06
-3.277404259163256e-06 -3.863072944461772e-07 4.208714453119090e-06 -1.265577166376451e-06
-3.389445286461387e-06 -8.193407425103355e-07 4.321429708708098e-06 -7.039487521042725e-07
-2.233549279199030e-06 -8.924663606484432e-07 3.007990094019271e-06 -6.401214627509395e-07
-1.975308150108052e-06 -1.182834883855186e-06 2.674971612357709e-06 -2.937147098997405e-07
-2.041937353537082e-06 -1.699400872820108e-06 2.789210989385732e-06 2.977902685404676e-07
-2.934299997065277e-06 -8.557412250318392e-07 3.788402243297032e-06 -6.459130874926291e-07
-2.171404675756282e-06 -2.245929915898228e-06 3.008676810813825e-06 8.527079252769308e-07
-3.596284281983738e-06 -1.271036502685896e-06 4.513909341350417e-06 -1.512138567893236e-07
-2.489149656761528e-06 -1.702862702122301e-06 3.361983560201568e-06 2.959092613225248e-07
-3.198169681521177e-06 -1.744568740870858e-06 4.071195067910550e-06 3.586229576525209e-07
-2.392525875754776e-06 -2.787372853076541e-06 3.304887793246745e-06 1.380442974906596e-06
-3.912901975130979e-06 -1.745809604113491e-06 4.801694292031905e-06 3.944005416583872e-07
-3.701635896108749e-06 -2.253405171367400e-06 4.549359136198263e-06 9.053187560712853e-07
-3.150032949662567e-06 -2.588667198366924e-06 4.031964124322922e-06 1.194093484340654e-06
-2.689320623721040e-06 -3.346427457909382e-06 3.685117329372805e-06 1.866796889776919e-06
-3.090502493984816e-06 -3.898548698294469e-06 4.087700656016231e-06 2.257047921296014e-06
-4.355761994141420e-06 -2.207852133735594e-06 5.109324989606174e-06 8.877833522479231e-07
-4.066393872269510e-06 -2.869786654481463e-06 4.832501482804005e-06 1.458553779050860e-06
-3.716817999188884e-06 -3.687856705352285e-06 4.585390544980655e-06 2.105892857269346e-06
-3.565169669279247e-06 -4.434922252294444e-06 4.509517388621944e-06 2.613853728161772e-06
-4.909744620172527e-06 -2.639044472413319e-06 5.493882388438961e-06 1.297042185085540e-06
-4.752324076833644e-06 -3.692486355989218e-06 5.361254008857558e-06 2.070239121844353e-06
-4.135124513469105e-06 -4.919690283253990e-06 4.951147284006101e-06 2.930959608844236e-06
-4.801704683259745e-06 -5.360194942035118e-06 5.405085552454034e-06 3.167928555378491e-06
-5.538335070660027e-06 -5.748783613870258e-06 5.843203643711084e-06 3.306765304736120e-06
-5.587929653428973e-06 -3.929606518486612e-06 5.918548658304919e-06 2.229474804643933e-06
-5.576876926544310e-06 -3.016428804854266e-06 5.908704036511179e-06 1.609069430508396e-06
-5.416081034499750e-06 -4.880667628837605e-06 5.811848739216622e-06 2.854061557167134e-06
-6.354517560673340e-06 -6.042831539202813e-06 6.273961405134198e-06 3.403002386489709e-06
-7.236238518840310e-06 -6.254141401218448e-06 6.732659025572318e-06 3.458467038046873e-06
-6.285345500512665e-06 -4.136339584137067e-06 6.343410870589784e-06 2.392043276371571e-06
-6.356052767232616e-06 -3.290128869233114e-06 6.359717399281364e-06 1.888819861815171e-06
-8.155092741645212e-06 -6.359830574986860e-06 7.171821879220866e-06 3.468881494011476e-06
-7.105262281155142e-06 -4.957653304870144e-06 6.733035500347045e-06 2.820080849633754e-06
-7.219624124271314e-06 -3.439713811734954e-06 6.780716008732703e-06 2.105660492648903e-06
-8.352974687139741e-06 -5.106671792272399e-06 7.303472907254274e-06 2.887724692662897e-06
-9.223335318665780e-06 -6.423159329547254e-06 7.671055273731201e-06 3.458717613250052e-06
-8.138154657054977e-06 -3.467417658485606e-06 7.199260735322057e-06 2.176670058864312e-06
-1.074694715569392e-05 -6.487024737758891e-06 8.305340646547051e-06 3.514208740391354e-06
-9.517442261639319e-06 -4.377372695129283e-06 7.796113059448786e-06 2.596123521803260e-06
-9.220001800566047e-06 -3.404622301441527e-06 7.659503704629878e-06 2.185859309288957e-06
-1.297129611750095e-05 -6.585750610572860e-06 9.191940445716623e-06 3.570841047264383e-06
-1.184221544192736e-05 -4.783052817772010e-06 8.714973352547032e-06 2.780504542391046e-06
-1.074893793190991e-05 -3.321635351793931e-06 8.253931452327695e-06 2.180094403544437e-06
-1.609318989076854e-05 -6.693129541516806e-06 1.036773205258495e-05 3.548581195163314e-06
-1.450156286732113e-05 -4.908169420932473e-06 9.713564878258295e-06 2.908447807029677e-06
-1.297203434049506e-05 -3.225601578485981e-06 9.073272507829801e-06 2.234124006511914e-06
-1.952562699375240e-05 -6.784922478437454e-06 1.157173254667250e-05 3.658926060382236e-06
-1.778092438472742e-05 -4.906570941032868e-06 1.088674387089789e-05 2.960142001963520e-06
-1.609345230679079e-05 -3.120570121955016e-06 1.021320921741273e-05 2.294501207486363e-06
-2.311686576568653e-05 -6.863100055333685e-06 1.297890516662656e-05 3.812773030081949e-06
-2.129659962904517e-05 -4.905348090207925e-06 1.223108708542374e-05 3.014521624224392e-06
-1.952585780739046e-05 -3.026798618028549e-06 1.146356352640807e-05 2.263026936580676e-06
-2.684444451758575e-05 -6.928635314604460e-06 1.455483861990994e-05 3.901398438137987e-06
-2.496004123039622e-05 -4.903990675880828e-06 1.378053612474977e-05 3.049339412306767e-06
-2.311744365365379e-05 -2.946144464246077e-06 1.295243939106594e-05 2.189868621683002e-06
-3.068523718874347e-05 -6.982410105333901e-06 1.616220254886266e-05 3.859154698140956e-06
-2.874792632745733e-05 -4.902802372828451e-06 1.538000335937182e-05 3.068838594488547e-06
-2.684498149276840e-05 -2.878160284058346e-06 1.458294709751410e-05 2.234794916015590e-06
-3.461699066012674e-05 -7.024762450000897e-06 1.750905271426196e-05 3.780222537849140e-06
-3.263772075830449e-05 -4.901953366744103e-06 1.686566262613722e-05 3.068749302076406e-06
-3.068549696642536e-05 -2.822424362706851e-06 1.613547378460371e-05 2.329911610040516e-06
-3.861790521189275e-05 -7.056128640663302e-06 1.864395650715468e-05 3.688273216991999e-06
-3.660753676175670e-05 -4.901599007538349e-06 1.804706751912308e-05 3.083454513448444e-06
-3.461691686374960e-05 -2.778767235588443e-06 1.741977586005076e-05 2.485540942318118e-06
-4.266724275446914e-05 -7.077217231019183e-06 1.965275551214434e-05 3.623356257387976e-06
-4.063607606229416e-05 -4.901583610653194e-06 1.912070804819992e-05 3.104013677315339e-06
-3.861777912960713e-05 -2.746894286199387e-06 1.848278743125684e-05 2.519174528569690e-06
-4.674596252697682e-05 -7.089233273178943e-06 2.049656149113980e-05 3.547207611854089e-06
-4.470311620427303e-05 -4.901597040131693e-06 2.004985257704081e-05 3.092912187416672e-06
-4.266727068712962e-05 -2.725868616536687e-06 1.953285669338299e-05 2.567504196937498e-06
-5.551698910291025e-05 -6.854399979751127e-06 2.241970917632689e-05 3.506689802785988e-06
-5.493533438874118e-05 -7.095309396828351e-06 2.229039285754581e-05 3.563248649825845e-06
-4.857805896954382e-05 -4.901615509746786e-06 2.084666326540273e-05 3.067885377018064e-06
-5.083893708324215e-05 -7.094344715418730e-06 2.136595511133497e-05 3.575464839847891e-06
-4.674599550754359e-05 -2.713956371576784e-06 2.043937460201251e-05 2.562331665438996e-06
-5.575792089450847e-05 -6.272776739654100e-06 2.247208154328273e-05 3.372655143763108e-06
-5.438132437050908e-05 -4.901748610330242e-06 2.216389914080632e-05 3.061024531365948e-06
-5.083888474690385e-05 -2.709002528754055e-06 2.136239287708105e-05 2.549760936749284e-06
-5.575791169344089e-05 -3.530728950606144e-06 2.244955150437909e-05 2.761133023242390e-06
-5.493531120992900e-05 -2.708178350269792e-06 2.227096997219487e-05 2.578062823328481e-06
-5.551697556759784e-05 -2.949093801885530e-06 2.239678040703480e-05 2.632265668192443e-06
