3.241434558113244e-05 -3.610521609913406e-06 3.342701335835066e-05 -5.344930439669415e-06
3.256351219413837e-05 -3.250373002115298e-06 3.354634492085823e-05 -5.079219530108506e-06
3.256338289958446e-05 -1.552796395536532e-06 3.371739644330021e-05 -3.962335569198755e-06
3.241420587117879e-05 -1.192658956064147e-06 3.362008315306616e-05 -3.712245553309833e-06
3.205421578083198e-05 -3.759704219802626e-06 3.315320147521050e-05 -5.455661149329214e-06
3.137876083943032e-05 -2.401558229600158e-06 3.284556003135441e-05 -4.559249342887466e-06
3.205407126977201e-05 -1.043480781307423e-06 3.337689585269183e-05 -3.608891089052379e-06
2.951855175049675e-05 -3.759774716200362e-06 3.143475779233203e-05 -5.475922329250553e-06
2.951837561232856e-05 -1.043244686280348e-06 3.172640235030325e-05 -3.646411974128923e-06
2.811835751685679e-05 -2.401417261640245e-06 3.063393405973317e-05 -4.519780209468052e-06
2.698262835222952e-05 -3.759107315448357e-06 2.977036173159007e-05 -5.431211692268217e-06
2.698228025688973e-05 -1.043225050778476e-06 3.004926675354830e-05 -3.563084910451659e-06
2.571422841098687e-05 -2.401008504708269e-06 2.899844335927945e-05 -4.588371803320571e-06
2.444738713323837e-05 -3.756820975749265e-06 2.800272669384991e-05 -5.550954300835931e-06
2.444656619468624e-05 -1.044092696161249e-06 2.815136132188533e-05 -3.624695239936157e-06
2.318019728272866e-05 -2.400206162247129e-06 2.726688432581584e-05 -4.601449848970578e-06
2.191647996497756e-05 -3.751936998054778e-06 2.596402943707489e-05 -5.689502516616441e-06
2.191482065204366e-05 -1.046989765035515e-06 2.622252646530406e-05 -3.551858965142067e-06
2.065247102659818e-05 -2.398707183938344e-06 2.535155249672764e-05 -4.640348826820013e-06
1.939546133379885e-05 -3.741156793047899e-06 2.387008528017072e-05 -5.808336395678035e-06
1.939363493863753e-05 -1.054448505745273e-06 2.416958154514730e-05 -3.561383887525389e-06
1.813970064433812e-05 -2.396530482569784e-06 2.321863402556190e-05 -4.668222372579701e-06
1.689631687915311e-05 -3.721332372672703e-06 2.171550842574909e-05 -5.889448405756403e-06
1.689493038230619e-05 -1.069506814499044e-06 2.203792996543184e-05 -3.504898567021979e-06
1.565788542375815e-05 -2.393747306585691e-06 2.093030336822675e-05 -4.678742711719696e-06
1.443881990704743e-05 -3.689377153991147e-06 1.954219122484916e-05 -5.918011040063953e-06
1.443790868814900e-05 -1.095364564819305e-06 1.984733477766091e-05 -3.479245059968737e-06
1.322938670989655e-05 -2.390462659982480e-06 1.867770875269774e-05 -4.655041839138132e-06
1.204731564097059e-05 -3.643113224175036e-06 1.736321228766041e-05 -5.833587011933576e-06
1.204638925612197e-05 -1.134326160240348e-06 1.752424023677395e-05 -3.410210792770989e-06
1.087964128913505e-05 -2.386744098471605e-06 1.641537621922161e-05 -4.659218156072066e-06
9.748071001037219e-06 -3.582205622283310e-06 1.520478333557911e-05 -5.728847599367428e-06
9.747027591210639e-06 -1.187401792153334e-06 1.515934607068544e-05 -3.425416439862066e-06
8.635503011668830e-06 -2.382712102016693e-06 1.417235814483775e-05 -4.637287493254218e-06
7.568032144616666e-06 -3.506342927531742e-06 1.310903126225238e-05 -5.673485272701068e-06
7.566733823871446e-06 -1.255346968414324e-06 1.294903555977210e-05 -3.482519163447386e-06
6.564847822713307e-06 -2.378230171597845e-06 1.208510892691632e-05 -4.617332891015555e-06
5.613708059157368e-06 -3.416905367085889e-06 1.117527133438119e-05 -5.585869344047773e-06
5.611668877511784e-06 -1.340345666530441e-06 1.109263004842030e-05 -3.536109451558611e-06
4.913398326382287e-06 -2.451296599377743e-06 1.046825055577598e-05 -4.644876701018240e-06
4.251172050274224e-06 -3.332565829322239e-06 9.817084881286684e-06 -5.499044721688092e-06
4.247458869404759e-06 -1.421864479027486e-06 9.817534556665127e-06 -3.582847373375823e-06
3.338280072025390e-06 -3.257888918651453e-06 8.892195649214739e-06 -5.492124535772839e-06
3.492844970821171e-06 -2.682934502184694e-06 9.088719645120283e-06 -4.856201096210321e-06
3.333165883655645e-06 -1.474733736413771e-06 8.920252062835493e-06 -3.537753333348649e-06
2.713893662183011e-06 -1.532692897251174e-06 8.218805454376723e-06 -3.455426619551941e-06
-2.656641591368268e-08 -7.287355950786390e-07 -1.026967803104583e-06 1.151874133011867e-08
-2.667924027615373e-08 -7.282035049611762e-07 -1.047040755592405e-06 7.011558780798649e-08
-2.659957035480570e-08 -7.273749481700045e-07 -1.047270555289716e-06 2.753839437565422e-07
-2.654494900732274e-08 -7.273780127145778e-07 -1.030048494205796e-06 3.244397017512836e-07
2.709633317681401e-06 -3.204649934288927e-06 8.195040706543781e-06 -5.507846399189393e-06
2.186789343226242e-06 -3.126137607635260e-06 7.553449453884928e-06 -5.492608252406172e-06
2.568591260772523e-06 -2.162376487834695e-06 8.101653491807885e-06 -4.258788131170194e-06
2.165995320626515e-06 -1.548629719242260e-06 7.540029702818083e-06 -3.298101578114664e-06
-2.610794570268753e-08 -7.291253800007508e-07 -9.761782939841373e-07 -1.446840574793931e-08
-2.618409523352653e-08 -7.283770613751478e-07 -9.330725153921203e-07 2.146008598145183e-07
-2.649993928991828e-08 -7.276709116047808e-07 -9.859751635146246e-07 3.432828868974148e-07
2.006245810637388e-06 -2.620957421820052e-06 7.365784931768812e-06 -4.860419170232138e-06
1.699423782656494e-06 -2.979608700315131e-06 6.883409107726694e-06 -5.429607530222051e-06
1.266051037125920e-06 -2.800732139328801e-06 6.184720225675995e-06 -5.222736110973407e-06
1.848616479073050e-06 -1.977130505866448e-06 7.134362536290096e-06 -3.884840472171744e-06
1.685401716348448e-06 -1.496931620138425e-06 6.910598556252596e-06 -3.085981636559675e-06
-2.463897081177656e-08 -7.315188706176425e-07 -6.259136272279420e-07 -5.173850177957591e-08
-2.544957091381371e-08 -7.300376674529452e-07 -6.405481188944899e-07 3.481222838870432e-07
-2.447481625040792e-08 -7.321630836444716e-07 -4.487766103452634e-07 1.515221923778308e-07
8.955020395420199e-07 -2.569544424353782e-06 5.522374610350445e-06 -4.916560575547546e-06
1.194166607615947e-06 -2.331008606178058e-06 6.094484651363432e-06 -4.481737026236331e-06
1.335837211336276e-06 -1.791005876441484e-06 6.336812986393719e-06 -3.581995982165194e-06
1.269376258400185e-06 -1.392482854033343e-06 6.220985095987524e-06 -2.752666191642036e-06
-2.333419100676644e-08 -7.347747957937267e-07 -2.315217113250049e-07 -8.406950777348432e-08
-2.416505512620712e-08 -7.324432322208902e-07 -2.123823280088607e-07 3.811937758773348e-07
-2.271236770998415e-08 -7.351298036168574e-07 -5.498775325765710e-09 1.340401633391729e-07
5.732180688665051e-07 -2.323748382819963e-06 4.881039079650697e-06 -4.520554740500790e-06
3.217271268039201e-07 -2.070116212695841e-06 4.273805243574006e-06 -4.088845172808698e-06
8.606844223146904e-07 -1.717922057447668e-06 5.422559513230016e-06 -3.439092383570886e-06
9.238820285336789e-07 -1.238946667036075e-06 5.532141888284903e-06 -2.310716138708405e-06
-2.026555240607330e-08 -7.399300831227021e-07 2.684246053661064e-07 -2.086009521729152e-07
-2.119044207123011e-08 -7.335539180906954e-07 2.331729013582251e-07 4.068335416596929e-07
3.872291143007409e-07 -1.728596644052813e-06 4.396294355938560e-06 -3.447777952437771e-06
1.354131533652613e-07 -1.799500344498632e-06 3.754120797065980e-06 -3.604672876194416e-06
4.844666923281006e-07 -1.396198938844721e-06 4.607928577359453e-06 -2.685618420607494e-06
6.495511548973901e-07 -1.075948949078489e-06 5.026184843043958e-06 -1.898608901023834e-06
-1.752768086977065e-08 -7.383261686800036e-07 5.678002366345201e-07 9.369438914520544e-08
-1.158060963600190e-08 -7.470092508105021e-07 8.946734959865151e-07 -2.835838775129536e-07
-1.292208404516449e-08 -7.326387435770543e-07 9.127772421259161e-07 5.063458490385702e-07
-1.228327750075599e-08 -1.538144672815165e-06 3.305837079819771e-06 -3.066763054261420e-06
-8.962598901738809e-08 -1.316206608738921e-06 2.971335613128332e-06 -2.493346583930239e-06
-1.123147102808099e-07 -1.104469769810776e-06 2.741935718977604e-06 -1.906016706468910e-06
2.935352587157678e-07 -1.135739843377458e-06 4.136846005252165e-06 -2.045959965376122e-06
4.416870933413834e-07 -9.272959659072656e-07 4.602981997751495e-06 -1.397606065857198e-06
-7.581569253050614e-09 -7.417631693292131e-07 1.172110526733026e-06 9.981889283554668e-08
-1.309299548095944e-11 -7.536966120931653e-07 1.537272059302194e-06 -4.339046301702569e-07
-4.351316636118355e-11 -7.291735266994328e-07 1.536086672657259e-06 5.950757474387401e-07
2.359745661946313e-08 -1.092683244077168e-06 3.287426958038708e-06 -1.899476483079346e-06
-1.120156135059985e-07 -9.302672343965765e-07 2.569413622822222e-06 -1.353480700643566e-06
-9.444511856349169e-09 -7.584352688608258e-07 2.146740407186939e-06 -5.408383313694110e-07
-2.738420370427316e-08 -7.683402338024226e-07 2.345374210412159e-06 -6.312278676589088e-07
-5.549830269169750e-08 -7.976698690100797e-07 2.452409148765131e-06 -8.162204049172004e-07
1.718688205729817e-07 -9.089899182167813e-07 3.794325042359100e-06 -1.329299608602446e-06
2.791976016931330e-07 -8.086886482148606e-07 4.266078202266666e-06 -9.239311291575139e-07
5.044487532515066e-09 -7.473213949687559e-07 1.876418169384123e-06 -2.008577886173485e-08
3.951585999951254e-08 -7.226986015715546e-07 2.199101174967773e-06 7.029754332046745e-07
-1.267231284207109e-08 -8.188704505638875e-07 2.936018815764721e-06 -9.742571285030347e-07
-3.972917430287047e-09 -7.461106494115072e-07 2.357726189366506e-06 -2.607468262096594e-07
-2.271712276933690e-08 -7.621139759268912e-07 2.575304231456119e-06 -5.624570700451952e-07
1.073087755719363e-07 -7.756372848942106e-07 3.540888515421915e-06 -7.654897293669753e-07
1.577282737126691e-07 -7.358183416317738e-07 4.049924616078970e-06 -4.024964963926150e-07
3.756786808255125e-08 -7.260839379083925e-07 2.388332985548373e-06 3.460354756843052e-07
6.981091219663825e-08 -7.224652868312541e-07 2.365508048514840e-06 7.938671086408902e-07
3.360347650605163e-08 -7.034811028498797e-07 3.030596848443842e-06 -1.352494862996713e-07
9.002487573117250e-08 -6.996130108753173e-07 3.985512982795874e-06 5.685996112725818e-08
-3.506771023270438e-09 -7.084021653918294e-07 4.009907595787136e-06 5.661980744227500e-07
7.088081309197586e-08 -7.093173601037063e-07 2.741640092055344e-06 6.759361601886449e-07
9.685411383582478e-08 -7.394867274253460e-07 2.457191985209750e-06 9.676605459298266e-07
1.454891614427300e-07 -8.206483977725925e-07 2.577427774657859e-06 1.443201641502860e-06
3.381316270839315e-08 -6.845271653082368e-07 3.517361322785385e-06 6.466878854071661e-07
1.805492594306638e-07 -9.561973263464050e-07 2.767691465282286e-06 1.904489838695192e-06
-1.028968743193112e-07 -7.373951319546589e-07 4.123067986683277e-06 1.024799273804972e-06
9.537569139025297e-08 -8.056315114788797e-07 3.055918178961445e-06 1.447315536514820e-06
-4.007459026832753e-08 -8.162009587303307e-07 3.714074052758494e-06 1.462917505135863e-06
1.658570838380650e-07 -1.110378387035771e-06 3.020549667997716e-06 2.344248551863247e-06
-2.371384830868617e-07 -8.179081376589137e-07 4.338887817270028e-06 1.455202482387402e-06
-1.946316710372857e-07 -9.450019430094523e-07 4.114086758528635e-06 1.903365504855634e-06
-2.667372832950042e-08 -1.044346931601240e-06 3.659478759653463e-06 2.188073128868067e-06
1.174011896762555e-07 -1.308335612551058e-06 3.356237559963529e-06 2.764063875727934e-06
2.833867441540617e-09 -1.529858869441827e-06 3.694342631066218e-06 3.116453971143574e-06
-4.293733398450811e-07 -9.226454576720464e-07 4.623732595554072e-06 1.859506883700761e-06
-3.314941815869891e-07 -1.144230950672491e-06 4.368266504990948e-06 2.392534748949355e-06
-2.057967683689605e-07 -1.452993776626540e-06 4.136880307299640e-06 2.974352239580762e-06
-1.490968959692276e-07 -1.767497172891743e-06 4.055764397247836e-06 3.486111325587324e-06
-6.723911806370535e-07 -1.046722517090847e-06 5.021775193695690e-06 2.211986401701211e-06
-6.142713339964001e-07 -1.464272834897673e-06 4.879181714763797e-06 2.946204455273824e-06
-3.644621115885626e-07 -1.991456013310078e-06 4.446725516613291e-06 3.828281479675492e-06
-6.464160021970286e-07 -2.210777816883038e-06 4.906610951222842e-06 4.117179240262950e-06
-9.728012953632181e-07 -2.419058228622543e-06 5.399400922758771e-06 4.343077183240606e-06
-9.861718591961886e-07 -1.567867445606374e-06 5.471082762234437e-06 3.094556928047632e-06
-9.760957168788452e-07 -1.175458478821776e-06 5.472151597909601e-06 2.466497956603129e-06
-9.080251589403766e-07 -2.000936473712872e-06 5.334958803062205e-06 3.773216694868444e-06
-1.357701261571776e-06 -2.580662062541541e-06 5.950354220890217e-06 4.510053510871017e-06
-1.789854757402447e-06 -2.706777765386509e-06 6.572964500925377e-06 4.657187199303466e-06
-1.313591300467763e-06 -1.659832084619372e-06 5.958747331298063e-06 3.244809564929250e-06
-1.348355138387619e-06 -1.268260673171302e-06 5.994248375498541e-06 2.672798028449543e-06
-2.250018485970600e-06 -2.778986849662327e-06 7.197914394912336e-06 4.729370837488832e-06
-1.712946786355460e-06 -2.057904491879168e-06 6.498942172744732e-06 3.770387336123372e-06
-1.773205856438477e-06 -1.311103742055452e-06 6.573517870999953e-06 2.804939999499313e-06
-2.346914827751879e-06 -2.137942678918807e-06 7.360475536022800e-06 3.855195402487060e-06
-2.804332640728896e-06 -2.832548247863870e-06 7.964394181646212e-06 4.738717079623199e-06
-2.234610234525634e-06 -1.307282424228787e-06 7.193567512226998e-06 2.812327274013716e-06
-3.611397696711301e-06 -2.886265701742604e-06 8.959893040790359e-06 4.784504988395779e-06
-2.951663092362140e-06 -1.760206637663156e-06 8.134542478509349e-06 3.373972725573520e-06
-2.800918941593528e-06 -1.255491746907849e-06 7.931932826148241e-06 2.746636042813371e-06
-4.826224321434053e-06 -2.968124348062339e-06 1.047694298924789e-05 4.849069525236663e-06
-4.201856402810350e-06 -1.974283148207424e-06 9.695138237860298e-06 3.607613416468299e-06
-3.612287192050400e-06 -1.188653342145855e-06 8.941447007519614e-06 2.662921879446337e-06
-6.578354860620146e-06 -3.056375001025170e-06 1.261525919031869e-05 4.823414641128314e-06
-5.677701386881027e-06 -2.044124780792318e-06 1.152971790699385e-05 3.666637389418525e-06
-4.826293097885020e-06 -1.113222019030159e-06 1.046660229938800e-05 2.563247418277032e-06
-8.543932290540709e-06 -3.131140144164082e-06 1.484767597291463e-05 4.767491428550437e-06
-7.538764027815983e-06 -2.045983924832295e-06 1.373899207304069e-05 3.620203538633899e-06
-6.577835970933067e-06 -1.032737664582340e-06 1.259404954285280e-05 2.433121943959973e-06
-1.063143597024771e-05 -3.194822516844816e-06 1.718991494925335e-05 4.773080313845128e-06
-9.568387736161575e-06 -2.048429541860010e-06 1.604377144936905e-05 3.563691122123187e-06
-8.543313279605759e-06 -9.631920738548063e-07 1.488684141373079e-05 2.346338512329873e-06
-1.282378808848297e-05 -3.250039787777211e-06 1.956300692945736e-05 4.808891917042111e-06
-1.171088547653309e-05 -2.050926631378789e-06 1.838096766462514e-05 3.519839996061733e-06
-1.063074627350020e-05 -9.045878645406242e-07 1.720763746968799e-05 2.279299156114834e-06
-1.510789902862476e-05 -3.298812289752548e-06 2.203305068019713e-05 4.782510385052173e-06
-1.395092972422442e-05 -2.053211383617233e-06 2.077282722704611e-05 3.505474860504808e-06
-1.282307514143496e-05 -8.541979424377866e-07 1.955603705388289e-05 2.237806153553454e-06
-1.747395803512933e-05 -3.341492293270306e-06 2.434287628853897e-05 4.697751650352899e-06
-1.627770377407846e-05 -2.055102009617910e-06 2.319417387207258e-05 3.512183517425885e-06
-1.510724899693882e-05 -8.095283101848271e-07 2.193586698345121e-05 2.231928369613077e-06
-1.991142903296331e-05 -3.377161839935235e-06 2.637694420690871e-05 4.604726753942115e-06
-1.868167623777070e-05 -2.056713161103952e-06 2.539724052194181e-05 3.544393999123770e-06
-1.747350014062375e-05 -7.702347540240187e-07 2.427545584521902e-05 2.355183609372630e-06
-2.240636118045406e-05 -3.404174090835228e-06 2.825422592212643e-05 4.570312065042591e-06
-2.115070146563068e-05 -2.057928353170351e-06 2.733565986588572e-05 3.566611420420566e-06
-1.991136758400321e-05 -7.374362527720537e-07 2.635143874706898e-05 2.479515960067504e-06
-2.494043752619873e-05 -3.420922831940684e-06 3.014295755697672e-05 4.607396714502135e-06
-2.366856308939613e-05 -2.058755086626676e-06 2.917695099219629e-05 3.570104778232831e-06
-2.240647121261161e-05 -7.126060942026543e-07 2.824014623307932e-05 2.527011310620731e-06
-3.041886218849222e-05 -3.279625543326821e-06 3.462370538166803e-05 4.571847308803767e-06
-3.005542446352418e-05 -3.430124560018047e-06 3.433317663277803e-05 4.694625553610911e-06
-2.608282213433103e-05 -2.059255946911976e-06 3.100195102868100e-05 3.568990937165954e-06
-2.749515651322490e-05 -3.428514994582296e-06 3.219034966874675e-05 4.702067591974008e-06
-2.494044660987383e-05 -6.972927028681291e-07 3.009669400847288e-05 2.489293549108824e-06
-3.056940855371791e-05 -2.916250850688060e-06 3.474411715528849e-05 4.277697192463729e-06
-2.970902382923686e-05 -2.059536166967118e-06 3.404974646607726e-05 3.585750900740111e-06
-2.749509096835759e-05 -6.903295108872690e-07 3.216856393988612e-05 2.418279152066932e-06
-3.056941627751675e-05 -1.202817341371680e-06 3.473806455672506e-05 2.902108559885730e-06
-3.005541147806503e-05 -6.889141612758678e-07 3.431963234588745e-05 2.476249596393872e-06
-3.041886456398079e-05 -8.394228455668709e-07 3.461572767737037e-05 2.602435683198326e-06
