7.477718647986034e-05 -1.094947095561798e-05 -5.493444616992479e-06 2.235606257836561e-06
7.505739889062222e-05 -1.027300722015492e-05 -5.489342852797199e-06 2.235293699085935e-06
7.505758615642567e-05 -7.084204771155276e-06 -5.384775016618080e-06 2.157158149518167e-06
7.477741197198183e-05 -6.407817594742615e-06 -5.371880558217805e-06 2.133879178586671e-06
7.410070520496414e-05 -1.122966807352942e-05 -5.496050520157224e-06 2.235579978896557e-06
7.283213550023095e-05 -8.678655245464191e-06 -5.374208990638662e-06 2.179190551502173e-06
7.410100467134746e-05 -6.127656910071022e-06 -5.346206954738795e-06 2.123678032625369e-06
6.933804576852424e-05 -1.122980371401770e-05 -5.369854348058176e-06 2.241586555334065e-06
6.933860871956489e-05 -6.127974096531269e-06 -5.179888652479483e-06 2.120900505732503e-06
6.670927668296296e-05 -8.679046485449710e-06 -5.225536371655582e-06 2.218092299067354e-06
6.457529158047348e-05 -1.123104731931130e-05 -5.321343421368527e-06 2.214278810625135e-06
6.457606525615646e-05 -6.127787883417576e-06 -5.096226880064444e-06 2.226221689283083e-06
6.219382476382931e-05 -8.679823980000692e-06 -5.235659060135481e-06 2.172425138318236e-06
5.981033129126361e-05 -1.123353562262549e-05 -5.431165043393883e-06 2.092560172411309e-06
5.981085273961917e-05 -6.127105823154256e-06 -5.204137770349794e-06 2.293608787825556e-06
5.742668391333491e-05 -8.680739041087207e-06 -5.394038519240601e-06 2.213618365133349e-06
5.504128674131197e-05 -1.123535157835094e-05 -5.784402669651249e-06 2.019538147793079e-06
5.504184437522302e-05 -6.127241811357139e-06 -5.351001041588997e-06 2.369942259715334e-06
5.265618808863569e-05 -8.681877692525031e-06 -5.721020005614441e-06 2.183331919945563e-06
5.027151422991599e-05 -1.123418981699106e-05 -6.155065232898585e-06 1.977092514236822e-06
5.027206707443455e-05 -6.130793030585324e-06 -5.742980926783490e-06 2.441986603370150e-06
4.788864690386409e-05 -8.683121173094780e-06 -6.154707290289360e-06 2.188029729034139e-06
4.551033798313201e-05 -1.122666298460856e-05 -6.549006348842418e-06 1.996024313515196e-06
4.551118317916497e-05 -6.140842017702269e-06 -6.239805329857087e-06 2.423047699910227e-06
4.313646057724263e-05 -8.684501019551098e-06 -6.521323935216691e-06 2.169643030200272e-06
4.077233437508670e-05 -1.121049300669493e-05 -6.884999073763526e-06 2.023983288986942e-06
4.077350116319881e-05 -6.159923472190180e-06 -6.746440778625186e-06 2.387472949962930e-06
3.841624949460295e-05 -8.685935978255320e-06 -6.800154392194628e-06 2.191806618421246e-06
3.607590271003581e-05 -1.118419273170696e-05 -7.134154180726459e-06 2.153330704765072e-06
3.607713846691038e-05 -6.189185288984966e-06 -7.057697160689060e-06 2.257716461061713e-06
3.374725535051825e-05 -8.687490572106241e-06 -6.895446673986504e-06 2.210145385686896e-06
3.144089930684400e-05 -1.114711510719542e-05 -7.145735885414260e-06 2.373214929395560e-06
3.144216052712985e-05 -6.229585205121234e-06 -7.068685028143971e-06 2.151671943029997e-06
2.914982581458675e-05 -8.689175826400261e-06 -6.732893646581112e-06 2.216212213624625e-06
2.688844096782665e-05 -1.109741557963477e-05 -6.730519248510471e-06 2.587440569006792e-06
2.688955666107044e-05 -6.283026039272678e-06 -6.741768589512120e-06 1.939520116537081e-06
2.473578504044740e-05 -8.690607253151531e-06 -6.255918682994766e-06 2.233034073923319e-06
2.261970541227407e-05 -1.103490430174594e-05 -5.919964294621822e-06 2.799891891373449e-06
2.262066305432235e-05 -6.352265553244297e-06 -5.958404406668965e-06 1.790580561368121e-06
2.104522321180320e-05 -8.871897234760135e-06 -5.515786597061673e-06 2.332062966188790e-06
1.947696776004281e-05 -1.097249062015950e-05 -5.094796984608473e-06 2.881153122865466e-06
1.947618260619383e-05 -6.420434858884814e-06 -5.131367994505180e-06 1.701363378289670e-06
1.725274731954068e-05 -1.091521572793229e-05 -4.452766885464742e-06 2.967506083200700e-06
1.766921491984529e-05 -9.459256753104404e-06 -4.592721966271460e-06 2.539375586747473e-06
1.725052392706828e-05 -6.466045963024071e-06 -4.435866515641444e-06 1.690665525481370e-06
1.566952969184009e-05 -6.515395611014351e-06 -3.914378480369378e-06 1.703857456454952e-06
-2.420392374810604e-06 -4.854907074578432e-07 5.579147215901519e-07 1.641188728253954e-07
-2.468649129460341e-06 -3.693983248459381e-07 5.630769279802043e-07 1.516159334590431e-07
-2.468367053200827e-06 6.286962209426802e-08 5.625714137911482e-07 8.683205689836568e-08
-2.420362440033683e-06 1.772792990853430e-07 5.555505683502320e-07 7.056779111462170e-08
1.566424293053826e-05 -1.087412443813737e-05 -3.954983964953796e-06 3.013255020552608e-06
1.426003497969145e-05 -1.075643417423757e-05 -3.517160844795874e-06 2.990784650716034e-06
1.533336700600260e-05 -8.152976202978887e-06 -3.816769267183198e-06 2.182852959269369e-06
1.424733665754891e-05 -6.445026993373736e-06 -3.481494294559120e-06 1.706778330148902e-06
-2.304802000974196e-06 -5.335340973528467e-07 5.456394616647290e-07 1.687012510387435e-07
-2.188323333633114e-06 -5.954563110880039e-08 5.259398986290370e-07 1.026588569166564e-07
-2.305831649462578e-06 2.249775633647324e-07 5.397090345698262e-07 6.415923002363853e-08
1.380379393859227e-05 -9.421248224040945e-06 -3.367204632721019e-06 2.592985737399379e-06
1.289709863252307e-05 -1.047277169789930e-05 -3.108952782750683e-06 2.887416205892213e-06
1.160299937195235e-05 -1.005451630055793e-05 -2.702833850306466e-06 2.745520948017603e-06
1.338272547195932e-05 -7.615823371901998e-06 -3.226427330437345e-06 2.045974192237415e-06
1.290990579138668e-05 -6.150676656190766e-06 -3.097550642857191e-06 1.655060950308361e-06
-1.521317205653739e-06 -5.462115614994703e-07 4.649872788307446e-07 1.274023300009751e-07
-1.520840607927294e-06 2.381176165217570e-07 4.610019852960870e-07 5.793942132285471e-08
-1.115522634658551e-06 -1.540294685279089e-07 4.410497779483836e-07 8.660364616440834e-08
1.039562274495554e-05 -9.489038909933918e-06 -2.345154190151536e-06 2.568437656082446e-06
1.142257481073926e-05 -8.700186109620824e-06 -2.630988142207670e-06 2.358347450274929e-06
1.186646925944026e-05 -7.025306147956115e-06 -2.786106544747191e-06 1.903227837670482e-06
1.168367391853001e-05 -5.651153247733315e-06 -2.753526752090347e-06 1.542634343585958e-06
-6.765253672420461e-07 -6.175290901292485e-07 4.176498267451396e-07 1.356250821656929e-07
-6.765357846386675e-07 3.094514941398120e-07 4.183665936441967e-07 3.228865545265515e-08
-1.780106077572855e-07 -1.539681500598876e-07 3.693994991224069e-07 7.379740302118790e-08
9.276045408759622e-06 -8.811592616768299e-06 -2.042889290309011e-06 2.408860482653289e-06
8.272044907510693e-06 -8.032730068235933e-06 -1.774240711540464e-06 2.209808217126083e-06
1.032857641324225e-05 -6.771114433930902e-06 -2.336345261636646e-06 1.857788321978662e-06
1.059998649864740e-05 -4.961768677180291e-06 -2.431886458075389e-06 1.348981703886584e-06
3.934496975614545e-07 -7.728154508393045e-07 2.787426587946083e-07 1.958892108229301e-07
3.935753009877251e-07 4.651886776254921e-07 2.837700158986519e-07 -7.335316474170654e-08
8.527867614659243e-06 -6.851574851686900e-06 -1.843496663450126e-06 1.890858227751321e-06
7.387642662673081e-06 -7.152578879687964e-06 -1.530418682844516e-06 1.976652977729326e-06
8.951053735052628e-06 -5.542061504791126e-06 -1.960763817804351e-06 1.517065633448862e-06
9.683948776982935e-06 -4.129902936079180e-06 -2.186869648237502e-06 1.134151714520516e-06
1.022669741834400e-06 -1.537961466973506e-07 1.271994534029374e-07 6.564254808084635e-08
1.770523397522992e-06 -9.979738946656342e-07 -4.730110721756839e-08 2.612012171821519e-07
1.769505002499167e-06 6.927511919095695e-07 -4.725964473157134e-08 -1.283341212187204e-07
6.613660603264144e-06 -6.200725499746970e-06 -1.318320591372308e-06 1.706705778726919e-06
5.980351454341301e-06 -5.206858593012706e-06 -1.172915667453323e-06 1.456948917401236e-06
5.479910745328394e-06 -4.157553569570385e-06 -1.048632149282927e-06 1.194552721029405e-06
8.094620311168768e-06 -4.381103877137051e-06 -1.736580093235948e-06 1.230117090282844e-06
8.953056568752191e-06 -3.193582432909859e-06 -1.996003524894411e-06 8.995353008218704e-07
2.371489552149190e-06 -1.557347275938728e-07 -1.793968683403560e-07 7.419789771947457e-08
3.108659523780439e-06 -1.219679414700461e-06 -3.761277784386977e-07 3.697929028893940e-07
3.109371842105835e-06 9.255062841350596e-07 -4.008191242188424e-07 -2.391118348480885e-07
6.545313312685348e-06 -4.154180879369883e-06 -1.314860683436632e-06 1.189566798676353e-06
5.100674411534393e-06 -3.081668233729234e-06 -9.436387385847711e-07 9.272452849904634e-07
4.324287381944922e-06 -1.407537615120088e-06 -7.083996138122226e-07 4.154594863284367e-07
4.678254273243940e-06 -1.595959891663588e-06 -7.827955054378564e-07 4.741697717987055e-07
4.866519429050419e-06 -1.980975818910892e-06 -8.383136483761694e-07 5.932761161618316e-07
7.499698484889127e-06 -3.058306796995485e-06 -1.566161407205423e-06 8.702951792979989e-07
8.411231649555369e-06 -2.193590214796535e-06 -1.827827389080813e-06 6.036899645386085e-07
3.771678021604354e-06 -3.112049861633436e-07 -5.761706655707591e-07 1.122639136193849e-07
4.328627705824286e-06 1.093946196447616e-06 -6.940815772989212e-07 -2.458457131799562e-07
5.838872806577169e-06 -2.321053346442716e-06 -1.144125489667370e-06 7.041668974748715e-07
4.702583271089348e-06 -8.421746675898560e-07 -7.846657501629780e-07 2.736495392140457e-07
5.122413941697986e-06 -1.462254814274898e-06 -9.078869153436739e-07 4.469532156556112e-07
7.075053138929072e-06 -1.884753517672783e-06 -1.479146154795206e-06 5.635320578109939e-07
8.075456445824615e-06 -1.171633750379917e-06 -1.767608603000186e-06 3.710947156728247e-07
4.727065938918184e-06 3.730702831357819e-07 -7.860312048241421e-07 -4.886040340971092e-08
4.675650172455958e-06 1.277038283107520e-06 -7.627150935675794e-07 -2.932995073174559e-07
6.063042548917586e-06 -5.890069669097485e-07 -1.204902689919510e-06 2.223466001567377e-07
7.961195395849043e-06 -1.478820086383289e-07 -1.776192959526685e-06 7.427902916521855e-08
8.068191430886980e-06 8.634737060089219e-07 -1.877508982529885e-06 -1.747070273482111e-07
5.446249943674016e-06 1.032211042487211e-06 -9.922077799281619e-07 -2.143708344407146e-07
4.876854612665732e-06 1.671081645803483e-06 -8.102061137634382e-07 -4.272410821253648e-07
5.121406738864478e-06 2.761491023499069e-06 -8.562063877795719e-07 -8.251687737338023e-07
7.049669799753569e-06 9.899646298863107e-07 -1.559841773978787e-06 -1.841506479399798e-07
5.492765931169841e-06 3.828055125096904e-06 -9.395500528382073e-07 -1.262614264243821e-06
8.391830918308627e-06 1.888699899775070e-06 -2.058813247414585e-06 -4.853208453582525e-07
6.100422119803019e-06 2.796375760280554e-06 -1.186076809459961e-06 -8.307046979451307e-07
7.554354329896227e-06 2.879653345805158e-06 -1.760478634462469e-06 -8.595902896051895e-07
5.997301844227124e-06 4.850366122106999e-06 -1.102458440659836e-06 -1.703123542263559e-06
8.914750219165211e-06 2.881641053880223e-06 -2.318271346147890e-06 -8.518784410479106e-07
8.486752663885242e-06 3.870744454690111e-06 -2.167813593548616e-06 -1.265737338400436e-06
7.467240081331609e-06 4.494038027633968e-06 -1.732635971516730e-06 -1.545076673558825e-06
6.623195461652326e-06 5.835414157569037e-06 -1.338967140013912e-06 -2.187393775943341e-06
7.382778078891465e-06 6.761362308368059e-06 -1.663929854016328e-06 -2.672229949122070e-06
9.633808347257407e-06 3.804497072816818e-06 -2.731182811928393e-06 -1.222425160834807e-06
9.118606908787733e-06 4.993605522228938e-06 -2.499065940923860e-06 -1.781146674449021e-06
8.510380292808474e-06 6.396302518950754e-06 -2.199171070237788e-06 -2.487588095637161e-06
8.250558325531179e-06 7.614430609723008e-06 -2.056028967720736e-06 -3.150070348563685e-06
1.052401198339424e-05 4.621930166367644e-06 -3.247893631383208e-06 -1.577664230236009e-06
1.025614245703236e-05 6.391004862987541e-06 -3.113213039127026e-06 -2.506379259493556e-06
9.232268959093902e-06 8.366737107175360e-06 -2.539218727043421e-06 -3.585371955068567e-06
1.031956239236396e-05 9.016191457032286e-06 -3.157839741171224e-06 -3.996217480505937e-06
1.148727226405128e-05 9.552628725824151e-06 -3.851396865466642e-06 -4.359327009233086e-06
1.158006289605984e-05 6.774158559095465e-06 -3.881578575245066e-06 -2.720840007932323e-06
1.156938437759388e-05 5.302121869775356e-06 -3.875222598913292e-06 -1.909825842023862e-06
1.131590079477335e-05 8.252935547869936e-06 -3.728931646453390e-06 -3.559472901452201e-06
1.273154981726447e-05 9.947975486607476e-06 -4.612692058567119e-06 -4.631804282427303e-06
1.403303316082698e-05 1.020576323857906e-05 -5.399585312742213e-06 -4.830173912787293e-06
1.264780573673878e-05 7.104145726417756e-06 -4.501071290535862e-06 -2.892597989370334e-06
1.274912264289278e-05 5.801528073022882e-06 -4.577509101966393e-06 -2.132246223742074e-06
1.536596984988040e-05 1.031169346346918e-05 -6.221828714338172e-06 -4.942018210632199e-06
1.386969927946679e-05 8.328381825353930e-06 -5.260097733006099e-06 -3.650293021452715e-06
1.402491863531401e-05 6.098000767703982e-06 -5.366298258973545e-06 -2.222635882990262e-06
1.565786233198561e-05 8.533830702522731e-06 -6.396241095598994e-06 -3.787006100835631e-06
1.686409191172417e-05 1.034695021778661e-05 -7.228203475170402e-06 -5.009706586059069e-06
1.535600669037061e-05 6.185880771152255e-06 -6.206673492645404e-06 -2.227351213772018e-06
1.895452496229291e-05 1.038242621951139e-05 -8.663120304363830e-06 -5.020528794506720e-06
1.729007198365200e-05 7.515119722349992e-06 -7.538613554942671e-06 -3.087859022639696e-06
1.686187375595733e-05 6.152095717879776e-06 -7.250172553228131e-06 -2.181865990106841e-06
2.189670210817220e-05 1.043639170466150e-05 -1.075909527853669e-05 -5.138633547611763e-06
2.042572976813679e-05 8.080378244294449e-06 -9.661355290086581e-06 -3.462750467500402e-06
1.895518720637810e-05 6.108171387498449e-06 -8.665188120059710e-06 -2.168068535407975e-06
2.587742003136425e-05 1.049464339669740e-05 -1.367666699979018e-05 -5.259603329441753e-06
2.387096389701300e-05 8.249816279788957e-06 -1.215616443764932e-05 -3.575118756489406e-06
2.189685420877074e-05 6.058613139202439e-06 -1.071447937672393e-05 -2.046151782215538e-06
3.011822695313662e-05 1.054461716712302e-05 -1.681530812996298e-05 -5.189654958067623e-06
2.798285502554949e-05 8.251070513666503e-06 -1.518674865727145e-05 -3.579697913278610e-06
2.587715947517287e-05 6.005689922088623e-06 -1.359788227125802e-05 -1.949435916184055e-06
3.444199050242625e-05 1.058818471856896e-05 -1.986737910769736e-05 -5.137138454295178e-06
3.226677166379657e-05 8.252742566781285e-06 -1.830651117432082e-05 -3.531823313658961e-06
3.011782537283083e-05 5.959166230349664e-06 -1.674769614938602e-05 -1.888811248938375e-06
3.883891482946713e-05 1.062571934850946e-05 -2.284713090205136e-05 -5.145701499261522e-06
3.662879048621806e-05 8.254340923785046e-06 -2.130404357999335e-05 -3.516403458276669e-06
3.444153624914530e-05 5.919086167354034e-06 -1.984168226280653e-05 -1.885125471481321e-06
4.329760984074088e-05 1.065645502260504e-05 -2.592064407317555e-05 -5.201932340395568e-06
4.105865975648956e-05 8.255706708917094e-06 -2.430982858357660e-05 -3.479985304385601e-06
3.883832509494508e-05 5.884459591477797e-06 -2.282069950616828e-05 -1.842347111151785e-06
4.780421731768816e-05 1.067974873490267e-05 -2.928456742147194e-05 -5.270603581739158e-06
4.554371044380632e-05 8.257018169015955e-06 -2.748380611103066e-05 -3.460336316073909e-06
4.329686500711660e-05 5.856285125151018e-06 -2.587328657628295e-05 -1.784076750017120e-06
5.234481003124232e-05 1.069640270096074e-05 -3.285385774692787e-05 -5.340082548938434e-06
5.006961500803897e-05 8.258316716132456e-06 -3.095619531334328e-05 -3.426285066148589e-06
4.780362029657263e-05 5.835439360659050e-06 -2.919721791630738e-05 -1.620889282897061e-06
5.690818379116416e-05 1.070814305566199e-05 -3.643320366505284e-05 -5.238650218044841e-06
5.462321132985788e-05 8.259573520531056e-06 -3.456856037063353e-05 -3.428221672732842e-06
5.234449049003321e-05 5.821356750049068e-06 -3.273431454231210e-05 -1.504672729912151e-06
6.148736848179097e-05 1.071614536660222e-05 -3.993797237721676e-05 -5.179247232078543e-06
5.919551342301452e-05 8.260532555581876e-06 -3.815544306367193e-05 -3.400104818109793e-06
5.690806841485952e-05 5.811986559081882e-06 -3.632980045276547e-05 -1.521892058942447e-06
7.132299260767954e-05 1.045188769423605e-05 -4.662650127510539e-05 -4.883097538434100e-06
7.067064423831515e-05 1.072206828151340e-05 -4.618972100836339e-05 -5.067285036393909e-06
6.354182351082478e-05 8.261281012502892e-06 -4.136979209758471e-05 -3.425807673986664e-06
6.607679506854272e-05 1.072071817682244e-05 -4.311385871893971e-05 -5.097422456737885e-06
6.148703592498261e-05 5.805876013272453e-06 -3.984026851173778e-05 -1.623232927630091e-06
7.159320328008451e-05 9.799579692767767e-06 -4.680639995626924e-05 -4.439418066869217e-06
7.004921807783809e-05 8.261838451537762e-06 -4.576259748059528e-05 -3.391532987390240e-06
6.607652115167764e-05 5.802322028886583e-06 -4.309093187265093e-05 -1.695685363219286e-06
7.159303453379349e-05 6.724210835713815e-06 -4.677520493297995e-05 -2.361155869348221e-06
7.067041494660393e-05 5.801668272608559e-06 -4.615527936018923e-05 -1.735746522617439e-06
7.132280004613125e-05 6.071869469652254e-06 -4.659362991595245e-05 -1.919979127714963e-06
