7.873682106375746e-05 -1.143384279298676e-05 2.419833577221316e-06 -7.408032493471106e-07
7.903574346182848e-05 -1.071213246405659e-05 2.400447143968171e-06 -7.898606961288038e-07
7.903577624384896e-05 -7.310059610716649e-06 2.411313821042123e-06 -9.886831317713508e-07
7.873685147008805e-05 -6.588314068531618e-06 2.435365668674797e-06 -1.058137824027922e-06
7.801515110384685e-05 -1.173279601941125e-05 2.465518868163243e-06 -7.191383355881675e-07
7.666169442790531e-05 -9.011084834418220e-06 2.540256536856667e-06 -9.022229842521032e-07
7.801516530631694e-05 -6.289341771930611e-06 2.494835606168930e-06 -1.089891338569971e-06
7.293365329181030e-05 -1.173327667795618e-05 2.846511714089807e-06 -6.542461543553052e-07
7.293351357355756e-05 -6.288416564525572e-06 2.864805204851778e-06 -1.202250982196048e-06
7.012686949862704e-05 -9.010530897089001e-06 3.184720533884260e-06 -9.126986044271650e-07
6.784915647969134e-05 -1.173348382821739e-05 3.451839075592253e-06 -5.248323566630203e-07
6.784868793012787e-05 -6.286704330899858e-06 3.461850244605364e-06 -1.322765364846130e-06
6.530549252597173e-05 -9.009522592987701e-06 3.928860203909825e-06 -9.337214431625699e-07
6.276324106928610e-05 -1.173072326482705e-05 4.404575632579126e-06 -4.233541399220154e-07
6.276257421476641e-05 -6.287036856858751e-06 4.239401164224663e-06 -1.374710823881680e-06
6.022082924208655e-05 -9.008083385946066e-06 4.900639876341643e-06 -9.550182767099726e-07
5.768334535694197e-05 -1.172237579761566e-05 5.458159264867567e-06 -5.072227757356428e-07
5.768285490689755e-05 -6.292331141562165e-06 5.004103138319670e-06 -1.319908987906937e-06
5.514787257236916e-05 -9.006446398845887e-06 5.665251714840007e-06 -9.471854378233719e-07
5.262167405775726e-05 -1.170663625031913e-05 6.164251364502112e-06 -6.967331059550036e-07
5.262133343008376e-05 -6.304289545433143e-06 5.579832311375012e-06 -1.137252503589526e-06
5.010005874655418e-05 -9.004602499133523e-06 6.078516982097194e-06 -9.522813145004206e-07
4.759318017453209e-05 -1.168180758387263e-05 6.404895308526940e-06 -8.443499118550600e-07
4.759267071495425e-05 -6.324932035644400e-06 5.907667131882891e-06 -1.045709567454043e-06
4.509381584888644e-05 -9.002337712275308e-06 6.297869189941963e-06 -9.652994885932036e-07
4.261569593635622e-05 -1.164615738637411e-05 6.327152342947535e-06 -9.642796306645097e-07
4.261499880807001e-05 -6.355771848046972e-06 6.053688166617382e-06 -1.033495416198761e-06
4.014880060794503e-05 -8.999775386473309e-06 6.451726269394206e-06 -9.659332888993611e-07
3.771091492226297e-05 -1.159816554555655e-05 6.240624837663261e-06 -1.058188383425256e-06
3.770979268755960e-05 -6.398408917667285e-06 6.127143185502977e-06 -1.025047041326693e-06
3.528805941194847e-05 -8.997038520026255e-06 6.489016905893281e-06 -1.008805530528663e-06
3.290320453575875e-05 -1.153703236506975e-05 6.058466078016074e-06 -1.199174119763263e-06
3.290148828047745e-05 -6.453923983567555e-06 6.112768712597230e-06 -9.417197546928068e-07
3.053674726766872e-05 -8.994106227865411e-06 6.167004235288046e-06 -1.052148688503083e-06
2.821585442734361e-05 -1.146467227579806e-05 5.637359466958937e-06 -1.403355504766350e-06
2.821371104087356e-05 -6.520961813013749e-06 5.681482176602172e-06 -7.594409331248771e-07
2.600773534120104e-05 -8.990823505075762e-06 5.442492849187587e-06 -1.101431882989703e-06
2.384762572163372e-05 -1.138590384669923e-05 5.007793898706560e-06 -1.588715611434623e-06
2.384546964362050e-05 -6.596993115263324e-06 4.995642116052530e-06 -6.785128246957647e-07
2.223922309616645e-05 -9.171875507925693e-06 4.708154586175755e-06 -1.141447547960280e-06
2.064026109712059e-05 -1.131760820444369e-05 4.354532417339379e-06 -1.645034076793277e-06
2.063750996091963e-05 -6.663092065813641e-06 4.315032112045625e-06 -6.885728967758573e-07
1.836774097854433e-05 -1.126190020452708e-05 3.895273842330093e-06 -1.592886721525048e-06
1.879501412735701e-05 -9.769390205827101e-06 3.966410378067223e-06 -1.263977094408933e-06
1.836476351925211e-05 -6.702928046506454e-06 3.847576160833398e-06 -6.993201998028951e-07
1.674544723043036e-05 -6.744201285389132e-06 3.604096499487819e-06 -7.597910537599929e-07
-2.654182034328245e-06 -2.072143694631248e-07 -5.068199960701426e-07 6.431159755974522e-07
-2.707365956419032e-06 -7.934781111352876e-08 -5.109251048087834e-07 6.486349846401699e-07
-2.707084435394144e-06 3.972128381898794e-07 -5.148595478247514e-07 6.833018887630412e-07
-2.654156354182578e-06 5.234279983920874e-07 -5.092970415071578e-07 6.940862272499510e-07
1.674165939291876e-05 -1.122414936241161e-05 3.595351362302480e-06 -1.596729466720990e-06
1.529743348603124e-05 -1.110824981665896e-05 3.301658502758080e-06 -1.556492765316799e-06
1.640436809277427e-05 -8.426755653896319e-06 3.547737865493532e-06 -1.091437392012964e-06
1.528693019563976e-05 -6.660045426814565e-06 3.301668843164813e-06 -7.475452514106003e-07
-2.526863209432167e-06 -2.600596434650871e-07 -4.984886936882750e-07 6.419239069223088e-07
-2.398383442149575e-06 2.625986674253278e-07 -4.891291730607557e-07 6.755148441548196e-07
-2.527847306659219e-06 5.761743353679251e-07 -4.957558473473473e-07 6.994501843841031e-07
1.483008705164351e-05 -9.734252774089424e-06 3.215188554139066e-06 -1.282695829923363e-06
1.389042276741718e-05 -1.082381132273868e-05 3.019194073478725e-06 -1.485860786691680e-06
1.254756564896947e-05 -1.039712196071307e-05 2.835095824466009e-06 -1.428094748949896e-06
1.439709761570922e-05 -7.866754079518628e-06 3.157431061598987e-06 -9.581009590984184e-07
1.390744033147133e-05 -6.340231526482761e-06 3.102354151482546e-06 -7.395155042123689e-07
-1.663327257055610e-06 -2.733136564014773e-07 -4.744740596811040e-07 6.697084443425552e-07
-1.662479077309758e-06 5.917007680067189e-07 -4.588115754847425e-07 7.208714515350303e-07
-1.215271412912976e-06 1.595900416220039e-07 -4.477627964048850e-07 7.122580089558758e-07
1.128596932597243e-05 -9.818483594261590e-06 2.645319616442362e-06 -1.351954863653201e-06
1.236293812930733e-05 -8.993536511749976e-06 2.839093558769945e-06 -1.175830717065347e-06
1.282479415866858e-05 -7.247654917481887e-06 2.915360310439206e-06 -9.066129315926194e-07
1.263588431515369e-05 -5.802876179187851e-06 2.854154683361050e-06 -6.465144083335291e-07
-7.305835058736821e-07 -3.515480763919251e-07 -3.868636364907222e-07 6.334631263581962e-07
-7.306159281142397e-07 6.710197876942039e-07 -3.913631546811855e-07 8.219093996172957e-07
-1.801836739494212e-07 1.598997557478843e-07 -2.531171182761822e-07 7.258895135976344e-07
1.011062909166754e-05 -9.117394975546035e-06 2.444021991141005e-06 -1.230930098022488e-06
9.047186152631575e-06 -8.304167871961322e-06 2.276024033537950e-06 -1.122894053176941e-06
1.121836364079732e-05 -6.977898199381229e-06 2.663914720577660e-06 -8.622742142370517e-07
1.150585525844928e-05 -5.065023396465942e-06 2.690327373009731e-06 -5.208877489423039e-07
4.501340098603308e-07 -5.214647572291731e-07 -8.067894842946921e-08 5.608991565744852e-07
4.502660945215252e-07 8.416265688958679e-07 -9.404394736780126e-08 8.744936468639242e-07
9.317544566376921e-06 -7.062593938350203e-06 2.341043551092890e-06 -9.189447500421243e-07
8.103553129277163e-06 -7.381587815430815e-06 2.115428422367095e-06 -9.865351078767811e-07
9.766596709174035e-06 -5.675287239725898e-06 2.439507189379990e-06 -6.569311455297333e-07
1.054535599010455e-05 -4.170814809261072e-06 2.601913466405543e-06 -4.631375272605767e-07
1.142825535896762e-06 1.600598323921747e-07 1.046800284283826e-07 7.037307669300150e-07
1.964592333700445e-06 -7.668062957937911e-07 3.659225573437070e-07 4.104222654279115e-07
1.963394750872539e-06 1.089031303697651e-06 3.562520774196780e-07 9.690246293249503e-07
7.274731579862242e-06 -6.375774428807723e-06 1.965767529676540e-06 -7.909401750629192e-07
6.588293421857567e-06 -5.314761173374574e-06 1.833562716895528e-06 -6.255563869135914e-07
6.041021055732338e-06 -4.191092174661602e-06 1.682775632699498e-06 -4.366048153955897e-07
8.854429127580333e-06 -4.435468590411998e-06 2.267088076075686e-06 -5.011019993967391e-07
9.775183395126466e-06 -3.158903559192525e-06 2.458792948418184e-06 -2.352926513424494e-07
2.624434623176019e-06 1.575768323373305e-07 5.706931552793271e-07 6.753120792102860e-07
3.432531045195574e-06 -1.008363834340301e-06 8.318930727754530e-07 3.092110861810374e-07
3.432762509865008e-06 1.341091730110998e-06 8.234022355006346e-07 1.048898961571066e-06
7.192502680471980e-06 -4.189745469122674e-06 1.940822035234236e-06 -4.452195282325375e-07
5.624595290804911e-06 -3.030891762737462e-06 1.563739621313490e-06 -2.036981441090101e-07
4.764759631202486e-06 -1.213245845974299e-06 1.217238772623463e-06 2.547625330894197e-07
5.153560109188201e-06 -1.418794530626425e-06 1.364134754532844e-06 1.897959894242770e-07
5.362116192450731e-06 -1.838204583918686e-06 1.460876130650246e-06 8.023816027880146e-08
8.218477452029732e-06 -3.010564325434213e-06 2.155769866313351e-06 -1.999115216182613e-07
9.203914919438960e-06 -2.073268010826301e-06 2.375177321982387e-06 -4.293528056664362e-10
4.158742211580479e-06 -1.341588242078268e-08 1.041637483544236e-06 5.980914715837582e-07
4.765915870418387e-06 1.522916321916482e-06 1.179080620456387e-06 1.026925299426794e-06
6.421994361758589e-06 -2.209507449813595e-06 1.768983780853768e-06 -1.094198337178047e-08
5.178364297513481e-06 -5.951855171805296e-07 1.342316181927788e-06 4.220272228818310e-07
5.638993943350764e-06 -1.273036140596008e-06 1.526310487917741e-06 2.223417300032486e-07
7.761122608356052e-06 -1.736624306518934e-06 2.065405450594724e-06 7.483028860225925e-08
8.850675940023787e-06 -9.583908204179349e-07 2.345429749318989e-06 2.500912357082295e-07
5.202185714797735e-06 7.335741739957307e-07 1.307669196525536e-06 7.789061106788426e-07
5.144123891503691e-06 1.722721264712546e-06 1.287032663064176e-06 1.075906756718150e-06
6.662258080519120e-06 -3.219551255084595e-07 1.787973962127388e-06 4.191939586923656e-07
8.732376629394275e-06 1.610577150192284e-07 2.375882150219849e-06 5.428540438189632e-07
8.856347215813243e-06 1.269300594118487e-06 2.498465029348989e-06 9.141879955058664e-07
5.986630332283195e-06 1.453787207594850e-06 1.547323123767605e-06 9.851124286004109e-07
5.362777885885566e-06 2.154151815721619e-06 1.347629270801643e-06 1.197324168846692e-06
5.628455610957484e-06 3.350533838164590e-06 1.389858367261277e-06 1.570271516254835e-06
7.741007859483510e-06 1.406149661619090e-06 2.129266719405571e-06 9.399138698325027e-07
6.033723642795175e-06 4.522884055066729e-06 1.461494136824852e-06 2.042068321396051e-06
9.215903823434803e-06 2.392667010882496e-06 2.667505880908638e-06 1.269300522653023e-06
6.701554950013733e-06 3.388167756211252e-06 1.734812517200067e-06 1.571890669237582e-06
8.297727767575504e-06 3.480341413574961e-06 2.341069779207517e-06 1.622376840020345e-06
6.587385763304552e-06 5.647714789080480e-06 1.636404623471664e-06 2.526450038999704e-06
9.794148096711601e-06 3.483098092197373e-06 2.943724907222493e-06 1.619747965919072e-06
9.324640974238997e-06 4.570405937643176e-06 2.782807758870422e-06 2.055424951657759e-06
8.203331419533240e-06 5.255706065423783e-06 2.297222302864628e-06 2.355384751532027e-06
7.275146924097234e-06 6.732274324140505e-06 1.887379476792946e-06 3.012933096910692e-06
8.111384474965198e-06 7.752430784312205e-06 2.260485282113041e-06 3.512737860003032e-06
1.058821224237197e-05 4.497591732434934e-06 3.407958138082256e-06 2.010859356315619e-06
1.002159291078238e-05 5.806269122912238e-06 3.149457524512887e-06 2.600437835816724e-06
9.352719353343382e-06 7.350636634024871e-06 2.839784320438063e-06 3.324279754816777e-06
9.066933255284082e-06 8.692227857472396e-06 2.704828596396939e-06 4.004641397693838e-06
1.157030978921753e-05 5.397115311034205e-06 3.943517204022239e-06 2.372348739737961e-06
1.127608211115402e-05 7.345308386494753e-06 3.788877126778897e-06 3.346970737227131e-06
1.014870471211379e-05 9.521026135731731e-06 3.236017801265304e-06 4.450392719553944e-06
1.134685436353202e-05 1.023625519448845e-05 3.860789161799394e-06 4.868414131780738e-06
1.263306375573523e-05 1.082613654097601e-05 4.548894961499941e-06 5.230163517476350e-06
1.273520350905543e-05 7.767516474943586e-06 4.580706836821545e-06 3.574001824654511e-06
1.272295346300251e-05 6.146327510366310e-06 4.582748884412247e-06 2.719051686897054e-06
1.244449864687252e-05 9.395751334920744e-06 4.423153674316212e-06 4.441772299710108e-06
1.400333574123648e-05 1.126048011745952e-05 5.322301918909825e-06 5.493494484160188e-06
1.543576129847408e-05 1.154272708457236e-05 6.139458690118531e-06 5.650675281347587e-06
1.391158428080780e-05 8.131092653716453e-06 5.220319933497127e-06 3.764796189185267e-06
1.402284186084391e-05 6.697013466777558e-06 5.288569041690618e-06 2.971639706609797e-06
1.690227249738293e-05 1.165772013261906e-05 7.012604170166376e-06 5.715254083696534e-06
1.525685128968567e-05 9.478021771571758e-06 6.012899306073411e-06 4.520563259564737e-06
1.542733181348861e-05 7.024739631931664e-06 6.117610213655400e-06 3.111436237929778e-06
1.722359454808409e-05 9.703536760284725e-06 7.175543742457996e-06 4.649285535359737e-06
1.854865547735122e-05 1.169437382978584e-05 7.950633426804324e-06 5.775586259637700e-06
1.689175313136183e-05 7.122566175495410e-06 6.987379926033664e-06 3.154668215152004e-06
2.084360579682612e-05 1.173117576835415e-05 9.257822819011471e-06 5.818012314408668e-06
1.901709714858545e-05 8.584339153711555e-06 8.212593207440020e-06 4.025057677376934e-06
1.854624826758148e-05 7.086950986112427e-06 7.939047474118725e-06 3.148752269625264e-06
2.406982694822429e-05 1.178740799575832e-05 1.114436297984726e-05 5.887782922350003e-06
2.245747455932876e-05 9.204560573740923e-06 1.020591118486011e-05 4.385712861353435e-06
2.084420339001563e-05 7.040763723196030e-06 9.293977156828674e-06 3.145713233294200e-06
2.843139808274484e-05 1.184866341262816e-05 1.366664351135735e-05 5.997448589286645e-06
2.623325035656793e-05 9.389791478172033e-06 1.238699909947723e-05 4.513527563372795e-06
2.406976860064593e-05 6.988085190351131e-06 1.114548550453299e-05 3.101809206161947e-06
3.307695825948821e-05 1.190180797408715e-05 1.643079937737470e-05 5.995580636417962e-06
3.073788644385306e-05 9.390156012715930e-06 1.506717677415947e-05 4.526714554754218e-06
2.843109989408863e-05 6.930555817034179e-06 1.370757225684226e-05 3.074822704446491e-06
3.781317671626185e-05 1.194781752321295e-05 1.918949922438042e-05 6.044819567582949e-06
3.543066035632311e-05 9.390616730436751e-06 1.781179521036113e-05 4.522579989966515e-06
3.307671666611838e-05 6.878848922853076e-06 1.645950994183030e-05 3.057388605557187e-06
4.262839636420518e-05 1.198674533124506e-05 2.199626287660461e-05 5.978839906936540e-06
4.020862744037135e-05 9.390731006374326e-06 2.061074482919782e-05 4.505066728127039e-06
3.781320049282458e-05 6.833436071914008e-06 1.921849214702377e-05 3.029450160017563e-06
4.750986896159138e-05 1.201864948567161e-05 2.487681363787872e-05 6.007705040133995e-06
4.505918592962797e-05 9.390747151079642e-06 2.340390697300767e-05 4.478855604805538e-06
4.262858144209458e-05 6.794683111430100e-06 2.198991603027760e-05 3.007026663849095e-06
5.244400960784172e-05 1.204333200680079e-05 2.778108943806055e-05 6.038055578044745e-06
4.996926726641151e-05 9.390774489228070e-06 2.632380163677131e-05 4.482604665199893e-06
4.751003512771668e-05 6.762932757986335e-06 2.481400982550421e-05 2.910994413961582e-06
5.741755229619611e-05 1.206099956106798e-05 3.074416930827757e-05 6.093074370612719e-06
5.492531203598958e-05 9.390632564050841e-06 2.926123748251788e-05 4.452305891363179e-06
5.244420915780071e-05 6.738174859466634e-06 2.778719166889887e-05 2.843723440329594e-06
6.241790120327324e-05 1.207264064743961e-05 3.397605206914100e-05 6.199257309655786e-06
5.991416105407829e-05 9.390548963209085e-06 3.235954172900557e-05 4.401324127627259e-06
5.741761467996396e-05 6.720262465154593e-06 3.082872146805574e-05 2.707591265625470e-06
6.743483688762978e-05 1.207959914455022e-05 3.748159744083252e-05 6.308006353688347e-06
6.492429947637312e-05 9.390444191858796e-06 3.570972430527401e-05 4.356894352327347e-06
6.241792974637969e-05 6.708367763018631e-06 3.404571278648525e-05 2.572297660380707e-06
7.820557609100646e-05 1.178796560427840e-05 4.564181345270598e-05 6.104224925410046e-06
7.749127867827466e-05 1.208381800210542e-05 4.511014559446267e-05 6.328017276202036e-06
6.968547563963915e-05 9.390251677305144e-06 3.914996616828803e-05 4.320251097066848e-06
7.246135345984521e-05 1.208316517795104e-05 4.125264572826022e-05 6.336805822515702e-06
6.743503739259996e-05 6.701020202562374e-06 3.751134798258928e-05 2.406312466676952e-06
7.850145397932988e-05 1.107370171097168e-05 4.586137691465911e-05 5.566342922840956e-06
7.681112550874243e-05 9.390103379034689e-06 4.458849590500216e-05 4.298468962291791e-06
7.246148353829206e-05 6.697254084456359e-06 4.124665285362759e-05 2.273449240098193e-06
7.850158415807020e-05 7.706424452982272e-06 4.584678864704741e-05 3.039180147674261e-06
7.749142927535370e-05 6.696313425112825e-06 4.509573515312083e-05 2.280583116516887e-06
7.820571743655010e-05 6.992162061899192e-06 4.562708955799667e-05 2.503953880673763e-06
