-9.244079093812763e-05 1.310537002066075e-05 -4.360334534795403e-05 5.646384543771435e-06
-9.279393784192324e-05 1.225277533749652e-05 -4.382818232588270e-05 5.105048229091104e-06
-9.279381871154587e-05 8.233489983704619e-06 -4.389293033051266e-05 2.480283275884287e-06
-9.244065307040607e-05 7.380874269216139e-06 -4.367674718893846e-05 1.949761911938350e-06
-9.158820818746620e-05 1.345852877881150e-05 -4.306154948914483e-05 5.870270367978223e-06
-8.998891585367708e-05 1.024311213979637e-05 -4.204338119353245e-05 3.809072456279424e-06
-9.158804121093734e-05 7.027705686583227e-06 -4.314801349899538e-05 1.731017383925673e-06
-8.558477864925355e-05 1.345834099828119e-05 -3.920617233666543e-05 5.861453521617057e-06
-8.558446720425662e-05 7.027698306876147e-06 -3.929217921453729e-05 1.791914566049233e-06
-8.227047687803760e-05 1.024287762178228e-05 -3.715356307455611e-05 3.817761129967244e-06
-7.958208254286691e-05 1.345665498521173e-05 -3.527286771835963e-05 5.880881657558449e-06
-7.958149589375013e-05 7.028582533554837e-06 -3.536535890679346e-05 1.808967874851481e-06
-7.658140321258905e-05 1.024215183609234e-05 -3.357609469520254e-05 3.835313518187948e-06
-7.358253654168249e-05 1.345276604160882e-05 -3.152966211109074e-05 5.830817417525332e-06
-7.358208740471968e-05 7.030964021147631e-06 -3.179654737129934e-05 1.945427867713901e-06
-7.058451511707057e-05 1.024120918408886e-05 -2.997680968564095e-05 3.846055112599515e-06
-6.759046483449751e-05 1.344483534712974e-05 -2.803647262019621e-05 5.655655487560215e-06
-6.759014942671388e-05 7.036703891493416e-06 -2.845628671569366e-05 2.156098061236637e-06
-6.459854392720562e-05 1.023994170206439e-05 -2.668457303336129e-05 3.879253566543022e-06
-6.161489909897425e-05 1.342935895393611e-05 -2.488038129097131e-05 5.568973805442830e-06
-6.161476956485475e-05 7.049207791834274e-06 -2.526168034278404e-05 2.247963541315857e-06
-5.863640208390884e-05 1.023837490580386e-05 -2.370374355910695e-05 3.920189045933528e-06
-5.567369196183002e-05 1.340219122788416e-05 -2.197480970471147e-05 5.525582260220416e-06
-5.567365974903814e-05 7.072995198555784e-06 -2.217740542189292e-05 2.312302847918565e-06
-5.272049899892477e-05 1.023672470124318e-05 -2.072573494747013e-05 3.950117178582490e-06
-4.979231117766995e-05 1.336134254548286e-05 -1.901020987512806e-05 5.469699419048127e-06
-4.979237850163380e-05 7.110448699914325e-06 -1.927714035363972e-05 2.436446612957086e-06
-4.687791563074075e-05 1.023501753806968e-05 -1.778495997224870e-05 3.988533977259150e-06
-4.399716045510313e-05 1.330707183247241e-05 -1.616115913286715e-05 5.421547280433178e-06
-4.399748286892182e-05 7.161070464188512e-06 -1.648860898270915e-05 2.494738157536325e-06
-4.113402044127097e-05 1.023317543110559e-05 -1.496792744941087e-05 4.030620273458064e-06
-3.831165078293159e-05 1.324098351939385e-05 -1.347359752914197e-05 5.364692318085450e-06
-3.831192407609249e-05 7.223319015398842e-06 -1.379995866963574e-05 2.579189770946757e-06
-3.551023039707985e-05 1.023118096739483e-05 -1.242389782690526e-05 4.027255381612676e-06
-3.275599070294470e-05 1.316328510422304e-05 -1.112987017819462e-05 5.216964175914704e-06
-3.275554716723357e-05 7.297049694005041e-06 -1.130987437234378e-05 2.717695901434858e-06
-3.013504838632703e-05 1.022845748114795e-05 -1.016465602081173e-05 3.994664880639422e-06
-2.756593146689383e-05 1.307529753723773e-05 -8.963234516594318e-06 5.171921195749559e-06
-2.756458273522732e-05 7.383751659128803e-06 -9.118221935440437e-06 2.849577322470668e-06
-2.565308004709549e-05 1.044428891960379e-05 -8.255329135214104e-06 4.067717316346440e-06
-2.375075763189112e-05 1.299433493429533e-05 -7.458241278023492e-06 5.086809283897029e-06
-2.374760325039476e-05 7.463393934950001e-06 -7.557326160343184e-06 2.809156236587758e-06
-2.104931297089538e-05 1.292439915081232e-05 -6.411087684664254e-06 5.001023891733572e-06
-2.155563962218050e-05 1.115389979539761e-05 -6.601313817741386e-06 4.320084449747094e-06
-2.104516325917823e-05 7.513902819633539e-06 -6.450489684357952e-06 2.851688984625581e-06
-1.912287616257469e-05 7.567984060041511e-06 -5.678799885646263e-06 2.949813035595105e-06
2.927602799523140e-06 1.567953130284642e-07 8.306289230974355e-07 1.654510517815695e-06
2.986363109416232e-06 1.555211906238071e-08 8.469800538847506e-07 1.612716864148267e-06
2.986092972739961e-06 -5.109360129165080e-07 8.479857262675223e-07 1.439234904788240e-06
2.927615531965446e-06 -6.504011630690595e-07 8.306292924580138e-07 1.393505408466402e-06
-1.911842198661964e-05 1.287527310303533e-05 -5.671315016564109e-06 4.936903214264882e-06
-1.740806822151081e-05 1.273320942319113e-05 -5.073781032501922e-06 4.818551048280619e-06
-1.871614687759320e-05 9.561368070139038e-06 -5.486269366989904e-06 3.711882052724176e-06
-1.739257012054506e-05 7.475337967364478e-06 -5.004792462982078e-06 3.005423531659680e-06
2.786955585991856e-06 2.151529323068020e-07 7.904999145969257e-07 1.672263454368454e-06
2.645044201912685e-06 -3.622875345503723e-07 7.377935824834817e-07 1.486438721837049e-06
2.788050436091293e-06 -7.087139404334126e-07 7.854238919290434e-07 1.372333779026290e-06
-1.685292015337255e-05 1.110611729772530e-05 -4.852160141523633e-06 4.223237200891928e-06
-1.574577290794953e-05 1.238978799759195e-05 -4.506851302818469e-06 4.630630661227543e-06
-1.416422027026607e-05 1.188025056875190e-05 -3.989995749294527e-06 4.438857868400010e-06
-1.633933317565182e-05 8.901859143636481e-06 -4.644209840715304e-06 3.501123596698261e-06
-1.576112851115311e-05 7.107903824686210e-06 -4.449826289042139e-06 2.952140591722414e-06
1.833102320472362e-06 2.297728585365997e-07 4.763897397014596e-07 1.630073359402737e-06
1.832117945585118e-06 -7.260672857864586e-07 4.559398259849917e-07 1.326872792768269e-06
1.338009464360074e-06 -2.485736702176226e-07 3.575417150831613e-07 1.456467473406956e-06
-1.268596064169907e-05 1.119081413052117e-05 -3.526245587895832e-06 4.197023729655288e-06
-1.394431248348586e-05 1.022537146319956e-05 -3.912889771715438e-06 3.886040086683603e-06
-1.448622330397210e-05 8.175672515694558e-06 -4.071437423298566e-06 3.278206527395337e-06
-1.426207954113097e-05 6.489026994297437e-06 -4.014482492294039e-06 2.823928476336461e-06
8.023423582892730e-07 3.165776212279210e-07 1.915897131435320e-07 1.657980010336744e-06
8.024437374534421e-07 -8.138843781416440e-07 2.003571536589684e-07 1.249316156296888e-06
1.938437110754214e-07 -2.486748355263071e-07 -3.527847564095665e-08 1.442393860696508e-06
-1.131315720933665e-05 1.036149730247982e-05 -3.134415572332786e-06 3.947653160150977e-06
-1.007982637850072e-05 9.405814583762130e-06 -2.877940995085933e-06 3.665447687565753e-06
-1.260281297622823e-05 7.860649664208027e-06 -3.574465946414936e-06 3.190122945731129e-06
-1.293446918645556e-05 5.638162591176895e-06 -3.712021829714522e-06 2.659679728544388e-06
-5.030302634168100e-07 5.048260584208602e-07 -2.589081253793644e-07 1.642269356213419e-06
-5.031327469358555e-07 -1.002227863708842e-06 -2.982578892545865e-07 1.150309778407921e-06
-1.039338440527693e-05 7.956489557638236e-06 -2.998199775828052e-06 3.244152223173944e-06
-8.993833999428466e-06 8.325143145714650e-06 -2.635882872456454e-06 3.340760099653007e-06
-1.091157088339083e-05 6.347889862270534e-06 -3.194945928168211e-06 2.840047558159274e-06
-1.180961471913833e-05 4.612281565144964e-06 -3.459174372908419e-06 2.446036899883071e-06
-1.268815904235260e-06 -2.484501213187479e-07 -5.618707848435611e-07 1.335210232301401e-06
-2.177773167684785e-06 7.770811684920213e-07 -8.714248575633331e-07 1.632019134718347e-06
-2.176155561256806e-06 -1.275752612987785e-06 -9.000117721818553e-07 9.375583511474858e-07
-8.043505336669181e-06 7.153946478804136e-06 -2.423199596168653e-06 2.994003825423690e-06
-7.266911979855824e-06 5.930775912898056e-06 -2.273393821745187e-06 2.719221152466067e-06
-6.656944990860304e-06 4.640821362201208e-06 -2.143447312999846e-06 2.432291315308573e-06
-9.858998984370176e-06 4.918142583264150e-06 -2.931919677255467e-06 2.501775546791411e-06
-1.091009025688005e-05 3.460094798882439e-06 -3.214244783102265e-06 2.120236852612414e-06
-2.907460839932679e-06 -2.450597743292324e-07 -1.129474775256830e-06 1.265883924317671e-06
-3.801684751136381e-06 1.045240104571776e-06 -1.373814583304487e-06 1.634195529728293e-06
-3.801887731020470e-06 -1.554941866481080e-06 -1.411325162821961e-06 8.491086984976760e-07
-7.960282286210584e-06 4.636619942737787e-06 -2.439957744737850e-06 2.430386001525483e-06
-6.196844555327394e-06 3.319179269476175e-06 -2.040181927044842e-06 2.113368382684413e-06
-5.270829364221610e-06 1.272422652950576e-06 -1.762797967781988e-06 1.612554382230755e-06
-5.696044439909065e-06 1.501604023927710e-06 -1.886611584256774e-06 1.658123622011427e-06
-5.919889724243600e-06 1.971436284027357e-06 -1.957610329577787e-06 1.772322048185735e-06
-9.127558434345070e-06 3.291813518479524e-06 -2.749359215578638e-06 2.075363116049842e-06
-1.024054400582793e-05 2.233465974345570e-06 -3.043837852005622e-06 1.788369110867057e-06
-4.604924465959245e-06 -5.502519862746082e-08 -1.614579116544011e-06 1.278933584392430e-06
-5.283413644997472e-06 -1.756848313817155e-06 -1.800773666447375e-06 7.826630023708560e-07
-7.100389348575827e-06 2.386302693309621e-06 -2.255674083182674e-06 1.870885570229787e-06
-5.728844130723318e-06 5.870569806092027e-07 -1.896349854619655e-06 1.411791174881199e-06
-6.233197251794053e-06 1.339169782140511e-06 -2.033575949912433e-06 1.606108666350109e-06
-8.607033053090966e-06 1.854017254775392e-06 -2.632609689187197e-06 1.701105182298116e-06
-9.821438177684816e-06 9.857096585443627e-07 -2.944320085126679e-06 1.461523612323332e-06
-5.764762840670882e-06 -8.845812367005889e-07 -1.922650971702934e-06 1.023772029702076e-06
-5.708175743026314e-06 -1.977253126229229e-06 -1.908958650889657e-06 7.166645083606752e-07
-7.376171645241981e-06 2.753928363907873e-07 -2.331393537291826e-06 1.303335011471406e-06
-9.674464290016621e-06 -2.584342932179696e-07 -2.913079860989049e-06 1.169911299706283e-06
-9.788954086899044e-06 -1.479331914869347e-06 -2.975267925124761e-06 8.289099775027112e-07
-6.638493952329170e-06 -1.683315413851850e-06 -2.167899778543734e-06 7.960104734154147e-07
-5.955870387149882e-06 -2.449225137285193e-06 -1.981150476479912e-06 5.752144352753203e-07
-6.260098743193795e-06 -3.750335753943635e-06 -2.090909709973051e-06 2.017028661581633e-07
-8.566569322794099e-06 -1.636085521884721e-06 -2.642354157191658e-06 7.925248262246697e-07
-6.714888274541751e-06 -5.012961326179882e-06 -2.249218680843402e-06 -9.811366472890692e-08
-1.016247226943677e-05 -2.711864180981853e-06 -3.105985863766199e-06 4.741587413653943e-07
-7.432652898395739e-06 -3.795164168279798e-06 -2.422461680834555e-06 1.851051817393014e-07
-9.163277649602964e-06 -3.893861368221934e-06 -2.843490704243602e-06 1.593910078346858e-07
-7.321615194322754e-06 -6.218858913153897e-06 -2.398402884797230e-06 -3.594655697107502e-07
-1.076993661608559e-05 -3.896011728431301e-06 -3.280581547677761e-06 1.529806574519340e-07
-1.026129234231149e-05 -5.066619792172552e-06 -3.137252387813974e-06 -1.062357340824816e-07
-9.061212070631164e-06 -5.800785567752077e-06 -2.800961728670574e-06 -2.584589207005679e-07
-8.068710644371789e-06 -7.371530426573071e-06 -2.556937739255720e-06 -6.027687773433536e-07
-8.965128390695976e-06 -8.448542597448166e-06 -2.784084385179492e-06 -8.732112927274024e-07
-1.160349224136557e-05 -4.990645851287411e-06 -3.459717409988865e-06 -9.998684813537666e-08
-1.099959861846045e-05 -6.385256891549220e-06 -3.307636028341196e-06 -4.158444920379163e-07
-1.028852205715449e-05 -8.021814163424606e-06 -3.109377854858074e-06 -7.827813701492965e-07
-9.985306485223041e-06 -9.434622699749565e-06 -3.039905349883172e-06 -1.099758219191826e-06
-1.263424981869643e-05 -5.954218907288725e-06 -3.668071924557082e-06 -3.497177811142547e-07
-1.232172768357979e-05 -8.013094852872097e-06 -3.602255051996764e-06 -7.889640247611395e-07
-1.113136020631701e-05 -1.030154247085986e-05 -3.326658544483823e-06 -1.285628014031211e-06
-1.239268226528168e-05 -1.104515601397310e-05 -3.620216768931494e-06 -1.401870878375118e-06
-1.374279784991373e-05 -1.165411459380829e-05 -3.924890465846355e-06 -1.462143866811598e-06
-1.385245400459530e-05 -8.456403836922283e-06 -3.894614653546071e-06 -8.809526328079238e-07
-1.384125428444848e-05 -6.751391458360747e-06 -3.876140778500403e-06 -5.371175883583388e-07
-1.354783424178710e-05 -1.016208645750816e-05 -3.882382823052640e-06 -1.205183607723533e-06
-1.517458774944883e-05 -1.210121778470173e-05 -4.240966098041662e-06 -1.486614000099139e-06
-1.666653759115377e-05 -1.238853884665436e-05 -4.499022216993981e-06 -1.501213503396018e-06
-1.508186721944382e-05 -8.837694052250825e-06 -4.152779417326088e-06 -9.490252405092797e-07
-1.519780797962128e-05 -7.337093571706347e-06 -4.154219775989280e-06 -6.537053281845054e-07
-1.819114107151252e-05 -1.250236619318025e-05 -4.755178834138206e-06 -1.498068881432075e-06
-1.648383970875724e-05 -1.024193107486382e-05 -4.463594667125026e-06 -1.182198343787935e-06
-1.666023663216334e-05 -7.687168702489537e-06 -4.472633421313677e-06 -7.127716735128976e-07
-1.852588626781428e-05 -1.047469486266849e-05 -4.839214960068872e-06 -1.205302517398635e-06
-1.989721283062812e-05 -1.253399064978619e-05 -5.010600404571506e-06 -1.435684322604046e-06
-1.818235243809099e-05 -7.793999644837486e-06 -4.779551862842772e-06 -7.359653852155996e-07
-2.227049872890963e-05 -1.256551680383337e-05 -5.288017760369194e-06 -1.329310556250532e-06
-2.038451238690405e-05 -9.314666776664167e-06 -5.168066832760972e-06 -1.043784174617753e-06
-1.989544886637927e-05 -7.762988614120056e-06 -5.070886858420437e-06 -8.046599153839759e-07
-2.559455786652830e-05 -1.261371456004361e-05 -5.339971565916364e-06 -1.106659932142224e-06
-2.393612910815012e-05 -9.956315856678787e-06 -5.431632858414217e-06 -1.134324688280224e-06
-2.227131305510188e-05 -7.722740913211188e-06 -5.331575799990193e-06 -9.646219018909387e-07
-3.007097186324889e-05 -1.266610308274198e-05 -5.018719285965021e-06 -8.236529786598316e-07
-2.781793922341293e-05 -1.014688255143261e-05 -5.306181939014463e-06 -1.113724761971923e-06
-2.559476785178542e-05 -7.676871585058305e-06 -5.463473783478095e-06 -1.179389763176132e-06
-3.482177822914386e-05 -1.271077186100166e-05 -4.248834489629191e-06 -6.860486615470166e-07
-3.243262751550357e-05 -1.014696715503847e-05 -4.679028298260869e-06 -1.106164197973899e-06
-3.007093135488867e-05 -7.627249427759292e-06 -5.042119766053282e-06 -1.462790055006379e-06
-3.964788282975043e-05 -1.274839118018601e-05 -3.370460260409391e-06 -7.000498761819532e-07
-3.722304628734580e-05 -1.014742135362082e-05 -3.832233506045258e-06 -1.112922325146657e-06
-3.482161176678864e-05 -7.583495983341153e-06 -4.261142897660940e-06 -1.518988268421313e-06
-4.453616586652262e-05 -1.277834963601577e-05 -2.628310958621068e-06 -7.585193767179848e-07
-4.208265034369169e-05 -1.014794086682334e-05 -3.033315747791615e-06 -1.111974578474372e-06
-3.964765614071463e-05 -7.546921284576332e-06 -3.433616903490866e-06 -1.525123019699751e-06
-4.947209305490004e-05 -1.280104573921645e-05 -2.113994955786135e-06 -9.171025827065948e-07
-4.699711553317116e-05 -1.014830994153985e-05 -2.397952376661010e-06 -1.101559116406272e-06
-4.453593450532682e-05 -7.517894060965694e-06 -2.757613614814956e-06 -1.435365706723151e-06
-5.444325994254354e-05 -1.281768226455349e-05 -1.804103455722549e-06 -9.548511703854939e-07
-5.195249175405651e-05 -1.014862421165099e-05 -1.990523830749271e-06 -1.081892350516410e-06
-4.947189592778686e-05 -7.495956100589658e-06 -2.250978118596024e-06 -1.279693897301512e-06
-5.943981700058326e-05 -1.282952665447130e-05 -1.626527028499821e-06 -9.883458461633075e-07
-5.693783056510455e-05 -1.014895669840019e-05 -1.754662270367788e-06 -1.069961116460776e-06
-5.444300450923432e-05 -7.479895797327509e-06 -1.915713936581413e-06 -1.200627539911438e-06
-6.445411869440499e-05 -1.283766097742069e-05 -1.632617835500416e-06 -1.107552999039340e-06
-6.194441547038549e-05 -1.014917775431848e-05 -1.637899811543394e-06 -1.045473147710242e-06
-5.943963777955547e-05 -7.468568210228674e-06 -1.734971013675392e-06 -1.139856043012879e-06
-6.948018349754158e-05 -1.284276988394563e-05 -1.812152337545900e-06 -1.175495717397829e-06
-6.696561484096313e-05 -1.014925956216932e-05 -1.727470643803593e-06 -1.032204443921262e-06
-6.445408331422347e-05 -7.460658963389246e-06 -1.715575520419988e-06 -9.847107327323839e-07
-8.026186137586186e-05 -1.254960019907796e-05 -2.898637158565494e-06 -1.277027915434573e-06
-7.954689135055412e-05 -1.284573768733816e-05 -2.825643991974197e-06 -1.305419656457022e-06
-7.173366430195284e-05 -1.014940698620403e-05 -2.026054299761416e-06 -1.009817655432761e-06
-7.451248906510780e-05 -1.284520562161376e-05 -2.312237726027872e-06 -1.289747146855294e-06
-6.948003436376896e-05 -7.455857221098395e-06 -1.913048085736249e-06 -8.594873530277154e-07
-8.055801179267520e-05 -1.183464825834407e-05 -2.930363129231923e-06 -1.207960159072417e-06
-7.886606443244441e-05 -1.014940765367655e-05 -2.776614258825985e-06 -1.048166152442438e-06
-7.451244236452203e-05 -7.453602986742809e-06 -2.340919609940258e-06 -7.982325528044344e-07
-8.055796619185742e-05 -8.464186529298815e-06 -2.978426596942803e-06 -8.605167040810581e-07
-7.954683889719403e-05 -7.453098587817790e-06 -2.876069015742973e-06 -7.568126204847128e-07
-8.026181173973323e-05 -7.749235775484140e-06 -2.949324262171957e-06 -7.865693167003058e-07
