5.572048566366703e-05 -6.496970458784588e-06 -2.214100082885738e-05 4.177127176794322e-06
5.595848667130482e-05 -5.922494318713632e-06 -2.221772882426678e-05 4.010556140112900e-06
5.595848589025472e-05 -3.214041437116153e-06 -2.234645022383586e-05 3.210855601585361e-06
5.572047939920400e-05 -2.639550749691602e-06 -2.228358636644686e-05 3.047625653432367e-06
5.514592644833145e-05 -6.734910644039778e-06 -2.196515891741446e-05 4.245775704589107e-06
5.406792912339655e-05 -4.568287142316757e-06 -2.171651799011007e-05 3.641008920754742e-06
5.514590636776256e-05 -2.401606209649600e-06 -2.212320479775981e-05 2.980966824481955e-06
5.109972912983641e-05 -6.733801250832914e-06 -2.074163142957370e-05 4.304643975526385e-06
5.109970182327413e-05 -2.403013659546978e-06 -2.095763352073024e-05 3.025768812516096e-06
4.886708088506826e-05 -4.568587093640394e-06 -2.018784310833529e-05 3.645216701246280e-06
4.705860012317062e-05 -6.727927434790915e-06 -1.954254747440885e-05 4.286948139364088e-06
4.705850474843015e-05 -2.409376868168069e-06 -1.969006602723672e-05 2.935207799272991e-06
4.504240217904664e-05 -4.568776917438630e-06 -1.902290619623907e-05 3.654272716342486e-06
4.303437985645026e-05 -6.714803026319570e-06 -1.831450903218751e-05 4.327532840088135e-06
4.303421731852024e-05 -2.422766416496837e-06 -1.822790465760255e-05 2.944960078393950e-06
4.103111532314447e-05 -4.568873084089713e-06 -1.774730750469675e-05 3.611225947603181e-06
3.904230729081659e-05 -6.692590476510038e-06 -1.690056512517958e-05 4.314590441902660e-06
3.904211142454451e-05 -2.444949600407331e-06 -1.681873275278187e-05 2.912827328723685e-06
3.706097177518016e-05 -4.568880317879877e-06 -1.644741274963498e-05 3.609171159621801e-06
3.510048197560674e-05 -6.661296121043119e-06 -1.559448645339227e-05 4.234045707624301e-06
3.509980087772791e-05 -2.475966102540964e-06 -1.556067422210711e-05 2.921923756845359e-06
3.314955106348909e-05 -4.568654598928139e-06 -1.522036643736054e-05 3.608819644956034e-06
3.122475256724129e-05 -6.622157282938308e-06 -1.452054810554559e-05 4.130066014114373e-06
3.122344565255098e-05 -2.514621419232703e-06 -1.449699388984262e-05 3.011801793837487e-06
2.931121225581169e-05 -4.568159885875962e-06 -1.410453447717283e-05 3.636642448036591e-06
2.742792118508544e-05 -6.576019642485115e-06 -1.360545958156984e-05 4.101402416729531e-06
2.742653290685490e-05 -2.559990009007709e-06 -1.351254895370884e-05 3.049704819615992e-06
2.555805541708398e-05 -4.567509594112446e-06 -1.310849742462710e-05 3.665249276087558e-06
2.372215261981778e-05 -6.522420182453833e-06 -1.270378227120906e-05 4.210734162592976e-06
2.372120681997146e-05 -2.612324919303698e-06 -1.250787129705775e-05 3.026436745717843e-06
2.190261279317713e-05 -4.566792076942692e-06 -1.204062076928088e-05 3.666869673677733e-06
2.012248165329093e-05 -6.458857289848955e-06 -1.159599623801943e-05 4.269892784383312e-06
2.012197515351810e-05 -2.674224698677535e-06 -1.125341977040561e-05 3.009302557224672e-06
1.836232686307188e-05 -4.565961631519897e-06 -1.085644037626390e-05 3.675471401352952e-06
1.664908709013009e-05 -6.382067571531891e-06 -1.040539317739489e-05 4.299173297860543e-06
1.664865553454170e-05 -2.749434081446384e-06 -9.997813372776820e-06 2.989200779043899e-06
1.502740286434302e-05 -4.564630698219744e-06 -9.649990874165466e-06 3.628454509979815e-06
1.345972821533382e-05 -6.290955634808369e-06 -9.170024393756463e-06 4.349614034280988e-06
1.345886162644541e-05 -2.842553106847321e-06 -8.871925599554995e-06 3.007425807341098e-06
1.229889070422804e-05 -4.693761538418781e-06 -8.632588391624731e-06 3.637560330834776e-06
1.116891221112530e-05 -6.203551543870451e-06 -8.268107066668666e-06 4.287647315914593e-06
1.116621508660682e-05 -2.931789760702099e-06 -8.146673051749578e-06 3.044535218191759e-06
9.585905668429750e-06 -6.125694503961180e-06 -7.611054207626006e-06 4.257840297938377e-06
9.870424148829600e-06 -5.105758059558190e-06 -7.725817038312372e-06 3.802901076508409e-06
9.581600776807492e-06 -2.989888620995929e-06 -7.626762173775855e-06 3.110922240104715e-06
8.477984454932726e-06 -3.052813697528504e-06 -7.264186573631821e-06 3.099469540442295e-06
-1.004514541926059e-06 -1.854648235008825e-08 1.247596628474062e-06 2.698595472716532e-07
-1.025039354703856e-06 3.078889650237334e-08 1.282916315525702e-06 1.864966679206674e-07
-1.024919075395744e-06 2.147442700215137e-07 1.285031659332977e-06 -1.256412201841902e-07
-1.004487931443565e-06 2.634709429524756e-07 1.249008130422580e-06 -2.069296216800144e-07
8.472433519801850e-06 -6.070254685293792e-06 -7.180835644616399e-06 4.243240873855895e-06
7.511835224777854e-06 -5.964770957698002e-06 -6.804960172857306e-06 4.194821846245079e-06
8.233302892503861e-06 -4.187711313509402e-06 -7.174704449223142e-06 3.460167882348629e-06
7.491601361743127e-06 -3.035468019161756e-06 -6.949165759637071e-06 3.041232354926619e-06
-9.553847156285339e-07 -3.892299337418264e-08 1.163344430730093e-06 3.034630924166686e-07
-9.057525194768486e-07 1.628504153179766e-07 1.088267379693185e-06 -3.672905514139982e-08
-9.557233199189389e-07 2.838540245456189e-07 1.165620093889052e-06 -2.386810554435782e-07
7.192033369547918e-06 -5.045622965739919e-06 -6.693081033015263e-06 3.840210733092997e-06
6.593984968160883e-06 -5.741229711345525e-06 -6.483628643326724e-06 4.073577842481986e-06
5.743631980533731e-06 -5.438293380315523e-06 -6.198273726405747e-06 3.980243197335567e-06
6.903239084748982e-06 -3.831161420324997e-06 -6.666735914240358e-06 3.358574959926298e-06
6.588821480227181e-06 -2.876236258603411e-06 -6.522462660978783e-06 2.876359113941267e-06
-6.221283750606241e-07 -4.391226800409522e-08 6.875545868101246e-07 3.025556327509866e-07
-6.217905922931748e-07 2.899628822046110e-07 6.948241717560040e-07 -2.303092426747543e-07
-4.491967955692551e-07 1.231755570365203e-07 4.306509611249452e-07 3.262339467245814e-08
4.974883708554607e-06 -5.036318828652517e-06 -5.832626261726843e-06 3.903683302953121e-06
5.616688398777823e-06 -4.536773905369694e-06 -6.158115953594861e-06 3.664396587961114e-06
5.903006492861732e-06 -3.451637798536161e-06 -6.246776230144684e-06 3.120528564348770e-06
5.778636642019671e-06 -2.594051500985572e-06 -6.191369754537535e-06 2.668024241824052e-06
-2.620119740868099e-07 -7.429850267191455e-08 1.548554785191858e-07 3.233474685854699e-07
-2.620693184684842e-07 3.206068471178617e-07 1.616681482329131e-07 -2.902167387341995e-07
-4.934962496454393e-08 1.230786720554032e-07 -1.733674417367366e-07 -1.743991340456593e-09
4.277442291680598e-06 -4.577060062451322e-06 -5.461300771516951e-06 3.795427790477469e-06
3.679711740432141e-06 -4.070157530808475e-06 -5.056135867492848e-06 3.565827281605197e-06
4.921164499100596e-06 -3.293189355041453e-06 -5.801660322025272e-06 3.038755601306438e-06
5.078416218784221e-06 -2.198026051051963e-06 -5.875685353547102e-06 2.396847292804127e-06
1.939868225536432e-07 -1.396922951882259e-07 -5.367146342892602e-07 3.833889210207023e-07
1.938805906670141e-07 3.854865400302848e-07 -5.755939490730626e-07 -4.518635795780496e-07
3.832819127800492e-06 -3.333583747885492e-06 -5.152408769336594e-06 3.131067800870701e-06
3.179880238668119e-06 -3.509139631362719e-06 -4.668167470092227e-06 3.267542250462751e-06
4.077609882949219e-06 -2.551594852426976e-06 -5.299925810178901e-06 2.583625026834756e-06
4.499110343267198e-06 -1.737106990635000e-06 -5.540142903607072e-06 1.971404657595918e-06
4.610009004920735e-07 1.225878719753446e-07 -9.707211853231494e-07 -5.988960403290941e-08
7.774218087709669e-07 -2.335045943618857e-07 -1.446159536680335e-06 4.592059324307521e-07
7.765541672599578e-07 4.789714513423865e-07 -1.467614928633157e-06 -6.159861372211018e-07
2.753999940668991e-06 -2.925457657459132e-06 -4.314778880173350e-06 2.881940374956796e-06
2.438590893265708e-06 -2.354576755370684e-06 -3.958694663557325e-06 2.424556222574118e-06
2.219037509048534e-06 -1.769245776685826e-06 -3.654108090010683e-06 1.922318879482450e-06
3.585277670146558e-06 -1.883689707003714e-06 -4.931990819027543e-06 2.048619481260991e-06
4.044718823442365e-06 -1.245051781300078e-06 -5.288267966087207e-06 1.515252090810590e-06
1.030996267089195e-06 1.206428927135967e-07 -1.845066808676343e-06 -1.005984857704409e-07
1.340436785009247e-06 -3.244363672019495e-07 -2.289455904397756e-06 5.132391510088578e-07
1.340964088638682e-06 5.736998687760252e-07 -2.291338255983249e-06 -7.572246935882389e-07
2.753008918968622e-06 -1.758867870862150e-06 -4.220725379522711e-06 1.931923066693450e-06
2.066048998003326e-06 -1.202087268371729e-06 -3.419689308002671e-06 1.365684493699674e-06
1.830474458536756e-06 -3.990633817810181e-07 -2.990603467656135e-06 5.269231239309731e-07
1.960313424835535e-06 -4.810621539800196e-07 -3.168083426346598e-06 6.001920140747603e-07
2.014844499386073e-06 -6.576279379345660e-07 -3.264617495476972e-06 7.878655218123436e-07
3.251426409750637e-06 -1.176234256944110e-06 -4.670157583738521e-06 1.412838220188987e-06
3.701088393077771e-06 -7.505382351748080e-07 -5.115499985014412e-06 9.614655245494958e-07
1.617342895138783e-06 5.367323359872963e-08 -2.687972950413319e-06 -6.522260743193711e-08
1.871304597491955e-06 6.437518028260542e-07 -3.004358000308556e-06 -8.794010179280871e-07
2.439711718655934e-06 -8.102868583145835e-07 -3.812886561905954e-06 9.816628131802299e-07
1.988730907989394e-06 -1.593557995609624e-07 -3.192115226132278e-06 2.086771831540016e-07
2.143294578293542e-06 -4.212770145571892e-07 -3.406354529076445e-06 5.195375223695824e-07
3.030350166748801e-06 -6.004635080848499e-07 -4.486937771923204e-06 7.805371789454123e-07
3.471593489794873e-06 -2.821042138655776e-07 -5.044867539614061e-06 4.100438357569730e-07
2.031731524803815e-06 3.481143322660062e-07 -3.221278427878653e-06 -4.804042128644938e-07
2.036926056734871e-06 7.166014494664460e-07 -3.206953554359574e-06 -9.938321749304781e-07
2.566137720721447e-06 -2.243761412229077e-08 -3.965488957411742e-06 5.250488093407860e-08
3.372528523698253e-06 1.590158245783481e-07 -5.031277172973906e-06 -2.110664455000727e-07
3.340495324963500e-06 5.597549904725582e-07 -5.082815365466755e-06 -8.030731254635527e-07
2.348285748355581e-06 6.275273768447486e-07 -3.634851800175750e-06 -8.740842139104572e-07
2.140190078416090e-06 8.601633797869985e-07 -3.321668591516588e-06 -1.214853285654582e-06
2.279041653525619e-06 1.231172368721774e-06 -3.428995652930174e-06 -1.819618760696273e-06
2.962001231899681e-06 6.300347708876333e-07 -4.520984873982050e-06 -8.750730438553730e-07
2.457636903882339e-06 1.548030046559290e-06 -3.607514544463929e-06 -2.459893724376662e-06
3.389538576350506e-06 9.484800104192171e-07 -5.231427655679653e-06 -1.381008606016564e-06
2.631494205939775e-06 1.257548482929135e-06 -3.962590750489400e-06 -1.841702268306971e-06
3.104717161409620e-06 1.282365574294049e-06 -4.777458746379627e-06 -1.919364566645699e-06
2.648913579383573e-06 1.831819482373161e-06 -3.913860119855341e-06 -3.089534795481141e-06
3.489511221435829e-06 1.281891865970903e-06 -5.524401340748608e-06 -1.937365780522458e-06
3.352545620425460e-06 1.574816125443384e-06 -5.314175963611936e-06 -2.510418674795356e-06
3.081252026220257e-06 1.743228375050531e-06 -4.769026879454832e-06 -2.879975544456016e-06
2.861101604688604e-06 2.064151764645323e-06 -4.298172264445572e-06 -3.631667253734458e-06
3.072468140926484e-06 2.253107622042199e-06 -4.748916312918437e-06 -4.108953317337042e-06
3.619991081440445e-06 1.566852965454907e-06 -5.950184132054326e-06 -2.479526375088056e-06
3.493912589546612e-06 1.861803370809383e-06 -5.696798986326934e-06 -3.135466315135809e-06
3.353655679148832e-06 2.170030933170761e-06 -5.391191231448634e-06 -3.898132883950662e-06
3.296319238914540e-06 2.398803649913624e-06 -5.246397987155604e-06 -4.528548275766750e-06
3.777009346372381e-06 1.793476028997584e-06 -6.424681214791847e-06 -2.933041094784569e-06
3.717884301528538e-06 2.158724985277577e-06 -6.295333352117401e-06 -3.866560537332452e-06
3.513424309691805e-06 2.515110800142962e-06 -5.762933533025475e-06 -4.889366944981655e-06
3.717152974924212e-06 2.593285279696324e-06 -6.304252681498595e-06 -5.178914191183882e-06
3.915574097714422e-06 2.634197134472031e-06 -6.853848000082308e-06 -5.381887272703620e-06
3.941745543158511e-06 2.226873893440507e-06 -6.945276582280085e-06 -4.070435678629256e-06
3.945551184531660e-06 1.960955491041108e-06 -6.935630779542742e-06 -3.304939791565572e-06
3.900861890174695e-06 2.460813415240622e-06 -6.801870161744650e-06 -4.803790839070793e-06
4.095351063614420e-06 2.657171795283933e-06 -7.394885784463858e-06 -5.527285011473922e-06
4.257553344185475e-06 2.653890872701106e-06 -8.001965117707483e-06 -5.611132382040176e-06
4.098737697990234e-06 2.283152149684941e-06 -7.466321722358277e-06 -4.244435378634846e-06
4.110219932262424e-06 2.085725222183757e-06 -7.516807329641117e-06 -3.615706286009482e-06
4.408364238222985e-06 2.634590239033604e-06 -8.593953394126520e-06 -5.626029667135479e-06
4.256945793566971e-06 2.442584607357842e-06 -7.969751098857944e-06 -4.760248741269908e-06
4.268587901388334e-06 2.170609061013148e-06 -8.078466537750606e-06 -3.821642301943758e-06
4.444810528340611e-06 2.457595482989765e-06 -8.721305824066463e-06 -4.844799065407051e-06
4.545080367280817e-06 2.602065467276537e-06 -9.203922209463891e-06 -5.630790831036699e-06
4.417726766732780e-06 2.210133120088510e-06 -8.621764972324786e-06 -3.880371325274683e-06
4.706102183261875e-06 2.569563136753028e-06 -1.004070051898745e-05 -5.648864385497642e-06
4.592988014870882e-06 2.365154912428918e-06 -9.358813425401801e-06 -4.418792457002830e-06
4.547240775860939e-06 2.241173009352103e-06 -9.192220412027081e-06 -3.888590214245279e-06
4.864090354757324e-06 2.520261161373670e-06 -1.134727178248565e-05 -5.719188387144100e-06
4.799989636850806e-06 2.411946957297993e-06 -1.063058063351165e-05 -4.604049764989517e-06
4.705810417205267e-06 2.281093231616285e-06 -1.001303862473124e-05 -3.833663836905379e-06
4.984732393168624e-06 2.467268884282648e-06 -1.327291169655381e-05 -5.921225892603478e-06
4.939168293942948e-06 2.420651261650045e-06 -1.218174511259621e-05 -4.699395399047099e-06
4.864444396655904e-06 2.325782048486284e-06 -1.121713661045915e-05 -3.681909950246865e-06
5.026964566404988e-06 2.422063042108348e-06 -1.583951263099826e-05 -6.136655633493400e-06
5.019547538041859e-06 2.418968569889744e-06 -1.442171446292092e-05 -4.730360905620327e-06
4.985445159098002e-06 2.373025113246397e-06 -1.311328279465927e-05 -3.467307985311671e-06
4.995813245778001e-06 2.383923791665188e-06 -1.880758077251790e-05 -6.381460460829759e-06
5.023090011561023e-06 2.417035597253987e-06 -1.727625142217171e-05 -4.718009523137135e-06
5.027728221168835e-06 2.414120418276754e-06 -1.575409467165655e-05 -3.194075480454712e-06
4.903521195316462e-06 2.352772820191795e-06 -2.207581158658981e-05 -6.520612811866824e-06
4.959080331883785e-06 2.415226113168121e-06 -2.050226155763576e-05 -4.726186681824656e-06
4.996367222885924e-06 2.448451067924516e-06 -1.887027167778885e-05 -2.981234727839880e-06
4.762839588842351e-06 2.328238401141767e-06 -2.550923745759379e-05 -6.616447420688598e-06
4.840434824342604e-06 2.413601467382352e-06 -2.389760280792373e-05 -4.726945268733121e-06
4.903863706535144e-06 2.476080322917624e-06 -2.223396725111328e-05 -2.925342633293582e-06
4.584844432345751e-06 2.309565773655332e-06 -2.906043805076255e-05 -6.677354292846490e-06
4.679361553807262e-06 2.412305470541652e-06 -2.733165683626913e-05 -4.734974441649000e-06
4.763036878130197e-06 2.497577843744930e-06 -2.564876020912027e-05 -2.923915264610153e-06
4.378709650339842e-06 2.296137731117957e-06 -3.261677363939507e-05 -6.683627491366580e-06
4.485872893817153e-06 2.411538956597810e-06 -3.084523455089117e-05 -4.769960096459443e-06
4.584958106779947e-06 2.514070601091313e-06 -2.905464907810221e-05 -2.901120468755789e-06
4.153153278050045e-06 2.287535752521807e-06 -3.612349997451761e-05 -6.630896140971637e-06
4.268659220408483e-06 2.411092792547948e-06 -3.440926865729200e-05 -4.812262102679839e-06
4.378980677511524e-06 2.526326584867803e-06 -3.261064401621179e-05 -2.921287916163763e-06
3.916188180477915e-06 2.283117144211174e-06 -3.940332944938927e-05 -6.556763924920019e-06
4.036024034787446e-06 2.410941567748442e-06 -3.784241659136931e-05 -4.851336180861681e-06
4.153394700520170e-06 2.534453111661683e-06 -3.614726204897039e-05 -3.005291065639533e-06
3.397780323533157e-06 2.296007899475964e-06 -4.579563862151839e-05 -6.244954817680191e-06
3.432133343120372e-06 2.281774741487289e-06 -4.538959833321278e-05 -6.417165048866075e-06
3.808154381589887e-06 2.411071413212538e-06 -4.087378554968528e-05 -4.847059419545027e-06
3.674418489735841e-06 2.281724699948423e-06 -4.250683902421571e-05 -6.497995735549351e-06
3.916116912522340e-06 2.539014673893156e-06 -3.951176401357769e-05 -3.107615693845696e-06
3.383547740511758e-06 2.330360581516499e-06 -4.596479364157913e-05 -5.833660462028042e-06
3.464812387694669e-06 2.411281971377514e-06 -4.503388249103827e-05 -4.882007749710762e-06
3.674258372848096e-06 2.540544685836029e-06 -4.253149411252115e-05 -3.261664889606226e-06
3.383426109610973e-06 2.492283575514309e-06 -4.600899814489795e-05 -3.903349069746264e-06
3.431979228622453e-06 2.540846802672436e-06 -4.543423592903911e-05 -3.312642318298134e-06
3.397644569948770e-06 2.526622939988825e-06 -4.584224092556901e-05 -3.486943659847137e-06
