-2.536283493540996e-05 4.460994294370128e-06 -4.764784468119472e-05 5.981743221048080e-06
-2.543741716851349e-05 4.280903452768380e-06 -4.788578049530771e-05 5.434192111919961e-06
-2.543756710582750e-05 3.432188493099919e-06 -4.807450156827660e-05 2.921681193710231e-06
-2.536300031977571e-05 3.252102612638158e-06 -4.786306135251767e-05 2.402541091881333e-06
-2.518277883369044e-05 4.535600959191994e-06 -4.708779544383869e-05 6.207821542776772e-06
-2.484535725025356e-05 3.856586358573758e-06 -4.619766300709092e-05 4.208835242043560e-06
-2.518296086057621e-05 3.177499966520953e-06 -4.734330470767494e-05 2.189088433055650e-06
-2.391516040232224e-05 4.536370419746428e-06 -4.322010421291518e-05 6.207199990437927e-06
-2.391543101034869e-05 3.177041897602877e-06 -4.355804024103398e-05 2.253885137942413e-06
-2.321440764282983e-05 3.856900368537948e-06 -4.130690980632589e-05 4.219957949350294e-06
-2.264484294632255e-05 4.538339371711635e-06 -3.971829844067370e-05 5.991429444989504e-06
-2.264502633987047e-05 3.175584954254153e-06 -3.991097253452354e-05 2.294182341578169e-06
-2.200837633934993e-05 3.857454913507862e-06 -3.804638315238080e-05 4.274059674876522e-06
-2.137154049919622e-05 4.540246537494580e-06 -3.665484423811224e-05 5.907013541475149e-06
-2.137126228237061e-05 3.174936322755509e-06 -3.651483232345607e-05 2.440025045297249e-06
-2.073381841622418e-05 3.858031447670995e-06 -3.489581420745116e-05 4.205992095511725e-06
-2.009666201815540e-05 4.541853935207818e-06 -3.340501262366211e-05 5.883002277415489e-06
-2.009623972608883e-05 3.174962103409375e-06 -3.342580713571013e-05 2.519950802168745e-06
-1.945864710884763e-05 3.858743820917693e-06 -3.180004511808931e-05 4.146778909607960e-06
-1.882037881488469e-05 4.545060071319516e-06 -3.005014307739418e-05 5.969064971524410e-06
-1.882024317800980e-05 3.173667551807505e-06 -3.030074897352607e-05 2.448122288263144e-06
-1.818056750425771e-05 3.859542144996904e-06 -2.851071383992234e-05 4.097891761335163e-06
-1.753750828814045e-05 4.552142657778107e-06 -2.655062751311942e-05 5.944079756519709e-06
-1.753790455094153e-05 3.168500072308750e-06 -2.701012731213829e-05 2.391402383870786e-06
-1.689166492237347e-05 3.860547589395063e-06 -2.517660575663908e-05 4.063549239917957e-06
-1.623848676638854e-05 4.564472683532581e-06 -2.322115626081956e-05 5.843756712259187e-06
-1.623945860937269e-05 3.158117751752940e-06 -2.373594478213180e-05 2.419502742002481e-06
-1.558134214120778e-05 3.861742587279965e-06 -2.199193573172731e-05 4.086427837091760e-06
-1.491310948736371e-05 4.581761880115063e-06 -2.009406115877565e-05 5.756841446412848e-06
-1.491415967449113e-05 3.142830994719364e-06 -2.048582100901632e-05 2.363889896141060e-06
-1.423999751687168e-05 3.862940372176154e-06 -1.887067112519861e-05 4.118681215754429e-06
-1.355381859965491e-05 4.602046558801918e-06 -1.709797965460288e-05 5.650492791232542e-06
-1.355453904037382e-05 3.124739111913028e-06 -1.726816094486313e-05 2.348851473159308e-06
-1.286222420830168e-05 3.864198346034683e-06 -1.582616999321746e-05 4.094342768687615e-06
-1.215695397219915e-05 4.624299539269030e-06 -1.419465271317789e-05 5.563211761336342e-06
-1.215726828125376e-05 3.105047129375235e-06 -1.417201375795891e-05 2.392015603674821e-06
-1.147476714635499e-05 3.865560759565157e-06 -1.287198230814138e-05 4.065940506665468e-06
-1.077881595284066e-05 4.648342720675559e-06 -1.145089703448892e-05 5.493592109040231e-06
-1.077899820167965e-05 3.082724256595501e-06 -1.135743296553226e-05 2.467800179069237e-06
-1.025354021041745e-05 3.928916981296679e-06 -1.045011639487815e-05 4.108861388607858e-06
-9.703554743487825e-06 4.670308346760470e-06 -9.464164017291584e-06 5.346331469886233e-06
-9.704489834641187e-06 3.061997008621402e-06 -9.504388995092891e-06 2.609897557186906e-06
-8.900874698883170e-06 4.689146876992804e-06 -8.116355416390874e-06 5.276482284436899e-06
-9.064053189049373e-06 4.145682973751597e-06 -8.374924337428720e-06 4.442018446846019e-06
-8.902274085225162e-06 3.048922561428008e-06 -8.186508546017759e-06 2.679510030613107e-06
-8.307633652891392e-06 3.034672921732240e-06 -7.246879960428060e-06 2.720306539154460e-06
1.550801548060649e-06 -4.056744750999381e-07 6.950050841596980e-07 -4.556260761473845e-07
1.581129667026565e-06 -4.783941425157986e-07 7.001436693731866e-07 -4.671148253198942e-07
1.581064284561086e-06 -7.500919314764277e-07 7.109249470758155e-07 -4.985618816486803e-07
1.550853671181190e-06 -8.222083674053108e-07 7.086788393396584e-07 -5.095276095399189e-07
-8.308555632151057e-06 4.702346809835310e-06 -7.162303771407799e-06 5.218984235507059e-06
-7.758237488462006e-06 4.683037980522018e-06 -6.387771240138904e-06 5.136120174625456e-06
-8.192682321203306e-06 3.659723332792632e-06 -7.021649843320055e-06 3.667665378998451e-06
-7.764983418352079e-06 2.971787493881422e-06 -6.462020607836351e-06 2.697517893254724e-06
1.478358243684432e-06 -3.757439333693490e-07 6.835267934073857e-07 -4.502878774160817e-07
1.405099285618062e-06 -6.739005955189007e-07 6.848258597976355e-07 -4.831666364074224e-07
1.478718852011376e-06 -8.525646876443495e-07 6.987025362420441e-07 -5.139938881289047e-07
-7.587711528087578e-06 4.165957482416556e-06 -6.142541725164538e-06 4.395644328990551e-06
-7.208206723613771e-06 4.603454551810708e-06 -5.662809913596451e-06 4.958645642304974e-06
-6.662608144191592e-06 4.456456085673877e-06 -4.986485617841889e-06 4.714649636476231e-06
-7.422621795744495e-06 3.435757825610008e-06 -5.953934169151220e-06 3.382259226220726e-06
-7.226416530678199e-06 2.809478053312358e-06 -5.682567604995844e-06 2.497654628572756e-06
9.865104056339950e-07 -3.694518503697633e-07 6.053809541056677e-07 -4.142811341094277e-07
9.854318483443473e-07 -8.634849272529718e-07 6.020048754811710e-07 -5.205235594334360e-07
7.304715197240421e-07 -6.176864000643938e-07 5.385932493582467e-07 -4.810585118166564e-07
-6.128188022708950e-06 4.249382065727445e-06 -4.321577300851022e-06 4.404829996220229e-06
-6.595114383622974e-06 3.897985380631682e-06 -4.885098364153477e-06 3.979522126995030e-06
-6.786749182857918e-06 3.176378729019479e-06 -5.104521470863855e-06 2.994560247330124e-06
-6.712823822085379e-06 2.549554103924637e-06 -4.986088541742284e-06 2.207010274651495e-06
4.533258284337085e-07 -3.251362415706579e-07 4.650283237937491e-07 -4.016394590705347e-07
4.527074820374230e-07 -9.125565907768847e-07 4.484409583897201e-07 -5.825264414316756e-07
1.366967674888074e-07 -6.201009615589351e-07 3.488276699804483e-07 -5.052919095071838e-07
-5.616154905131660e-06 3.976860851000635e-06 -3.687466359523607e-06 4.024178929995184e-06
-5.128965990606840e-06 3.641815003682148e-06 -3.099705876382359e-06 3.569032485575753e-06
-6.107714383722588e-06 3.058452208100548e-06 -4.236698280682715e-06 2.834425128862165e-06
-6.241598432781760e-06 2.199637631748019e-06 -4.353925026844864e-06 1.841021759951468e-06
-2.265532139625361e-07 -2.269367433751371e-07 1.883031748570987e-07 -3.270676337138107e-07
-2.274245555240214e-07 -1.016136946203148e-06 1.947315861788438e-07 -6.748731949936875e-07
-5.251525812077057e-06 3.102766030246074e-06 -3.239827139247716e-06 2.883431776914557e-06
-4.674910387497434e-06 3.251416428015148e-06 -2.608583487687532e-06 3.056014456312974e-06
-5.461994822938957e-06 2.471110123454482e-06 -3.468621504074771e-06 2.149717036102229e-06
-5.829396889940851e-06 1.762227495977784e-06 -3.835234148662950e-06 1.400518004635821e-06
-6.281701986583572e-07 -6.228768986192964e-07 1.041256834746619e-08 -4.984052685568401e-07
-1.105839270874394e-06 -8.349973618163247e-08 -2.549850131614139e-07 -1.777340369073594e-07
-1.106216740005413e-06 -1.166312953025064e-06 -2.282464768897570e-07 -8.060674163287938e-07
-4.266578330893154e-06 2.805650948673581e-06 -2.194308477505434e-06 2.517502186670766e-06
-3.901731627403833e-06 2.303464948010093e-06 -1.877254910222056e-06 1.968531590929658e-06
-3.587645885071653e-06 1.757756667164718e-06 -1.664544427510962e-06 1.402385654252881e-06
-5.029379101103335e-06 1.885070387793632e-06 -3.020793965662687e-06 1.518243390836883e-06
-5.491712702355872e-06 1.246304848150178e-06 -3.440050155868333e-06 9.206631086079070e-07
-1.491020392410807e-06 -6.242748992893789e-07 -4.650953697065250e-07 -4.712268221747281e-07
-1.964165300246089e-06 5.917246025693692e-08 -7.521662365742698e-07 -4.451453350199163e-08
-1.964746706784764e-06 -1.318994378035676e-06 -7.730945167901462e-07 -8.818864987844890e-07
-4.195552919211393e-06 1.763944950984558e-06 -2.193770839155125e-06 1.389358694216687e-06
-3.338040932267593e-06 1.168079506971129e-06 -1.517633589501569e-06 8.367577114194128e-07
-2.761621994388290e-06 1.821263020458689e-07 -1.262870133331686e-06 4.932004132701361e-08
-3.004761576182460e-06 3.000922663187752e-07 -1.399626169022303e-06 1.273291608521206e-07
-3.146658535231623e-06 5.339096056557714e-07 -1.458305107730374e-06 2.948618738819463e-07
-4.720830517709412e-06 1.168684167455249e-06 -2.687748769403876e-06 8.207694462610137e-07
-5.246215608349949e-06 6.685510423097901e-07 -3.112995343104243e-06 4.136987170101710e-07
-2.391183885634379e-06 -5.268377426413242e-07 -1.035304078787347e-06 -4.038358049563298e-07
-2.731548424273311e-06 -1.427700293573343e-06 -1.293958553573736e-06 -9.682710497883569e-07
-3.755594453392240e-06 7.435668675957195e-07 -1.887821981506533e-06 4.471519603255007e-07
-3.004812193973650e-06 -1.785096691024759e-07 -1.426880823015327e-06 -1.847497980505302e-07
-3.292382632945450e-06 2.173621347230318e-07 -1.583718125933721e-06 6.868832531985853e-08
-4.485212254204971e-06 4.872403854751436e-07 -2.462507895794884e-06 2.564820187843081e-07
-5.107363030157546e-06 4.617247483367555e-08 -2.899264041718674e-06 -5.076781788859036e-08
-2.992752137233332e-06 -9.597182781800037e-07 -1.462211165083517e-06 -6.809985072147655e-07
-2.937478112029613e-06 -1.548405399217627e-06 -1.448903761051369e-06 -1.036878347467777e-06
-3.870585934739518e-06 -3.149665256951132e-07 -2.000620263011094e-06 -3.035455092840541e-07
-5.077402467827957e-06 -6.010379596232479e-07 -2.808301934858554e-06 -4.789175823934012e-07
-5.209968524751082e-06 -1.269479999364592e-06 -2.784626990985046e-06 -8.827254301562719e-07
-3.441201027475409e-06 -1.380172102455864e-06 -1.768210720446551e-06 -9.420272898939452e-07
-3.050757979589883e-06 -1.818969505339392e-06 -1.537269089802619e-06 -1.175408639079777e-06
-3.177312998681075e-06 -2.589259444408505e-06 -1.652247103894556e-06 -1.563642805182509e-06
-4.517102654388379e-06 -1.336326697146561e-06 -2.392251299467951e-06 -9.490778929295552e-07
-3.396302066027219e-06 -3.380571881615578e-06 -1.818046179543420e-06 -1.920092891457299e-06
-5.488863983126497e-06 -1.960808493291014e-06 -2.854342413883784e-06 -1.250676668388413e-06
-3.852770955518992e-06 -2.601876585995660e-06 -2.041736291058019e-06 -1.573384350010890e-06
-4.897188540698512e-06 -2.663482960457034e-06 -2.541432749283529e-06 -1.587549284197593e-06
-3.736230908535545e-06 -4.155450326724388e-06 -2.005907093887786e-06 -2.243302179740886e-06
-5.922485879112956e-06 -2.665698392998557e-06 -3.014973091903199e-06 -1.582507174359257e-06
-5.612947538564354e-06 -3.400164609148161e-06 -2.851044597525305e-06 -1.894863735720944e-06
-4.830298395810433e-06 -3.876625094939205e-06 -2.501310660256400e-06 -2.106161211043515e-06
-4.178743104843612e-06 -4.936125585636295e-06 -2.242622091927036e-06 -2.548342549551434e-06
-4.753919040019292e-06 -5.694375984109784e-06 -2.485374527356884e-06 -2.803291329521489e-06
-6.524855445313704e-06 -3.340999607157294e-06 -3.219901007874784e-06 -1.852231362302988e-06
-6.120006274339668e-06 -4.271481172034255e-06 -3.034864348473468e-06 -2.217085758507177e-06
-5.635017613359587e-06 -5.402347789153058e-06 -2.827492512577059e-06 -2.679873251290575e-06
-5.425745872861873e-06 -6.417091404180496e-06 -2.748043972614725e-06 -3.070325581204217e-06
-7.274858443001326e-06 -3.960200528839082e-06 -3.502723635151279e-06 -2.063030706680086e-06
-7.058828446855534e-06 -5.406136058003932e-06 -3.390479180616279e-06 -2.624211576088687e-06
-6.215929677473520e-06 -7.064753969638830e-06 -3.024955136383826e-06 -3.318806461682417e-06
-7.122208116793563e-06 -7.642782399627207e-06 -3.384172487515910e-06 -3.549580502811510e-06
-8.112832788446782e-06 -8.140374714149165e-06 -3.792621524506584e-06 -3.760258046005274e-06
-8.183029342429326e-06 -5.728219935178247e-06 -3.843504660162916e-06 -2.734927891929367e-06
-8.169334116028033e-06 -4.492893189582950e-06 -3.838070436179579e-06 -2.228704998002246e-06
-7.955271055793073e-06 -6.997533030784627e-06 -3.731475469104774e-06 -3.272698630388598e-06
-9.195398100937817e-06 -8.513132097507703e-06 -4.263336657905994e-06 -3.920300333763690e-06
-1.034989204090038e-05 -8.771502738037343e-06 -4.780562381396442e-06 -4.049586547248954e-06
-9.109801773756379e-06 -6.007765338348344e-06 -4.258788754684286e-06 -2.847878709442856e-06
-9.200711343862827e-06 -4.882393791827685e-06 -4.299336074153483e-06 -2.370687532297487e-06
-1.154534432712486e-05 -8.892563011814875e-06 -5.300892222322429e-06 -4.103859581383191e-06
-1.018846753504664e-05 -7.087348522461909e-06 -4.717811320576295e-06 -3.294381967689411e-06
-1.033281052285302e-05 -5.104429325373009e-06 -4.786517754755179e-06 -2.449587106563888e-06
-1.180434591496063e-05 -7.278159737528388e-06 -5.450277460692115e-06 -3.351360694887036e-06
-1.291627656944950e-05 -8.954422807931330e-06 -5.940238919967250e-06 -4.081154088499190e-06
-1.152773121453461e-05 -5.157967832750199e-06 -5.317401476933209e-06 -2.441715446649663e-06
-1.485396771351288e-05 -9.016323424725508e-06 -6.812219052784709e-06 -4.066785691182577e-06
-1.329855979242144e-05 -6.345340579539308e-06 -6.129284131957496e-06 -2.918522486283476e-06
-1.291241058641451e-05 -5.097964224016363e-06 -5.953902873302110e-06 -2.388938145295441e-06
-1.763850006852317e-05 -9.110031109666403e-06 -7.947833833834567e-06 -3.954655125139036e-06
-1.623408122566130e-05 -6.865532407086767e-06 -7.407057143242863e-06 -3.094560442889861e-06
-1.485507156944917e-05 -5.020286700844658e-06 -6.794825191127941e-06 -2.345586024765656e-06
-2.148369936418664e-05 -9.210529743067717e-06 -9.280777329588831e-06 -3.784075319523154e-06
-1.953296269487394e-05 -7.024880545742986e-06 -8.644623944231035e-06 -3.118634753842540e-06
-1.763867637381267e-05 -4.932797823696270e-06 -7.944315323076202e-06 -2.357513875248334e-06
-2.565306356936016e-05 -9.297319635157937e-06 -1.054113219923334e-05 -3.600974069255592e-06
-2.354207363705085e-05 -7.025651081133377e-06 -9.955661942888759e-06 -3.061956494939572e-06
-2.148335968023628e-05 -4.838929978232465e-06 -9.305716984339844e-06 -2.401617907933628e-06
-2.996950570992187e-05 -9.374184046990956e-06 -1.155150999697544e-05 -3.483440566321420e-06
-2.778744692702493e-05 -7.027028187742604e-06 -1.109503800965969e-05 -2.988104260364318e-06
-2.565254620705830e-05 -4.755346467679725e-06 -1.058955151620227e-05 -2.420271474296902e-06
-3.441906398959452e-05 -9.442976370850544e-06 -1.246326433567038e-05 -3.360967146673836e-06
-3.217277697056175e-05 -7.028349893006355e-06 -1.206237833903112e-05 -2.943840037269594e-06
-2.996894664098244e-05 -4.681262077321344e-06 -1.160799334362894e-05 -2.430756607375521e-06
-3.898754379212310e-05 -9.503424739561670e-06 -1.320185479007221e-05 -3.199477438432280e-06
-3.668431814680330e-05 -7.029485574306015e-06 -1.289958532311927e-05 -2.882432824404801e-06
-3.441854285441673e-05 -4.614943175803250e-06 -1.253211459070188e-05 -2.494011490273960e-06
-4.365937908671669e-05 -9.554981798766554e-06 -1.371961286234713e-05 -3.017499438284421e-06
-4.130716347105381e-05 -7.030417413652003e-06 -1.353506710650911e-05 -2.825322509641017e-06
-3.898699933421946e-05 -4.556517834411966e-06 -1.327921346988679e-05 -2.522852001003185e-06
-4.841733114417349e-05 -9.596469358396186e-06 -1.393975719114866e-05 -2.856077893955527e-06
-4.602519013677749e-05 -7.031233162920021e-06 -1.389408550919536e-05 -2.795731989530665e-06
-4.365883997847621e-05 -4.506660606522524e-06 -1.377179243668381e-05 -2.613666927770787e-06
-5.324135352049130e-05 -9.626574125171052e-06 -1.406850464706647e-05 -2.846976302016656e-06
-5.081982757019565e-05 -7.031883292722217e-06 -1.403845234372931e-05 -2.779359845807497e-06
-4.841682256069360e-05 -4.466682463713368e-06 -1.399355034095148e-05 -2.700756184938041e-06
-5.810964703692986e-05 -9.645359186750513e-06 -1.430702024813354e-05 -2.865968787860397e-06
-5.566978684621043e-05 -7.032249666501815e-06 -1.420391335575597e-05 -2.731339753550004e-06
-5.324110204914957e-05 -4.437544148275263e-06 -1.414612659632057e-05 -2.643606744792509e-06
-6.859716590412362e-05 -9.368079480048518e-06 -1.500721708824761e-05 -2.875033212343309e-06
-6.790152018613488e-05 -9.656181114834385e-06 -1.495559158714086e-05 -2.895730147947719e-06
-6.029861833929464e-05 -7.032470072504186e-06 -1.445262109771376e-05 -2.722129804186802e-06
-6.300189793427235e-05 -9.654204022805451e-06 -1.464552738957133e-05 -2.910015085134359e-06
-5.810942011117700e-05 -4.419401006226708e-06 -1.433913950014712e-05 -2.555534837302533e-06
-6.888531403745435e-05 -8.672497705345444e-06 -1.502883610003729e-05 -2.825419653175394e-06
-6.723870143611390e-05 -7.032699157027711e-06 -1.492221177925056e-05 -2.712669789466444e-06
-6.300173101696524e-05 -4.410861349800659e-06 -1.466201131047830e-05 -2.545458041513256e-06
-6.888518759305582e-05 -5.392986501062980e-06 -1.504953224754775e-05 -2.584574821292947e-06
-6.790135947981842e-05 -4.409278146097441e-06 -1.497876538860671e-05 -2.514482129057689e-06
-6.859702470064705e-05 -4.697390073230331e-06 -1.502887233221893e-05 -2.534162622858256e-06
