-7.680638265799163e-05 1.175113386993327e-05 4.627467475914825e-05 -5.894936097519313e-06
-7.709939271110712e-05 1.104385181238166e-05 4.646381050983533e-05 -5.437061079261050e-06
-7.709979562937047e-05 7.709814229728531e-06 4.651907241879234e-05 -3.242565678845494e-06
-7.680684432679490e-05 7.002597243940705e-06 4.633663903182014e-05 -2.789872789342304e-06
-7.609903793323280e-05 1.204409114134276e-05 4.581917296442532e-05 -6.085842228402412e-06
-7.477267433257560e-05 9.376924661375747e-06 4.496314409103835e-05 -4.348658300459417e-06
-7.609959017542842e-05 6.709670346692166e-06 4.588952019875305e-05 -2.601267809756735e-06
-7.111890212505057e-05 1.204358476934917e-05 4.250869011536314e-05 -6.147402563420992e-06
-7.111967824906197e-05 6.710451513672992e-06 4.256946991161717e-05 -2.543028845996352e-06
-6.837033324181996e-05 9.376991178603123e-06 4.071105761470551e-05 -4.320305327311347e-06
-6.614107513820591e-05 1.204051510835080e-05 3.911378158922225e-05 -6.105609794974054e-06
-6.614158509361269e-05 6.713311037119903e-06 3.917824965185917e-05 -2.481906797522584e-06
-6.365399319111017e-05 9.377154544285330e-06 3.750780631348198e-05 -4.280527848238676e-06
-6.117141132932656e-05 1.203328071371350e-05 3.560352791148265e-05 -6.136522551768302e-06
-6.117133014998939e-05 6.720875642160486e-06 3.572350027617115e-05 -2.407442770705737e-06
-5.869121497898512e-05 9.377051586680981e-06 3.400531108664348e-05 -4.216380659685921e-06
-5.621976919242439e-05 1.201979969182066e-05 3.191023887308015e-05 -6.184476840494138e-06
-5.622009696444458e-05 6.734495221203550e-06 3.221173219935342e-05 -2.257000630974707e-06
-5.375332396926384e-05 9.376974985858509e-06 3.035855872256752e-05 -4.160572969071556e-06
-5.130021391100760e-05 1.199839015887465e-05 2.813718084913320e-05 -6.192259291908466e-06
-5.130078610711958e-05 6.755549214340220e-06 2.850387213704643e-05 -2.113035691484597e-06
-4.885494233794535e-05 9.376754181119949e-06 2.649276334207898e-05 -4.114968912241441e-06
-4.642791967203478e-05 1.196895137198066e-05 2.431769301898665e-05 -6.140133117507664e-06
-4.642834007063241e-05 6.784045662744935e-06 2.466070025249652e-05 -2.130362057748564e-06
-4.401088613223232e-05 9.376274880703357e-06 2.263285945249842e-05 -4.101156625529844e-06
-4.161674838365448e-05 1.193229958703264e-05 2.072333644997977e-05 -6.015033135199912e-06
-4.161684996234832e-05 6.819267048598772e-06 2.099036173455705e-05 -2.212341349394643e-06
-3.923437031581191e-05 9.375571741802732e-06 1.902617243119387e-05 -4.116423145983032e-06
-3.687922592122074e-05 1.188882317881344e-05 1.738221943964575e-05 -5.862112114369807e-06
-3.687891708509306e-05 6.860900409372634e-06 1.754556424743357e-05 -2.311669585968469e-06
-3.453748544863630e-05 9.374579414239668e-06 1.571999423359770e-05 -4.110025364297280e-06
-3.222712573223216e-05 1.183876133635403e-05 1.442464657187738e-05 -5.550968643174363e-06
-3.222620625659234e-05 6.908808000206198e-06 1.428351461045112e-05 -2.533877035961340e-06
-2.993174055061102e-05 9.373254004867607e-06 1.287292038559701e-05 -4.137520445105696e-06
-2.767163166121778e-05 1.178212585839177e-05 1.181714417251583e-05 -5.319077444310308e-06
-2.767017313506851e-05 6.963124014758782e-06 1.156693851270138e-05 -2.852595665756028e-06
-2.551802574736975e-05 9.371415603791173e-06 1.063957983137499e-05 -4.128356173015441e-06
-2.340195742725586e-05 1.171977909150496e-05 9.875610766845117e-06 -5.065654208885988e-06
-2.340039091869438e-05 7.025193551666939e-06 9.667343242413414e-06 -3.160195418025633e-06
-2.182448018893142e-05 9.550556770250431e-06 9.194186171895707e-06 -4.175615593920775e-06
-2.024935750787205e-05 1.166344549645918e-05 8.691196599972439e-06 -4.941747162096011e-06
-2.024724645853551e-05 7.081260060904779e-06 8.629327652493673e-06 -3.288266006215021e-06
-1.800734555857272e-05 1.161504507495455e-05 7.876103760058656e-06 -4.889194636824732e-06
-1.843067694634803e-05 1.014133479518735e-05 8.032948624094081e-06 -4.353669729518796e-06
-1.800458728761625e-05 7.116642878351641e-06 7.967068737363593e-06 -3.320469999092114e-06
-1.640332761569379e-05 7.154455377365359e-06 7.383873295515554e-06 -3.236814929067572e-06
2.555930205852379e-06 7.452726351766867e-07 -1.095397616595761e-06 -2.756030732425064e-07
2.607228267597180e-06 6.217454256116095e-07 -1.126665976257795e-06 -2.032025594150283e-07
2.606928708936013e-06 1.621685905558390e-07 -1.133862617244208e-06 6.602517363020730e-08
2.555920898112341e-06 4.060479337823482e-08 -1.103197317777060e-06 1.390755324010855e-07
-1.640013344314586e-05 1.158099031879271e-05 7.320811866033758e-06 -4.874895703361900e-06
-1.497021348642433e-05 1.146851511201110e-05 6.814068164721367e-06 -4.885577350195826e-06
-1.606705343781918e-05 8.816726605929226e-06 7.275123016137105e-06 -3.841916521212171e-06
-1.495994461528447e-05 7.069454768783530e-06 6.867993910444017e-06 -3.131644996581374e-06
2.432979932472608e-06 7.964534638641200e-07 -1.021182472786472e-06 -3.053168002620954e-07
2.309277258154436e-06 2.925689952654705e-07 -9.550034798940445e-07 -1.471913851309139e-08
2.434236810350127e-06 -9.982457875877443e-09 -1.030161796414179e-06 1.669577024780497e-07
-1.450797493719649e-05 1.011000479681430e-05 6.665495769747059e-06 -4.405776236855638e-06
-1.357702636023706e-05 1.118856447598183e-05 6.309533095982297e-06 -4.831587958501845e-06
-1.224635783728942e-05 1.076628288106373e-05 5.745975303903410e-06 -4.657327303216961e-06
-1.407840195347977e-05 8.263009723996321e-06 6.500184352323983e-06 -3.617572608317637e-06
-1.359235360900714e-05 6.752657988013777e-06 6.282423538481254e-06 -2.940933797818620e-06
1.600116041926527e-06 8.109646937308254e-07 -5.508571596100093e-07 -3.383492026024093e-07
1.599879493087291e-06 -2.315453187694999e-08 -5.645096991235799e-07 1.356315355514090e-07
1.168429842863401e-06 3.945217095737833e-07 -2.853094064615150e-07 -1.073114670200398e-07
-1.099767864264859e-05 1.019291327527798e-05 5.191485996600899e-06 -4.426360882539379e-06
-1.206302046993833e-05 9.377156592016775e-06 5.648741481831032e-06 -4.099298874482565e-06
-1.251958790361471e-05 7.650371227310274e-06 5.828718781837968e-06 -3.317839548687148e-06
-1.233118512396052e-05 6.222656573241943e-06 5.752980530353738e-06 -2.686811473716198e-06
7.009081442322786e-07 8.885111641169040e-07 -1.794379372346199e-09 -3.732198012388296e-07
7.015293788857343e-07 -9.771936995742903e-08 -9.554123953385127e-09 1.870642939605339e-07
1.704107952264758e-07 3.963492465389916e-07 3.005474278180818e-07 -1.013788250392543e-07
-9.834670624405086e-06 9.497915065847235e-06 4.660522119405038e-06 -4.147826172218838e-06
-8.784563155896251e-06 8.692732994988371e-06 4.103052530272754e-06 -3.784063051225496e-06
-1.092847206563829e-05 7.383380871551933e-06 5.090948352541664e-06 -3.200146888877603e-06
-1.121052389924348e-05 5.495942314767946e-06 5.204386334022611e-06 -2.318909807646162e-06
-4.382467662438035e-07 1.055685169846353e-06 6.177528785700937e-07 -4.467237279389091e-07
-4.376854211864409e-07 -2.609980188211387e-07 6.021357113295669e-07 2.042663168242317e-07
-9.050900288100524e-06 7.465847661345591e-06 4.199116903394838e-06 -3.222424003796928e-06
-7.855617479506735e-06 7.779998604098119e-06 3.657731051329298e-06 -3.369869659459508e-06
-9.492341226263965e-06 6.097993754405699e-06 4.363370988262618e-06 -2.569404210590279e-06
-1.025824012168472e-05 4.617293268026579e-06 4.680685302818303e-06 -1.807665909240115e-06
-1.107211436879123e-06 3.984835168094831e-07 9.130805471444728e-07 -1.464183565201274e-07
-1.902288046818818e-06 1.296045534568669e-06 1.243528773975366e-06 -4.989648443353985e-07
-1.900410866818794e-06 -4.988539154927786e-07 1.256332918366361e-06 2.070251670600765e-07
-7.040732618907849e-06 6.786399082090861e-06 3.281760621382265e-06 -2.918280681221325e-06
-6.369458734595239e-06 5.742347204150548e-06 2.960261115743493e-06 -2.383773583213269e-06
-5.837665427867715e-06 4.638594650625390e-06 2.737946761464217e-06 -1.825183984034386e-06
-8.593013756327488e-06 4.877715190089057e-06 3.967272884128051e-06 -1.947880380720582e-06
-9.495057905852220e-06 3.626626174330090e-06 4.360173746168339e-06 -1.449522009925122e-06
-2.540307212895191e-06 4.029056103559242e-07 1.508754997517038e-06 -1.510250531426540e-07
-3.322786596862355e-06 1.531898313908202e-06 1.824721632135686e-06 -5.857728211929703e-07
-3.322391992650758e-06 -7.414020191085326e-07 1.803004499534428e-06 2.992192372238298e-07
-6.962690549438805e-06 4.636372314728245e-06 3.244044376839358e-06 -1.828100655632571e-06
-5.434346992375524e-06 3.502600736559964e-06 2.576676601404473e-06 -1.301938211872311e-06
-4.610446524869767e-06 1.731208578430835e-06 2.356807362118110e-06 -6.723062457777268e-07
-4.985023427228731e-06 1.930886763159901e-06 2.468150270720782e-06 -7.322994351476066e-07
-5.184616083520496e-06 2.338765407775929e-06 2.513488910633537e-06 -8.656888166035762e-07
-7.966532146482222e-06 3.481425733330308e-06 3.679271502388350e-06 -1.377221982998941e-06
-8.927670119312865e-06 2.567372033670666e-06 4.090631378348265e-06 -9.886878177182299e-07
-4.025368736286544e-06 5.699643246206327e-07 2.101856061423640e-06 -2.073272582859688e-07
-4.614654455433837e-06 -9.158113949158646e-07 2.343533986357303e-06 3.576110283251728e-07
-6.213336185549242e-06 2.699480492290025e-06 2.891520744653416e-06 -1.001175762723775e-06
-5.010656333536990e-06 1.132850705143282e-06 2.488496584885095e-06 -4.482210141478427e-07
-5.454850995388453e-06 1.789572128126256e-06 2.622597091943257e-06 -6.746679175993673e-07
-7.517910481723681e-06 2.239083341197733e-06 3.475651351361936e-06 -8.338476677705264e-07
-8.574561398940666e-06 1.484290580034013e-06 3.896233192203242e-06 -5.560222775486399e-07
-5.036434207661256e-06 -1.526709691411716e-07 2.512527584479670e-06 6.747923365298691e-08
-4.982424016287898e-06 -1.108066203425174e-06 2.531674435409405e-06 4.249519319500679e-07
-6.448361483217446e-06 8.659770105481999e-07 3.038296189094265e-06 -3.043802042472923e-07
-8.453242570552720e-06 4.001651702087980e-07 3.812634379317551e-06 -8.543896099937863e-08
-8.564377344696789e-06 -6.686978033812642e-07 3.769876174856365e-06 2.533508262997269e-07
-5.796462455085802e-06 -8.486923877898594e-07 2.821014343869878e-06 3.412369845782391e-07
-5.195414327107564e-06 -1.522625106720382e-06 2.642065233004541e-06 5.497297948186900e-07
-5.454308925844600e-06 -2.670931743473680e-06 2.757419032309907e-06 8.614995927246430e-07
-7.489522083500863e-06 -8.030891804960425e-07 3.433819496469542e-06 3.158611018552517e-07
-5.846199264854013e-06 -3.794524672085806e-06 2.891987970524884e-06 1.191517992785501e-06
-8.903938230335189e-06 -1.749689701155593e-06 3.819728580510916e-06 5.654871894101550e-07
-6.486840231666397e-06 -2.707617830815014e-06 3.051923262501376e-06 8.850553391729342e-07
-8.020323960431556e-06 -2.794086360479540e-06 3.563753506515987e-06 8.872577048079763e-07
-6.377405070942223e-06 -4.871178903652892e-06 3.096556611066493e-06 1.516197102020106e-06
-9.454515880734818e-06 -2.795114003782004e-06 3.937014374373113e-06 8.763126012848044e-07
-9.002987775730801e-06 -3.836845385589742e-06 3.833175002715219e-06 1.217079453640011e-06
-7.927204353411551e-06 -4.494779813820611e-06 3.572341493306975e-06 1.424221112113835e-06
-7.036495458782966e-06 -5.909960193906518e-06 3.316330967935430e-06 1.745501982778142e-06
-7.836412542339881e-06 -6.887145193967387e-06 3.560207371734078e-06 1.962964244766057e-06
-1.021364441153127e-05 -3.765483662886546e-06 4.133965379637300e-06 1.205715858311698e-06
-9.669218773594740e-06 -5.019403514984325e-06 4.026112007109788e-06 1.538069829101617e-06
-9.025933553924112e-06 -6.501053156484836e-06 3.903456614537278e-06 1.862441662754891e-06
-8.751086298241222e-06 -7.790312359499684e-06 3.831027000997586e-06 2.121613253037312e-06
-1.115536704345126e-05 -4.624233725225717e-06 4.345897268896691e-06 1.435239994558753e-06
-1.087098858882287e-05 -6.493961171605829e-06 4.307907034926877e-06 1.872990976857252e-06
-9.787002787678345e-06 -8.587845794387384e-06 4.096279345392358e-06 2.242817679759451e-06
-1.093760209693286e-05 -9.279003507635064e-06 4.347077946634200e-06 2.347093820815600e-06
-1.217614941931697e-05 -9.853774550590958e-06 4.563230094838979e-06 2.380254141741722e-06
-1.227476316986917e-05 -6.898130523300106e-06 4.625919854057386e-06 1.963993135247064e-06
-1.226398811872015e-05 -5.338942599201895e-06 4.620949492069817e-06 1.630350625640134e-06
-1.199288596925117e-05 -8.469051333941787e-06 4.557876781585798e-06 2.219669875683276e-06
-1.349946138507857e-05 -1.027857278836239e-05 4.717937431050632e-06 2.391136007312664e-06
-1.488863983768353e-05 -1.055871870130686e-05 4.880968746873705e-06 2.336145815425985e-06
-1.340974023862790e-05 -7.246655442005693e-06 4.801232328932788e-06 2.023831908811052e-06
-1.351891454990336e-05 -5.861974614261232e-06 4.834235653483759e-06 1.810250721418127e-06
-1.631381295707533e-05 -1.067649436175921e-05 5.043448841089345e-06 2.255551267459346e-06
-1.471152719467179e-05 -8.550877097228369e-06 4.911923007193732e-06 2.159311244954169e-06
-1.487957693707264e-05 -6.169260816715022e-06 4.943260299766737e-06 1.946236825242509e-06
-1.662568812944581e-05 -8.770400135179750e-06 5.048108803825031e-06 2.164530006593583e-06
-1.792191812525211e-05 -1.072003964641587e-05 5.105621527374600e-06 2.195407767263152e-06
-1.630243561382513e-05 -6.256520659105994e-06 5.032130535226599e-06 2.027767590992014e-06
-2.017191116600180e-05 -1.076355552863830e-05 5.104486044961260e-06 2.165225470249321e-06
-1.837790413090686e-05 -7.675068594895813e-06 5.070008756771651e-06 2.141197988833316e-06
-1.792003918707086e-05 -6.212211928191682e-06 5.048086150118953e-06 2.089819541550461e-06
-2.335365535800110e-05 -1.083051214202285e-05 5.092659224623204e-06 2.170636660404445e-06
-2.175998308369435e-05 -8.279991523091894e-06 5.058338956498540e-06 2.164503003618102e-06
-2.017357240850058e-05 -6.154004947085309e-06 5.060484217820527e-06 2.118671647971852e-06
-2.767872355642258e-05 -1.090133567564752e-05 5.066767790975400e-06 2.149161633367601e-06
-2.549590923614887e-05 -8.460380765044737e-06 5.064423061552195e-06 2.176510793134621e-06
-2.335439173523379e-05 -6.087539031284238e-06 5.018374852624124e-06 2.136151565829716e-06
-3.230235718582935e-05 -1.095895617680390e-05 5.045038199914702e-06 2.154607737710421e-06
-2.997255880484805e-05 -8.458635912918971e-06 5.067128422432598e-06 2.150373594193886e-06
-2.767911753216355e-05 -6.017008993142724e-06 5.058443516567258e-06 2.152217744814949e-06
-3.702335100125709e-05 -1.100491338753947e-05 5.024944994148294e-06 2.158366154433465e-06
-3.464821054263409e-05 -8.457552817971910e-06 5.037127597181213e-06 2.165587234282981e-06
-3.230245753802660e-05 -5.957176091884548e-06 5.054058537610847e-06 2.182963813692692e-06
-4.182097190191172e-05 -1.103941006183357e-05 4.939254095647119e-06 2.137665358693703e-06
-3.941124586493091e-05 -8.456644487236467e-06 4.992797644148691e-06 2.191135439033382e-06
-3.702358823332084e-05 -5.909257188841295e-06 5.037379842414234e-06 2.217573302873327e-06
-4.667412491503589e-05 -1.106339572396417e-05 4.925434021137734e-06 2.155279862189859e-06
-4.424015443760062e-05 -8.455806649174339e-06 4.900042534013401e-06 2.201044751938784e-06
-4.182141583397570e-05 -5.872927227541114e-06 4.910607515712131e-06 2.252672072355980e-06
-5.156303368607792e-05 -1.107865379968873e-05 4.929844807842073e-06 2.153628194966823e-06
-4.911407893834161e-05 -8.455445343388234e-06 4.919460444827191e-06 2.224846086300968e-06
-4.667442993681521e-05 -5.847815185152928e-06 4.853644083776126e-06 2.235148650278268e-06
-5.647247231121256e-05 -1.108802212688454e-05 4.889775811029852e-06 2.190147616568860e-06
-5.401503569641646e-05 -8.455500267383245e-06 4.874775948064194e-06 2.208171059085232e-06
-5.156300673634104e-05 -5.832311747108892e-06 4.866915181394461e-06 2.223514936410633e-06
-6.139423289456793e-05 -1.109414381049729e-05 4.820933738550619e-06 2.094924838476408e-06
-5.893142668816340e-05 -8.455754188320378e-06 4.876744750710397e-06 2.170004461759995e-06
-5.647215707322015e-05 -5.823317119396994e-06 4.883542594471831e-06 2.137128603438104e-06
-6.632497091877841e-05 -1.109866161470075e-05 4.640233143017105e-06 2.034229172072661e-06
-6.385813284895249e-05 -8.455936505357863e-06 4.751873593157509e-06 2.117229993341585e-06
-6.139386376200254e-05 -5.817522491003537e-06 4.836894095604475e-06 2.191452044065682e-06
-7.690535192821514e-05 -1.081143191462312e-05 4.031951833215551e-06 1.915744410701117e-06
-7.620366901225737e-05 -1.110206687812522e-05 4.085391619963475e-06 1.897148964532960e-06
-6.853596824730095e-05 -8.455928646892052e-06 4.565546171460350e-06 2.086419344349519e-06
-7.126266739242516e-05 -1.110153563150845e-05 4.417095033609464e-06 1.935141741683122e-06
-6.632496802909053e-05 -5.813084857379765e-06 4.662134990848939e-06 2.216010269406690e-06
-7.719600275320638e-05 -1.010977063747770e-05 4.008968804302974e-06 1.962976677632548e-06
-7.553554826507077e-05 -8.455896596525358e-06 4.129003485022936e-06 2.077910011415279e-06
-7.126276073821558e-05 -5.810339853033906e-06 4.400484727048824e-06 2.215577531427320e-06
-7.719609930125335e-05 -6.801966316029966e-06 3.987389694370815e-06 2.206076975966545e-06
-7.620377987352809e-05 -5.809670790795139e-06 4.061645051254666e-06 2.273140683398951e-06
-7.690545645799041e-05 -6.100304192002626e-06 4.009174296428647e-06 2.254724339027442e-06
