-1.032308932308893e-04 1.451856224088267e-05 -3.837486567137360e-05 5.395803364952699e-06
-1.036353775839462e-04 1.354210235279539e-05 -3.852452072990692e-05 5.020850229032403e-06
-1.036356195471474e-04 8.939035582916493e-06 -3.848905060347818e-05 3.128177310004607e-06
-1.032311627877338e-04 7.962577884355487e-06 -3.833045214515668e-05 2.733994708197560e-06
-1.022544069622657e-04 1.492302387526117e-05 -3.800745890882457e-05 5.552597684196537e-06
-1.004230599397917e-04 1.124062079703712e-05 -3.719873702158904e-05 4.059051816209926e-06
-1.022547068102709e-04 7.558116949543948e-06 -3.794405713438398e-05 2.568319460638535e-06
-9.537882274577836e-05 1.492274423694255e-05 -3.515708744849848e-05 5.608749940751407e-06
-9.537916589190965e-05 7.558486152667500e-06 -3.508205312141538e-05 2.493087870372141e-06
-9.158297709399449e-05 1.124063189454248e-05 -3.361481834650786e-05 4.088580958741430e-06
-8.850414561661335e-05 1.491962252386196e-05 -3.233077804684290e-05 5.542464346510677e-06
-8.850409563353685e-05 7.561266660993069e-06 -3.221680343579426e-05 2.514433222489730e-06
-8.506840327243698e-05 1.124070542687457e-05 -3.100912061474700e-05 4.043404374520520e-06
-8.163825476604877e-05 1.491048635073935e-05 -2.956232086346003e-05 5.441660859538351e-06
-8.163767284578598e-05 7.570525735554568e-06 -2.943227508520225e-05 2.467776196153703e-06
-7.821119723423608e-05 1.124071553634186e-05 -2.822188746978908e-05 3.991729833995043e-06
-7.479601524839539e-05 1.489194206116686e-05 -2.686613043246159e-05 5.463727559221498e-06
-7.479556237593191e-05 7.589401042156320e-06 -2.661117187477717e-05 2.372928020786230e-06
-7.138771174130516e-05 1.124080426967163e-05 -2.532065188453390e-05 3.928192278887175e-06
-6.799919563372940e-05 1.486081562336857e-05 -2.406087489811209e-05 5.423691309806358e-06
-6.799869924214187e-05 7.620558077549742e-06 -2.382196383981617e-05 2.379876589814344e-06
-6.462159297215016e-05 1.124073371629554e-05 -2.239721577799428e-05 3.862114760226343e-06
-6.127259054869833e-05 1.481612227695533e-05 -2.118172725673159e-05 5.403781505675961e-06
-6.127158915838305e-05 7.664911175807159e-06 -2.104465651298418e-05 2.409077164622165e-06
-5.793826839046828e-05 1.124031572010835e-05 -1.948492740094346e-05 3.838719357913952e-06
-5.464171389195393e-05 1.475723853207296e-05 -1.832542640348817e-05 5.360329603262086e-06
-5.464036640101397e-05 7.722866682489827e-06 -1.828206139845653e-05 2.386006470821622e-06
-5.136404576598767e-05 1.123960554362981e-05 -1.665597715042640e-05 3.835628233171443e-06
-4.813285890734366e-05 1.468376700024046e-05 -1.555246453931917e-05 5.298420339364464e-06
-4.813160100598342e-05 7.794798213286643e-06 -1.555078609939242e-05 2.396190398302536e-06
-4.492528295223701e-05 1.123877141838712e-05 -1.388443490007035e-05 3.840139114920364e-06
-4.177309626359792e-05 1.459565844521979e-05 -1.277424725380226e-05 5.157432839212954e-06
-4.177184713030844e-05 7.881030631103896e-06 -1.277043447801289e-05 2.460014173587393e-06
-3.864899533899169e-05 1.123763835999234e-05 -1.129954453458576e-05 3.830676993593737e-06
-3.558895723599004e-05 1.449274216797475e-05 -1.029709503600128e-05 5.014321646702663e-06
-3.558739653083925e-05 7.981612915998413e-06 -1.022471939734894e-05 2.528347902038401e-06
-3.268169754396182e-05 1.123544897522233e-05 -9.132939759331217e-06 3.787668760875456e-06
-2.984350328503031e-05 1.437785192322073e-05 -8.257756980666815e-06 4.822136640198265e-06
-2.984161002494363e-05 8.097308782953709e-06 -8.178363522466713e-06 2.675595413224421e-06
-2.773323082317465e-05 1.147359687657531e-05 -7.514923664717833e-06 3.839875047271130e-06
-2.564428671981380e-05 1.427404232745649e-05 -6.937106724301601e-06 4.673021722662082e-06
-2.564065614392437e-05 8.201319856915795e-06 -6.849332572558159e-06 2.768401584381415e-06
-2.268495420305411e-05 1.418613328741331e-05 -6.016313886814752e-06 4.623487580687196e-06
-2.323607587985078e-05 1.225067942775763e-05 -6.173386758402877e-06 4.040918194151380e-06
-2.268027138760067e-05 8.265940068581137e-06 -6.037484911764529e-06 2.822597459235269e-06
-2.058159657232918e-05 8.334045551265486e-06 -5.418191416744491e-06 2.801544787144490e-06
3.130993954332639e-06 4.460916281820784e-07 3.332971861229166e-07 2.567722187394577e-08
3.194482687397827e-06 2.933560265819915e-07 3.381509341863730e-07 1.756727738687604e-08
3.194094036432091e-06 -2.757218649041892e-07 3.452855185160899e-07 -1.251051032158183e-08
3.130907438603654e-06 -4.263824200590469e-07 3.403147402949590e-07 -2.285402373076778e-08
-2.057535089063696e-05 1.412534191974735e-05 -5.417640089976654e-06 4.594164377330142e-06
-1.871335029606747e-05 1.396441311744823e-05 -4.854258691930195e-06 4.531200755744405e-06
-2.013445076755268e-05 1.050979823468130e-05 -5.290569941531679e-06 3.449771512950458e-06
-1.869442467861702e-05 8.241749223844330e-06 -4.880346487858553e-06 2.732606151253026e-06
2.978931252807890e-06 5.092627869850250e-07 3.233141948070405e-07 2.854514373572418e-08
2.825484947911817e-06 -1.147903054497352e-07 3.243735240980154e-07 -1.800979403424022e-09
2.980128412176089e-06 -4.892806073163921e-07 3.292775271042177e-07 -2.643180357216128e-08
-1.810715870890798e-05 1.219087359471892e-05 -4.666462857345704e-06 3.980887262019926e-06
-1.690673524207141e-05 1.358370067525643e-05 -4.301334274364328e-06 4.393851415462149e-06
-1.519304227540555e-05 1.302583233424413e-05 -3.772052708874592e-06 4.212028101703523e-06
-1.754860176548504e-05 9.794681925200262e-06 -4.520271715785845e-06 3.211065152538271e-06
-1.692202311827846e-05 7.851803121178698e-06 -4.311500091722548e-06 2.549119719727931e-06
1.947728729826524e-06 5.252705958631449e-07 3.106482756520185e-07 5.659112134513237e-08
1.946760023889729e-06 -5.075346669869591e-07 3.102941515545191e-07 -1.185102410043232e-08
1.412512782941585e-06 8.339654687539645e-09 2.640402383700295e-07 3.669923471201327e-08
-1.359548273142585e-05 1.227291207958608e-05 -3.256803199715947e-06 3.983792261342909e-06
-1.495334040992317e-05 1.122949669529735e-05 -3.691192655455157e-06 3.664528134904193e-06
-1.554034385359113e-05 9.010140341271624e-06 -3.873045939081553e-06 2.898850135256890e-06
-1.529748151150531e-05 7.190291794889376e-06 -3.788205168241706e-06 2.288860578444081e-06
8.339772537106756e-07 6.175829849415742e-07 1.980805336885721e-07 1.358370299207504e-07
8.338246898122296e-07 -6.016622494641660e-07 2.323212709136773e-07 -3.715057922907896e-08
1.775091080008465e-07 7.543990629607709e-09 1.161901439006640e-07 7.397429379502069e-08
-1.211493945564034e-05 1.137225818923701e-05 -2.763052625113474e-06 3.694849988874348e-06
-1.078895392683238e-05 1.033819286512492e-05 -2.271190356927220e-06 3.323991701525961e-06
-1.350505577629241e-05 8.671336662382512e-06 -3.194108899134417e-06 2.746958763628268e-06
-1.386200381422285e-05 6.278120462348112e-06 -3.291567692735976e-06 1.946379885654637e-06
-5.726863127576664e-07 8.168338998128913e-07 -3.204735493764341e-08 2.641104421854825e-07
-5.729462828301782e-07 -8.025375421681814e-07 -1.436824250999634e-08 -7.059792858947963e-08
-1.112660750131977e-05 8.774391285887540e-06 -2.379557270827654e-06 2.765466870668094e-06
-9.624476617923937e-06 9.170782137862459e-06 -1.887307273902044e-06 2.907772514408203e-06
-1.168368099954867e-05 7.043594590812045e-06 -2.549821615513604e-06 2.153694414905059e-06
-1.264847978426468e-05 5.180064512204346e-06 -2.821670613332844e-06 1.489851816920035e-06
-1.395439636173446e-06 7.042923606355580e-09 -2.046050402943377e-07 1.234259403011512e-07
-2.369186797970332e-06 1.103642194923589e-06 -4.104328695162670e-07 3.387926046287819e-07
-2.367739156005720e-06 -1.092282559260617e-06 -4.195567518009337e-07 -7.186456118664936e-08
-8.606907401957808e-06 7.909492907908799e-06 -1.569180639444126e-06 2.466780829380818e-06
-7.778912144973523e-06 6.596897752643601e-06 -1.313875256173211e-06 1.985291874922185e-06
-7.131105723928639e-06 5.214321876313186e-06 -1.162891286034272e-06 1.495250899687742e-06
-1.055446614512563e-05 5.509519615441280e-06 -2.189793124833654e-06 1.584049293040393e-06
-1.167976513652397e-05 3.949118518319975e-06 -2.506561859942425e-06 1.127993142749072e-06
-3.150388661684487e-06 9.907836638884969e-09 -5.733398726374042e-07 1.422862085732967e-07
-4.104408543384032e-06 1.385070437980527e-06 -7.825670806247870e-07 4.365315621882728e-07
-4.105012459831488e-06 -1.386683912749843e-06 -7.589818235172894e-07 -1.420722047000302e-07
-8.522345378304445e-06 5.208785575200237e-06 -1.574148511136493e-06 1.482851118970156e-06
-6.643582028640856e-06 3.801541669950225e-06 -1.075756781682107e-06 1.044380161837820e-06
-5.667635023527465e-06 1.622444887398180e-06 -1.069479959795878e-06 5.026866458626261e-07
-6.118107365023634e-06 1.864960967507185e-06 -1.109121143687748e-06 5.507621278505370e-07
-6.353764853176021e-06 2.364286271076808e-06 -1.102311129849224e-06 6.587941940266172e-07
-9.770986991686134e-06 3.770191233793502e-06 -1.953201653720359e-06 1.053672563044009e-06
-1.095886416971534e-05 2.641191909694509e-06 -2.265413351887149e-06 7.346665088571031e-07
-4.961196180052636e-06 2.117555759460738e-07 -9.482171740001335e-07 2.125513874540893e-07
-5.685178548261694e-06 -1.599375797883377e-06 -1.131691735959451e-06 -1.427697802290213e-07
-7.608518400883177e-06 2.805030453480732e-06 -1.369547409957361e-06 7.578701065163650e-07
-6.154929623950948e-06 8.927895872895427e-07 -1.151044101024895e-06 3.658730250014200e-07
-6.688418298070866e-06 1.691392794545679e-06 -1.205749093955666e-06 5.142362609028062e-07
-9.214975233165798e-06 2.236911499031723e-06 -1.819218731668606e-06 6.219060127180891e-07
-1.050648318386218e-05 1.312919575519239e-06 -2.105284455704383e-06 4.361306587104608e-07
-6.196587943773695e-06 -6.717335114013620e-07 -1.227737208798597e-06 4.540409809354817e-08
-6.139295540713047e-06 -1.832652370505512e-06 -1.281038953593447e-06 -1.713171736706664e-07
-7.905049547258414e-06 5.577648504014403e-07 -1.529656636734746e-06 2.546918730793857e-07
-1.034620123951326e-05 -9.781291867303478e-09 -2.026803632521072e-06 1.242073396480272e-07
-1.046010322955236e-05 -1.305052312076079e-06 -1.948711311861396e-06 -7.414016949753510e-08
-7.126526826800544e-06 -1.521243820369793e-06 -1.451240009035142e-06 -1.251370282853054e-07
-6.404748793423334e-06 -2.331255969052692e-06 -1.374665365110185e-06 -2.189366265625280e-07
-6.733050116724951e-06 -3.703447200254990e-06 -1.470865133390493e-06 -3.250403442947353e-07
-9.167457380366171e-06 -1.473425409170256e-06 -1.772482208104467e-06 -1.246653419633216e-07
-7.220003566225616e-06 -5.028601797974410e-06 -1.554143378898439e-06 -4.325394799397072e-07
-1.084696468917743e-05 -2.610509788013657e-06 -1.916826722757428e-06 -2.333087118775876e-07
-7.972026271266630e-06 -3.752741993896807e-06 -1.589696957616537e-06 -3.506496389045564e-07
-9.793846857017153e-06 -3.856918006535324e-06 -1.807742212650049e-06 -3.534568405706399e-07
-7.863356216515292e-06 -6.291647517281123e-06 -1.652408103504078e-06 -5.292958908817301e-07
-1.147727928776827e-05 -3.859549273617353e-06 -1.911049217143723e-06 -3.354451819190938e-07
-1.094236788624493e-05 -5.088285610643846e-06 -1.887742142418879e-06 -4.402489171428639e-07
-9.688183848285263e-06 -5.855860036942674e-06 -1.825863497880741e-06 -5.083698223605397e-07
-8.651890183850462e-06 -7.492161900417688e-06 -1.740157804860943e-06 -5.557699096666707e-07
-9.591094818524843e-06 -8.609022682147227e-06 -1.820034437718245e-06 -5.868219037924537e-07
-1.233970226449552e-05 -5.010922127812665e-06 -1.967166278220624e-06 -4.287746270566950e-07
-1.171057218346563e-05 -6.465651605216350e-06 -1.953448021811370e-06 -5.010974096090585e-07
-1.097155722573405e-05 -8.165568061938902e-06 -1.931941849078289e-06 -5.548369906142916e-07
-1.065687172119609e-05 -9.625957328715618e-06 -1.905342323869549e-06 -5.991830717794579e-07
-1.340439605701271e-05 -6.020937191836984e-06 -2.003833951574458e-06 -4.520851630670270e-07
-1.308041078978696e-05 -8.155566817147759e-06 -1.991013133793784e-06 -5.538946264788044e-07
-1.184816337135370e-05 -1.051767461866090e-05 -1.959625971266636e-06 -6.018486769163955e-07
-1.315226978378604e-05 -1.127797135914816e-05 -2.010356015946492e-06 -6.211060993847951e-07
-1.454364887246316e-05 -1.189496482495126e-05 -2.042096982796602e-06 -6.129518092874492e-07
-1.465837054088899e-05 -8.613760933182162e-06 -2.068607811435695e-06 -5.664645588513599e-07
-1.464739783770288e-05 -6.853341596079743e-06 -2.070649176545376e-06 -4.778343018092755e-07
-1.434568208317855e-05 -1.036769127185011e-05 -2.044261246645454e-06 -6.135336999990542e-07
-1.601280304835179e-05 -1.234614067763589e-05 -2.048599760618200e-06 -5.959257906703895e-07
-1.753733560283430e-05 -1.263132143199301e-05 -2.079723150073639e-06 -5.448104245352336e-07
-1.592073638678009e-05 -9.007344182351734e-06 -2.106291653011184e-06 -5.599294496469248e-07
-1.603850908792521e-05 -7.466138342816145e-06 -2.131599074090749e-06 -5.108664461666611e-07
-1.909165791766688e-05 -1.273964585150256e-05 -2.121157037135920e-06 -4.909154295280489e-07
-1.735535171101361e-05 -1.044393230586046e-05 -2.102389082759046e-06 -5.474946051800298e-07
-1.753322163638410e-05 -7.835769583346856e-06 -2.139143350484499e-06 -5.266974871553276e-07
-1.943364915949880e-05 -1.067965601807158e-05 -2.110756817553579e-06 -5.124805943335478e-07
-2.082218492286531e-05 -1.276234946014224e-05 -2.108635903492644e-06 -4.819866528597977e-07
-1.908477316166549e-05 -7.952630141546840e-06 -2.141046110936740e-06 -5.348426764358058e-07
-2.322091219334543e-05 -1.278487769915436e-05 -2.093195721105554e-06 -4.778954137907564e-07
-2.131861188145067e-05 -9.504187993927192e-06 -2.073376341239877e-06 -5.002322723223521e-07
-2.082054401911539e-05 -7.930699971709518e-06 -2.090546814532917e-06 -5.248183288174901e-07
-2.656019003097745e-05 -1.281884287638882e-05 -2.157248956790171e-06 -5.000410226421101e-07
-2.489839569779177e-05 -1.015438629607690e-05 -2.083312443420359e-06 -4.423178028348839e-07
-2.322110412120986e-05 -7.902827204575074e-06 -2.080541539203042e-06 -4.578750048156047e-07
-3.102921341499881e-05 -1.285608318335710e-05 -2.323530781220090e-06 -5.789432407475714e-07
-2.878420549620682e-05 -1.034663414445802e-05 -2.159104060284835e-06 -4.093969590453767e-07
-2.656002418303275e-05 -7.871602633700569e-06 -2.085649551584404e-06 -3.716915731611504e-07
-3.574728724816900e-05 -1.288859567534112e-05 -2.696337137951732e-06 -5.759243682636366e-07
-3.337836697208872e-05 -1.034711346561923e-05 -2.446265160562679e-06 -3.611492355946685e-07
-3.102902951644439e-05 -7.837220405697099e-06 -2.255631208045587e-06 -2.430884565035449e-07
-4.052014326327043e-05 -1.291625654214752e-05 -3.171710495714297e-06 -5.603266169413375e-07
-3.812512121187688e-05 -1.034789134817655e-05 -2.880165600145624e-06 -3.318544053636912e-07
-3.574706931127553e-05 -7.806353766780182e-06 -2.660154425383194e-06 -1.461860307445031e-07
-4.533820384830203e-05 -1.293863621729949e-05 -3.527378831527022e-06 -4.452107756874654e-07
-4.292233936195579e-05 -1.034876880367027e-05 -3.341517019466991e-06 -3.329808443982815e-07
-4.051984765591020e-05 -7.780314539126854e-06 -3.119729770913787e-06 -1.324115716309011e-07
-5.019145599732868e-05 -1.295626267397654e-05 -3.569860772588465e-06 -2.119165065693336e-07
-4.775947848600810e-05 -1.034966958068241e-05 -3.567978140916509e-06 -3.011719379386071e-07
-4.533785233012172e-05 -7.759783166028500e-06 -3.467579312510781e-06 -2.427074950093967e-07
-5.507152201145082e-05 -1.296993823268625e-05 -3.210215074739088e-06 5.574294885599588e-08
-5.262736242292148e-05 -1.035062840373520e-05 -3.382862289595085e-06 -2.533540034571586e-07
-5.019098479969260e-05 -7.744060824036538e-06 -3.456961188847319e-06 -4.030146415097900e-07
-5.997204319910497e-05 -1.298020469873687e-05 -2.529115103575995e-06 2.143153850403493e-07
-5.751870062035221e-05 -1.035157689915334e-05 -2.825676075811907e-06 -2.252385067777873e-07
-5.507113751525084e-05 -7.732249961138512e-06 -3.062633839890356e-06 -5.102283934889291e-07
-6.488685059666144e-05 -1.298684360369696e-05 -1.629810144951604e-06 3.815731404686264e-07
-6.242750723692923e-05 -1.035245730373985e-05 -2.063901489734385e-06 -1.695202781883235e-07
-5.997172554673785e-05 -7.723842374081180e-06 -2.419284261595177e-06 -5.932047317408189e-07
-6.980855926751937e-05 -1.298965848938989e-05 -6.304975527336072e-07 4.512943263042223e-07
-6.734703143095582e-05 -1.035323781177552e-05 -1.128126504373300e-06 -1.045421149128331e-07
-6.488657344229738e-05 -7.718858651634122e-06 -1.624544222866387e-06 -6.342597535368086e-07
-8.035031594179935e-05 -1.270036116678487e-05 2.010388532625517e-06 5.132682685311701e-07
-7.965150722361202e-05 -1.298983428559477e-05 1.827434371946175e-06 5.847526531701285e-07
-7.201356398950748e-05 -1.035380154447035e-05 -7.410840415439105e-08 -1.211042449993913e-07
-7.473100970582383e-05 -1.298992588791204e-05 5.791111108450725e-07 5.478524225534218e-07
-6.980831069753688e-05 -7.717436112911444e-06 -5.379783052582637e-07 -7.127744114550792e-07
-8.063976859291009e-05 -1.200152552143105e-05 2.088231234368963e-06 3.385874572120013e-07
-7.898621857557061e-05 -1.035434290140390e-05 1.679166477881425e-06 -7.552743115696647e-08
-7.473083141501005e-05 -7.718160465669347e-06 6.189566726859682e-07 -7.263410424607197e-07
-8.063971732646998e-05 -8.707212407657069e-06 2.151153397969735e-06 -5.208888162953280e-07
-7.965140705493465e-05 -7.718841438878419e-06 1.891510758750046e-06 -7.781730426193800e-07
-8.035024927065990e-05 -8.008336676190497e-06 2.075997149213619e-06 -7.040905195270963e-07
