-1.404113250527210e-04 1.869321882956103e-05 5.782962733014326e-06 1.557400619382514e-07
-1.409777774118738e-04 1.732585744190848e-05 5.788732406603303e-06 1.698022308344950e-07
-1.409777676707708e-04 1.087961375639394e-05 5.847600074958678e-06 3.047448344400184e-07
-1.404113118054095e-04 9.512234194141613e-06 5.848105043310935e-06 3.159861261485335e-07
-1.390438308095062e-04 1.925957175242338e-05 5.769813680876754e-06 1.491731999910512e-07
-1.364785119598494e-04 1.410273133855738e-05 5.736563657140255e-06 2.300251158824358e-07
-1.390438075742588e-04 8.945871425602358e-06 5.842307739546040e-06 3.209548722214062e-07
-1.294144688735902e-04 1.925751734710367e-05 5.565461185696201e-06 9.522800793262666e-08
-1.294143492678425e-04 8.947664606589076e-06 5.666623152928386e-06 3.261983935765192e-07
-1.240999522492263e-04 1.410234298164016e-05 5.503242781982378e-06 1.656558295485714e-07
-1.197922499069509e-04 1.924814931342599e-05 5.350043920861862e-06 1.434298552543411e-07
-1.197925245707471e-04 8.956614024487504e-06 5.343299599523253e-06 3.924113612836210e-07
-1.149878354805779e-04 1.410198835148267e-05 5.256357131689572e-06 1.078371299200670e-07
-1.101950138485829e-04 1.922781069476639e-05 5.264352660045260e-06 1.247868878509420e-07
-1.101958597680425e-04 8.976083979983312e-06 4.918253917870430e-06 3.553900857537348e-07
-1.054102377745392e-04 1.410160957201109e-05 4.967165904247232e-06 1.089635038172968e-07
-1.006460843966922e-04 1.919337962486650e-05 5.114467984041589e-06 6.522161605325828e-08
-1.006470456304105e-04 9.009323779883172e-06 4.638607734217537e-06 3.046896174533650e-07
-9.589462651723996e-05 1.410113194976884e-05 4.698071604303559e-06 1.208864847532279e-07
-9.117423940289443e-05 1.914263939566547e-05 4.946698523412917e-06 6.833196810619827e-08
-9.117505138551113e-05 9.058907221041648e-06 4.532015765982808e-06 2.095950030072465e-07
-8.647172500666402e-05 1.410056708243467e-05 4.605028352131670e-06 1.414222892343168e-07
-8.181163421194027e-05 1.907385679985130e-05 4.777625840317062e-06 4.665474851627748e-08
-8.181196463524823e-05 9.126177313025674e-06 4.513988389578653e-06 8.091580489367673e-08
-7.717491052225517e-05 1.409971399978565e-05 4.668339495182091e-06 1.033518326592287e-07
-7.259273151683997e-05 1.898567214819866e-05 4.644942506982805e-06 -3.554837634431561e-08
-7.259256238459043e-05 9.212354041821870e-06 4.471517558575095e-06 3.012355628916829e-08
-6.803983935350337e-05 1.409863833593996e-05 4.720257106204463e-06 6.059441022742023e-08
-6.355502092858499e-05 1.887626461883780e-05 4.468590433211067e-06 -1.601937525053039e-07
-6.355440056477145e-05 9.319367002903738e-06 4.473405539515586e-06 1.515185437261286e-08
-5.910583441931148e-05 1.409714479701465e-05 4.530653610690335e-06 -2.848950347707575e-08
-5.473924163434191e-05 1.874396339012858e-05 4.135131120906472e-06 -3.223030950495477e-07
-5.473861172951945e-05 9.448779188366374e-06 4.297691634630261e-06 1.286488828424535e-07
-5.041531951382816e-05 1.409533259577662e-05 4.018597282312388e-06 -1.417733570046043e-07
-4.618782453123152e-05 1.858711739773765e-05 3.619078899701757e-06 -4.826454945315636e-07
-4.618703600902548e-05 9.602413320990114e-06 3.767000521679423e-06 2.379860247339729e-07
-4.217685661154704e-05 1.409229641839749e-05 3.288999659712735e-06 -2.234786487855569e-07
-3.827168349355129e-05 1.840843908727675e-05 2.862596201219236e-06 -6.618694303695445e-07
-3.827003087499328e-05 9.783625736886832e-06 2.879129404227203e-06 3.733484087591406e-07
-3.537220543431992e-05 1.441829161411699e-05 2.513302505177345e-06 -2.822868282101280e-07
-3.251571167343465e-05 1.824302186892819e-05 2.104527359527744e-06 -7.937165870049172e-07
-3.251040344645346e-05 9.951074407445490e-06 2.058768565549507e-06 3.466926343279155e-07
-2.848315084044057e-05 1.809861746530283e-05 1.499096103292977e-06 -8.419001291613305e-07
-2.922579432628902e-05 1.547431349801996e-05 1.619401321815773e-06 -4.642264870587481e-07
-2.847508726810822e-05 1.005813041093850e-05 1.492498441518197e-06 3.123038857197941e-07
-2.563024659581995e-05 1.017306351420743e-05 1.066721372894188e-06 2.719093916126051e-07
3.623269433177098e-06 4.751935827042601e-07 2.519871320983396e-07 9.595461694868006e-08
3.695520618046478e-06 3.014081313591313e-07 2.646249827320929e-07 6.586829532618604e-08
3.695082610749761e-06 -3.458744447852119e-07 2.670743234978999e-07 -5.337338027636809e-08
3.623196781118449e-06 -5.172325045049540e-07 2.547017796145003e-07 -8.351700714094009e-08
-2.562030275305511e-05 1.799666159171229e-05 1.050983391378569e-06 -8.468565687791194e-07
-2.311205406929931e-05 1.776079323236122e-05 6.477251026696454e-07 -8.111087453429844e-07
-2.501614017096438e-05 1.311328731949683e-05 9.659859629917431e-07 -1.567706574151459e-07
-2.307712121244261e-05 1.007484863071668e-05 6.612679474220948e-07 2.583443163311630e-07
3.450256631261718e-06 5.470620850432329e-07 2.216358327505184e-07 1.081409769677494e-07
3.275904352986385e-06 -1.628653051671720e-07 1.891487536574402e-07 -1.745550373152660e-08
3.451693071787954e-06 -5.887797705522913e-07 2.242436291649723e-07 -9.356183690526133e-08
-2.228933631508104e-05 1.536879813297306e-05 5.196315667191301e-07 -4.624230406428462e-07
-2.069107852365943e-05 1.722439010788104e-05 2.792774143507762e-07 -7.178934241940339e-07
-1.841230509751999e-05 1.645946294186764e-05 -7.338483802431289e-09 -6.117459702814134e-07
-2.153600021240794e-05 1.216121626487512e-05 4.220169645352030e-07 -4.280420799875199e-08
-2.069939466504169e-05 9.586673148767597e-06 3.140782869079276e-07 2.515504765054198e-07
2.277567366255673e-06 5.660077317706011e-07 2.141169693635366e-08 9.697905655112412e-08
2.276661701105535e-06 -6.095578548825336e-07 3.367492165446981e-08 -6.131653815659466e-08
1.668985352720835e-06 -2.185626923812688e-08 -5.398505317494187e-08 2.792977909871793e-08
-1.630992560696820e-05 1.543298437041757e-05 -2.199762702468006e-07 -4.644993987455532e-07
-1.808626753041786e-05 1.406244139277672e-05 -4.840178850208682e-08 -3.129954279748095e-07
-1.886207608276406e-05 1.112685138881079e-05 5.868350038912744e-08 3.450042378623116e-08
-1.853541739723815e-05 8.748809304335075e-06 9.385493899021344e-09 2.632542724311928e-07
1.009503548357827e-06 6.751922731956118e-07 -1.262467992214396e-07 8.904762648258959e-08
1.009788792594544e-06 -7.183377246932774e-07 -1.333529013756177e-07 -1.645682840320963e-08
2.591864862825321e-07 -2.130751542069936e-08 -1.710565752395743e-07 4.139007136456235e-08
-1.437509731519479e-05 1.422433752141618e-05 -4.006281184632271e-07 -3.109139959939424e-07
-1.266707824138270e-05 1.285512902907685e-05 -5.608481353261047e-07 -1.510609036876455e-07
-1.618116460685021e-05 1.068502113538605e-05 -2.461604623264482e-07 4.692353212756053e-08
-1.663740791535916e-05 7.587812693187591e-06 -2.372378062918087e-07 3.283933292292242e-07
-6.018095985697139e-07 9.109664506351289e-07 -1.911731922514892e-07 7.497151140467407e-08
-6.017583977230454e-07 -9.531587970085903e-07 -1.807072898674311e-07 4.419650740473902e-08
-1.310269695463043e-05 1.081202000308805e-05 -5.304113456960858e-07 4.603443857741330e-08
-1.119023279069448e-05 1.131960629673500e-05 -6.501625676282823e-07 6.571575353226416e-09
-1.381418011769668e-05 8.581371830972582e-06 -4.877369877535587e-07 2.240078370934485e-07
-1.504432682855075e-05 6.204925337409048e-06 -4.121955922709332e-07 3.583806587424308e-07
-1.549532670823454e-06 -2.060790925332541e-08 -2.156924162149129e-07 8.819387244089841e-08
-2.676036543587489e-06 1.250639546849874e-06 -2.639821537409505e-07 1.518466374711875e-07
-2.673800755517116e-06 -1.294097856602940e-06 -2.437342463008849e-07 7.922633211048913e-08
-9.909741725828900e-06 9.681100155487579e-06 -7.110297033351018e-07 1.286734313523749e-07
-8.896859483211153e-06 8.010008773465142e-06 -7.353403951345796e-07 2.471885626655128e-07
-8.129525964915585e-06 6.264573891914605e-06 -6.897285744095720e-07 3.381786026305679e-07
-1.237495781862812e-05 6.627452403329802e-06 -5.822274629908558e-07 3.278582457637487e-07
-1.378002360224486e-05 4.677856515565923e-06 -5.462332016250353e-07 3.910200990856412e-07
-3.580499649674349e-06 -1.587333768974680e-08 -2.869653784286244e-07 1.267966818106569e-07
-4.689526900393162e-06 1.584161490053708e-06 -3.767699408227473e-07 2.451823381312504e-07
-4.690531402893772e-06 -1.642148293031288e-06 -3.540758890763410e-07 3.967138302055890e-08
-9.835124246784058e-06 6.250165363004099e-06 -6.869745729719186e-07 3.544635358630324e-07
-7.563332134713546e-06 4.509458505961650e-06 -6.338302805888752e-07 3.506679917867796e-07
-6.495975530555622e-06 1.865383980351049e-06 -5.096644757284627e-07 2.936474548038142e-07
-7.007603011540585e-06 2.154113250620717e-06 -5.357549534030892e-07 3.075032167450753e-07
-7.263315856007990e-06 2.753371217918969e-06 -5.622330082570711e-07 3.262264350136986e-07
-1.138357595989922e-05 4.458397353495531e-06 -6.451675079850749e-07 3.905758659537040e-07
-1.283406990336707e-05 3.081712337800807e-06 -6.455613776143683e-07 3.557167393209887e-07
-5.685055205880805e-06 2.209739715941056e-07 -4.403817934076844e-07 1.710764235831146e-07
-6.546876427968045e-06 -1.896389913672660e-06 -4.732541887652564e-07 5.620930522984985e-08
-8.749342626702970e-06 3.279046961091535e-06 -6.255687654667997e-07 3.529398635201734e-07
-7.064991564963205e-06 1.010979053017266e-06 -5.282464649554336e-07 2.523953739557235e-07
-7.673268712377752e-06 1.948914389524885e-06 -5.654872185907245e-07 3.013949464625484e-07
-1.069463841325507e-05 2.591135418479417e-06 -6.545652767803038e-07 3.287321386371394e-07
-1.222822234479126e-05 1.492728415973737e-06 -6.923376335191179e-07 2.824227264381653e-07
-7.139153939242984e-06 -8.182070156600571e-07 -5.168534946482859e-07 1.336598628108177e-07
-7.092324526051216e-06 -2.168440695744160e-06 -5.040836764271332e-07 5.238101773247793e-08
-9.123387724811310e-06 5.950895165230918e-07 -6.338146647840660e-07 2.458284142689966e-07
-1.199787334816742e-05 -6.601788681461472e-08 -7.111703805320918e-07 2.075963258420531e-07
-1.207159125074059e-05 -1.564766910439050e-06 -7.381308193235241e-07 1.089513467562754e-07
-8.240298989831309e-06 -1.815414913555693e-06 -5.751660725097828e-07 8.811695631285488e-08
-7.417053603184497e-06 -2.738349112606548e-06 -5.222327571683714e-07 2.393166695872569e-08
-7.826930593644520e-06 -4.284762911032190e-06 -5.558908110003442e-07 -7.183335876296710e-08
-1.059108774107419e-05 -1.775173769320888e-06 -6.735402338957085e-07 1.021010694941699e-07
-8.412806634067490e-06 -5.744511315813556e-06 -6.050220894598259e-07 -1.397016086430975e-07
-1.246071365187883e-05 -3.063809843450483e-06 -7.668405190387826e-07 -1.299058283271381e-09
-9.236874903361131e-06 -4.350808511738475e-06 -6.379179814974867e-07 -7.868127814701270e-08
-1.127351666937975e-05 -4.464881983723403e-06 -7.231864744751862e-07 -9.533689564211551e-08
-9.150193370171989e-06 -7.120894564590224e-06 -6.571848397703042e-07 -1.949326810868213e-07
-1.311315700044413e-05 -4.466229206854846e-06 -7.943527848428110e-07 -1.127814626864891e-07
-1.251621517107472e-05 -5.818594996905242e-06 -7.740910873885257e-07 -1.605511671813567e-07
-1.115686195151641e-05 -6.652720594913511e-06 -7.461945807887509e-07 -1.761393251848209e-07
-1.003637594682284e-05 -8.400419877661745e-06 -7.120136827134050e-07 -2.133810318072845e-07
-1.105924059206510e-05 -9.569787316332864e-06 -7.432160270834990e-07 -1.896916525622996e-07
-1.400276884390227e-05 -5.740856826631939e-06 -7.663982759659124e-07 -1.732561813286432e-07
-1.332808583403380e-05 -7.301842880723959e-06 -7.689675001362002e-07 -1.870086738140481e-07
-1.254123951662872e-05 -9.098736233523052e-06 -7.639959603100161e-07 -1.880079157042697e-07
-1.220799000726501e-05 -1.061570170838026e-05 -7.601518344097361e-07 -1.390477925824443e-07
-1.509949554797048e-05 -6.840128403079654e-06 -7.117031179392042e-07 -2.226584705339259e-07
-1.475559826009945e-05 -9.079985285970888e-06 -7.147198811031182e-07 -1.908006576479922e-07
-1.346670959307853e-05 -1.152455800461672e-05 -7.336444634382211e-07 -8.901355178782107e-08
-1.482007156977270e-05 -1.228480032845834e-05 -6.703372094607664e-07 -3.763204342622393e-08
-1.625126200272596e-05 -1.288706258044307e-05 -6.026477523949256e-07 1.321207541236246e-08
-1.637684731526257e-05 -9.552533458627770e-06 -6.023014725307056e-07 -1.791775711874449e-07
-1.637027436241641e-05 -7.730861467097680e-06 -6.169733832325444e-07 -2.511685142229291e-07
-1.605711851696627e-05 -1.134609172508453e-05 -6.194448288467492e-07 -7.625978154443565e-08
-1.774152267462305e-05 -1.332311116227889e-05 -5.235935069955330e-07 5.429878760521253e-08
-1.927234170368336e-05 -1.358748526643072e-05 -4.265338342942603e-07 5.044948511939235e-08
-1.765862732836048e-05 -9.956979151623825e-06 -5.094757501579729e-07 -1.491448778053322e-07
-1.777670870991488e-05 -8.386584034952674e-06 -5.103989115648128e-07 -2.382292926817126e-07
-2.082353452796574e-05 -1.367636813750080e-05 -3.034466676175811e-07 1.970926815590256e-08
-1.910193274182159e-05 -1.140412931373866e-05 -4.201009085093095e-07 -6.294067564649085e-08
-1.927631058586565e-05 -8.787552084038065e-06 -4.082364834455744e-07 -1.847613462945256e-07
-2.116706893724577e-05 -1.163403802503428e-05 -2.827278423828834e-07 -6.766987509305150e-08
-2.253124661917872e-05 -1.367712834480456e-05 -2.022212423503749e-07 -1.233983566934648e-08
-2.082357819945498e-05 -8.922000416463051e-06 -3.006930590976648e-07 -1.510584878450540e-07
-2.488137282692611e-05 -1.367780401820692e-05 -1.814975688009753e-07 -3.158308796908884e-08
-2.302686667455474e-05 -1.047354841501547e-05 -2.030141655849842e-07 -1.142984878357873e-07
-2.253146408791154e-05 -8.920738213388018e-06 -2.206140057198259e-07 -1.591197963692335e-07
-2.811244761873660e-05 -1.367889947358630e-05 -1.310900060847643e-07 -3.439715093156898e-08
-2.651355800397338e-05 -1.111216733237080e-05 -1.590291568365250e-07 -1.060675238308118e-07
-2.488166358226343e-05 -8.918987613732055e-06 -1.731829282047842e-07 -1.590364808280405e-07
-3.237953824573557e-05 -1.368043305477669e-05 -6.129274770734534e-08 -5.886015705645079e-08
-3.024549924890932e-05 -1.129784731625190e-05 -9.471772935283128e-08 -8.950278690404009e-08
-2.811257224947778e-05 -8.917159213276212e-06 -1.381341808093964e-07 -1.246915451151412e-07
-3.683024958792140e-05 -1.368221558983725e-05 4.211843003163533e-08 -8.433326501512970e-09
-3.460422229650246e-05 -1.129738499663411e-05 -2.198891095384526e-08 -9.141010833892502e-08
-3.237966704437465e-05 -8.914804150313253e-06 -5.740173066898679e-08 -1.440815494803729e-07
-4.128570862664198e-05 -1.368356880247766e-05 2.137344969526295e-07 -3.415648841874095e-08
-3.905736040144079e-05 -1.129684525844254e-05 1.279359872833727e-07 -7.289559377229837e-08
-3.683046165563857e-05 -8.912062015047017e-06 4.271822115165081e-08 -1.483433426797142e-07
-4.574382556966117e-05 -1.368335197763764e-05 2.471627360547145e-07 -1.195962249090762e-07
-4.351473662878875e-05 -1.129628136610928e-05 2.630198920210380e-07 -8.688936631607373e-08
-4.128587504545266e-05 -8.909550392471730e-06 2.089155853852988e-07 -1.545081543575436e-07
-5.020042074473742e-05 -1.368124773851399e-05 1.272129159884077e-07 -2.068125632786034e-07
-4.797281116548566e-05 -1.129561605821160e-05 2.174107943125186e-07 -9.787303721059760e-08
-4.574404930617150e-05 -8.908531821272982e-06 2.554632270801098e-07 -6.483985799557260e-08
-5.465310147857975e-05 -1.367896932146879e-05 -1.358959679623012e-07 -1.527468722225372e-07
-5.242747231680005e-05 -1.129496563799226e-05 -7.979826501577609e-09 -8.860285504013903e-08
-5.020062814213679e-05 -8.909318881467966e-06 1.193409199092179e-07 2.051019655507438e-08
-5.910302239430097e-05 -1.367760088304524e-05 -2.115088366554006e-07 1.623533711934244e-08
-5.687842449944041e-05 -1.129437818522659e-05 -2.359204270318269e-07 -5.456405009816796e-08
-5.465328855712787e-05 -8.910378938223598e-06 -1.459213027590546e-07 1.903243831023997e-08
-6.355286113519561e-05 -1.367761659856659e-05 -3.822003435518078e-08 1.021195556195148e-07
-6.132779438528099e-05 -1.129382142591060e-05 -1.493843786714052e-07 -2.061118156689471e-08
-5.910320570834324e-05 -8.910585018227342e-06 -2.224949457387878e-07 -9.545742688390464e-08
-6.800477419894976e-05 -1.367826742430567e-05 1.243263987397228e-07 4.871259028117123e-08
-6.577850753276016e-05 -1.129340420495335e-05 6.267799666670412e-08 2.856962053309695e-08
-6.355299931435740e-05 -8.909584650028708e-06 -5.045582899067872e-08 -9.174498692293653e-08
-7.754631787327126e-05 -1.341667055350600e-05 -1.234711410993442e-07 -1.245732317282028e-08
-7.691357138272545e-05 -1.367875251759165e-05 -1.032892863903292e-07 -2.093128743598105e-08
-6.999957139232949e-05 -1.129309676107081e-05 1.319285645654833e-07 5.442710020320762e-08
-7.245842981402917e-05 -1.367871454612262e-05 8.517222211133393e-08 -1.260036861717739e-08
-6.800485834293893e-05 -8.908220543044254e-06 1.092863708139343e-07 2.948344861162023e-08
-7.780841234784490e-05 -1.278394247693559e-05 -1.319078472880462e-07 7.285230126254257e-09
-7.631115716621156e-05 -1.129261736132200e-05 -7.926271663457840e-08 5.292904858267267e-08
-7.245857253883695e-05 -8.907060797663085e-06 8.887335902722776e-08 1.275747279904319e-07
-7.780843653652593e-05 -9.801254428849537e-06 -1.326350857512181e-07 9.761361904901909e-08
-7.691363850856830e-05 -8.906503763344500e-06 -1.024178365417043e-07 1.281118198453194e-07
-7.754635470939619e-05 -9.168564963498762e-06 -1.237273037155306e-07 1.189549793341805e-07
