7.955049060674377e-05 -1.233333423219012e-05 -7.135981288911535e-07 -5.506429109917173e-07
7.982678516548415e-05 -1.166636603434967e-05 -7.029792954337985e-07 -5.474976011815910e-07
7.982687939363010e-05 -8.522365320479553e-06 -5.304521336382986e-07 -4.924279637485129e-07
7.955060153978590e-05 -7.855423349503630e-06 -5.220758381671836e-07 -4.861814314366841e-07
7.888347741434118e-05 -1.260959043652425e-05 -7.274126443784875e-07 -5.519497950170704e-07
7.763268620293243e-05 -1.009437654793354e-05 -6.646246731628982e-07 -5.502013019826329e-07
7.888361754676801e-05 -7.579179020128160e-06 -5.162062285040192e-07 -4.828170118575235e-07
7.418792743973799e-05 -1.260924526375627e-05 -8.701270428713320e-07 -5.647039290744536e-07
7.418819603612553e-05 -7.579643250243929e-06 -5.981203438308823e-07 -5.056361997495929e-07
7.159645807747059e-05 -1.009452979097919e-05 -6.879446613020780e-07 -5.066818221284029e-07
6.949390918242919e-05 -1.260966493672162e-05 -7.271014795328205e-07 -3.398242514506244e-07
6.949398866232068e-05 -7.579493577946343e-06 -4.745175447747923e-07 -5.343727953914984e-07
6.714648559234416e-05 -1.009478239658085e-05 -5.044895946710796e-07 -5.181150269050426e-07
6.479815216126312e-05 -1.261245445060884e-05 -3.386531931200514e-07 -2.753477434084056e-07
6.479791207725747e-05 -7.577200462659299e-06 -2.886663360646569e-07 -6.608178399345308e-07
6.244790569597210e-05 -1.009497943447372e-05 -1.773244667298660e-07 -4.640312945104626e-07
6.009446320944691e-05 -1.261825694325254e-05 -9.714172761977451e-09 -3.073138347459716e-07
6.009444593690297e-05 -7.571970177401450e-06 1.414625158120123e-07 -6.196619006072978e-07
5.773810435707409e-05 -1.009538426520980e-05 9.017998615085837e-08 -4.461232435582013e-07
5.537690138828260e-05 -1.262628664127747e-05 2.700858938952162e-07 -2.958559954977739e-07
5.537680219439344e-05 -7.564829267436548e-06 5.496638335529181e-07 -6.214092957348345e-07
5.301234814179779e-05 -1.009593012417577e-05 3.869163084210296e-07 -4.419827799617515e-07
5.064391979432865e-05 -1.263315110441423e-05 5.591415155386931e-07 -2.370696347344073e-07
5.064373963898224e-05 -7.559222870007161e-06 9.791130413191144e-07 -6.770965763422789e-07
4.827300681812825e-05 -1.009647286845083e-05 7.935814328811378e-07 -4.407430442951328e-07
4.590156116763157e-05 -1.263477638084026e-05 9.522886225841723e-07 -1.981601379933662e-07
4.590165251593344e-05 -7.559232636296622e-06 1.407205408304796e-06 -6.836571111082461e-07
4.353061048243366e-05 -1.009722150739009e-05 1.315259898552802e-06 -4.304644860276083e-07
4.116416276923284e-05 -1.262818033827610e-05 1.535800563525517e-06 -1.826256514557883e-07
4.116489235771890e-05 -7.567677035617136e-06 1.852588789490082e-06 -6.238200242421953e-07
3.880218473610684e-05 -1.009816408002423e-05 1.785824301029320e-06 -4.797597239606869e-07
3.644925472625316e-05 -1.261317882143424e-05 1.997952645574717e-06 -2.446172216178111e-07
3.645039317754977e-05 -7.584337851897897e-06 1.974044419046693e-06 -4.975130177258850e-07
3.410386212800123e-05 -1.009922610048052e-05 1.978033977826175e-06 -5.021523287243331e-07
3.177163543834966e-05 -1.259086880173884e-05 2.092628248133238e-06 -4.914785306688470e-07
3.177257170510487e-05 -7.608598854286469e-06 1.832292463731262e-06 -3.948536957728870e-07
2.954233606884889e-05 -1.010013417229587e-05 1.857877305438932e-06 -5.150442513933262e-07
2.732899617952106e-05 -1.256333764408618e-05 1.893047370937817e-06 -6.117578488338150e-07
2.732975344106028e-05 -7.639543966294556e-06 1.604423610777503e-06 -3.468834872047375e-07
2.567535491435274e-05 -1.029224634777866e-05 1.639423231674963e-06 -5.152676506661639e-07
2.400338800765716e-05 -1.253715818508050e-05 1.550408017914264e-06 -6.776520020829893e-07
2.400326352207719e-05 -7.668811226171634e-06 1.470133708601924e-06 -3.929759247727614e-07
2.160941698363948e-05 -1.251427405750260e-05 1.348835031942207e-06 -6.748851766358561e-07
2.207053069959458e-05 -1.092835535916948e-05 1.386705705496082e-06 -5.709631085266356e-07
2.160902158963712e-05 -7.687770441593293e-06 1.444267832381108e-06 -4.409278772820236e-07
1.988348898359929e-05 -7.707344069241171e-06 1.348635597329615e-06 -4.009495286314134e-07
-3.371173634620773e-06 2.177170676466628e-07 -2.757876573721889e-07 4.108109607457732e-08
-3.437894007309638e-06 3.779640346987443e-07 -2.854021892928816e-07 6.371667345159438e-08
-3.437591412719618e-06 9.757785970718178e-07 -2.875831156115700e-07 1.441591149858200e-07
-3.371161911480927e-06 1.134253769330807e-06 -2.787966528617020e-07 1.645219505810428e-07
1.988091204750196e-05 -1.249855219588502e-05 1.226372574198993e-06 -6.432745097887328e-07
1.832524457456960e-05 -1.239591817935075e-05 1.170002631746134e-06 -6.385873426662163e-07
1.952865584699402e-05 -9.505810189883034e-06 1.314243022016363e-06 -5.035395164614194e-07
1.832376044648283e-05 -7.591394000956145e-06 1.258419436355653e-06 -3.602083063743080e-07
-3.211594689737786e-06 1.515997976469460e-07 -2.523502598641522e-07 3.170699862654743e-08
-3.050438608288405e-06 8.074636649183040e-07 -2.305654698456615e-07 1.126950269488309e-07
-3.212609393061580e-06 1.200710398440287e-06 -2.564684637332683e-07 1.687836828659849e-07
1.782851190594686e-05 -1.092195194280687e-05 1.164129102472497e-06 -5.950317777484228e-07
1.679779329053097e-05 -1.211511730446368e-05 1.126803891672840e-06 -6.343764390479138e-07
1.532232229890442e-05 -1.167005419100281e-05 1.091199692436426e-06 -6.070534194905438e-07
1.736252575162295e-05 -8.894945060420183e-06 1.169591293102285e-06 -4.672813117773538e-07
1.682752548456452e-05 -7.213134757171136e-06 1.150195403931343e-06 -3.368869748185548e-07
-2.128724092966766e-06 1.360597300747905e-07 -1.374750178390297e-07 3.251480377557607e-08
-2.126998991931508e-06 1.222673280013365e-06 -1.368205244527954e-07 1.227391775728617e-07
-1.565701099566015e-06 6.809724301107759e-07 -1.227598060286107e-07 9.436573158554688e-08
1.391660714373167e-05 -1.105974429667730e-05 1.069286020546592e-06 -5.727184333776657e-07
1.512632883262164e-05 -1.013836763018534e-05 1.074510644752251e-06 -5.657434512970938e-07
1.563822189397827e-05 -8.209189929215710e-06 1.088878430585930e-06 -4.318825503062809e-07
1.543423658771558e-05 -6.586936641995171e-06 1.090740254960419e-06 -3.472962497492292e-07
-9.561282577181780e-07 3.740199011462119e-08 -9.563682002871506e-08 6.263860988759550e-08
-9.553743712348273e-07 1.327468588266164e-06 -1.048522409395236e-07 1.186751449572920e-07
-2.610152775494010e-07 6.840300104092474e-07 -6.299137378844496e-08 8.796146464570218e-08
1.259475554541679e-05 -1.030188999928854e-05 1.036252915969649e-06 -5.461851932361692e-07
1.137683538976505e-05 -9.405739739369229e-06 9.196351848318491e-07 -5.362835113383341e-07
1.385046696799236e-05 -7.906975134699198e-06 1.004686616732769e-06 -4.671633705203172e-07
1.418355782948861e-05 -5.731851997536123e-06 1.009376872989241e-06 -3.474149358722893e-07
5.362045296526741e-07 -1.786501845820969e-07 1.529206728801954e-08 -4.097826191632643e-09
5.373696689822405e-07 1.550409546978614e-06 1.236325479731160e-08 1.470935509146245e-07
1.168590524122918e-05 -8.010961606715531e-06 9.121741434444001e-07 -5.044186123851944e-07
1.027442055362050e-05 -8.379497400645197e-06 8.463939159939582e-07 -5.369927536407537e-07
1.220631083374759e-05 -6.424846227477457e-06 9.142920764294097e-07 -4.306139663734799e-07
1.311057323517207e-05 -4.681600678637407e-06 9.362288998670591e-07 -2.891350368877650e-07
1.415958940050031e-06 6.874859178414382e-07 1.097625981085399e-07 6.445318545472412e-08
2.461309563167453e-06 -4.921495956994754e-07 2.116865825537138e-07 -5.821141414937027e-08
2.461065282245768e-06 1.873328967529346e-06 2.278149548062812e-07 1.935519409419168e-07
9.296790233746248e-06 -7.242432496728976e-06 7.883501187533427e-07 -5.543828225247727e-07
8.460343270796008e-06 -6.011622152291296e-06 6.798097992600481e-07 -4.072544957509155e-07
7.768940259268817e-06 -4.693809917290212e-06 6.380125824696479e-07 -2.515958973077866e-07
1.114734585082688e-05 -4.987796484104652e-06 8.662682353559572e-07 -3.088209064396298e-07
1.224413502720859e-05 -3.471060972943912e-06 9.072382864195353e-07 -2.298973802705977e-07
3.302569308147346e-06 6.877999304129896e-07 3.138930482922397e-07 8.041755266450454e-08
4.334615693836113e-06 -8.022327898767686e-07 4.006171071823347e-07 -3.494113018616948e-08
4.335527325330467e-06 2.202025860390352e-06 3.860886516396229e-07 1.571551975506846e-07
9.169871750582077e-06 -4.698993414647567e-06 7.508358558840378e-07 -2.584152061721460e-07
7.231531555478460e-06 -3.306674581415020e-06 6.197104067551257e-07 -1.276554789936830e-07
6.055366386816938e-06 -1.067439417848425e-06 5.205616518899448e-07 -4.118387007495836e-08
6.568763958767868e-06 -1.327582721849679e-06 5.722238329141530e-07 -5.103712250770344e-08
6.856350952395365e-06 -1.850918749669845e-06 5.993104637864677e-07 -7.172935646600615e-08
1.040229207187144e-05 -3.292408018739429e-06 8.388823145729228e-07 -2.182827391253742e-07
1.160743646252678e-05 -2.146496488399152e-06 9.296259918597092e-07 -1.979465092490484e-07
5.264206261176092e-06 4.726732416114132e-07 4.592662307542374e-07 4.881399929641923e-08
6.023763759590953e-06 2.437755030014195e-06 5.229683597565633e-07 2.145181117137384e-07
8.198346401688558e-06 -2.316864715148696e-06 6.715632757062952e-07 -1.075200760853225e-07
6.584951240359269e-06 -2.789909341176969e-07 5.707968979214045e-07 9.959975722916763e-09
7.192792437865948e-06 -1.144108576010566e-06 6.140594377631320e-07 -3.933818610365125e-08
9.852331640683297e-06 -1.734020736107800e-06 7.993379507540497e-07 -1.370512528188650e-07
1.122830360729272e-05 -7.552880501048945e-07 9.530990375486927e-07 -4.705946800568087e-08
6.587447138323622e-06 1.422790623958577e-06 5.728961560857458e-07 1.358524433927517e-07
6.490254885245524e-06 2.697520509191854e-06 5.411108520818176e-07 2.418080391409859e-07
8.478584777136324e-06 4.515406194616581e-08 6.986177227108759e-07 2.118751569599033e-08
1.111948670639593e-05 6.662542475391995e-07 9.579102650262746e-07 7.060063663325701e-08
1.134303898528952e-05 2.104003786504021e-06 9.736481126772692e-07 1.755610807998125e-07
7.578557494156064e-06 2.342298026381295e-06 6.374350212046641e-07 2.063267271458150e-07
6.753841125854788e-06 3.268964076841554e-06 5.327268746327116e-07 2.806206526145242e-07
7.062237821012257e-06 4.874718657476865e-06 4.867159728108912e-07 4.168762431907052e-07
9.874030748897039e-06 2.264466595244949e-06 8.310694681282671e-07 1.879200469736910e-07
7.560850893387360e-06 6.487033323723263e-06 4.745523633116907e-07 6.552950319726799e-07
1.187683992846344e-05 3.577062428706719e-06 1.046499258543200e-06 2.482899413610726e-07
8.485220888223768e-06 4.912829617339106e-06 6.596755007334922e-07 3.775751345581550e-07
1.064450330177771e-05 5.039276338172210e-06 9.017400037751855e-07 3.787518406560060e-07
8.285957272246861e-06 8.050818424201844e-06 5.525479129743671e-07 9.155799869382130e-07
1.271844635743377e-05 5.043692427608046e-06 1.242079071922727e-06 3.973609144007253e-07
1.208073090431515e-05 6.539764208086644e-06 1.154794992371768e-06 6.216567337906291e-07
1.051143706532725e-05 7.496774981786257e-06 8.932121932397573e-07 7.790177124985753e-07
9.208313257353841e-06 9.594369770226018e-06 7.047892756921825e-07 1.203289622137628e-06
1.036969195514400e-05 1.107196378666624e-05 9.255047346578444e-07 1.475166074803981e-06
1.388103967184607e-05 6.429310004479189e-06 1.512743294543683e-06 5.939382976246462e-07
1.307814205764867e-05 8.279432871697351e-06 1.367889909966911e-06 9.163967003023929e-07
1.212276834574600e-05 1.049740919700404e-05 1.231238558800633e-06 1.362724807865683e-06
1.171230501954890e-05 1.245844375684779e-05 1.174749323280113e-06 1.782753288483025e-06
1.532388037582683e-05 7.679950525392041e-06 1.867193617993978e-06 7.703043588709594e-07
1.490090535469001e-05 1.049846566434254e-05 1.797106094329708e-06 1.346803204142206e-06
1.326373977434943e-05 1.369199751321668e-05 1.470516588964638e-06 2.082372419557256e-06
1.501476418189329e-05 1.477658147387744e-05 1.848099987705300e-06 2.368052387656202e-06
1.691328620819613e-05 1.569319865092110e-05 2.240891479593998e-06 2.588586633301457e-06
1.705474796183825e-05 1.111885299719975e-05 2.318931974631309e-06 1.498758533499776e-06
1.703211958314240e-05 8.739675090366649e-06 2.278748965489075e-06 9.418099238129398e-07
1.662184344812962e-05 1.353826981729452e-05 2.195511982545188e-06 2.097712808791465e-06
1.896457391409645e-05 1.637494854821298e-05 2.677692865208412e-06 2.762346392887164e-06
2.113274335424920e-05 1.683527784722618e-05 3.247797707690252e-06 2.911059204762894e-06
1.881277026164519e-05 1.165532776048932e-05 2.785666910923399e-06 1.647171830562226e-06
1.898237419757365e-05 9.516435757440370e-06 2.821196618508419e-06 1.142542657360363e-06
2.336676145443335e-05 1.703991440470671e-05 3.829312256111848e-06 2.969814139704982e-06
2.084339965733651e-05 1.368850769999803e-05 3.208097609042643e-06 2.098997111871938e-06
2.110848714424058e-05 9.968490055158772e-06 3.292397069156407e-06 1.292627119206919e-06
2.385292795793343e-05 1.404010223358469e-05 3.981741863247355e-06 2.198320230752311e-06
2.590558650572465e-05 1.713033202556936e-05 4.509834285026715e-06 2.967651885914410e-06
2.334067749584921e-05 1.009025222521455e-05 3.811924027253090e-06 1.322323075928215e-06
2.947331209397626e-05 1.722100425311387e-05 5.392228289270928e-06 3.048779604450734e-06
2.661960747258376e-05 1.231373002494399e-05 4.635043513225835e-06 1.816067017586235e-06
2.589960979505379e-05 1.000370946566200e-05 4.457128745715730e-06 1.267923183539746e-06
3.455325484039130e-05 1.735808416537737e-05 6.686702611288816e-06 3.063304589796177e-06
3.200087144923601e-05 1.327558511877653e-05 6.008705878485838e-06 2.023636014164734e-06
2.947470553661215e-05 9.891883269907497e-06 5.333853019493371e-06 1.164668058845001e-06
4.150466143933710e-05 1.750332672990802e-05 8.341492248332004e-06 3.035179100044766e-06
3.798850004018972e-05 1.356796999094733e-05 7.462457633374555e-06 2.137250913901908e-06
3.455338370967910e-05 9.766279830465492e-06 6.582964012666202e-06 1.147214600803280e-06
4.897676305473192e-05 1.762261425184867e-05 1.011580404388381e-05 3.066155938152590e-06
4.520467655634538e-05 1.357071026496028e-05 9.197196960159366e-06 2.104155059168898e-06
4.150391423482000e-05 9.633862929734966e-06 8.314226415960920e-06 1.133765186162175e-06
5.664025315808884e-05 1.771796406991615e-05 1.202492534016495e-05 3.143197597721622e-06
5.277914442109092e-05 1.357410463990979e-05 1.104715280437338e-05 2.097266350135177e-06
4.897565363556440e-05 9.522192031260970e-06 1.013348876897349e-05 1.100205133877881e-06
6.445427570352765e-05 1.779082098882984e-05 1.393836709297946e-05 3.104730635415595e-06
6.052493793031044e-05 1.357710825901887e-05 1.297309207013433e-05 2.094351803599349e-06
5.663923865647827e-05 9.433326365210882e-06 1.202743305801516e-05 1.067603597174274e-06
7.237829033175411e-05 1.784307247953937e-05 1.588887102689389e-05 3.054024696659630e-06
6.840044837624581e-05 1.357965257119154e-05 1.488014551657598e-05 2.062479596944317e-06
6.445327297909766e-05 9.366058802729799e-06 1.395845580758658e-05 1.082969541967779e-06
8.037725527645238e-05 1.787818129647343e-05 1.783847525917914e-05 3.096112403794422e-06
7.636724677040982e-05 1.358172076054746e-05 1.679788807059019e-05 2.033571530394050e-06
7.237738428816939e-05 9.318409319887197e-06 1.586095827553773e-05 1.057569300920330e-06
8.842408171315719e-05 1.790009462923771e-05 1.990377824309126e-05 3.106252293956151e-06
8.439420214231269e-05 1.358324510995093e-05 1.881914796966568e-05 2.009951985234729e-06
8.037661095237339e-05 9.286883179058046e-06 1.778307612516216e-05 9.447461776784535e-07
9.649865718963611e-05 1.791252227553255e-05 2.201703047743402e-05 3.047364295950353e-06
9.245780483029751e-05 1.358436004313473e-05 2.096411668814445e-05 1.956745456031826e-06
8.842363132893876e-05 9.267551608942186e-06 1.989256389986783e-05 8.612362503080692e-07
1.045867016799253e-04 1.791821769636868e-05 2.397886294719241e-05 2.941012008960154e-06
1.005411710682159e-04 1.358506185964215e-05 2.302836234475102e-05 1.914642886497832e-06
9.649833790596670e-05 9.256944958562519e-06 2.202901228740894e-05 8.347301023229015e-07
1.219215201687515e-04 1.744447598798434e-05 2.778748086051123e-05 2.702961253803664e-06
1.207721806879936e-04 1.792054814545677e-05 2.754236253135639e-05 2.806544879248439e-06
1.082112506485956e-04 1.358555335940900e-05 2.480328633133116e-05 1.896712404376327e-06
1.126793262068501e-04 1.792010179988233e-05 2.580018707913134e-05 2.849456130961588e-06
1.045863981260261e-04 9.252485086033738e-06 2.398199038169043e-05 8.915325777019950e-07
1.223975888295111e-04 1.629513255943992e-05 2.788837677745735e-05 2.455020976992979e-06
1.196778216277333e-04 1.358600128621062e-05 2.731121163783186e-05 1.880170536580873e-06
1.126791285539297e-04 9.251359687466650e-06 2.579522244259035e-05 9.266101969170173e-07
1.223974784979460e-04 1.087695613084742e-05 2.787442373973516e-05 1.311940554679412e-06
1.207720231178333e-04 9.251492210895523e-06 2.752947185373813e-05 9.645829440827467e-07
1.219213922145222e-04 9.727582504434003e-06 2.777317954666504e-05 1.066919292577110e-06
