-9.957863821758017e-05 1.446066110251412e-05 3.846770390122084e-05 -4.359731606282898e-06
-9.996595984994215e-05 1.352561435779686e-05 3.861733339497942e-05 -3.986318120398802e-06
-9.996642352889395e-05 9.117861820406376e-06 3.859417904238289e-05 -2.107740982750418e-06
-9.957916380207725e-05 8.182867043831653e-06 3.844162949669705e-05 -1.733963655798544e-06
-9.864358745804292e-05 1.484797739319608e-05 3.809986408094434e-05 -4.515160901167455e-06
-9.689012766810246e-05 1.132184692727228e-05 3.731027497511389e-05 -3.044830218150272e-06
-9.864420036404060e-05 7.795575819881915e-06 3.807103753879050e-05 -1.578816278915852e-06
-9.205959478016260e-05 1.484836997700825e-05 3.530582889807576e-05 -4.524077093301829e-06
-9.206042987086932e-05 7.795633696334174e-06 3.529548236679846e-05 -1.589950680803814e-06
-8.842457856303044e-05 1.132207343671708e-05 3.385217639593136e-05 -3.061624084381249e-06
-8.547458866570123e-05 1.484704395245383e-05 3.254384753490130e-05 -4.502776163010396e-06
-8.547548555969836e-05 7.797203010958891e-06 3.256657251107000e-05 -1.645600377962748e-06
-8.218335671952406e-05 1.132254004658885e-05 3.133589451761120e-05 -3.084310237665711e-06
-7.889527662917089e-05 1.484048702481124e-05 2.987670392152925e-05 -4.452542769154815e-06
-7.889563590617454e-05 7.804761127352973e-06 3.002770914376047e-05 -1.634820683989354e-06
-7.561056684837136e-05 1.132277861510356e-05 2.865639376543629e-05 -3.075718903680493e-06
-7.233516606915621e-05 1.482512602941414e-05 2.734342773223848e-05 -4.311767768655383e-06
-7.233600168133838e-05 7.820847531384854e-06 2.750916298838293e-05 -1.775278813153265e-06
-6.906651734349289e-05 1.132303734481857e-05 2.622202171703932e-05 -3.083640197716129e-06
-6.581369442936978e-05 1.479914304117129e-05 2.505187843225247e-05 -4.264537801024271e-06
-6.581478928047537e-05 7.847070063574035e-06 2.516791641726145e-05 -1.920883194093333e-06
-6.257102010959195e-05 1.132303453932021e-05 2.409659842758992e-05 -3.091092766673568e-06
-5.935065724116043e-05 1.476238796388250e-05 2.296958609940869e-05 -4.265901551680778e-06
-5.935164359122536e-05 7.883382298942349e-06 2.304445697442103e-05 -1.968169404989354e-06
-5.614354769774189e-05 1.132280872287815e-05 2.208016851510434e-05 -3.098405666253520e-06
-5.296557382548874e-05 1.471480927545938e-05 2.096600877693145e-05 -4.329964025281197e-06
-5.296592630269234e-05 7.930163351400606e-06 2.096452589333736e-05 -1.921113000579713e-06
-4.980362972197774e-05 1.132240098761560e-05 1.974154615526916e-05 -3.103172353626077e-06
-4.667883146193982e-05 1.465512561471106e-05 1.870824023390834e-05 -4.481146739698172e-06
-4.667859454829913e-05 7.988766426115920e-06 1.867676163061473e-05 -1.825977747734521e-06
-4.357342461303771e-05 1.132171518867112e-05 1.716083475239574e-05 -3.113781864986163e-06
-4.051416847931494e-05 1.458160038916928e-05 1.604995790296403e-05 -4.671227029684620e-06
-4.051348295088542e-05 8.060893856608325e-06 1.615542510107009e-05 -1.678309622640743e-06
-3.747821314948893e-05 1.132087505122071e-05 1.438222206747166e-05 -3.157395320049896e-06
-3.449713925630554e-05 1.449346453490885e-05 1.304905010258864e-05 -4.680683637815071e-06
-3.449599710396130e-05 8.147651544361168e-06 1.326236432819406e-05 -1.628273739693549e-06
-3.166180648018449e-05 1.131932446602762e-05 1.157823951219198e-05 -3.169037372857459e-06
-2.888742818745028e-05 1.439208245738374e-05 1.016003423315105e-05 -4.662152206997448e-06
-2.888569236881939e-05 8.251185327683422e-06 1.035472500046640e-05 -1.597572786857266e-06
-2.682283196238482e-05 1.155313414833990e-05 9.119130104587342e-06 -3.286310806360104e-06
-2.477451589523750e-05 1.429774949153915e-05 8.120892932216637e-06 -4.546113704798108e-06
-2.477131204582378e-05 8.347250836916689e-06 8.186500031182517e-06 -1.689871516222124e-06
-2.187090441913881e-05 1.421482922246713e-05 6.768405745199946e-06 -4.484923937495659e-06
-2.241239241791425e-05 1.231620276000566e-05 7.001759238205640e-06 -3.644287363532404e-06
-2.186640629697122e-05 8.409000644191906e-06 6.764121275007875e-06 -1.775171029076431e-06
-1.980556243661121e-05 8.475358275282193e-06 5.786907575223855e-06 -1.848018192713063e-06
2.958409442714091e-06 8.205273446179653e-07 -4.787696793896932e-07 -6.313620181180783e-08
3.016775680207064e-06 6.799815992789438e-07 -4.850812606460944e-07 -5.392154167321246e-08
3.016379315625331e-06 1.572474026423348e-07 -4.825033645556746e-07 -7.347770152712009e-09
2.958343074822373e-06 1.899237288216949e-08 -4.737932240433008e-07 8.002581521664062e-09
-1.979957511004546e-05 1.415594368985950e-05 5.846264523181836e-06 -4.441259168712322e-06
-1.797140490113010e-05 1.399797886464600e-05 5.036258823097403e-06 -4.358660323510041e-06
-1.936654723691054e-05 1.060938803627635e-05 5.576510899652130e-06 -2.819593078932085e-06
-1.795234284597397e-05 8.385815881970605e-06 4.951859568998132e-06 -1.870929031885724e-06
2.818539921092944e-06 8.787513185185099e-07 -4.651991746924468e-07 -6.588530096041242e-08
2.677989475844228e-06 3.054983322736079e-07 -4.459256322270540e-07 -1.299985066781293e-08
2.819945277130457e-06 -3.856676317209473e-08 -4.559940608440640e-07 1.790688162510021e-08
-1.737607135510355e-05 1.225804240527778e-05 4.751408610230829e-06 -3.574401909864006e-06
-1.619894557187943e-05 1.362328250663431e-05 4.250218216503408e-06 -4.169473298474149e-06
-1.451874969017919e-05 1.307469517522843e-05 3.488783231221030e-06 -3.897725665796684e-06
-1.682722100786532e-05 9.909039022255968e-06 4.474065869246193e-06 -2.533424944428978e-06
-1.621210435505380e-05 8.006278640614218e-06 4.209524657788766e-06 -1.766331824435099e-06
1.871716658642920e-06 8.956138238863111e-07 -3.737962784044285e-07 -2.325587282600445e-08
1.871384017556864e-06 -5.424211607466473e-08 -3.638273094350867e-07 5.439342327681114e-08
1.380251818100003e-06 4.212644452432528e-07 -3.454509945302345e-07 2.793425597957221e-08
-1.295530213927948e-05 1.233441522249850e-05 2.833631866534942e-06 -3.534170277077808e-06
-1.428285284681543e-05 1.131392958499783e-05 3.360272111935273e-06 -3.132759634424764e-06
-1.485742366688226e-05 9.141231338108118e-06 3.625610625687046e-06 -2.229008405844951e-06
-1.461847782902694e-05 7.363000398705556e-06 3.536614058999966e-06 -1.538807154266065e-06
8.467582183937556e-07 9.862407528459454e-07 -3.660883594969402e-07 2.398541394491443e-08
8.473518577664173e-07 -1.420721809393913e-07 -3.396193949663890e-07 1.142088260323013e-07
2.394124047979079e-07 4.228898834768915e-07 -3.062677963764078e-07 1.021397137706972e-07
-1.150782001941796e-05 1.145058793390960e-05 2.265707070674997e-06 -3.148266989316028e-06
-1.021482265271304e-05 1.043801678506250e-05 1.775704716736833e-06 -2.699952576939144e-06
-1.286481740141043e-05 8.810310974087957e-06 2.788917101512529e-06 -2.085595686528311e-06
-1.321198232785974e-05 6.475975420008911e-06 2.950801340076824e-06 -1.208865895832787e-06
-4.591512672342592e-07 1.180967503467369e-06 -2.385451028568753e-07 2.804315300105252e-08
-4.587934438338869e-07 -3.337217764085328e-07 -2.366718851206929e-07 2.513596387338067e-07
-1.054389634718292e-05 8.910139570362640e-06 1.897583097864096e-06 -2.077213032904328e-06
-9.082611527456879e-06 9.296165901032775e-06 1.383757181809101e-06 -2.211060783226021e-06
-1.108590739806336e-05 7.223205431780623e-06 2.099268233530521e-06 -1.477372538427019e-06
-1.202453027355173e-05 5.410309544463500e-06 2.470555241656239e-06 -8.621747152113367e-07
-1.229203252733072e-06 4.245084780443619e-07 -1.131726704521642e-07 1.611893521229921e-07
-2.146654327669930e-06 1.461550310984353e-06 6.479232431654798e-08 -2.587028897799942e-09
-2.144680257736643e-06 -6.133816275719464e-07 6.334411027820950e-08 3.552147513478322e-07
-8.094593068432738e-06 8.065285530717690e-06 1.063400787183686e-06 -1.738339086986528e-06
-7.294513723015012e-06 6.788800015966939e-06 8.813851871103767e-07 -1.327909764837433e-06
-6.671799585163289e-06 5.446127285125300e-06 7.970472555919588e-07 -9.289614310440452e-07
-9.987063539677639e-06 5.731374315410899e-06 1.724930835350674e-06 -1.004215270956761e-06
-1.107783151122697e-05 4.218985263621730e-06 2.094588456006394e-06 -5.463594486354355e-07
-2.883674879831710e-06 4.289196676140200e-07 1.926634232895508e-07 1.782875657253302e-07
-3.789975663074299e-06 1.737699455976803e-06 3.453469522898286e-07 -4.121737875690143e-08
-3.790073309969683e-06 -8.998057935598305e-07 3.774276315520464e-07 4.926123835228552e-07
-8.016477600772100e-06 5.439788592886217e-06 1.095207948844737e-06 -9.131860404097578e-07
-6.204588712466827e-06 4.077769755269251e-06 7.481042935087855e-07 -5.726964861010407e-07
-5.278398632525219e-06 1.971999314750140e-06 6.352716722450292e-07 -4.876412992616960e-08
-5.707844807437785e-06 2.207032834232498e-06 7.047530738277097e-07 -1.007577033191237e-07
-5.931398188732928e-06 2.688998248168209e-06 7.351503454736073e-07 -2.137350340477109e-07
-9.225492464729815e-06 4.046139164992428e-06 1.434080092194570e-06 -4.905446806625578e-07
-1.037265317316623e-05 2.956672893785786e-06 1.734808374808464e-06 -1.775101356105083e-07
-4.603992131195800e-06 6.225393358795528e-07 5.193913767642695e-07 2.093461961035738e-07
-5.296899386385719e-06 -1.108328007448852e-06 6.554282076053888e-07 5.158411582680022e-07
-7.137500635110344e-06 3.113645436157100e-06 9.772758043613693e-07 -3.023219544581606e-07
-5.744001304900806e-06 1.274924993363163e-06 7.171653075815446e-07 9.482973094472602e-08
-6.254437882545944e-06 2.041592498343222e-06 8.133356248547462e-07 -6.748195439203401e-08
-8.686830570684496e-06 2.566904142954523e-06 1.315076032556977e-06 -1.358761040242872e-07
-9.929105381927120e-06 1.679342781865389e-06 1.541413681007761e-06 1.777530446606407e-08
-5.785349224598051e-06 -2.226106426810229e-07 7.327690236603456e-07 3.657159139742995e-07
-5.731384375344421e-06 -1.333311791535651e-06 7.555874342478471e-07 5.531897376806482e-07
-7.424248966610493e-06 9.532629772952338e-07 1.062837721974804e-06 1.692045480235440e-07
-9.770571720491248e-06 4.103954456262482e-07 1.499064496648587e-06 2.779776772194841e-07
-9.875936986843265e-06 -8.297057842729221e-07 1.554320765014492e-06 4.743206491137911e-07
-6.677660072839934e-06 -1.036606260767221e-06 9.149971416848270e-07 5.098540998528737e-07
-5.986032852696195e-06 -1.812413161283184e-06 8.302540284901281e-07 6.461542249426058e-07
-6.300100199722696e-06 -3.128400427609568e-06 9.334571487012009e-07 8.818536203679408e-07
-8.635893043431679e-06 -9.917900702212848e-07 1.326322652919158e-06 4.902551235657146e-07
-6.766095950433608e-06 -4.399537863085401e-06 1.035917432604124e-06 1.092529395173508e-06
-1.024519527575760e-05 -2.080393008196176e-06 1.663695877439387e-06 7.131036049517894e-07
-7.488014263361320e-06 -3.175512277791081e-06 1.105986508284474e-06 9.202304808521524e-07
-9.234795575737567e-06 -3.274731406647970e-06 1.498929131652327e-06 9.378467119118762e-07
-7.381551626209622e-06 -5.611014011996698e-06 1.151352087549400e-06 1.290572478862955e-06
-1.084926597272952e-05 -3.276593096554836e-06 1.758147211053247e-06 9.098130494133905e-07
-1.033588711095428e-05 -4.454841361922488e-06 1.705723708955957e-06 1.101068189097432e-06
-9.131790361133965e-06 -5.192103945065302e-06 1.500856268633898e-06 1.240954170902895e-06
-8.136384655425880e-06 -6.764154046794465e-06 1.262214131314013e-06 1.475492396465934e-06
-9.036421759678898e-06 -7.838063870959501e-06 1.420683297727710e-06 1.677075546246451e-06
-1.167789571854761e-05 -4.379536605639082e-06 1.938588636840585e-06 1.086612938120657e-06
-1.107296793312208e-05 -5.776568266357948e-06 1.868687700288187e-06 1.317772163201422e-06
-1.036176350086703e-05 -7.411447554209128e-06 1.708635039801866e-06 1.585572451277856e-06
-1.005877037545033e-05 -8.818544173111826e-06 1.619811305765940e-06 1.815544225837790e-06
-1.270259007729259e-05 -5.347198521949689e-06 2.117137812534483e-06 1.262865453971388e-06
-1.238991190700252e-05 -7.401380668941621e-06 2.085741300689621e-06 1.603413974868674e-06
-1.120308987338348e-05 -9.679344144681043e-06 1.850217239088467e-06 1.912335171239904e-06
-1.245859007465493e-05 -1.041561381366886e-05 2.094657383506265e-06 1.980174721360287e-06
-1.380075318045038e-05 -1.101685364700058e-05 2.337743506332289e-06 2.002151903293420e-06
-1.391129954680452e-05 -7.842323478257896e-06 2.323912528604451e-06 1.676103174044963e-06
-1.390116570269922e-05 -6.145149788833830e-06 2.333492213786906e-06 1.440927449644669e-06
-1.360835009164965e-05 -9.537174097600638e-06 2.304860860715579e-06 1.847651250707810e-06
-1.522099129389044e-05 -1.145797469641702e-05 2.532407894443706e-06 2.000188478972635e-06
-1.669960468625430e-05 -1.174053865310678e-05 2.645354575876379e-06 1.963013810065823e-06
-1.513095554753859e-05 -8.221411849336691e-06 2.436896015386535e-06 1.705011279821094e-06
-1.524603093586914e-05 -6.731245262242931e-06 2.461823367948236e-06 1.533764225123867e-06
-1.820942618211783e-05 -1.185150728572636e-05 2.780581163149055e-06 1.928268111709436e-06
-1.651995204621132e-05 -9.613900359661466e-06 2.614123590552928e-06 1.839454100325657e-06
-1.669446585239490e-05 -7.081982491340293e-06 2.636120660602660e-06 1.565604793867152e-06
-1.854101010414090e-05 -9.844125096734130e-06 2.783856175753062e-06 1.826052940693494e-06
-1.989723933111430e-05 -1.188125147904516e-05 2.893388930706409e-06 1.897954432724330e-06
-1.820123366199255e-05 -7.189736123625193e-06 2.797904638736766e-06 1.590748265170826e-06
-2.224436220782094e-05 -1.191149304148086e-05 2.982919950982729e-06 1.789362251036527e-06
-2.037937797068094e-05 -8.696295007111927e-06 2.950347960933481e-06 1.724785245428544e-06
-1.989525158966716e-05 -7.160881630334669e-06 2.914876899361292e-06 1.622492053129637e-06
-2.553072453863706e-05 -1.195784220677092e-05 3.010011044220884e-06 1.769077296339384e-06
-2.389116381424215e-05 -9.331527910072884e-06 3.014552507734600e-06 1.787966818377830e-06
-2.224479519627872e-05 -7.122745170502746e-06 3.023352556359568e-06 1.704039486528987e-06
-2.995236307094894e-05 -1.200545020700381e-05 3.071856181979693e-06 1.754968325055372e-06
-2.772795281595006e-05 -9.520459930922095e-06 3.114974763899307e-06 1.752477471769550e-06
-2.553048719593743e-05 -7.079442778503647e-06 3.107843960680778e-06 1.684065391059399e-06
-3.463337553394949e-05 -1.204046090405179e-05 3.130253683985694e-06 1.734334437367161e-06
-3.228214392983080e-05 -9.520744116745996e-06 3.167042860467148e-06 1.712627874466796e-06
-2.995222728340170e-05 -7.035118678667128e-06 3.224475940355793e-06 1.695715565466804e-06
-3.936641577619214e-05 -1.206299665667538e-05 3.128359091231220e-06 1.689198361877754e-06
-3.699299735930120e-05 -9.521113666021227e-06 3.148390814024562e-06 1.683730864904918e-06
-3.463327557189081e-05 -7.001252889252566e-06 3.214807761329527e-06 1.711617924341248e-06
-4.412933554319852e-05 -1.207422095289187e-05 3.001782861891717e-06 1.614045018439386e-06
-4.174454884872195e-05 -9.521444803584691e-06 3.040541473554942e-06 1.697777284716030e-06
-3.936635289241486e-05 -6.979456565922934e-06 3.090647338568236e-06 1.777033377040093e-06
-4.890229081357656e-05 -1.207608796830145e-05 2.759789340988494e-06 1.576187329583536e-06
-4.651545707366664e-05 -9.521856916532776e-06 2.853982758398727e-06 1.718785693701725e-06
-4.412917056743884e-05 -6.969050576723582e-06 2.914130080543808e-06 1.803601474443026e-06
-5.366908816603265e-05 -1.207094164159256e-05 2.467578605055549e-06 1.573071707975849e-06
-5.128758392457791e-05 -9.522504130207228e-06 2.630694628577063e-06 1.769767251754387e-06
-4.890195895896173e-05 -6.968334117343773e-06 2.692417321540647e-06 1.815398526105716e-06
-5.841894836195005e-05 -1.206155844995528e-05 2.151959352620734e-06 1.569867864891152e-06
-5.604726492416073e-05 -9.523123913041449e-06 2.339340379433851e-06 1.751605035550599e-06
-5.366877390023071e-05 -6.974691420824278e-06 2.523747090122000e-06 1.885507268943527e-06
-6.314686734712673e-05 -1.205068778984920e-05 1.800056014458881e-06 1.630338331659541e-06
-6.078661104744254e-05 -9.523695350320152e-06 1.962107249846639e-06 1.758685508490433e-06
-5.841875019185788e-05 -6.985244533112628e-06 2.188026659298491e-06 1.926873246225955e-06
-6.785356277629220e-05 -1.204123981555154e-05 1.509501685363412e-06 1.673215070516831e-06
-6.550336425017138e-05 -9.524091861997046e-06 1.633574173542586e-06 1.770783152534293e-06
-6.314678824872430e-05 -6.997075451135770e-06 1.789693973248248e-06 1.960469340121014e-06
-7.789344586609342e-05 -1.175816649734593e-05 1.406180593750425e-06 1.794942205644225e-06
-7.722808895642103e-05 -1.203381805708265e-05 1.413916010052501e-06 1.790655466937919e-06
-6.995651847254785e-05 -9.524313572802824e-06 1.432586099499757e-06 1.795588270163239e-06
-7.254434236458380e-05 -1.203529585995997e-05 1.393674291346499e-06 1.744307494627890e-06
-6.785350171018464e-05 -7.007200446538833e-06 1.487232266873210e-06 1.932293647104260e-06
-7.816903827127237e-05 -1.109272991215099e-05 1.403122396227319e-06 1.803814086431167e-06
-7.659499878426569e-05 -9.524457202061089e-06 1.403736146750609e-06 1.817055897189652e-06
-7.254428425811218e-05 -7.013453325591764e-06 1.392546592289671e-06 1.872711868001946e-06
-7.816903425442651e-05 -7.956192976230244e-06 1.397962805555284e-06 1.834452600157323e-06
-7.722806565831140e-05 -7.015079868796856e-06 1.409856154326844e-06 1.848969662026203e-06
-7.789343626186384e-05 -7.290739597904716e-06 1.401382390866826e-06 1.844679361382273e-06
