7.101150335631364e-05 -9.846781133465089e-06 1.365248305484101e-05 -2.336532573655973e-06
7.129616401775714e-05 -9.159565445985321e-06 1.369325729773953e-05 -2.243571569967443e-06
7.129593690893868e-05 -5.919814374353248e-06 1.365854462722744e-05 -1.747768543022832e-06
7.101125696075153e-05 -5.232619470635777e-06 1.361217691778564e-05 -1.649751556921685e-06
7.032426433182122e-05 -1.013142830853459e-05 1.355335787693832e-05 -2.372376189775177e-06
6.903492676308532e-05 -7.539651686490733e-06 1.332852561382168e-05 -1.989131086989197e-06
7.032400737735048e-05 -4.947982356943825e-06 1.350398305288294e-05 -1.611651576409228e-06
6.548489402369733e-05 -1.013081597650240e-05 1.292381637334678e-05 -2.298038146678749e-06
6.548462577615354e-05 -4.948643881447808e-06 1.282959655964463e-05 -1.683819982919441e-06
6.281381015906970e-05 -7.539885597379984e-06 1.251029353321461e-05 -2.005762741112059e-06
6.064818956894959e-05 -1.012804728796936e-05 1.231916719906514e-05 -2.365233021435705e-06
6.064771267780742e-05 -4.951920250272609e-06 1.226677472289832e-05 -1.766554275085338e-06
5.823183484269175e-05 -7.540165586813798e-06 1.197358243959100e-05 -1.979452842905108e-06
5.581940502664043e-05 -1.012199649415831e-05 1.166813536523707e-05 -2.359660433408617e-06
5.581875635541433e-05 -4.958548752385736e-06 1.185757465804161e-05 -1.788161986899046e-06
5.340908311035059e-05 -7.540550429848234e-06 1.142864459333394e-05 -1.976434502369008e-06
5.100598408891488e-05 -1.011094781069694e-05 1.103644910391346e-05 -2.282346382519622e-06
5.100499988706726e-05 -4.970519562985244e-06 1.138658746137274e-05 -1.790424602983813e-06
4.860648006251327e-05 -7.540979579419236e-06 1.090414144696545e-05 -1.989391644089788e-06
4.621895311986374e-05 -1.009260181125830e-05 1.045529405802662e-05 -2.292373713111682e-06
4.621810767004248e-05 -4.989951989783909e-06 1.088345259119365e-05 -1.662538845233269e-06
4.383761562255575e-05 -7.541465220641922e-06 1.040256977816336e-05 -2.030167983897387e-06
4.147444002005830e-05 -1.006442521922768e-05 1.001247162347658e-05 -2.293970177120190e-06
4.147405852224773e-05 -5.019290836838650e-06 1.025053233196025e-05 -1.620836136828998e-06
3.912126506393964e-05 -7.542085614040015e-06 9.987203419530956e-06 -2.040490153143848e-06
3.679373413571688e-05 -1.002438994202070e-05 9.475601024994361e-06 -2.283822079582668e-06
3.679381004478301e-05 -5.060741869137004e-06 9.588593009844863e-06 -1.661547678756091e-06
3.448082023242508e-05 -7.542866224420272e-06 9.497650578297840e-06 -1.982496698821155e-06
3.220119132846803e-05 -9.971641248684086e-06 8.729534548252022e-06 -2.392684366183620e-06
3.220154905077929e-05 -5.115017000489577e-06 8.914967757190216e-06 -1.621718163299282e-06
2.994039991542196e-05 -7.543741904424836e-06 8.778906056210858e-06 -1.984812723717831e-06
2.772008076174994e-05 -9.906975936330364e-06 7.882771214447755e-06 -2.489130245165194e-06
2.772068156648757e-05 -5.181686266250971e-06 8.195256246451926e-06 -1.563442305355644e-06
2.552242949213725e-05 -7.544674470383588e-06 7.827011173996568e-06 -1.986929677984791e-06
2.337212084267157e-05 -9.829793075786070e-06 7.054906241762005e-06 -2.428748298227257e-06
2.337244956091676e-05 -5.260821352277559e-06 7.288204601010241e-06 -1.488582339315926e-06
2.133234469244974e-05 -7.544804597760677e-06 6.849089422380966e-06 -1.986209920936080e-06
1.934551496421228e-05 -9.740484708671202e-06 6.336097940403142e-06 -2.429667372778087e-06
1.934533554877695e-05 -5.354652709765341e-06 6.446231194154601e-06 -1.546315104587046e-06
1.787090471295563e-05 -7.711834992544225e-06 6.122213152709380e-06 -2.015615096590796e-06
1.641831464112717e-05 -9.656286623257865e-06 5.814530162772494e-06 -2.406829898976005e-06
1.641606305419691e-05 -5.442173245197726e-06 5.867893164963193e-06 -1.572360523875875e-06
1.436919796338520e-05 -9.581599659284083e-06 5.501249677832625e-06 -2.399057595323249e-06
1.474598282909423e-05 -8.249215059518943e-06 5.575491520207474e-06 -2.121445106531071e-06
1.436525670300782e-05 -5.498668523549982e-06 5.486881266295277e-06 -1.544530990294840e-06
1.292097389834184e-05 -5.559470414873671e-06 5.247932991273985e-06 -1.568976619468385e-06
-1.811747042458483e-06 -7.068711606964401e-07 -7.607925397176715e-07 8.411958931138384e-07
-1.848518655258949e-06 -6.182446170646102e-07 -7.775321843543810e-07 8.765413194896120e-07
-1.848219773585603e-06 -2.887003272378234e-07 -7.842966682821531e-07 1.016832981207347e-06
-1.811651121747342e-06 -2.015869389083902e-07 -7.675860262965595e-07 1.056728128015233e-06
1.291545233852313e-05 -9.528531954387995e-06 5.236365964552006e-06 -2.433370063903959e-06
1.164360908453078e-05 -9.407441400536690e-06 4.930923962596223e-06 -2.425439356201954e-06
1.260835880496569e-05 -7.051278344149292e-06 5.196706392372196e-06 -1.920498124622470e-06
1.162534984265334e-05 -5.512467905444200e-06 4.956000830178568e-06 -1.503537815961174e-06
-1.723551903560273e-06 -7.436320940773446e-07 -7.225827812005988e-07 8.275186937493293e-07
-1.634823135543231e-06 -3.823409226897991e-07 -6.835488879434067e-07 9.765137677209258e-07
-1.724439639651097e-06 -1.653819848891875e-07 -7.251560621525993e-07 1.074036385576776e-06
1.122595167452099e-05 -8.194452152748305e-06 4.848357085304509e-06 -2.139762369700734e-06
1.041722549240541e-05 -9.133543750118239e-06 4.578106852235521e-06 -2.415315952685574e-06
9.264605668055270e-06 -8.744874777780942e-06 4.235086138536679e-06 -2.399600658619395e-06
1.084410727772166e-05 -6.570034104793904e-06 4.772791528950551e-06 -1.756342336261598e-06
1.042086019501002e-05 -5.268667468195804e-06 4.633360257361463e-06 -1.337497441178881e-06
-1.126261714471192e-06 -7.541919494774798e-07 -4.736096993944881e-07 8.421622976423808e-07
-1.126126736669230e-06 -1.560459343785008e-07 -4.639330226651120e-07 1.077007379434282e-06
-8.166001012253023e-07 -4.555313747735714e-07 -3.686532194291279e-07 9.713184442445906e-07
8.202928660179909e-06 -8.223814244882530e-06 3.839928484775141e-06 -2.350248794827730e-06
9.099175302987430e-06 -7.531739960893681e-06 4.234558337341110e-06 -2.047709876049497e-06
9.491460340876939e-06 -6.048034955012109e-06 4.338400976271644e-06 -1.565693807997749e-06
9.326231455950922e-06 -4.848512824559698e-06 4.244314099596753e-06 -1.087757049432009e-06
-4.814916795761572e-07 -8.091005901307562e-07 -2.543619521437749e-07 8.476991710081531e-07
-4.818061338772406e-07 -1.029262309597788e-07 -2.612213924998625e-07 1.129357218121502e-06
-1.016586517927702e-07 -4.564526645707564e-07 -1.151680557895301e-07 1.003650068268724e-06
7.227031191461102e-06 -7.612008448969961e-06 3.413314278787900e-06 -2.167507747747250e-06
6.367238448686643e-06 -6.920245177108657e-06 3.033671694691373e-06 -1.908738756309796e-06
8.137649722498115e-06 -5.825688449000879e-06 3.856239058023119e-06 -1.440580835870229e-06
8.367501717701406e-06 -4.265224500437927e-06 3.914060812776281e-06 -8.073965091233467e-07
3.330367948404621e-07 -9.262409201478258e-07 4.551533861410175e-08 8.282700209915826e-07
3.328376240766770e-07 1.250968090872280e-08 6.783601699639083e-08 1.228196881339577e-06
6.586721175797186e-06 -5.889648096330694e-06 3.144283463303811e-06 -1.478053898110707e-06
5.625098426248277e-06 -6.145150845551321e-06 2.678497446312366e-06 -1.591080700994489e-06
6.944854781515797e-06 -4.766357975880868e-06 3.311324231446469e-06 -9.899237495039244e-07
7.563883912529599e-06 -3.571097185837396e-06 3.569584117868509e-06 -4.949693833966779e-07
8.098781076631947e-07 -4.574124878291536e-07 2.763215016978438e-07 1.034000909462432e-06
1.375102823084740e-06 -1.094623798459770e-06 5.607555791933933e-07 7.038678816877943e-07
1.373823307411539e-06 1.802970523920472e-07 5.472987417293510e-07 1.316100739491665e-06
4.982219613655357e-06 -5.319567591543714e-06 2.353374881036978e-06 -1.193315291479236e-06
4.475152126735947e-06 -4.479238299586217e-06 2.104647510933651e-06 -8.194980287739090e-07
4.092267841648309e-06 -3.602215444423489e-06 1.897091745163650e-06 -4.301876994814934e-07
6.221285593886779e-06 -3.784007561102393e-06 2.914035482270384e-06 -5.366952436955410e-07
6.926602040488742e-06 -2.805277179861044e-06 3.219051445913876e-06 -7.972712810677395e-08
1.828274185916749e-06 -4.603113198715062e-07 7.719265476067657e-07 1.017828202535735e-06
2.382667123089647e-06 -1.259852264871717e-06 1.020642415358149e-06 6.484554743816640e-07
2.383031357167394e-06 3.518936896649750e-07 1.018483053315669e-06 1.398957304854704e-06
4.946582942640001e-06 -3.594611317022918e-06 2.314059387375561e-06 -4.296971404691062e-07
3.810412169971465e-06 -2.721570130213371e-06 1.744132435102749e-06 -3.604597196563386e-08
3.283248465295477e-06 -1.398739619159631e-06 1.459778361151599e-06 5.759487079604625e-07
3.537254175540629e-06 -1.542538276772427e-06 1.616026198907884e-06 4.994865826987804e-07
3.663329889107913e-06 -1.841949422903886e-06 1.691905785577485e-06 3.584251585457587e-07
5.723099981501250e-06 -2.695298280008688e-06 2.669100076294755e-06 -1.787543758422872e-08
6.449344919325200e-06 -2.005779060755714e-06 2.989119828834156e-06 2.921766159804697e-07
2.880008020784450e-06 -5.789804975636884e-07 1.246981589484970e-06 9.762449656827763e-07
3.311263438834228e-06 4.772900272122335e-07 1.428688759468231e-06 1.438883675171625e-06
4.404720149784957e-06 -2.104521330288034e-06 2.043979258364857e-06 2.572722696993443e-07
3.567073507401662e-06 -9.722673931949241e-07 1.615769777002443e-06 7.903300221881806e-07
3.868796360387809e-06 -1.439860627638720e-06 1.794918995856995e-06 5.510665805785614e-07
5.377629882012505e-06 -1.760077789080916e-06 2.492101265441322e-06 4.197927721957578e-07
6.142658129813805e-06 -1.211419173662288e-06 2.832455798165695e-06 6.625251016490336e-07
3.606272779452550e-06 -6.030270208184728e-08 1.588930814697143e-06 1.194177396551650e-06
3.584887344858005e-06 6.122461938128447e-07 1.552893763792477e-06 1.495025419731319e-06
4.592810458453566e-06 -7.629012839466301e-07 2.123176821827525e-06 8.579230037312799e-07
6.024743632748722e-06 -4.335013569449506e-07 2.785404074802780e-06 9.803975434245870e-07
6.055850480137645e-06 3.121910674215698e-07 2.835799924439019e-06 1.346326883424311e-06
4.156023510541642e-06 4.369994299959071e-07 1.837075028087810e-06 1.408088458026847e-06
3.748216681611732e-06 8.943220815638642e-07 1.616899255650545e-06 1.626462296287579e-06
3.955671410730203e-06 1.658020393347953e-06 1.672830845236958e-06 2.020860922440208e-06
5.322240634294563e-06 4.184057204623558e-07 2.451790644544820e-06 1.387141000507850e-06
4.249866668031077e-06 2.374487515848544e-06 1.770448226157074e-06 2.485013889512138e-06
6.242587625947635e-06 1.056548958148733e-06 2.971551244520289e-06 1.703166004400170e-06
4.653451851171398e-06 1.692051031080789e-06 2.042818559658402e-06 2.022496423447880e-06
5.656657343133837e-06 1.748413464753018e-06 2.645700947800996e-06 2.050154243852508e-06
4.616109207001877e-06 3.048179342726352e-06 1.950235866069930e-06 2.950216698750737e-06
6.557108377814531e-06 1.749283841363151e-06 3.238548539650579e-06 2.038834345428943e-06
6.263276553938648e-06 2.413136618494511e-06 3.077805046405436e-06 2.461448729438743e-06
5.600034349056362e-06 2.820489113629444e-06 2.596876743289312e-06 2.771074376135698e-06
5.053752188483738e-06 3.669655526398679e-06 2.196364125107939e-06 3.433196381377769e-06
5.554074064217032e-06 4.234196825187994e-06 2.538862734115736e-06 3.896979392957242e-06
6.984445806844712e-06 2.376625172822946e-06 3.655361630083602e-06 2.423733898855074e-06
6.656521248267344e-06 3.136415632462279e-06 3.406276981889653e-06 3.000167187532808e-06
6.275192165974354e-06 4.006050250381163e-06 3.080574483935426e-06 3.711070947555910e-06
6.113914040069199e-06 4.735434079234256e-06 2.942923120045654e-06 4.347343244869869e-06
7.510164132856330e-06 2.915066824637354e-06 4.119036312203010e-06 2.807836080691785e-06
7.343803589793178e-06 3.996285784268434e-06 3.970491489522598e-06 3.707608668562285e-06
6.723030258797719e-06 5.169421891661661e-06 3.424992502757869e-06 4.756496055376896e-06
7.372993917878591e-06 5.529468880594603e-06 4.018273623551098e-06 5.149656217788967e-06
8.057689095718766e-06 5.811709768061629e-06 4.659433932145151e-06 5.475853633727753e-06
8.119113523533671e-06 4.223415631188210e-06 4.697368129038597e-06 3.926629435889377e-06
8.116829698695094e-06 3.349008048523316e-06 4.689655019230704e-06 3.151951592502890e-06
7.966714394521529e-06 5.079905406447439e-06 4.554882671841373e-06 4.732902255247738e-06
8.765964443703631e-06 6.015502604450483e-06 5.352260543079226e-06 5.719643150767523e-06
9.490680847630716e-06 6.137572230032147e-06 6.120470760010844e-06 5.903483645525384e-06
8.728559247866305e-06 4.417414438656030e-06 5.283422475822711e-06 4.101194480266485e-06
8.784443922272901e-06 3.668680078474347e-06 5.339891059618704e-06 3.393526027899290e-06
1.022280216645259e-05 6.177401415531044e-06 6.913041552929654e-06 6.003521561077928e-06
9.411985180168695e-06 5.104769796092260e-06 5.991786773249621e-06 4.775961636186043e-06
9.493666561973450e-06 3.865074195272495e-06 6.094113917723641e-06 3.501931329068375e-06
1.038480206013895e-05 5.213468142757569e-06 7.055170782446447e-06 4.907272336322571e-06
1.102613370992821e-05 6.176608840657559e-06 7.826893281629919e-06 6.090373528283294e-06
1.022344001140140e-05 3.932206661017503e-06 6.868030348485438e-06 3.499548936054534e-06
1.213020194669864e-05 6.177665507515840e-06 9.121724362242737e-06 6.156975939666599e-06
1.125889168257088e-05 4.666751007959453e-06 8.040840336983193e-06 4.275186462594473e-06
1.102555137000503e-05 3.934730012458803e-06 7.785336863269429e-06 3.441581723320430e-06
1.365121850920632e-05 6.183599980080004e-06 1.108240631843097e-05 6.308557467155788e-06
1.289677211526467e-05 4.969197127586427e-06 1.007224675857705e-05 4.644990129893644e-06
1.212970553740576e-05 3.935401685432813e-06 9.111819262512692e-06 3.360982438141181e-06
1.567582894186149e-05 6.196458909943621e-06 1.405925412300855e-05 6.534767446064588e-06
1.465965517301369e-05 5.058425492544997e-06 1.257314436282708e-05 4.747869557709595e-06
1.365078895076705e-05 3.931579470305694e-06 1.115565972874411e-05 3.167254201020366e-06
1.781152199683010e-05 6.212111350037462e-06 1.772538563501968e-05 6.728699158927103e-06
1.673877465935074e-05 5.060042041098231e-06 1.589610235055181e-05 4.735358633016186e-06
1.567534299448109e-05 3.921980519083440e-06 1.420769101965953e-05 2.948460680275601e-06
1.997482209852024e-05 6.227157775311365e-06 2.159372562423399e-05 6.722818017985417e-06
1.888855966937068e-05 5.061688134956448e-06 1.969508671790463e-05 4.718427680544767e-06
1.781106847749207e-05 3.909600573086707e-06 1.781233613381841e-05 2.732242291284946e-06
2.216117812540401e-05 6.239453618225578e-06 2.533724423804925e-05 6.601804693370112e-06
2.106434859138593e-05 5.063429637181951e-06 2.346701340694168e-05 4.718651040698663e-06
1.997425808524033e-05 3.897990701066059e-06 2.154301566326813e-05 2.742002100230538e-06
2.436357065766047e-05 6.248128616218874e-06 2.878684283449995e-05 6.520764895297885e-06
2.325986688911219e-05 5.065281019498195e-06 2.707986728701921e-05 4.725615512166744e-06
2.216042502681176e-05 3.889359644513887e-06 2.523533229197575e-05 2.836115654263825e-06
2.657554943361544e-05 6.253451468654065e-06 3.195945641118579e-05 6.404490403896508e-06
2.546805757329902e-05 5.067045561159115e-06 3.041912720034575e-05 4.727987371611389e-06
2.436281707854355e-05 3.884309823961561e-06 2.871224459466267e-05 2.938385303865252e-06
2.879141608094002e-05 6.255895974630661e-06 3.489826806199195e-05 6.277882765659743e-06
2.768297337001798e-05 5.068700420462648e-06 3.349866527957397e-05 4.755088650789705e-06
2.657487719167001e-05 3.882283658157423e-06 3.195203229485067e-05 3.080079730697698e-06
3.100666857882509e-05 6.256094939346905e-06 3.756662002323228e-05 6.226980686669734e-06
2.989923902312809e-05 5.070034650914406e-06 3.627620139822273e-05 4.809013298148401e-06
2.879100380493773e-05 3.882870337346007e-06 3.489451682469754e-05 3.290146060985121e-06
3.321857040624930e-05 6.255025075511183e-06 4.014995690212110e-05 6.224328346557555e-06
3.211318297052516e-05 5.071148052003933e-06 3.886576477922265e-05 4.836361617044264e-06
3.100638922109331e-05 3.885143327972266e-06 3.758549893679262e-05 3.363744089183515e-06
3.794353149957564e-05 6.123860276916979e-06 4.548031780943637e-05 6.065595010887118e-06
3.763038371642200e-05 6.253584397264521e-06 4.513447973139368e-05 6.208313173458693e-06
3.420766168180651e-05 5.072027951721468e-06 4.127926897634181e-05 4.848778023541497e-06
3.542569963723789e-05 6.253863308406016e-06 4.269656270082882e-05 6.163238979649703e-06
3.321815096793817e-05 3.888297118015433e-06 4.010134082957326e-05 3.428235238406130e-06
3.807323786381550e-05 5.810689520159072e-06 4.562243451032439e-05 5.719008902701449e-06
3.733230248967218e-05 5.072562838750852e-06 4.477839128967103e-05 4.877705536168552e-06
3.542550780620848e-05 3.890723381220909e-06 4.264564799083633e-05 3.510753260449039e-06
3.807314832561844e-05 4.334497535969111e-06 4.558565752359078e-05 4.062819756217092e-06
3.763024972306397e-05 3.891555337195416e-06 4.508510721269575e-05 3.563810045468456e-06
3.794342607341212e-05 4.021296931022681e-06 4.543848429102457e-05 3.710172518854220e-06
