5.203632723169903e-05 -5.802995540688014e-06 -2.451154263512064e-05 4.503186428381716e-06
5.225909301366395e-05 -5.265263537581350e-06 -2.460668371216555e-05 4.282671109084697e-06
5.225911271370279e-05 -2.730152639121739e-06 -2.472143025070948e-05 3.272484326925451e-06
5.203634991001167e-05 -2.192421957242491e-06 -2.464206015823364e-05 3.063381094607315e-06
5.149853957528921e-05 -6.025719984439087e-06 -2.428828432262572e-05 4.595432424040957e-06
5.048968114388924e-05 -3.997706334576260e-06 -2.395484989799282e-05 3.799313624849155e-06
5.149856640321182e-05 -1.969697415470466e-06 -2.444160284668848e-05 2.975700433288616e-06
4.771169735023641e-05 -6.024926512767755e-06 -2.273429862234428e-05 4.627134845689904e-06
4.771172394663525e-05 -1.970413828917188e-06 -2.291645779274614e-05 2.965345777117544e-06
4.562219783697770e-05 -3.997601896369743e-06 -2.203877891826094e-05 3.768268264730052e-06
4.392814816370493e-05 -6.021820566106361e-06 -2.123594634794879e-05 4.560762452443484e-06
4.392827873402266e-05 -1.973168939884521e-06 -2.133507863513432e-05 2.900184552162104e-06
4.203846971047557e-05 -3.997427146693001e-06 -2.058283030972966e-05 3.783343588026467e-06
4.015180694246820e-05 -6.016422387014498e-06 -1.961646702327298e-05 4.650227382465864e-06
4.015173631991995e-05 -1.978048115235691e-06 -1.950747403643663e-05 2.899452159903592e-06
3.826669787015654e-05 -3.997159737403888e-06 -1.894247698116516e-05 3.714541134582190e-06
3.638684650914394e-05 -6.007698874896244e-06 -1.781779506000264e-05 4.668214788314162e-06
3.638645317576693e-05 -1.986101665742268e-06 -1.787385124305969e-05 2.917525347905240e-06
3.450907571360536e-05 -3.996952702994583e-06 -1.733705879893990e-05 3.733399262384175e-06
3.264100565050719e-05 -5.992640570035308e-06 -1.626479245522184e-05 4.510264284675160e-06
3.264018073724537e-05 -2.000783581666383e-06 -1.639102582264964e-05 3.093473085393882e-06
3.077706141300939e-05 -3.996745628757159e-06 -1.596452432884369e-05 3.782061142170152e-06
2.892962663887048e-05 -5.967496510249044e-06 -1.511755144037926e-05 4.304570463734962e-06
2.892861736235841e-05 -2.025616968608217e-06 -1.526200565677063e-05 3.211633386863472e-06
2.709016655718399e-05 -3.996598640637163e-06 -1.487491459975465e-05 3.804403325787500e-06
2.527529510090973e-05 -5.929866544156314e-06 -1.426344718151121e-05 4.191998560227331e-06
2.527421108860845e-05 -2.063295697324201e-06 -1.434508978216573e-05 3.214679420736825e-06
2.347307164220718e-05 -3.996621802773273e-06 -1.397904374671778e-05 3.765912592031423e-06
2.170405141351436e-05 -5.878077696716377e-06 -1.362523357953713e-05 4.045946562552132e-06
2.170309123711640e-05 -2.115434225008304e-06 -1.359212163953139e-05 3.243641663810703e-06
1.995228508386727e-05 -3.996729145327082e-06 -1.328100533898311e-05 3.761277485262271e-06
1.824270851510577e-05 -5.811407212543745e-06 -1.305388009609259e-05 4.000634546336984e-06
1.824222963877166e-05 -2.182649286851830e-06 -1.280708203533436e-05 3.247564529496253e-06
1.655539654403194e-05 -3.996972552498278e-06 -1.261702165196201e-05 3.702751182642075e-06
1.491969662915184e-05 -5.728256993366743e-06 -1.232973747687941e-05 4.203392540232097e-06
1.491952442590963e-05 -2.266868898837749e-06 -1.193033315120637e-05 3.170773738189918e-06
1.337527666010178e-05 -3.996745596020901e-06 -1.171235078226449e-05 3.639854526674744e-06
1.189066074546730e-05 -5.628239976919492e-06 -1.116510168617035e-05 4.463673183461984e-06
1.189020067447638e-05 -2.371712241520317e-06 -1.092933158197957e-05 3.010180969694665e-06
1.079428061976033e-05 -4.119063678434241e-06 -1.057600776933957e-05 3.691714581539040e-06
9.735919822028629e-06 -5.532229705911736e-06 -9.980550050900484e-06 4.616069273236385e-06
9.733205052949121e-06 -2.471935680246018e-06 -9.901883294970733e-06 2.825494335772371e-06
8.261234458394686e-06 -5.446636780682947e-06 -8.952737927021732e-06 4.697535066906972e-06
8.521911590592363e-06 -4.502410019677380e-06 -9.170002214109898e-06 3.978043310845249e-06
8.256920097645735e-06 -2.537166599218242e-06 -8.952991275994043e-06 2.786220435529732e-06
7.237726094152475e-06 -2.607164040803389e-06 -8.263706505410633e-06 2.717030220841433e-06
-8.053698998783248e-07 -7.670435235811168e-08 1.486155798614196e-06 -7.307387592288266e-07
-8.210582225288330e-07 -3.898005501566727e-08 1.524394260739602e-06 -8.189340162355941e-07
-8.209541263672531e-07 1.015157032229573e-07 1.528054242489115e-06 -1.166113711615676e-06
-8.053445776430554e-07 1.387121799296600e-07 1.488285657795673e-06 -1.260793516678482e-06
7.230906072349307e-06 -5.385984347601148e-06 -8.201107808068003e-06 4.723970906037147e-06
6.351571346748469e-06 -5.280506920930585e-06 -7.535838762565451e-06 4.676484236983459e-06
7.007638914010657e-06 -3.652825899258827e-06 -8.132919774684172e-06 3.400845727990764e-06
6.330016745451568e-06 -2.603726201793230e-06 -7.617937324154202e-06 2.597646790999111e-06
-7.678165383057200e-07 -9.229801339166908e-08 1.395345932232780e-06 -6.950941078942247e-07
-7.300135355052503e-07 6.183385243905253e-08 1.295040508579557e-06 -1.067298136743593e-06
-7.681162182967102e-07 1.542588565052336e-07 1.393381601372815e-06 -1.299238944279934e-06
6.056156185899596e-06 -4.436598948714448e-06 -7.332858993171755e-06 4.043641595183585e-06
5.516474802172349e-06 -5.065685547819309e-06 -6.917106741118679e-06 4.522485784055534e-06
4.750802028986788e-06 -4.783702342644489e-06 -6.304610685672620e-06 4.305583942214842e-06
5.792698926343348e-06 -3.331261945683031e-06 -7.162788696793504e-06 3.137611383453252e-06
5.509367361210552e-06 -2.473267829064334e-06 -6.910302585786321e-06 2.376565038581616e-06
-5.133772508263162e-07 -9.647060643875832e-08 7.645415888729416e-07 -7.079667850999024e-07
-5.131377976549859e-07 1.590592641552199e-07 7.604556162467598e-07 -1.278019147153484e-06
-3.810429617051009e-07 3.135831239935338e-08 4.393267082767210e-07 -9.882431774656053e-07
4.065747324349136e-06 -4.412358175566962e-06 -5.692027200174522e-06 4.047146419596700e-06
4.634106986608508e-06 -3.967277742448232e-06 -6.209496011521362e-06 3.654746869016540e-06
4.891641612098478e-06 -2.993234981577709e-06 -6.406674996896936e-06 2.789229961137152e-06
4.779972106565602e-06 -2.234008987454864e-06 -6.306794848984189e-06 2.081771668230410e-06
-2.372512468194666e-07 -1.210013755462525e-07 1.272381549347916e-07 -7.033582407547653e-07
-2.372846728119143e-07 1.836388481324615e-07 1.287540484531740e-07 -1.286136975981334e-06
-7.322371886343772e-08 3.127439856746392e-08 -1.733998730269089e-07 -9.968159232463142e-07
3.449564874109159e-06 -3.995963154935062e-06 -5.118875269773094e-06 3.752386709874003e-06
2.928908425203329e-06 -3.542315669306987e-06 -4.572860584611114e-06 3.350970942807586e-06
4.017127051252746e-06 -2.854856579655845e-06 -5.626073070946177e-06 2.652818203340774e-06
4.155380591678285e-06 -1.893648615257353e-06 -5.730709386267253e-06 1.694997344508101e-06
1.156170296581447e-07 -1.737831843326898e-07 -5.074525854346709e-07 -6.319884645336600e-07
1.155647316427054e-07 2.361581626676728e-07 -5.021865063229233e-07 -1.380075138321253e-06
3.063395577274557e-06 -2.890250936384289e-06 -4.694253070658734e-06 2.719269676930867e-06
2.499052586019555e-06 -3.043362290324658e-06 -4.102161822809991e-06 2.883714108234379e-06
3.276976535391259e-06 -2.206276238183628e-06 -4.875774102755820e-06 1.985354580967239e-06
3.643494024754995e-06 -1.500616830396014e-06 -5.202124822974047e-06 1.177444836789618e-06
3.241573814882573e-07 3.102983293774793e-08 -8.696247350001823e-07 -1.002416881974756e-06
5.728003875799883e-07 -2.498389123949090e-07 -1.248768773622886e-06 -5.794129525580275e-07
5.721727776903889e-07 3.125130378205295e-07 -1.246953791079435e-06 -1.408949577955527e-06
2.135556138450676e-06 -2.531008630536471e-06 -3.690379245834497e-06 2.361216448988651e-06
1.873302119146988e-06 -2.037852873951992e-06 -3.306588703082657e-06 1.764432392077667e-06
1.696155202434063e-06 -1.535166773817777e-06 -3.021901566410757e-06 1.139832133751309e-06
2.852795538756191e-06 -1.629731959848604e-06 -4.412104396493853e-06 1.293585785827519e-06
3.245270281298174e-06 -1.085560353446770e-06 -4.814572286603507e-06 6.602001629278519e-07
7.725237539128217e-07 2.963241730011686e-08 -1.528811449150730e-06 -9.899958053350227e-07
1.018135027966480e-06 -3.244256126947497e-07 -1.919406757495357e-06 -4.451800431644916e-07
1.018667100420197e-06 3.909513607341803e-07 -1.874115122687241e-06 -1.530215629723565e-06
2.143899930086439e-06 -1.524396964756453e-06 -3.619193008626212e-06 1.142671567459823e-06
1.575504840892108e-06 -1.054701720777355e-06 -2.815542172596097e-06 5.275820780762559e-07
1.405227038349338e-06 -3.861143520636649e-07 -2.504313601273368e-06 -3.537383870720970e-07
1.505705726534712e-06 -4.534892575858520e-07 -2.645035440488374e-06 -2.623929904563450e-07
1.544549755852566e-06 -5.990944734738650e-07 -2.713379222739958e-06 -6.474285452009217e-08
2.567423930051241e-06 -1.029039414388038e-06 -4.100032429913322e-06 5.573675317964597e-07
2.944535859543307e-06 -6.734509865172193e-07 -4.543965392922293e-06 1.003302625923281e-07
1.237867401812161e-06 -2.398887844295752e-08 -2.245422692128070e-06 -8.889465739636558e-07
1.445053639984345e-06 4.500935493220114e-07 -2.543180735293625e-06 -1.574817213722538e-06
1.890109415294166e-06 -7.240196266046078e-07 -3.228005902156629e-06 1.209116708469219e-07
1.531907478206148e-06 -1.936741150184588e-07 -2.674542231313706e-06 -6.248111390517853e-07
1.652411335943741e-06 -4.051224165712880e-07 -2.857874546434406e-06 -3.283678296043833e-07
2.381594157728182e-06 -5.495561932482586e-07 -3.898405109348056e-06 -8.091875572753305e-08
2.743136990512616e-06 -2.894006611426018e-07 -4.395937424553516e-06 -4.144661857490004e-07
1.572451849864241e-06 2.141853577495183e-07 -2.725127876297181e-06 -1.227692708856002e-06
1.581027888712787e-06 5.092599611773436e-07 -2.745909979083154e-06 -1.655488477238970e-06
1.999705586096940e-06 -7.817348830123367e-08 -3.383354249569686e-06 -7.762102952128392e-07
2.655106865051961e-06 6.781010155980704e-08 -4.318707158132779e-06 -9.849048309742152e-07
2.618300286688216e-06 3.873058520667699e-07 -4.270811796109688e-06 -1.463410994981352e-06
1.830748910698852e-06 4.402727958435084e-07 -3.100124926800294e-06 -1.558171377657268e-06
1.667246177594168e-06 6.230790873078816e-07 -2.871583785889932e-06 -1.820216967205563e-06
1.784874247289811e-06 9.117815151702471e-07 -3.006841356343738e-06 -2.255499642693733e-06
2.318905458378002e-06 4.462891224450880e-07 -3.836409475017032e-06 -1.551022627646681e-06
1.933037595762049e-06 1.150009471515673e-06 -3.171383854408047e-06 -2.689949831213545e-06
2.646355053420064e-06 6.958842595825229e-07 -4.309631196544686e-06 -1.906384330631012e-06
2.062089384416344e-06 9.349626960448360e-07 -3.393568472418752e-06 -2.287030319998099e-06
2.425721970188581e-06 9.542838507224505e-07 -3.982161098328766e-06 -2.298187372405314e-06
2.085728257364147e-06 1.359437373750024e-06 -3.380797490459088e-06 -3.098850844704222e-06
2.710869657147903e-06 9.542013785995300e-07 -4.460962845923742e-06 -2.267027609721808e-06
2.606474087541848e-06 1.174192193980084e-06 -4.323566656053632e-06 -2.659936876783774e-06
2.409706021318655e-06 1.296778322367819e-06 -3.957651637701396e-06 -2.948263964462949e-06
2.251129534613879e-06 1.521391833542411e-06 -3.615320943198897e-06 -3.454481416963365e-06
2.407778821289949e-06 1.645181148083101e-06 -3.910624882713594e-06 -3.802590838328382e-06
2.792121111479185e-06 1.171276901595604e-06 -4.781389913414145e-06 -2.611700743123851e-06
2.703745270527786e-06 1.380661296276904e-06 -4.596551153579180e-06 -3.091715611456592e-06
2.607923143534531e-06 1.588529577592906e-06 -4.370193586544541e-06 -3.642574686224192e-06
2.569465317992306e-06 1.730642969314398e-06 -4.252974021327524e-06 -4.137440962496993e-06
2.887342446977103e-06 1.339577875071366e-06 -5.156011852081776e-06 -2.884633137891815e-06
2.848416406279318e-06 1.578923484545573e-06 -5.021172165279224e-06 -3.618928876342045e-06
2.717382080269759e-06 1.793824216888826e-06 -4.608249429826437e-06 -4.443465969479463e-06
2.844436856434179e-06 1.825705744388847e-06 -5.032130475020505e-06 -4.778137104566273e-06
2.959636090482973e-06 1.826856085230498e-06 -5.524462022693170e-06 -5.107580132990694e-06
2.978607313749005e-06 1.620781781888221e-06 -5.609870764509387e-06 -3.750561356293925e-06
2.982391909908814e-06 1.459698818920770e-06 -5.635084110888417e-06 -3.099137894524133e-06
2.957385360077359e-06 1.748143169469510e-06 -5.431819999170835e-06 -4.452385703568335e-06
3.050265769551690e-06 1.819860473141835e-06 -6.112459245881976e-06 -5.359764730729433e-06
3.116969329495649e-06 1.795320604897574e-06 -6.854784358708982e-06 -5.560965956042887e-06
3.059473543080654e-06 1.654280422903411e-06 -6.120770252549087e-06 -3.861196772145034e-06
3.062838019302977e-06 1.550875130556923e-06 -6.212680584420664e-06 -3.224276763326051e-06
3.169165510929639e-06 1.765751537398896e-06 -7.642224345377767e-06 -5.676165107222887e-06
3.129552853293400e-06 1.724410484905483e-06 -6.730530964196069e-06 -4.469528108894957e-06
3.128535402731027e-06 1.617678909901607e-06 -6.888422752019421e-06 -3.256589097723608e-06
3.184163688447310e-06 1.724308606333485e-06 -7.787423403324674e-06 -4.612235064986179e-06
3.191562572559038e-06 1.726860069553955e-06 -8.581548601660212e-06 -5.777955633483975e-06
3.179426886638929e-06 1.653972612536114e-06 -7.618445234791291e-06 -3.231663475283868e-06
3.189238043867187e-06 1.687304592841972e-06 -9.935331047570312e-06 -5.815761606009104e-06
3.207920290371138e-06 1.711576483756287e-06 -8.810333303591262e-06 -3.998740959638874e-06
3.193628345878377e-06 1.692315840446257e-06 -8.548549978112028e-06 -3.179245368093519e-06
3.104531483931135e-06 1.625012275864155e-06 -1.193933740250748e-05 -5.856935280417250e-06
3.164409564237752e-06 1.715931211222119e-06 -1.088149685896139e-05 -4.318257040431515e-06
3.187992685143914e-06 1.743409459665040e-06 -9.904924738459922e-06 -3.108173051388171e-06
2.874023113758593e-06 1.555768638234862e-06 -1.445303670609044e-05 -5.829490450291529e-06
3.009026723966357e-06 1.712492370814606e-06 -1.314174176209739e-05 -4.420566466453769e-06
3.104035236268137e-06 1.803423694440927e-06 -1.179385167716177e-05 -2.996727367805845e-06
2.517054895339231e-06 1.494561648944682e-06 -1.699783731440501e-05 -5.745835962248084e-06
2.714506394344237e-06 1.712908825309498e-06 -1.567374734918885e-05 -4.432471333267620e-06
2.873968713716685e-06 1.870331293973603e-06 -1.427327130828083e-05 -3.046876751944969e-06
2.054126776433597e-06 1.441400613963533e-06 -1.942205393471350e-05 -5.782184113549669e-06
2.302363176088959e-06 1.712674155807756e-06 -1.822875186298160e-05 -4.448057654884776e-06
2.517249638842364e-06 1.931189421534168e-06 -1.687413183575944e-05 -3.061796083509281e-06
1.500488756388239e-06 1.396995499404543e-06 -2.199407280033092e-05 -5.865329418975402e-06
1.791143316825521e-06 1.712190637812963e-06 -2.078613027094040e-05 -4.413032994490838e-06
2.054300716413717e-06 1.983715788480032e-06 -1.954932318772312e-05 -3.036474725535648e-06
8.740940031571907e-07 1.361799234750623e-06 -2.481523325976490e-05 -5.984302746775061e-06
1.198053196140359e-06 1.711442156561402e-06 -2.348864301631155e-05 -4.436135855779865e-06
1.500571844502787e-06 2.026742013978452e-06 -2.218000081160512e-05 -2.974887541949930e-06
1.925946147417563e-07 1.335216659995574e-06 -2.784598557372343e-05 -6.043836578643567e-06
5.414275611403835e-07 1.710412415403081e-06 -2.639013449948757e-05 -4.422123309566392e-06
8.743402992423827e-07 2.059999397179219e-06 -2.496387740502870e-05 -2.923030690722782e-06
-5.284311672304013e-07 1.316519251439726e-06 -3.095575113596190e-05 -6.145919991267260e-06
-1.622183445098527e-07 1.709315454438466e-06 -2.938556898433161e-05 -4.405050460439546e-06
1.929998383898485e-07 2.084361302239724e-06 -2.787099341174618e-05 -2.791547913750076e-06
-1.275189220517045e-06 1.304459673053882e-06 -3.423086398511314e-05 -6.200948836475932e-06
-8.982362577338609e-07 1.708214974537587e-06 -3.257489339434192e-05 -4.394396503987225e-06
-5.279169928222837e-07 2.101025096244121e-06 -3.096802777935808e-05 -2.653174641903437e-06
-2.036497326301671e-06 1.297716991820352e-06 -3.772862233721161e-05 -6.366481473230290e-06
-1.653983939096743e-06 1.707251277093053e-06 -3.595598255748069e-05 -4.409042181377983e-06
-1.274773380342559e-06 2.111051411296972e-06 -3.423339624960401e-05 -2.580580142132079e-06
-3.683869933332803e-06 1.339093337149878e-06 -4.602721851655875e-05 -6.228264543607805e-06
-3.574597529403816e-06 1.293849816502128e-06 -4.547510404645713e-05 -6.457216799063423e-06
-2.379856179238943e-06 1.706571584743454e-06 -3.948268127351260e-05 -4.367016530546456e-06
-2.804650423551539e-06 1.294645130747582e-06 -4.157130150844568e-05 -6.479584666197798e-06
-2.036241707324070e-06 2.116122965545392e-06 -3.784405560957554e-05 -2.378590441524638e-06
-3.729134186448394e-06 1.448339009718714e-06 -4.625735550027763e-05 -5.678466725727050e-06
-3.470386169999886e-06 1.705969236192829e-06 -4.497832816094648e-05 -4.393250419023063e-06
-2.804501665164801e-06 2.117900100528923e-06 -4.160939597387141e-05 -2.304294670829401e-06
-3.729123846038359e-06 1.963575467244500e-06 -4.632170239128351e-05 -3.072684727641536e-06
-3.574541946410898e-06 2.118129678757785e-06 -4.554093200260555e-05 -2.283923174464391e-06
-3.683846840236729e-06 2.072863767742819e-06 -4.609416043371697e-05 -2.514775966988595e-06
