-1.165292196486447e-04 1.638344411892876e-05 3.382791667240040e-05 -4.104236145907871e-06
-1.169887382705112e-04 1.527424088159315e-05 3.404191974665729e-05 -3.616964840322969e-06
-1.169886913736368e-04 1.004508928017068e-05 3.420588069805590e-05 -1.413440889392626e-06
-1.165291695315459e-04 8.935894210894408e-06 3.401693201130560e-05 -9.554862944411399e-07
-1.154198839727826e-04 1.684286352902087e-05 3.332602371630996e-05 -4.304150623053796e-06
-1.133388327460610e-04 1.265964883194330e-05 3.255797401039281e-05 -2.543593665863857e-06
-1.154198337795314e-04 8.476478641666540e-06 3.355422926411016e-05 -7.682764799973081e-07
-1.076085605508679e-04 1.684100375585687e-05 2.999394475088899e-05 -4.206629557763107e-06
-1.076085598713425e-04 8.478438781453307e-06 3.029127727458758e-05 -8.422513495732055e-07
-1.032982667103084e-04 1.265983490284456e-05 2.838293108965145e-05 -2.452519824835728e-06
-9.980487827531598e-05 1.683325482093633e-05 2.687891167076730e-05 -4.041145438876902e-06
-9.980476836644509e-05 8.486624885957787e-06 2.721782107990246e-05 -8.320711340958634e-07
-9.590863423435242e-05 1.266001246789275e-05 2.557961730546633e-05 -2.494242145932529e-06
-9.202203129131758e-05 1.681767366613662e-05 2.417223773280308e-05 -3.960714425651280e-06
-9.202189171571108e-05 8.502953697324046e-06 2.441190977039412e-05 -1.013149042615032e-06
-8.814156735979830e-05 1.266043138468835e-05 2.286692938820062e-05 -2.435483805143541e-06
-8.427666696027110e-05 1.679273217579504e-05 2.140517087179181e-05 -3.820393650308065e-06
-8.427663356075107e-05 8.528689258090322e-06 2.192391988146919e-05 -1.126357861561066e-06
-8.042115888165284e-05 1.266080405088154e-05 2.035263299215926e-05 -2.460982364622349e-06
-7.658812357711915e-05 1.675653885108585e-05 1.895452062506659e-05 -3.705196128154978e-06
-7.658832748798646e-05 8.565500725284692e-06 1.945543274911748e-05 -1.222946637992486e-06
-7.276804256109169e-05 1.266113326707994e-05 1.803102402859832e-05 -2.470549985664923e-06
-6.897811033602969e-05 1.670824751684057e-05 1.674279012461835e-05 -3.579027778631117e-06
-6.897845452664090e-05 8.614196668665105e-06 1.713876376320734e-05 -1.325234315060591e-06
-6.520514409643992e-05 1.266134995097993e-05 1.595449315975654e-05 -2.470538438215003e-06
-6.147015777119030e-05 1.664720061515093e-05 1.492792643755062e-05 -3.397809278301429e-06
-6.147040541668710e-05 8.675345900978461e-06 1.512589009835701e-05 -1.470250822335741e-06
-5.775637378103041e-05 1.266128241907782e-05 1.411415992559819e-05 -2.477353677070147e-06
-5.408859615725045e-05 1.657244650541910e-05 1.329926439786306e-05 -3.321740116202640e-06
-5.408847600128934e-05 8.749543944435903e-06 1.333630581592115e-05 -1.441186463938355e-06
-5.044612813400291e-05 1.266080798103481e-05 1.241389769915648e-05 -2.430763543305909e-06
-4.685841841889963e-05 1.648312961630535e-05 1.177475486383212e-05 -3.279157491009055e-06
-4.685786744941600e-05 8.837625113105170e-06 1.157251113617170e-05 -1.367667944419114e-06
-4.329995295987446e-05 1.265995036408314e-05 1.071192325253399e-05 -2.381478674276555e-06
-3.980598561059518e-05 1.637758016391450e-05 1.002201679753417e-05 -3.307337491492176e-06
-3.980467049823320e-05 8.941542132528290e-06 9.741510709184283e-06 -1.413890360520265e-06
-3.648358133990298e-05 1.265788151187898e-05 8.953286237044721e-06 -2.336775558088078e-06
-3.323370246393845e-05 1.625555982118093e-05 8.210187517182240e-06 -3.274774653978991e-06
-3.323159846467983e-05 9.065452844463161e-06 8.075301052753683e-06 -1.422755203260048e-06
-3.081561902207035e-05 1.293079575184076e-05 7.491669103402547e-06 -2.394543526102413e-06
-2.841950932890073e-05 1.613992604250448e-05 6.903567418323832e-06 -3.195144054109419e-06
-2.841538991524827e-05 9.182258560730270e-06 6.932467895609466e-06 -1.467145266178525e-06
-2.502594487168591e-05 1.603691722401846e-05 6.052322821310822e-06 -3.137149673390442e-06
-2.565680239559462e-05 1.382102606265674e-05 6.219532300535733e-06 -2.582703730176761e-06
-2.501973524542168e-05 9.257853861097390e-06 6.098346444336713e-06 -1.439427761517089e-06
-2.261463174391073e-05 9.340054131185850e-06 5.477826521408619e-06 -1.415033838763199e-06
3.310826186196734e-06 7.018038664392740e-07 -5.738829809474267e-07 7.979022703750292e-07
3.377324569441521e-06 5.417442672627543e-07 -5.915588435284106e-07 8.332908841981731e-07
3.376906323625908e-06 -5.413135498179779e-08 -5.937932676495777e-07 9.628041968079592e-07
3.310753960559046e-06 -2.118099627365407e-07 -5.775655937027076e-07 9.975172409311296e-07
-2.260769286960672e-05 1.596329910950725e-05 5.400303216618237e-06 -3.075079049327697e-06
-2.047774021032465e-05 1.577436174102608e-05 4.919975824289024e-06 -3.017549552062289e-06
-2.210060873399903e-05 1.182837578729317e-05 5.343369065982913e-06 -2.067708190541623e-06
-2.045281888345992e-05 9.241335404485796e-06 4.938811058149650e-06 -1.347848383382867e-06
3.151505399472990e-06 7.680599519878322e-07 -5.334113010899902e-07 7.844583030597728e-07
2.991039484794078e-06 1.146208838864687e-07 -4.928065620704678e-07 9.231376302654327e-07
3.152935018227471e-06 -2.775492878836777e-07 -5.374665340691612e-07 1.010077520606209e-06
-1.978260945130162e-05 1.374636028346781e-05 4.766311969140060e-06 -2.537797596161413e-06
-1.841575316494214e-05 1.533183212086848e-05 4.412679419533226e-06 -2.943787780905495e-06
-1.646535692867400e-05 1.468892843727117e-05 3.886591874737175e-06 -2.795032574842494e-06
-1.914264160902923e-05 1.101437444734332e-05 4.597208709399689e-06 -1.829151903721685e-06
-1.842747144651484e-05 8.807589967015700e-06 4.398131231336357e-06 -1.192199358417165e-06
2.071935768674402e-06 7.859894599838209e-07 -2.702473856652668e-07 7.968045917974893e-07
2.071229719760204e-06 -2.959955510921414e-07 -2.804353384576488e-07 9.842549644068845e-07
1.511658527420722e-06 2.451203787123365e-07 -1.780575981521952e-07 8.982560813105755e-07
-1.465614471182781e-05 1.382278715760029e-05 3.402579327320762e-06 -2.570732854136972e-06
-1.618963915368945e-05 1.264268044569309e-05 3.810871048922941e-06 -2.266935735371114e-06
-1.685495607171973e-05 1.012466798183638e-05 3.957867268769798e-06 -1.572731879060441e-06
-1.657608860120418e-05 8.070786416659710e-06 3.860506970718028e-06 -9.533386211831584e-07
9.048806644739649e-07 8.857868381835803e-07 -8.110331933723590e-08 7.935460052021464e-07
9.052740246133568e-07 -3.946332685565896e-07 -5.839821091526598e-08 1.033179084042801e-06
2.155770820081027e-07 2.460455374436750e-07 5.934181395939954e-08 9.271556530055735e-07
-1.298442329774135e-05 1.279310797348701e-05 2.929632644732155e-06 -2.266671994181066e-06
-1.149796401615361e-05 1.161835573609538e-05 2.426508432620902e-06 -1.912618353784286e-06
-1.454818949904588e-05 9.741822352974274e-06 3.306373968357154e-06 -1.438849976884876e-06
-1.494548875713827e-05 7.054075263355537e-06 3.366548866971243e-06 -6.220121357882523e-07
-5.744239813312780e-07 1.100440186134722e-06 2.455887651738967e-07 7.501109178695493e-07
-5.742573683400100e-07 -6.074150978295350e-07 2.431644985727372e-07 1.101552870926797e-06
-1.187625004881702e-05 9.853927358864324e-06 2.520745085043043e-06 -1.403183073640817e-06
-1.020346717982034e-05 1.029641515318677e-05 2.042180968393586e-06 -1.517761602144457e-06
-1.249693064372119e-05 7.914403712572437e-06 2.674609257200332e-06 -8.459067329916044e-07
-1.357143363850459e-05 5.837529403663572e-06 2.952022142228090e-06 -2.688021793837971e-07
-1.442514266075107e-06 2.472333675403263e-07 4.349460479628239e-07 9.434699944546189e-07
-2.472664808775106e-06 1.408742374140472e-06 6.310069600164375e-07 7.487494988514503e-07
-2.470478486417884e-06 -9.154931987913518e-07 6.242631860183154e-07 1.158306074797927e-06
-9.076843892604545e-06 8.876593148532406e-06 1.726030059290619e-06 -1.087179751675231e-06
-8.173693682207348e-06 7.414587931787723e-06 1.503354691720098e-06 -6.506167339319561e-07
-7.479505365983063e-06 5.881756858847747e-06 1.378807113188670e-06 -2.103743468128816e-07
-1.123793747084152e-05 6.205162772271329e-06 2.320391041394027e-06 -3.322533899092527e-07
-1.247734466338586e-05 4.485005440033371e-06 2.622936514445129e-06 1.213679616875044e-07
-3.299168929298251e-06 2.519837163779240e-07 7.958462166426815e-07 9.571337431810986e-07
-4.310920090747804e-06 1.710659987606286e-06 1.000737770096342e-06 6.993024842206446e-07
-4.311228743308956e-06 -1.228983184327117e-06 1.000754429166156e-06 1.194442159106552e-06
-8.997445257697773e-06 5.872212303717307e-06 1.738956863651178e-06 -2.052850975851360e-07
-6.962700782874314e-06 4.328774155127010e-06 1.307784236448904e-06 2.023554057489377e-07
-5.962124860833930e-06 1.964729088720450e-06 1.246609110622787e-06 6.792787511369757e-07
-6.433307915779479e-06 2.225036773325587e-06 1.318226497719725e-06 6.343062687195424e-07
-6.673836522629338e-06 2.763496946545854e-06 1.335385544370113e-06 5.333037514619284e-07
-1.036754882380742e-05 4.289130906843432e-06 2.087765589609585e-06 1.894513356863449e-07
-1.166007209298987e-05 3.061106110442634e-06 2.379590559314552e-06 4.583046970352589e-07
-5.218840102038891e-06 4.678648690767132e-07 1.162444502843040e-06 8.997920563251518e-07
-5.996220504963841e-06 -1.456379859204043e-06 1.320706232626511e-06 1.224171314664414e-06
-8.016802009785229e-06 3.237263613539652e-06 1.549454951953264e-06 4.572613639404348e-07
-6.479706931904617e-06 1.188595505466389e-06 1.346511991129270e-06 8.161184575952393e-07
-7.038760727903695e-06 2.039432081592768e-06 1.416327124060512e-06 6.723571554692430e-07
-9.756900072768080e-06 2.621969857504265e-06 1.912968035567276e-06 5.914988819961781e-07
-1.114038896458397e-05 1.631049010445011e-06 2.163374611103306e-06 8.101515591500259e-07
-6.536958972146507e-06 -4.737006894108432e-07 1.405338736620846e-06 1.067503807555407e-06
-6.486588814304198e-06 -1.703319182795946e-06 1.412403112582413e-06 1.249368315531106e-06
-8.344996052877319e-06 8.205308332994308e-07 1.645789315561978e-06 9.239314018894622e-07
-1.094763630322316e-05 2.191575234609597e-07 2.048287947460501e-06 1.002537949267423e-06
-1.103684647978051e-05 -1.148717537540528e-06 1.960794037394166e-06 1.151958790756124e-06
-7.531929574969701e-06 -1.377960614826019e-06 1.574262653063641e-06 1.198695330277595e-06
-6.776132813768115e-06 -2.225459634914821e-06 1.466026442809232e-06 1.290044124649245e-06
-7.138440748364447e-06 -3.651435407904778e-06 1.539568845692672e-06 1.385895078305663e-06
-9.680557809388473e-06 -1.334921464274514e-06 1.816279566397354e-06 1.199389773290185e-06
-7.664003996803259e-06 -5.011106448622578e-06 1.633178564185152e-06 1.448553037818448e-06
-1.141365059982799e-05 -2.520521351203496e-06 1.931453093329498e-06 1.279653974062638e-06
-8.433565611103286e-06 -3.708099952726507e-06 1.700233524795934e-06 1.380774126384724e-06
-1.031856747442377e-05 -3.814255901697891e-06 1.840553653015634e-06 1.360073860942635e-06
-8.338879383139082e-06 -6.299132792785349e-06 1.710181276577893e-06 1.487683355362570e-06
-1.203803850075034e-05 -3.815880762390895e-06 1.943825702568203e-06 1.356387882963805e-06
-1.148497082228541e-05 -5.075894612451149e-06 1.895751454253262e-06 1.393054063375432e-06
-1.020947000898573e-05 -5.857856817076430e-06 1.825196534210001e-06 1.437095847968169e-06
-9.156861586943511e-06 -7.508664506110600e-06 1.793383149911309e-06 1.525705794998115e-06
-1.011395516199647e-05 -8.623042918167986e-06 1.842063686659772e-06 1.524654798823539e-06
-1.289138217121996e-05 -4.999997472050445e-06 1.949222604849174e-06 1.371690332744487e-06
-1.225500225293518e-05 -6.471090272777442e-06 1.908447686435357e-06 1.427585326411708e-06
-1.151023892390731e-05 -8.176769132228956e-06 1.879608763778371e-06 1.508273988192029e-06
-1.119400864960874e-05 -9.628887561385504e-06 1.883573649457969e-06 1.542937866739097e-06
-1.394465842419093e-05 -6.028496682273033e-06 2.019395811250453e-06 1.400802331734027e-06
-1.361821894062859e-05 -8.161962423507270e-06 2.001605786374298e-06 1.485673506577235e-06
-1.238825047616287e-05 -1.050695081193835e-05 1.929724212093994e-06 1.569272360269286e-06
-1.368377201250069e-05 -1.124886934731310e-05 2.001357981626504e-06 1.598212245089426e-06
-1.506054249572426e-05 -1.184503667555663e-05 2.067894747596538e-06 1.606510469974718e-06
-1.517822384737487e-05 -8.615343566437003e-06 2.101740868104881e-06 1.477318202657365e-06
-1.517021530513660e-05 -6.868137403117901e-06 2.104996091782074e-06 1.423683791183428e-06
-1.486903724117636e-05 -1.034664367564965e-05 2.068739872210475e-06 1.548546254687009e-06
-1.650464359503809e-05 -1.227939595423236e-05 2.133525563372892e-06 1.606376420447418e-06
-1.799741103842820e-05 -1.254987205910861e-05 2.209394752379180e-06 1.596552192856480e-06
-1.641938696885936e-05 -9.004163639815855e-06 2.164671346680038e-06 1.471398795450434e-06
-1.653509148702837e-05 -7.485432511666990e-06 2.176025048982900e-06 1.426871263988518e-06
-1.951536556751047e-05 -1.264825949274953e-05 2.286702565221472e-06 1.564174384674116e-06
-1.782424040885503e-05 -1.041256544947948e-05 2.220367020778886e-06 1.507597851072075e-06
-1.799723156704310e-05 -7.859128298857045e-06 2.220915306127139e-06 1.412182016319217e-06
-1.985025720617306e-05 -1.064045880969403e-05 2.320291649576054e-06 1.481162405327884e-06
-2.119847193262077e-05 -1.266258126121661e-05 2.325679678433477e-06 1.502345410960658e-06
-1.951161111376328e-05 -7.979671684927677e-06 2.290849621294086e-06 1.392116181311022e-06
-2.352582552862644e-05 -1.267720258980635e-05 2.418590436470541e-06 1.469970047083139e-06
-2.168325501567405e-05 -9.496165939809330e-06 2.353406445901238e-06 1.419114462654988e-06
-2.119764099830909e-05 -7.965396600078048e-06 2.339747051451867e-06 1.365931549328363e-06
-2.675388227311706e-05 -1.270042798309163e-05 2.451014231013706e-06 1.340732524472986e-06
-2.514994808539321e-05 -1.012730600152747e-05 2.462332175624502e-06 1.386937236711717e-06
-2.352611716324562e-05 -7.946277919343731e-06 2.411083244173561e-06 1.327484040629556e-06
-3.105922557381891e-05 -1.272752268281215e-05 2.377454689803725e-06 1.191155998751212e-06
-2.889879135950565e-05 -1.031268009926385e-05 2.439022878897257e-06 1.331978371381638e-06
-2.675386704928844e-05 -7.923489781569760e-06 2.443021853434051e-06 1.352709769757442e-06
-3.559354322843380e-05 -1.275360681829432e-05 2.168451680829391e-06 1.144537823231835e-06
-3.331832443729379e-05 -1.031265132431505e-05 2.306109275504515e-06 1.247839285626170e-06
-3.105921774910918e-05 -7.897401911962113e-06 2.409627189009838e-06 1.352548182544189e-06
-4.017485565538179e-05 -1.277836693837075e-05 1.888176525267282e-06 1.003535356062851e-06
-3.787638134790254e-05 -1.031292182688942e-05 2.062685806230836e-06 1.167126194692386e-06
-3.559337978450008e-05 -7.871860867665139e-06 2.216841810291573e-06 1.335100057001511e-06
-4.479993576643643e-05 -1.280020038347317e-05 1.600429617377816e-06 9.211859466658041e-07
-4.248050564837879e-05 -1.031320313833712e-05 1.762506687496059e-06 1.141227052536872e-06
-4.017471873998850e-05 -7.847690262529419e-06 1.910969177149202e-06 1.341857210094517e-06
-4.946223440970377e-05 -1.281845973215347e-05 1.132620915715818e-06 8.169200437090800e-07
-4.712545801501944e-05 -1.031336673155855e-05 1.380151379517820e-06 1.130940919067382e-06
-4.479991928171992e-05 -7.826319431304606e-06 1.581113806317749e-06 1.374832642854003e-06
-5.415477055510517e-05 -1.283378662526646e-05 6.134451367326229e-07 8.619184991814311e-07
-5.180386094136143e-05 -1.031355265890888e-05 8.346149212540981e-07 1.130110138739788e-06
-4.946223117132921e-05 -7.808456467625687e-06 1.111063703975465e-06 1.377376548734218e-06
-5.887334627008778e-05 -1.284731073379151e-05 2.218695283680648e-07 9.104338134808450e-07
-5.650981270957733e-05 -1.031373385459137e-05 3.887185922083004e-07 1.111710596183587e-06
-5.415470223828546e-05 -7.793551739539479e-06 5.884540340041276e-07 1.321445497096107e-06
-6.361586522235360e-05 -1.285905328722867e-05 2.619865754818758e-08 1.054236854615522e-06
-6.124079738588984e-05 -1.031386689043364e-05 1.045092347668321e-07 1.072252886055878e-06
-5.887323695226514e-05 -7.780311093333387e-06 2.347073768265599e-07 1.241633555224752e-06
-6.837836962665624e-05 -1.286805376373122e-05 2.884985581303546e-08 1.177984453174237e-06
-6.599424099061828e-05 -1.031384870293990e-05 7.635659247466709e-09 1.090986042426482e-06
-6.361579152195983e-05 -7.768660667697891e-06 5.367762098041687e-08 1.139935044379730e-06
-7.861541053218415e-05 -1.259297740888694e-05 5.669534142048598e-07 1.314888233115424e-06
-7.793638909019833e-05 -1.287420324012978e-05 5.066830001004146e-07 1.334368484334443e-06
-7.051642241102962e-05 -1.031370039269787e-05 6.192228664846256e-08 1.123267971907743e-06
-7.315471883537554e-05 -1.287308036707736e-05 1.885314973113486e-07 1.273959507324593e-06
-6.837846316886485e-05 -7.759512558775271e-06 2.664257378413550e-08 1.080058368281857e-06
-7.889667516017293e-05 -1.191400802586343e-05 5.920400794021919e-07 1.262667615714713e-06
-7.728967106228227e-05 -1.031351931884623e-05 4.414408632614888e-07 1.134697902091513e-06
-7.315477305212797e-05 -7.754148348145687e-06 1.787310516057298e-07 9.942779325721582e-07
-7.889668575097361e-05 -8.713019522332457e-06 5.707444253171588e-07 1.016567919520127e-06
-7.793641339839948e-05 -7.752843141323126e-06 4.866315427135340e-07 9.502027845813424e-07
-7.861542531152496e-05 -8.034062333224380e-06 5.448478575971069e-07 9.680114258968494e-07
