-6.352692192372358e-05 1.006904535679006e-05 4.791085273479872e-05 -5.768105642130292e-06
-6.375276950554566e-05 9.523635227465764e-06 4.813611518816106e-05 -5.238409044280016e-06
-6.375252325095997e-05 6.952721594956562e-06 4.824208260416099e-05 -2.828695459610076e-06
-6.352664485807979e-05 6.407290376217466e-06 4.803156745594228e-05 -2.308298363571355e-06
-6.298162634210015e-05 1.029498146265422e-05 4.737655084602128e-05 -5.987687519516005e-06
-6.195900534055426e-05 8.238110697579144e-06 4.651908286219300e-05 -4.053595624753276e-06
-6.298130815648609e-05 6.181343132971844e-06 4.751739166340363e-05 -2.092385751707144e-06
-5.914260086698333e-05 1.029639036895344e-05 4.378450437172244e-05 -6.010415026908509e-06
-5.914217816789595e-05 6.179731534815244e-06 4.395455085033275e-05 -2.077286261268386e-06
-5.702112149310493e-05 8.238136986647015e-06 4.179118961146882e-05 -4.006471828591014e-06
-5.529709656530342e-05 1.030269899514691e-05 4.013338158328862e-05 -5.986687868800266e-06
-5.529671966983620e-05 6.173694518348447e-06 4.027856627582806e-05 -1.970224905334663e-06
-5.336960280404656e-05 8.238264790842481e-06 3.821143363082302e-05 -4.020467324717614e-06
-5.143564066932555e-05 1.031366811369774e-05 3.648598817598082e-05 -6.005462821424470e-06
-5.143548229060322e-05 6.162897198379026e-06 3.643071988094452e-05 -2.091062137559025e-06
-4.949672894438870e-05 8.238477294676612e-06 3.453671357886541e-05 -4.019882151476902e-06
-4.754944830841658e-05 1.032758253829115e-05 3.285625302136167e-05 -5.907754145950878e-06
-4.754894571133040e-05 6.149083834548646e-06 3.281160795431796e-05 -2.201464553294843e-06
-4.559603051878349e-05 8.238466437799222e-06 3.107612041243228e-05 -4.071719176496490e-06
-4.363435865639040e-05 1.034227069060103e-05 2.948677599620486e-05 -5.848682925071142e-06
-4.363344136016743e-05 6.134327074311023e-06 2.939253942653624e-05 -2.282580065594070e-06
-4.166622867368904e-05 8.238337797138371e-06 2.774286427126546e-05 -4.066629847864542e-06
-3.969183914040131e-05 1.035387456128874e-05 2.626497288879755e-05 -5.771749320284830e-06
-3.969045563240275e-05 6.122614148115932e-06 2.615782129961028e-05 -2.336524993784402e-06
-3.771226861813431e-05 8.237954332056076e-06 2.450870630093623e-05 -4.094530882970048e-06
-3.573110259647583e-05 1.035726017886616e-05 2.307622558942624e-05 -5.780398036737577e-06
-3.572998875029749e-05 6.118586054915212e-06 2.297992977831414e-05 -2.392445865457098e-06
-3.374865109907701e-05 8.237312394754580e-06 2.134059662189316e-05 -4.128890488834186e-06
-3.177164993288158e-05 1.034841163869792e-05 1.995234401810598e-05 -5.700519092392855e-06
-3.177144422395241e-05 6.126106955164679e-06 1.986897086563875e-05 -2.510551925918365e-06
-2.979919933587319e-05 8.236534648289049e-06 1.839843356897393e-05 -4.095753919300947e-06
-2.784113442822599e-05 1.032453849282975e-05 1.699154389300076e-05 -5.683878553239888e-06
-2.784157404377568e-05 6.147973712194253e-06 1.689722652104665e-05 -2.628521412691848e-06
-2.589304227616919e-05 8.235593641038895e-06 1.559535506619836e-05 -4.122324905315786e-06
-2.396783033052096e-05 1.028646267910484e-05 1.415952440675599e-05 -5.646381416040961e-06
-2.396812814251677e-05 6.183759791650254e-06 1.413221354005382e-05 -2.777372908655312e-06
-2.213289358813346e-05 8.234318653236428e-06 1.295306176817847e-05 -4.154661367697499e-06
-2.032565086140471e-05 1.023926048993427e-05 1.158572270405701e-05 -5.660172044867938e-06
-2.032551448166904e-05 6.230769579106692e-06 1.160677894532745e-05 -2.862751984915225e-06
-1.897871453871656e-05 8.387768108443401e-06 1.071343792937910e-05 -4.288989688295813e-06
-1.763113262047164e-05 1.019499002945779e-05 9.752114367541124e-06 -5.616171328748542e-06
-1.762987788474362e-05 6.275130659770476e-06 9.751464921737680e-06 -2.830924617783937e-06
-1.571209647389094e-05 1.015678465356116e-05 8.373098292377006e-06 -5.589049898130699e-06
-1.607545859999434e-05 8.894033400493415e-06 8.634298120506641e-06 -4.681372754661192e-06
-1.571009667303171e-05 6.303359299810111e-06 8.397229601138104e-06 -2.877801608509582e-06
-1.433777745260889e-05 6.333563285295351e-06 7.372786282860634e-06 -2.890432083020680e-06
2.272698716826300e-06 6.611386747352267e-07 -8.013887780673696e-07 -6.197093044647135e-07
2.317151596089234e-06 5.540887837343996e-07 -8.184684107972282e-07 -5.821007778749303e-07
2.316866350864379e-06 1.561118087888126e-07 -8.165285570250113e-07 -4.357924679413259e-07
2.272680484095743e-06 5.086172344331504e-08 -7.971257813070416e-07 -3.952674626683390e-07
-1.433512806073899e-05 1.013002578784731e-05 7.420606745122378e-06 -5.587719798715781e-06
-1.310805342787260e-05 1.003587469908627e-05 6.539729220041717e-06 -5.521030489339468e-06
-1.405039189115982e-05 7.759232396380285e-06 7.165000624229548e-06 -3.863373147659404e-06
-1.310046974511426e-05 6.257999643580853e-06 6.491395625236008e-06 -2.886328044513617e-06
2.166172598503680e-06 7.054962068932161e-07 -7.608798547231432e-07 -6.346553744440860e-07
2.059271829042426e-06 2.690188974136561e-07 -7.221606848784733e-07 -4.744542657587423e-07
2.167316933870796e-06 7.049845864686002e-09 -7.556544626071679e-07 -3.780262222492494e-07
-1.271213209723986e-05 8.870437983725986e-06 6.241343914451960e-06 -4.686917635940118e-06
-1.191095899830299e-05 9.798682395319618e-06 5.736373597296836e-06 -5.295759358047717e-06
-1.076554647077609e-05 9.438507432382090e-06 4.957193639272227e-06 -4.988034421225219e-06
-1.234386944960178e-05 7.283051756672789e-06 5.966551770614538e-06 -3.573262952234912e-06
-1.192625645686855e-05 5.981824790948773e-06 5.682511765108797e-06 -2.758283620938580e-06
1.445375542449177e-06 7.188156646695184e-07 -5.332605399586233e-07 -6.209679008729899e-07
1.445198604092068e-06 -4.902028586474429e-09 -5.309240331211938e-07 -3.677295451859905e-07
1.071192371331150e-06 3.575947864173591e-07 -3.968988279752169e-07 -4.851208358691643e-07
-9.687467810569214e-06 8.948742450192776e-06 4.232821418710269e-06 -4.614678436096541e-06
-1.060889848058578e-05 8.243747312180180e-06 4.818446090770657e-06 -4.172371758648325e-06
-1.100301279478414e-05 6.754881299358278e-06 5.090933095731715e-06 -3.224693358715822e-06
-1.084201237312062e-05 5.519994461940619e-06 4.993313621218680e-06 -2.539083382812282e-06
6.643068249069037e-07 7.895504529116566e-07 -2.943240951563326e-07 -5.972074849275132e-07
6.649337339264384e-07 -7.256110461154232e-08 -2.841752409352349e-07 -3.164430402022101e-07
2.002839068847233e-07 3.594406721920655e-07 -1.281826570179166e-07 -4.445970149214080e-07
-8.681634961757622e-06 8.352715428186759e-06 3.611144256888112e-06 -4.244140116842454e-06
-7.769557396729885e-06 7.659319859416051e-06 3.181931143096827e-06 -3.823956535881681e-06
-9.630430007706742e-06 6.524380719873819e-06 4.195894736860053e-06 -3.103871598821156e-06
-9.877114240337226e-06 4.886821638863622e-06 4.362753808644882e-06 -2.237099435080386e-06
-3.346716166144768e-07 9.412608925214174e-07 5.421283537031777e-08 -6.503049900441360e-07
-3.342190094694517e-07 -2.205813138876410e-07 7.637685702610334e-08 -1.787314577847848e-07
-8.001264560456848e-06 6.597797296957126e-06 3.312408750812822e-06 -3.189880306851022e-06
-6.958190582419801e-06 6.871624753231036e-06 2.753923736489949e-06 -3.339108664072174e-06
-8.386871548166315e-06 5.409254275329167e-06 3.506892303480454e-06 -2.519947263090252e-06
-9.055702236433736e-06 4.118103405049629e-06 3.848908270703990e-06 -1.813313104483202e-06
-9.256225181140728e-07 3.613197167640212e-07 2.933709888120050e-07 -3.893542374247878e-07
-1.631298024585259e-06 1.159944965834816e-06 5.776881795445556e-07 -6.684861243053020e-07
-1.629662832332493e-06 -4.372889118737844e-07 5.942219402535022e-07 -3.225728097542877e-08
-6.244610811485962e-06 6.011095401998936e-06 2.375718136248096e-06 -2.804680583911511e-06
-5.651290251067674e-06 5.100654073559905e-06 2.133031916391086e-06 -2.360167402407295e-06
-5.175526848055424e-06 4.134937660143219e-06 1.947675468376712e-06 -1.902624640966181e-06
-7.603082492623041e-06 4.345381958932831e-06 3.087906832935112e-06 -1.960819463877954e-06
-8.396530271197363e-06 3.246289124975042e-06 3.486710657440602e-06 -1.464946813359502e-06
-2.198379586761791e-06 3.650729472446506e-07 8.074325517882719e-07 -3.455527290556303e-07
-2.897070395696365e-06 1.375067185011380e-06 1.063972456949106e-06 -7.203052754251717e-07
-2.896697213457706e-06 -6.590831158355690e-07 1.092879266830791e-06 1.169079463994096e-07
-6.170794693348801e-06 4.134422328726785e-06 2.384365133604454e-06 -1.890753140135814e-06
-4.812158865919228e-06 3.135157158469782e-06 1.799082051197388e-06 -1.440026670801119e-06
-4.054253212681312e-06 1.558752880046331e-06 1.552705067249638e-06 -7.578964249491297e-07
-4.394513292425330e-06 1.738900956895716e-06 1.644017518627386e-06 -8.072750344793225e-07
-4.578776981378285e-06 2.103600860286051e-06 1.690728389076619e-06 -9.485574029000814e-07
-7.055988592757524e-06 3.118535510427342e-06 2.789114105366682e-06 -1.399430684646674e-06
-7.908348842353830e-06 2.308411661329111e-06 3.160715309613517e-06 -9.981873998890150e-07
-3.525011754834327e-06 5.142890135389322e-07 1.338812031324128e-06 -3.381437368807022e-07
-4.049320684576699e-06 -8.196306586309949e-07 1.569585476934274e-06 1.809534901880719e-07
-5.500929567674220e-06 2.426393013604370e-06 2.104511676325946e-06 -1.096900430022721e-06
-4.413504221626635e-06 1.022503445014836e-06 1.672684847114953e-06 -5.414391296154762e-07
-4.817766922508188e-06 1.613210595527840e-06 1.796679163362344e-06 -7.479816140953142e-07
-6.661041859694092e-06 2.017585325386747e-06 2.612685683616858e-06 -8.928567431493864e-07
-7.608597058052886e-06 1.342348500709410e-06 2.958970735809376e-06 -6.537968934782594e-07
-4.429356152487011e-06 -1.333578506260896e-07 1.709252760943409e-06 -7.524031928415202e-08
-4.374549210629023e-06 -9.947573796351278e-07 1.731590411225092e-06 2.445224067223229e-07
-5.706300382256922e-06 7.896723625926265e-07 2.192300688563899e-06 -3.923008898862214e-07
-7.510801230640793e-06 3.697783055140131e-07 2.870946515499575e-06 -2.224356912665414e-07
-7.629686593086484e-06 -5.974398360628178e-07 2.865902469602340e-06 1.028054871969822e-07
-5.110077584372387e-06 -7.590812343099799e-07 1.984475178874270e-06 1.695472457875156e-07
-4.561587424933806e-06 -1.374465316593921e-06 1.839667726443192e-06 3.900472433167928e-07
-4.785586258347965e-06 -2.431036973247499e-06 1.976393105172264e-06 7.477808805568957e-07
-6.649370356825605e-06 -7.139766369447978e-07 2.534448592089397e-06 1.557560554625706e-07
-5.132997996827404e-06 -3.475821931521048e-06 2.123460805508150e-06 1.008638717737033e-06
-7.957516092915023e-06 -1.581274634041175e-06 2.940094618747893e-06 4.572933691472173e-07
-5.730175689608382e-06 -2.461276977747689e-06 2.222546621937615e-06 7.981034158082002e-07
-7.145277791975677e-06 -2.542205834668820e-06 2.672637850471205e-06 8.046505448127022e-07
-5.616813100112074e-06 -4.481916877094187e-06 2.251590616307231e-06 1.234076812179577e-06
-8.483370892079356e-06 -2.543863048283987e-06 3.006508252088507e-06 7.633541803039950e-07
-8.066191026231932e-06 -3.512720213950708e-06 2.883334513446016e-06 1.025897160590164e-06
-7.058582698334671e-06 -4.128045965056611e-06 2.628102985632416e-06 1.190500942444747e-06
-6.223243821832649e-06 -5.462324461378198e-06 2.388234287603030e-06 1.435089258897072e-06
-6.970713383550978e-06 -6.391688530755745e-06 2.558235943002238e-06 1.658327763979469e-06
-9.209257506193827e-06 -3.444078788814490e-06 3.127680140081634e-06 9.951296977724602e-07
-8.696965636528923e-06 -4.623875349384201e-06 3.010590846587932e-06 1.272823154677535e-06
-8.089616353068633e-06 -6.026922566691559e-06 2.849122242196912e-06 1.565423666319170e-06
-7.829521619923649e-06 -7.256573451122160e-06 2.765350191905778e-06 1.832618115181473e-06
-1.011007880068739e-05 -4.247412178386845e-06 3.270228348858883e-06 1.155404493420889e-06
-9.841468904605085e-06 -6.023255617616362e-06 3.194722033025424e-06 1.553666673294280e-06
-8.810781205184782e-06 -8.022860667226583e-06 2.980499089659038e-06 1.969744735011967e-06
-9.908330149031651e-06 -8.691225764795302e-06 3.225552484940362e-06 2.101753899216685e-06
-1.109372455645661e-05 -9.251402545632136e-06 3.485080884797462e-06 2.203561069186812e-06
-1.118529622751376e-05 -6.410104866635255e-06 3.489583008216052e-06 1.631615874117293e-06
-1.117332831315134e-05 -4.921116158803572e-06 3.497018616448242e-06 1.285070365979347e-06
-1.091533462780278e-05 -7.916838039535479e-06 3.438310797802758e-06 1.951046826406031e-06
-1.236659190582760e-05 -9.666757367534524e-06 3.755065342184787e-06 2.267934249730423e-06
-1.370722497320986e-05 -9.944037938700233e-06 4.018565354698909e-06 2.284879785871914e-06
-1.227655435092556e-05 -6.744109321114647e-06 3.708756649778295e-06 1.695524172960252e-06
-1.238178465490604e-05 -5.414210298428659e-06 3.740854658582733e-06 1.388346473441937e-06
-1.508541064260347e-05 -1.006405305262329e-05 4.303428014821025e-06 2.287187415870906e-06
-1.353241223164082e-05 -8.002074436796369e-06 3.974450256615884e-06 1.952158840541497e-06
-1.369562589690954e-05 -5.702255111102495e-06 4.022860684733504e-06 1.460265113691927e-06
-1.538624029042178e-05 -8.216325605937773e-06 4.343396183800721e-06 1.979227101298184e-06
-1.664626386918706e-05 -1.011321527039151e-05 4.629359611656398e-06 2.320848277010034e-06
-1.507219553951705e-05 -5.781651609065288e-06 4.307128384281988e-06 1.488941371671141e-06
-1.883546709257138e-05 -1.016266407071700e-05 5.064817210743583e-06 2.290515981281573e-06
-1.708711846592366e-05 -7.153174794620273e-06 4.750037051603329e-06 1.766300062985658e-06
-1.664384957615522e-05 -5.732766307201719e-06 4.658591269329244e-06 1.478850109956284e-06
-2.194477298314415e-05 -1.023897916248195e-05 5.639999232295000e-06 2.238940568804343e-06
-2.038456005560013e-05 -7.742012008097970e-06 5.363074365506276e-06 1.862643316121995e-06
-1.883730086917123e-05 -5.668516196249667e-06 5.120862525481975e-06 1.504292244656134e-06
-2.619170249137782e-05 -1.032092468280518e-05 6.190000092906509e-06 2.101946590259716e-06
-2.404511449770696e-05 -7.918943569917444e-06 5.941876087936115e-06 1.878320399347817e-06
-2.194586423924015e-05 -5.594752155333886e-06 5.592416602067962e-06 1.558981453577432e-06
-3.075143273606020e-05 -1.038883666871564e-05 6.492008705030682e-06 1.980624866389857e-06
-2.845076641279793e-05 -7.918131368896218e-06 6.329772079246481e-06 1.851085393814610e-06
-2.619220793548138e-05 -5.515376581839349e-06 6.116520157915067e-06 1.640843713941114e-06
-3.542452425409276e-05 -1.044348095452668e-05 6.659764314108776e-06 1.928271953424784e-06
-3.307090479012045e-05 -7.917700762948141e-06 6.558975625360916e-06 1.862018961314052e-06
-3.075173105662814e-05 -5.447030355310841e-06 6.407296563836425e-06 1.648867057806325e-06
-4.018863180018425e-05 -1.048670315043788e-05 6.801316948274523e-06 1.902048038632101e-06
-3.779311187172686e-05 -7.917269372647742e-06 6.774734315739659e-06 1.880378830105601e-06
-3.542470489589934e-05 -5.391550917382771e-06 6.702364199728432e-06 1.702492971604225e-06
-4.502397850013904e-05 -1.052101960418514e-05 6.911138493831337e-06 1.856143525578233e-06
-4.259564758554713e-05 -7.916956073132161e-06 6.928508954908561e-06 1.843558105812965e-06
-4.018867488678051e-05 -5.347578834268240e-06 6.899478149601293e-06 1.771655687416839e-06
-4.991571544324744e-05 -1.054808154382586e-05 6.838919737058415e-06 1.809874808426654e-06
-4.746138306873729e-05 -7.916852397859428e-06 6.921970057323896e-06 1.849128805597928e-06
-4.502392996659060e-05 -5.312773270527884e-06 6.949478030006834e-06 1.859060697315161e-06
-5.485228058797805e-05 -1.056902568459474e-05 6.693889463452039e-06 1.803213821495951e-06
-5.237745445409162e-05 -7.916875836167449e-06 6.752826097783831e-06 1.852058759566219e-06
-4.991577146332953e-05 -5.285562916454679e-06 6.840599547177557e-06 1.935877839429050e-06
-5.982195541527420e-05 -1.058378647632830e-05 6.545547025632903e-06 1.828599427325767e-06
-5.733270214620579e-05 -7.917063147417756e-06 6.607123627198571e-06 1.858747303737823e-06
-5.485243971879754e-05 -5.264824458027138e-06 6.687842134049685e-06 1.922055285359660e-06
-6.481186568672860e-05 -1.059186453300907e-05 6.447567663779237e-06 1.864033185830779e-06
-6.231466974945170e-05 -7.917198895567724e-06 6.480621991142547e-06 1.863177001422173e-06
-5.982224301422906e-05 -5.250567012618933e-06 6.530533213152288e-06 1.898816883380965e-06
-7.552167407888251e-05 -1.030140830780118e-05 6.856824436080764e-06 1.979249982230447e-06
-7.481149154600762e-05 -1.059555941163246e-05 6.818076207855338e-06 1.991187251958561e-06
-6.705029281032560e-05 -7.917332611845393e-06 6.480914958929978e-06 1.851181492284686e-06
-6.981082383039249e-05 -1.059491106381282e-05 6.528265805028222e-06 1.938587655546038e-06
-6.481186041022401e-05 -5.242839107601529e-06 6.472225260483889e-06 1.837319851761852e-06
-7.581583985376409e-05 -9.591245055171132e-06 6.874333019994571e-06 1.946514493431739e-06
-7.413518196351699e-05 -7.917260543683349e-06 6.776210028179272e-06 1.864480032563398e-06
-6.981078584864896e-05 -5.239719888242589e-06 6.542082900577590e-06 1.787215005488434e-06
-7.581574698281505e-05 -6.243312727743188e-06 6.893803431812155e-06 1.771665434497698e-06
-7.481140439031338e-05 -5.239025996910195e-06 6.839193181075503e-06 1.725118325033085e-06
-7.552157871307004e-05 -5.533168866332735e-06 6.878187480664700e-06 1.738025248126167e-06
