6.879664449606063e-05 -9.167718375428121e-06 -1.383495842198017e-05 3.152178489992502e-06
6.907283817431334e-05 -8.501032817323690e-06 -1.386169560453950e-05 3.070506007402394e-06
6.907288643017100e-05 -5.357998912585952e-06 -1.372409135149056e-05 2.591834730940722e-06
6.879669308612323e-05 -4.691292127667909e-06 -1.367634206443449e-05 2.485046136574700e-06
6.812988233324994e-05 -9.443851197685903e-06 -1.376051469656734e-05 3.185855778664445e-06
6.687917220392916e-05 -6.929503663810075e-06 -1.348212056771920e-05 2.806909815568824e-06
6.812992161956583e-05 -4.415147774625850e-06 -1.356800030107927e-05 2.440292469208250e-06
6.343512329534425e-05 -9.442714155092102e-06 -1.315248950658856e-05 3.184505014598889e-06
6.343508547767022e-05 -4.416115988656148e-06 -1.287895689346975e-05 2.445395347344764e-06
6.084386854031829e-05 -6.929385298176686e-06 -1.265541859104405e-05 2.884625546867156e-06
5.874381938900142e-05 -9.438157601452053e-06 -1.244024585823611e-05 3.237198792458493e-06
5.874383837932826e-05 -4.420603895862022e-06 -1.209255432100745e-05 2.440264569238230e-06
5.640132122250230e-05 -6.929416321714770e-06 -1.197070929987019e-05 2.832927285661959e-06
5.406499049153557e-05 -9.428623438701937e-06 -1.162081265375630e-05 3.214020566747731e-06
5.406526868316264e-05 -4.430619408003982e-06 -1.146253411103660e-05 2.396367718220788e-06
5.173233182652659e-05 -6.929703076864128e-06 -1.124003311149691e-05 2.847425592063086e-06
4.940968254949880e-05 -9.412747201897697e-06 -1.094805174531455e-05 3.238318907492641e-06
4.941040217271590e-05 -4.447333582432639e-06 -1.071682558060318e-05 2.386850058448442e-06
4.709342438943644e-05 -6.930334314223751e-06 -1.043917045110034e-05 2.854225870120494e-06
4.479120024604694e-05 -9.390580210744665e-06 -1.017057087943459e-05 3.294086823751407e-06
4.479198237162851e-05 -4.470941669893268e-06 -9.919893360588360e-06 2.384525141490884e-06
4.249742416543184e-05 -6.931381040215871e-06 -9.524436136909439e-06 2.833997304272593e-06
4.022167148269316e-05 -9.362512640679218e-06 -9.347996969045438e-06 3.339746778650336e-06
4.022232458397634e-05 -4.501527318647914e-06 -9.009774932010086e-06 2.396092963714270e-06
3.795593174802661e-05 -6.932747591663455e-06 -8.570583659891051e-06 2.796794684790952e-06
3.571233921079164e-05 -9.327706639635860e-06 -8.503872220159069e-06 3.324283985161235e-06
3.571324275822811e-05 -4.539550145721506e-06 -8.210277990812166e-06 2.459659294868166e-06
3.348132074148661e-05 -6.934307173797672e-06 -7.692078924404799e-06 2.789489658519059e-06
3.127689845555128e-05 -9.284714488615553e-06 -7.630751852567314e-06 3.302172651075139e-06
3.127849755731684e-05 -4.586116938829561e-06 -7.470891920369137e-06 2.503064254930651e-06
2.908895156182963e-05 -6.936359952920703e-06 -6.904105973112644e-06 2.831232943579442e-06
2.693378754255865e-05 -9.230880933065752e-06 -6.752738921327268e-06 3.329055283694596e-06
2.693557063067464e-05 -4.643970256163820e-06 -6.735743369650087e-06 2.492589138620374e-06
2.479925140551688e-05 -6.938523021318582e-06 -6.197414562844069e-06 2.886697492654290e-06
2.270605291925323e-05 -9.162856710627723e-06 -5.939204975450913e-06 3.239869523605381e-06
2.270719352703011e-05 -4.716465647570127e-06 -6.016608826096415e-06 2.574029024752343e-06
2.072001446563186e-05 -6.940040548799716e-06 -5.638502917573042e-06 2.906285198763585e-06
1.878292512431096e-05 -9.080298188033611e-06 -5.379009183103407e-06 3.175742591473199e-06
1.878334271605377e-05 -4.806528146512519e-06 -5.422998975043635e-06 2.563508260406763e-06
1.734534116399090e-05 -7.104057684954425e-06 -5.185422293407192e-06 2.917388022378945e-06
1.592862458073984e-05 -8.999556405612021e-06 -4.984175271179253e-06 3.152708016219134e-06
1.592714267628838e-05 -4.893024518197989e-06 -5.009631426033020e-06 2.551127492566922e-06
1.393158873480074e-05 -8.926242671764931e-06 -4.684643034387519e-06 3.187132229910649e-06
1.429842988533613e-05 -7.628785613899324e-06 -4.743263274023906e-06 3.017734373683128e-06
1.392839331566125e-05 -4.950105181628625e-06 -4.691645367376594e-06 2.584782026916482e-06
1.252202930660888e-05 -5.011708790854739e-06 -4.445240377241618e-06 2.577700856955511e-06
-1.783065788107672e-06 -2.875421686030573e-07 1.285049125192560e-06 9.144902801469287e-07
-1.817656851356278e-06 -2.043404705209718e-07 1.314112132172035e-06 8.408423548414703e-07
-1.817446736719645e-06 1.054135114849063e-07 1.295291375094965e-06 5.685447853217576e-07
-1.783032843483301e-06 1.874049476969592e-07 1.264507234775736e-06 5.014346643541772e-07
1.251571505181651e-05 -8.873789498354780e-06 -4.486001181719711e-06 3.183942791505974e-06
1.127872009570771e-05 -8.755195627387080e-06 -4.276496492360302e-06 3.178486203717320e-06
1.221674566529693e-05 -6.463497828609590e-06 -4.398292601309042e-06 2.783743390534414e-06
1.126111563458599e-05 -4.968759394103799e-06 -4.235141771669820e-06 2.575683544220181e-06
-1.700241548585089e-06 -3.219588407601482e-07 1.212973617791132e-06 9.449858314784556e-07
-1.616933477485969e-06 1.779115413134433e-08 1.122375979555689e-06 6.429501388369590e-07
-1.700958440201736e-06 2.216325839617546e-07 1.196164353013945e-06 4.754468986137266e-07
1.087224439280417e-05 -7.575525445867200e-06 -4.199424877341443e-06 2.984327856866787e-06
1.008691450861097e-05 -8.487734018422168e-06 -4.082217838078059e-06 3.143226195434002e-06
8.968228579444035e-06 -8.109734853513726e-06 -3.876680677185881e-06 3.076307169972017e-06
1.050137271886107e-05 -5.997314611722062e-06 -4.114171451499057e-06 2.727882380385893e-06
1.009085705952804e-05 -4.734989624700930e-06 -4.042772574724975e-06 2.523549883615486e-06
-1.139387004525765e-06 -3.312361080627101e-07 6.983095614467445e-07 9.307728777810567e-07
-1.138858924204052e-06 2.319778902826973e-07 7.075217896952830e-07 4.957550927157177e-07
-8.480337757453631e-07 -4.932631704172155e-08 4.966116404794404e-07 7.275094889477535e-07
7.938589689506365e-06 -7.603362638750547e-06 -3.694373347926365e-06 2.978186468868770e-06
8.807509993726167e-06 -6.931842772300694e-06 -3.835065422700895e-06 2.881710432107400e-06
9.188732661814009e-06 -5.492152950863754e-06 -3.916502796719523e-06 2.630530844910997e-06
9.029051523903160e-06 -4.329955881346727e-06 -3.922578803212221e-06 2.443830649892629e-06
-5.315760929962640e-07 -3.847171117842058e-07 2.591099004062847e-07 9.929601352725335e-07
-5.314450979406677e-07 2.866586997976122e-07 2.621894405502162e-07 5.166355464024212e-07
-1.698497003412256e-07 -4.866353776394558e-08 -6.931312373349859e-09 7.671609676060309e-07
6.992951973056675e-06 -7.010296544164748e-06 -3.537524991397409e-06 2.872890406794010e-06
6.160312292495053e-06 -6.340451964658942e-06 -3.409393314307642e-06 2.774281624686000e-06
7.876428194421618e-06 -5.278049529845893e-06 -3.696125783893165e-06 2.595257787296866e-06
8.100502990059648e-06 -3.766171513930151e-06 -3.790178754955722e-06 2.346193976290748e-06
2.466508511548211e-07 -5.009142394281603e-07 -3.116780028722648e-07 1.099263200742824e-06
2.469805703515834e-07 4.045158138600023e-07 -2.940346465564987e-07 4.791083006019205e-07
6.373449122749168e-06 -5.341770107980582e-06 -3.455070737129317e-06 2.611640674025135e-06
5.440517689470360e-06 -5.590035159499949e-06 -3.246249784506621e-06 2.663227918023430e-06
6.721852856889970e-06 -4.253049797224364e-06 -3.549754072741206e-06 2.425701102886239e-06
7.323465416534914e-06 -3.094164132023600e-06 -3.687058766662950e-06 2.160084327648651e-06
7.076320379542078e-07 -4.786514991723946e-08 -6.231524697611375e-07 8.007436626646107e-07
1.257393032382440e-06 -6.691255009770065e-07 -1.015371975908514e-06 1.235772879080533e-06
1.256794650377099e-06 5.759526802806216e-07 -9.955979659834588e-07 3.869926822356194e-07
4.816659786886503e-06 -4.791471721708607e-06 -3.091657218865183e-06 2.545860033672822e-06
4.323040300052078e-06 -3.977553939363872e-06 -2.943490511926253e-06 2.396454991217945e-06
3.947171958028087e-06 -3.126727978146251e-06 -2.786823668977067e-06 2.206041370713272e-06
6.021300150513269e-06 -3.301984367029557e-06 -3.420121207185589e-06 2.212191101425560e-06
6.708624250631527e-06 -2.350819231697934e-06 -3.629248904262824e-06 1.941902142330916e-06
1.699764272876871e-06 -4.887997495634521e-08 -1.314244781868710e-06 8.242465200057508e-07
2.244033573648028e-06 -8.348179498343500e-07 -1.630088342651023e-06 1.304042382913484e-06
2.244780313128137e-06 7.513520703943257e-07 -1.651505830798801e-06 3.805453121682616e-07
4.781232894449776e-06 -3.119649516052334e-06 -3.067903262961672e-06 2.207839957721020e-06
3.668797270790151e-06 -2.270943425773569e-06 -2.652081160731003e-06 1.927203911445154e-06
3.134904313946084e-06 -9.754375815831336e-07 -2.208254350062050e-06 1.389196172687036e-06
3.389073556163754e-06 -1.117951660837140e-06 -2.389209731223915e-06 1.462664119497672e-06
3.517446660973535e-06 -1.412147239296881e-06 -2.501882291900216e-06 1.596125951043170e-06
5.539419402919730e-06 -2.245160218352533e-06 -3.336716167286021e-06 1.924694563436287e-06
6.250699700642000e-06 -1.571685680064697e-06 -3.621792436334130e-06 1.655910303921188e-06
2.733195223875016e-06 -1.643573224764001e-07 -1.928773683002817e-06 8.901743889161575e-07
3.155739368712630e-06 8.798751504431585e-07 -2.120648286263328e-06 2.967696254576547e-07
4.249021316726572e-06 -1.670120539701329e-06 -2.840611487885301e-06 1.719406134322465e-06
3.415415971905732e-06 -5.548328251487839e-07 -2.367930090872559e-06 1.143825809688326e-06
3.717973167075876e-06 -1.017322754684668e-06 -2.570258346177237e-06 1.410168670453415e-06
5.203996980031403e-06 -1.332827797452802e-06 -3.239691365234654e-06 1.562696850467362e-06
5.960512703641438e-06 -7.928756317531372e-07 -3.644101824571605e-06 1.272321382413181e-06
3.448484731900040e-06 3.477834342489032e-07 -2.307133482122640e-06 6.120597095309454e-07
3.422090318584909e-06 1.015735586615262e-06 -2.219075644792092e-06 2.126907593092872e-07
4.432263459776767e-06 -3.528707883094373e-07 -2.892390972003172e-06 1.083976886762556e-06
5.853485298246427e-06 -2.555021564368310e-08 -3.692756923608568e-06 8.885551249585077e-07
5.901332620023170e-06 7.174322117241432e-07 -3.905734656165266e-06 4.135943851837677e-07
3.991246709118712e-06 8.402572750451056e-07 -2.570958623961464e-06 3.477130675994857e-07
3.580157568567022e-06 1.301353589840560e-06 -2.264689676724218e-06 6.056448316697065e-09
3.778155284062374e-06 2.079002095768923e-06 -2.349493537574295e-06 -6.190486288616784e-07
5.162193029015172e-06 8.185695494097363e-07 -3.360949479709366e-06 3.955685625641277e-07
4.065400844994031e-06 2.819665158145007e-06 -2.535477035925134e-06 -1.255522009330952e-06
6.107267095457778e-06 1.464448626604705e-06 -4.236326107659550e-06 -1.024178398374509e-07
4.484149009581997e-06 2.110188080248311e-06 -2.907286685523950e-06 -6.160083895326069e-07
5.511242353923891e-06 2.168766603851333e-06 -3.753450723330310e-06 -6.678833375946785e-07
4.434207341951127e-06 3.521197252285618e-06 -2.824086501692808e-06 -1.884198402619697e-06
6.447982135285970e-06 2.170237033496296e-06 -4.641407094895735e-06 -6.747018299173557e-07
6.147285395994079e-06 2.856587285851640e-06 -4.362053469883736e-06 -1.278379507288362e-06
5.453322689768805e-06 3.281583833911257e-06 -3.695478808180543e-06 -1.658112032304098e-06
4.880963676968954e-06 4.178871058071737e-06 -3.182589508530201e-06 -2.544789582021204e-06
5.403481273488919e-06 4.784120557499670e-06 -3.675101457693495e-06 -3.191874839530744e-06
6.912398959503771e-06 2.816288879338619e-06 -5.129532095462952e-06 -1.237879089918695e-06
6.567174180159631e-06 3.616465495925327e-06 -4.783180042922158e-06 -2.039705559598602e-06
6.163561569542453e-06 4.542093499980077e-06 -4.393595798236273e-06 -2.969616861493270e-06
5.992327154552166e-06 5.327753182971510e-06 -4.243593935920539e-06 -3.768667448021851e-06
7.484006971814943e-06 3.378116417633111e-06 -5.776882373958898e-06 -1.814709320896419e-06
7.308338720125196e-06 4.534902113769977e-06 -5.614376515330528e-06 -2.982640664020393e-06
6.642423402887804e-06 5.801232552025960e-06 -4.933296385802666e-06 -4.278951496491450e-06
7.344802882060918e-06 6.198733332293695e-06 -5.673163292040340e-06 -4.719826163127956e-06
8.088290717864435e-06 6.513782745036201e-06 -6.455991637095288e-06 -5.074206730158792e-06
8.151656499283981e-06 4.780948806946530e-06 -6.496960918215910e-06 -3.228254247912251e-06
8.146584871418820e-06 3.836756254184424e-06 -6.466492418709095e-06 -2.258461800604761e-06
7.986395695265614e-06 5.712100176757810e-06 -6.345360207319977e-06 -4.207783215315669e-06
8.864920837582169e-06 6.741509499517175e-06 -7.279587905419308e-06 -5.336957772087060e-06
9.661859810366212e-06 6.878746740510756e-06 -8.118044188789991e-06 -5.510537844874164e-06
8.819876840432901e-06 4.991551467638764e-06 -7.224010994525392e-06 -3.454545101003793e-06
8.880555397980442e-06 4.175589850692556e-06 -7.272439479998776e-06 -2.595453223978369e-06
1.046971050322320e-05 6.924087333718982e-06 -8.979083674926364e-06 -5.568845124678070e-06
9.573045942619808e-06 5.744223552018356e-06 -8.025971277198740e-06 -4.279768644488012e-06
9.662901707998445e-06 4.384108202863029e-06 -8.084116175623660e-06 -2.830083042193420e-06
1.064868102125281e-05 5.863995364489019e-06 -9.195214219075312e-06 -4.418565433338678e-06
1.135711238017285e-05 6.922019081952272e-06 -9.939165106693785e-06 -5.521707111860493e-06
1.046938862055358e-05 4.455224703335373e-06 -8.961495159651459e-06 -2.930291861454663e-06
1.257540144962544e-05 6.918750281566399e-06 -1.125585171279923e-05 -5.534390023382314e-06
1.161543672020731e-05 5.262926513970679e-06 -1.022551141660783e-05 -3.787288445778096e-06
1.135714345166178e-05 4.457144262569288e-06 -9.942591481529158e-06 -2.917353507842222e-06
1.423930727506657e-05 6.910671058037934e-06 -1.296736440228582e-05 -5.544816232912668e-06
1.341872598671627e-05 5.594601885503407e-06 -1.216258465273130e-05 -4.157227755670811e-06
1.257516778475440e-05 4.461915932307276e-06 -1.125244565147731e-05 -2.900943194774196e-06
1.641455916257008e-05 6.898431773940280e-06 -1.534380759746219e-05 -5.617329136075998e-06
1.533083609148786e-05 5.690844470513445e-06 -1.416993926139684e-05 -4.297136330128654e-06
1.423932421503371e-05 4.470780295256575e-06 -1.304256017984818e-05 -2.969434178818570e-06
1.865549287072792e-05 6.884257249780445e-06 -1.788767817744796e-05 -5.798429343571108e-06
1.753976611417508e-05 5.691430362632463e-06 -1.660054593942171e-05 -4.304208310574869e-06
1.641474880096963e-05 4.483987729453947e-06 -1.541023157105564e-05 -2.945747845088460e-06
2.086728775273567e-05 6.869178731701305e-06 -2.079961358328777e-05 -5.950517540984331e-06
1.976632708271161e-05 5.691913022357540e-06 -1.927698676401657e-05 -4.320242939841240e-06
1.865557461105034e-05 4.499232115187779e-06 -1.791998988094721e-05 -2.879455939564711e-06
2.304987638617637e-05 6.855071474659848e-06 -2.393491061892596e-05 -6.114679547432150e-06
2.196309430251658e-05 5.692314153252542e-06 -2.227330408550696e-05 -4.358271690074830e-06
2.086709913468840e-05 4.515185516599528e-06 -2.068862643694294e-05 -2.766932140110568e-06
2.520752948612020e-05 6.844398828866774e-06 -2.720790788527819e-05 -6.181475503475350e-06
2.413197505574333e-05 5.692626038056960e-06 -2.548469032660834e-05 -4.415685572209503e-06
2.304947199186384e-05 4.529914331475546e-06 -2.378831231425382e-05 -2.663626504171017e-06
2.734880835978453e-05 6.837575540495465e-06 -3.060393128258596e-05 -6.277750085573744e-06
2.628007043176320e-05 5.692813896948236e-06 -2.884175840223193e-05 -4.419727209069920e-06
2.520721411783505e-05 4.540999520852347e-06 -2.712481852511336e-05 -2.590683180403601e-06
2.948072852979454e-05 6.833149837127446e-06 -3.421619852511588e-05 -6.332075643614196e-06
2.841597190264987e-05 5.693016426765676e-06 -3.237494728233261e-05 -4.402527587380968e-06
2.734865765298712e-05 4.548169154865965e-06 -3.059741268879684e-05 -2.515476656201261e-06
3.160525940940028e-05 6.828844240666630e-06 -3.786636671917444e-05 -6.307078173838960e-06
3.054437764638553e-05 5.693195643194397e-06 -3.601419463897407e-05 -4.350767183773133e-06
2.948077973640685e-05 4.552991176001861e-06 -3.417131792520585e-05 -2.454192066933753e-06
3.372060352957828e-05 6.823699444565627e-06 -4.154178790383965e-05 -6.254737600305950e-06
3.266464849521323e-05 5.693256803679819e-06 -3.966035562445559e-05 -4.325990343517868e-06
3.160541974051686e-05 4.557589034315191e-06 -3.780969939531892e-05 -2.414243388292585e-06
3.822356533306616e-05 6.694436995445612e-06 -4.914091624337699e-05 -6.044384528270723e-06
3.792530612219705e-05 6.818016278012211e-06 -4.863206668587442e-05 -6.253318544508791e-06
3.466495493253760e-05 5.693266434265599e-06 -4.309804549441151e-05 -4.332996494441373e-06
3.582596862530158e-05 6.819157139793874e-06 -4.507308045689933e-05 -6.211290633286737e-06
3.372049992228628e-05 4.562929046177429e-06 -4.144431505402862e-05 -2.407336664455537e-06
3.834709910077459e-05 6.396118197859755e-06 -4.935048468950332e-05 -5.537786473386981e-06
3.764154795098465e-05 5.693091084714218e-06 -4.812910348612098e-05 -4.335938465753406e-06
3.582588851038709e-05 4.567125791938789e-06 -4.505408428315402e-05 -2.444948519809640e-06
3.834695488399087e-05 4.990141762442456e-06 -4.931026412127237e-05 -3.157215355688002e-06
3.792515653509209e-05 4.568267229096455e-06 -4.859378419184347e-05 -2.450319385349725e-06
3.822341335619143e-05 4.691840197962974e-06 -4.909905017573703e-05 -2.656684096345517e-06
