7.757518626057511e-05 -1.277378427183305e-05 1.325486861401465e-06 8.789398484575969e-07
7.784663157433917e-05 -1.211842589143856e-05 1.386878873114687e-06 1.021920450465936e-06
7.784652321836749e-05 -9.028890220001120e-06 1.389425821884581e-06 1.561010902553535e-06
7.757506423491280e-05 -8.373530445676264e-06 1.330107088639455e-06 1.693719888211348e-06
7.691984262814242e-05 -1.304524179587396e-05 1.181118885187403e-06 8.191094819610927e-07
7.569064042406107e-05 -1.057365048121412e-05 9.796506890589286e-07 1.289356676433045e-06
7.691970483860790e-05 -8.102073455247845e-06 1.191985015337116e-06 1.748485897671154e-06
7.230591556394570e-05 -1.304546572516773e-05 2.507776294782746e-07 8.179354216768246e-07
7.230569813227028e-05 -8.101993409096911e-06 2.581014929255370e-07 1.754312763246426e-06
6.975847503950839e-05 -1.057381900445744e-05 -2.775796889741100e-07 1.266665989248694e-06
6.769067132082204e-05 -1.304759079315684e-05 -4.294409805145890e-07 9.113061542876984e-07
6.769063955901931e-05 -8.100634951236858e-06 -5.375693958141594e-07 1.708058856748462e-06
6.538209539625496e-05 -1.057401208863796e-05 -1.037361700267860e-06 1.230779645953870e-06
6.307038913150387e-05 -1.305197634071123e-05 -1.073790312945452e-06 9.343818535084527e-07
6.307099641794135e-05 -8.097066457846163e-06 -1.337136770143330e-06 1.679632397151784e-06
6.075776879779557e-05 -1.057461193385352e-05 -1.743915570158094e-06 1.201514508792729e-06
5.844009124892841e-05 -1.305829730691504e-05 -1.664885224815916e-06 9.404050622832638e-07
5.844111932050869e-05 -8.091945268604088e-06 -2.006119523028098e-06 1.590558564043669e-06
5.612137361716876e-05 -1.057547852760490e-05 -2.293389476558374e-06 1.219564255043242e-06
5.379722871997678e-05 -1.306498131125056e-05 -2.117066961106457e-06 1.011197524324410e-06
5.379827867678036e-05 -8.086695478490521e-06 -2.524863626494122e-06 1.432204846968773e-06
5.147262051975279e-05 -1.057651013955129e-05 -2.723122289133693e-06 1.204852340855534e-06
4.914447472377226e-05 -1.306903093149283e-05 -2.505101320400009e-06 1.097387237138788e-06
4.914506416503705e-05 -8.084703561379768e-06 -2.937956923279383e-06 1.308684745333743e-06
4.681700993707135e-05 -1.057779630992039e-05 -2.954209883214795e-06 1.200705796709519e-06
4.448998678671167e-05 -1.306796616070516e-05 -2.730447118159603e-06 1.120358841278845e-06
4.449010412990901e-05 -8.088626678957662e-06 -3.109174927775518e-06 1.206443110498375e-06
4.216516816314693e-05 -1.057926873180842e-05 -2.888104803976023e-06 1.160065231017365e-06
3.984512470607740e-05 -1.306116094975891e-05 -2.743129718278343e-06 1.156416804673926e-06
3.984505661217069e-05 -8.098871658911895e-06 -2.996345773913213e-06 1.101578963236435e-06
3.752894047647120e-05 -1.058082179431871e-05 -2.730277897835597e-06 1.129930408554550e-06
3.522214894399043e-05 -1.304730664637936e-05 -2.715645381286606e-06 1.164279916847234e-06
3.522237853726177e-05 -8.116295048647333e-06 -2.861050178279102e-06 1.042703891543975e-06
3.292142403074505e-05 -1.058260494554471e-05 -2.605630037379784e-06 1.118506175632962e-06
3.063508018485106e-05 -1.302515946095629e-05 -2.588869302875029e-06 1.045951321082407e-06
3.063538542367414e-05 -8.142334778516303e-06 -2.746705751945829e-06 1.081618097495595e-06
2.844915263372251e-05 -1.058433088172300e-05 -2.646917886295324e-06 1.117407164440236e-06
2.628203393292253e-05 -1.299504562558008e-05 -2.632291526134147e-06 1.106280840822522e-06
2.628238393738713e-05 -8.177798460875114e-06 -2.770277459944113e-06 1.092676685419138e-06
2.466330661122088e-05 -1.077255733729930e-05 -2.696788207069177e-06 1.141287560855026e-06
2.303064486117567e-05 -1.296414658706901e-05 -2.641727495934313e-06 1.151708768027159e-06
2.303046796201675e-05 -8.212853503914251e-06 -2.736974648141196e-06 1.071070788758832e-06
2.069645937822493e-05 -1.293622156901624e-05 -2.593629362496224e-06 1.213146437571438e-06
2.114413927231460e-05 -1.139258733486638e-05 -2.618649133050643e-06 1.186680868583365e-06
2.069578571903938e-05 -8.235894504705900e-06 -2.617132024574800e-06 1.078754644135864e-06
1.901719108853060e-05 -8.259904649307796e-06 -2.563470348496248e-06 1.086518165540293e-06
-3.189551405840276e-06 -7.050913858303950e-07 7.016644033374052e-07 2.309912798277866e-08
-3.253164697071708e-06 -5.519772167612656e-07 7.220582152676024e-07 -2.669517097872224e-08
-3.252771356768676e-06 1.796028736536527e-08 7.266558104777695e-07 -2.128902472603560e-07
-3.189494274675034e-06 1.687718416371385e-07 7.069285285147103e-07 -2.625262374475822e-07
1.901403946465929e-05 -1.291675287252763e-05 -2.577795924572034e-06 1.257091897957433e-06
1.750397213279529e-05 -1.281315723033802e-05 -2.502302710656900e-06 1.282665464547660e-06
1.867024830894205e-05 -1.000805947334775e-05 -2.549610864448608e-06 1.127507050720320e-06
1.750116855940586e-05 -8.152550509135464e-06 -2.509475970499196e-06 1.102909337348839e-06
-3.037146098514440e-06 -7.684785483996108e-07 6.526556938457370e-07 4.406452668680624e-08
-2.883711491432414e-06 -1.434864386279536e-07 6.071381457745345e-07 -1.586059582759525e-07
-3.038541572702901e-06 2.316385193149938e-07 6.580900908027287e-07 -2.828830428085880e-07
1.702062595043268e-05 -1.138147257552617e-05 -2.478551770058795e-06 1.226073796103127e-06
1.602373948991920e-05 -1.253591023073651e-05 -2.442086495030107e-06 1.281131556294112e-06
1.459743875360540e-05 -1.210158129603074e-05 -2.370168040404383e-06 1.272359004798287e-06
1.656861191466601e-05 -9.417201681048845e-06 -2.456034600859229e-06 1.152368197425056e-06
1.605102865471564e-05 -7.792061663550482e-06 -2.427218759156270e-06 1.096669782324539e-06
-2.004611664933310e-06 -7.857320755172710e-07 3.324997469164221e-07 6.135683123255743e-08
-2.003935380464189e-06 2.493210006970611e-07 3.350959541785913e-07 -2.711207795814647e-07
-1.468967543735856e-06 -2.681826926480218e-07 1.737888735469257e-07 -7.830720477292029e-08
1.324177712443668e-05 -1.150731290071887e-05 -2.282688481587606e-06 1.266885525860295e-06
1.440684777384170e-05 -1.061895598996756e-05 -2.356608889571444e-06 1.217002643922423e-06
1.490114747824202e-05 -8.755497262789300e-06 -2.390844711289802e-06 1.127670855243715e-06
1.470351797254033e-05 -7.192979214017151e-06 -2.409787497622735e-06 1.080064028032867e-06
-8.886837176176264e-07 -8.813755432862394e-07 -7.307494242875698e-09 1.372250746311266e-07
-8.887782454374795e-07 3.449110141798179e-07 2.904535488038099e-08 -1.875215641998416e-07
-2.286355346244918e-07 -2.681256915530703e-07 -1.647851986680006e-07 2.198789777537562e-08
1.196907937540381e-05 -1.077279384513069e-05 -2.210521162382390e-06 1.278405955941612e-06
1.079988297528059e-05 -9.907075103091452e-06 -2.134705264779948e-06 1.250730812243657e-06
1.317681953144771e-05 -8.464596024719368e-06 -2.325664514798456e-06 1.132658772911750e-06
1.349622838925439e-05 -6.373659272714580e-06 -2.388799472089443e-06 1.042507830951824e-06
5.285337735433980e-07 -1.088012875805503e-06 -3.403564199655149e-07 2.198240412386362e-07
5.288000860448749e-07 5.522971217682664e-07 -3.245197259324978e-07 -1.123037316585050e-07
1.109682144348659e-05 -8.563686188338857e-06 -2.171946630676377e-06 1.164948927071584e-06
9.744568978047915e-06 -8.917152148483868e-06 -2.045299930127997e-06 1.198333935230128e-06
1.159571970601962e-05 -7.040095319212993e-06 -2.242346603238099e-06 1.065287451764011e-06
1.246219141497089e-05 -5.369070527662134e-06 -2.327216925435844e-06 9.325119530382585e-07
1.362563180991188e-06 -2.677744905761654e-07 -4.797160430052387e-07 7.343894103297664e-08
2.353728323029062e-06 -1.386588780028416e-06 -6.916154748834585e-07 3.324177909616338e-07
2.352514017397180e-06 8.538306831254187e-07 -6.620755609114797e-07 -1.404872454511101e-07
8.810031510406072e-06 -7.823023925758643e-06 -1.961109280209990e-06 1.110457304024710e-06
8.014282274346941e-06 -6.643304758271799e-06 -1.894708944844321e-06 1.039763983807876e-06
7.359939178022413e-06 -5.382240235498444e-06 -1.783800988850567e-06 9.349945332798933e-07
1.058103136754504e-05 -5.662552457602935e-06 -2.148547365878341e-06 9.524623577230888e-07
1.162800408445805e-05 -4.213929266413311e-06 -2.269596092449439e-06 8.126209103852266e-07
3.150396827803720e-06 -2.701389892136803e-07 -8.439815407954737e-07 1.074703820321945e-07
4.127686582706527e-06 -1.680626061613275e-06 -1.023647902387425e-06 3.840461253900039e-07
4.127687301624576e-06 1.160860833859548e-06 -1.021899804083135e-06 -1.505339752375969e-07
8.693135736001674e-06 -5.386242530531853e-06 -1.949729115986643e-06 9.472409158574099e-07
6.852958854180831e-06 -4.058435688645131e-06 -1.675726587135133e-06 7.663349090220953e-07
5.752460166530206e-06 -1.930918676001888e-06 -1.358890335207717e-06 4.623817693052884e-07
6.235347078175624e-06 -2.177128563949615e-06 -1.481410308837672e-06 5.149420272327860e-07
6.504122163153841e-06 -2.673425704814120e-06 -1.563554435643053e-06 5.916263124232666e-07
9.868188970353096e-06 -4.043514137648180e-06 -2.070383091627895e-06 7.987169810162988e-07
1.101411604259372e-05 -2.953599142795807e-06 -2.233000808418858e-06 6.200187463697888e-07
5.006871359709941e-06 -4.757626784784325e-07 -1.181883252341781e-06 1.579884621686130e-07
5.727107304422054e-06 1.380488463401941e-06 -1.284263796812088e-06 -1.803543527863339e-07
7.773663082820603e-06 -3.114898271266127e-06 -1.765891678401866e-06 6.597596537298816e-07
6.252893709473782e-06 -1.185505752225447e-06 -1.456716784691626e-06 3.232716674536885e-07
6.824502023412737e-06 -2.003360719515674e-06 -1.597564620392935e-06 4.892610561772467e-07
9.344056259207168e-06 -2.561236502629966e-06 -1.994083194287315e-06 5.583822990577661e-07
1.064608346065313e-05 -1.634304287530392e-06 -2.211712890399229e-06 3.922979928084463e-07
6.259302568436854e-06 4.218173801333594e-07 -1.409216775335477e-06 1.391304649671138e-08
6.170713887873231e-06 1.624238531848140e-06 -1.355852798989108e-06 -2.294866451242885e-07
8.042460404340981e-06 -8.761095769357581e-07 -1.800685231266399e-06 2.991467316397878e-07
1.053732670381281e-05 -2.904481843946678e-07 -2.228610151968640e-06 1.729855733710923e-07
1.073942036902692e-05 1.063820309548455e-06 -2.335756697706740e-06 -1.080538143840352e-07
7.197201418055882e-06 1.289626370516899e-06 -1.581635009099331e-06 -1.457217185297021e-07
6.422017961217887e-06 2.159858426299027e-06 -1.388319112451074e-06 -3.551521530182724e-07
6.717595079105284e-06 3.663689575546236e-06 -1.420159799992946e-06 -7.294866164405580e-07
9.358196355429482e-06 1.217419966091021e-06 -2.036721458376430e-06 -1.157034038319764e-07
7.190486174706066e-06 5.170521698624432e-06 -1.510466953789830e-06 -1.129664643592175e-06
1.123379472457521e-05 2.447937127885510e-06 -2.509495992674878e-06 -4.395912865162085e-07
8.054219121570589e-06 3.700578408202929e-06 -1.746313860493059e-06 -7.268963025751350e-07
1.007802294499281e-05 3.817792514382722e-06 -2.250671079611667e-06 -7.775151505901233e-07
7.872056198029703e-06 6.630117744774692e-06 -1.682024324645092e-06 -1.531269728706026e-06
1.201638006570568e-05 3.821127953667792e-06 -2.745167219525377e-06 -8.037171390053846e-07
1.141920790451801e-05 5.219051366502300e-06 -2.607441602768466e-06 -1.166365145126101e-06
9.953411196485384e-06 6.112970598942130e-06 -2.231297040491806e-06 -1.385063440398251e-06
8.736852313833589e-06 8.068584989458756e-06 -1.883201565344297e-06 -1.936436530471813e-06
9.821828479035160e-06 9.443576815054458e-06 -2.156963878462865e-06 -2.346617996995128e-06
1.309801157286833e-05 5.115797516207051e-06 -3.044795768902012e-06 -1.161296720703007e-06
1.234879920141412e-05 6.841055303193974e-06 -2.861764922416904e-06 -1.622319662019548e-06
1.145760202658680e-05 8.907658640351002e-06 -2.605904334158726e-06 -2.200392697107742e-06
1.107501871208869e-05 1.073294843260216e-05 -2.489185939145397e-06 -2.731630537194058e-06
1.444090041923581e-05 6.282219431676657e-06 -3.422106532500044e-06 -1.525330004518333e-06
1.404632070843790e-05 8.906950821524604e-06 -3.350155396958325e-06 -2.248577899991823e-06
1.252093673048132e-05 1.187960666010797e-05 -2.916786097321770e-06 -3.071989280135958e-06
1.415139494026521e-05 1.288712758079694e-05 -3.362402292802627e-06 -3.336334033305795e-06
1.591853088653837e-05 1.373799346720486e-05 -3.838445165192400e-06 -3.539908725738597e-06
1.605100221910252e-05 9.483355203019188e-06 -3.838603544419732e-06 -2.441000343525245e-06
1.603043064326890e-05 7.269241471315045e-06 -3.811029488645924e-06 -1.846007108832806e-06
1.564786575386862e-05 1.173422219270177e-05 -3.771530951467860e-06 -3.022924101316016e-06
1.782668581545557e-05 1.437054063955376e-05 -4.332225599546769e-06 -3.685868818956551e-06
1.984303538317481e-05 1.479706469186765e-05 -4.816330295454258e-06 -3.789181826106251e-06
1.768641424904564e-05 9.981775832653792e-06 -4.261704737908918e-06 -2.584585489474131e-06
1.784440892028074e-05 7.992249519214038e-06 -4.285928183290944e-06 -2.069922698920804e-06
2.192020600590195e-05 1.498585985817418e-05 -5.307395570058694e-06 -3.841495894515504e-06
1.957473572370866e-05 1.187160530015336e-05 -4.748524655464224e-06 -3.054115163267387e-06
1.982151493667850e-05 8.412658293914238e-06 -4.800030171715306e-06 -2.183025914457656e-06
2.237268584452886e-05 1.219714933620643e-05 -5.434356631710827e-06 -3.132492846311816e-06
2.428010107566320e-05 1.506819169083476e-05 -5.892869934861928e-06 -3.853480607526395e-06
2.189695450512260e-05 8.525512467313343e-06 -5.322624422185511e-06 -2.209460269639046e-06
2.759575921561610e-05 1.515044513429282e-05 -6.684563088906020e-06 -3.883874690293981e-06
2.494442148001344e-05 1.059160049934689e-05 -6.082248676681281e-06 -2.743048584749743e-06
2.427528078445468e-05 8.444832233814058e-06 -5.915298961852422e-06 -2.215282678265303e-06
3.231502555592896e-05 1.527458215622053e-05 -7.826497960422384e-06 -3.961443658803119e-06
2.994462478198966e-05 1.148375578022421e-05 -7.264084861416626e-06 -2.997372435641122e-06
2.759758759780457e-05 8.340648632043858e-06 -6.702391462894386e-06 -2.230953415950556e-06
3.876878442623224e-05 1.540504523967137e-05 -9.440582303187386e-06 -4.049840115974101e-06
3.550549470531863e-05 1.175374519744917e-05 -8.615923256313848e-06 -3.075837032176805e-06
3.231570845986997e-05 8.223971061209235e-06 -7.875137176269369e-06 -2.185784938347241e-06
4.570066470243942e-05 1.551131497736851e-05 -1.135383783386897e-05 -4.198215208634599e-06
4.220259977088543e-05 1.175449795391554e-05 -1.033613965181301e-05 -3.105682456755215e-06
3.876882108339883e-05 8.101807114269412e-06 -9.432153999735858e-06 -2.114720450737385e-06
5.280464640579817e-05 1.559580533302396e-05 -1.349513783997938e-05 -4.317374718635298e-06
4.922660078934786e-05 1.175606324316597e-05 -1.239017426334310e-05 -3.104290590512005e-06
4.570028758884076e-05 7.999241720820649e-06 -1.134469600917118e-05 -1.980752615898217e-06
6.004467907581587e-05 1.566075813570795e-05 -1.591078159953199e-05 -4.386905357792482e-06
5.640463474284077e-05 1.175749215028329e-05 -1.470309819563208e-05 -3.066825041048434e-06
5.280424993893151e-05 7.917815396555484e-06 -1.355776122817672e-05 -1.843501572694573e-06
6.738597019160549e-05 1.570774913770410e-05 -1.843930251892887e-05 -4.428374364327064e-06
6.370100288120109e-05 1.175862691868671e-05 -1.715575083957738e-05 -3.038456402830708e-06
6.004438657983684e-05 7.855383822634852e-06 -1.595786612896329e-05 -1.769586872544838e-06
7.479640491036196e-05 1.573842527809036e-05 -2.106778675230153e-05 -4.438739738887327e-06
7.108206197720827e-05 1.175940439537065e-05 -1.972167893278752e-05 -3.040639460849465e-06
6.738591221955490e-05 7.810295970767400e-06 -1.842520288709588e-05 -1.687821273271398e-06
8.224846688181152e-05 1.575572593599586e-05 -2.370802901630894e-05 -4.451207524263469e-06
7.851760527505980e-05 1.175984679651242e-05 -2.237755012934757e-05 -3.053611144936745e-06
7.479660880461773e-05 7.780859656088912e-06 -2.103706538167008e-05 -1.633369306261709e-06
8.972080609926281e-05 1.576383847740929e-05 -2.630965371644657e-05 -4.405589867913184e-06
8.598272211366271e-05 1.176008076226876e-05 -2.505338123844018e-05 -3.059743763842241e-06
8.224879728271676e-05 7.764241669172481e-06 -2.373181721230896e-05 -1.622187653766281e-06
9.720021015748930e-05 1.576681410595894e-05 -2.872749845158254e-05 -4.340878587561920e-06
9.345996479277486e-05 1.176029029769171e-05 -2.757305029646258e-05 -3.099774184720094e-06
8.972100116127830e-05 7.756641424595883e-06 -2.636442945425120e-05 -1.736541755760089e-06
1.132267501709614e-04 1.532801138274516e-05 -3.316683488620102e-05 -4.049053749351773e-06
1.121640992585154e-04 1.576816486028006e-05 -3.288401739380140e-05 -4.168764309773535e-06
1.005514615636609e-04 1.176041016493126e-05 -2.974720647924301e-05 -3.113044755311779e-06
1.046820500612085e-04 1.576785779002786e-05 -3.090608075768062e-05 -4.212108817641232e-06
9.720040932270776e-05 7.753957915201110e-06 -2.875289544490584e-05 -1.894908283374933e-06
1.136669182093877e-04 1.426537667062279e-05 -3.328345166098672e-05 -3.761178338871392e-06
1.111524117834654e-04 1.176066559469921e-05 -3.261694349192042e-05 -3.085581882586420e-06
1.046820678526752e-04 7.753269392730395e-06 -3.090564954231718e-05 -1.995957911622406e-06
1.136670155786882e-04 9.255907875699994e-06 -3.327458678448407e-05 -2.411175447169874e-06
1.121641879126139e-04 7.753086341449292e-06 -3.287676139086637e-05 -2.008426157806771e-06
1.132268494641950e-04 8.193250021487489e-06 -3.315831773617613e-05 -2.126829277737783e-06
