-1.379037847141912e-04 1.847057596639573e-05 1.325221215907250e-05 -9.746568556059416e-07
-1.384616704873458e-04 1.712391740166697e-05 1.328933862744458e-05 -8.717220115974892e-07
-1.384616989715208e-04 1.077527282921739e-05 1.323502037447282e-05 -2.795115960383001e-07
-1.379038173685824e-04 9.428619258903945e-06 1.318752588879064e-05 -1.630292405653713e-07
-1.365569794120650e-04 1.902834930111003e-05 1.315555958121924e-05 -1.018038243984514e-06
-1.340305102507276e-04 1.394959454735501e-05 1.285310149510740e-05 -5.652293696249946e-07
-1.365570184838266e-04 8.870847853884107e-06 1.307251498828947e-05 -1.141035732714493e-07
-1.270735222578628e-04 1.902602059089203e-05 1.229570045337829e-05 -1.026186218767754e-06
-1.270735737335662e-04 8.873199590968854e-06 1.216962127120824e-05 -1.110920599425947e-07
-1.218402468939361e-04 1.394968035071241e-05 1.186017948351120e-05 -6.043153651529388e-07
-1.175991592108464e-04 1.901563800956221e-05 1.145069975824020e-05 -1.028411037202376e-06
-1.175989889005331e-04 8.883502464100552e-06 1.127025155129684e-05 -1.567720832025674e-07
-1.128691854181236e-04 1.394983852847945e-05 1.110140009744961e-05 -6.259158812928669e-07
-1.081527682609555e-04 1.899426853130341e-05 1.051151277814650e-05 -1.139825836723413e-06
-1.081519873819212e-04 8.905199139466390e-06 1.025321429782628e-05 -1.141576098599011e-07
-1.034436591003997e-04 1.395008312929405e-05 1.012989055309875e-05 -6.804170250566042e-07
-9.875711317273372e-05 1.895976754926908e-05 9.484383495135520e-06 -1.356936542752304e-06
-9.875588717554632e-05 8.940444208003364e-06 9.166290148375788e-06 -1.054729945797819e-07
-9.408194016625054e-05 1.395040240604840e-05 8.976602239958317e-06 -7.088452277816047e-07
-8.943983357827102e-05 1.890916715263965e-05 8.238480349066261e-06 -1.381210552669759e-06
-8.943856371863246e-05 8.991989267620708e-06 8.075565073546202e-06 -1.394340133671568e-07
-8.481436802319741e-05 1.395065756774437e-05 7.791639472663426e-06 -7.368405267582427e-07
-8.023292990234782e-05 1.884090292888957e-05 7.057800748039585e-06 -1.358018338569685e-06
-8.023215353715348e-05 9.061296183501555e-06 7.088569078470676e-06 -2.178533890145739e-07
-7.567458408716102e-05 1.395110118760931e-05 6.686591118412998e-06 -8.142080182020702e-07
-7.117146514225874e-05 1.875354932820962e-05 5.993516324644969e-06 -1.354209534450733e-06
-7.117130573130632e-05 9.149735294894557e-06 6.082302368973195e-06 -2.427108474330577e-07
-6.669839138972411e-05 1.395175163389514e-05 5.698181768381189e-06 -8.594994192866512e-07
-6.229242512773353e-05 1.864568450911813e-05 5.252847228093950e-06 -1.204121609180842e-06
-6.229273200253170e-05 9.258922853056865e-06 5.213705873414899e-06 -3.999756940233130e-07
-5.792342360770439e-05 1.395253259384702e-05 4.923240449989164e-06 -8.947262033646603e-07
-5.363509805611828e-05 1.851566918988691e-05 4.597043185697563e-06 -1.225522076444506e-06
-5.363572917832814e-05 9.390784020115345e-06 4.493460900684544e-06 -5.402143113651820e-07
-4.939098524322347e-05 1.395358234792012e-05 4.198611706005976e-06 -8.889419149539369e-07
-4.524260911457650e-05 1.836051335973127e-05 3.925179207816340e-06 -1.339987993278661e-06
-4.524276024174946e-05 9.548459214028827e-06 3.848937107196453e-06 -5.315416462511933e-07
-4.130908260887368e-05 1.395344179163621e-05 3.419822057268850e-06 -9.062571680495141e-07
-3.748257505179952e-05 1.818151809529432e-05 3.106734471921679e-06 -1.373583141303849e-06
-3.748177612288915e-05 9.735988818915406e-06 3.091420728448271e-06 -5.529318329366368e-07
-3.464346462027285e-05 1.427487431943226e-05 2.750962355847565e-06 -9.527956776387126e-07
-3.185050415622097e-05 1.801468689077708e-05 2.496745955978211e-06 -1.307048101489294e-06
-3.184600994673387e-05 9.909667805583425e-06 2.478762953750330e-06 -6.137751600453502e-07
-2.791203509698751e-05 1.786914027185708e-05 2.179727397848753e-06 -1.219990554952208e-06
-2.863572377825638e-05 1.530807341572163e-05 2.206796671390788e-06 -1.009234898550197e-06
-2.790509774863184e-05 1.002054314228883e-05 2.107777355150377e-06 -6.350393225584776e-07
-2.513090241182543e-05 1.013848078150339e-05 2.004707572272243e-06 -7.051329635657431e-07
3.614404777590801e-06 6.556829104603120e-07 -2.529834347689547e-07 -6.866003029624612e-08
3.686095265756920e-06 4.832030067099359e-07 -2.583165928922345e-07 -5.064907882541635e-08
3.685636252912514e-06 -1.590046404081586e-07 -2.465317500057658e-07 3.130276511464981e-08
3.614309716512337e-06 -3.289786687445453e-07 -2.384226306259681e-07 4.775932739391081e-08
-2.511926738945824e-05 1.776697739731180e-05 2.008479004452628e-06 -1.199392097947375e-06
-2.267641257035580e-05 1.753499265308283e-05 1.878549922024166e-06 -1.142066382473017e-06
-2.453007517557997e-05 1.300588849387905e-05 1.976037796684277e-06 -8.961044562271763e-07
-2.264276658494441e-05 1.004807634265944e-05 1.852179250806413e-06 -7.044111395168287e-07
3.442697162916592e-06 7.270488407168728e-07 -2.380486925102535e-07 -7.595259777442625e-08
3.269760794778904e-06 2.275044136367473e-08 -2.080897471945046e-07 1.530586708029403e-08
3.444169085562053e-06 -3.998883366872332e-07 -2.224090942516891e-07 5.462771989255529e-08
-2.187455355469928e-05 1.520424683484146e-05 1.833694119624419e-06 -9.850153879734273e-07
-2.031963722294834e-05 1.701044713239266e-05 1.757021504681365e-06 -1.083244363282451e-06
-1.810375275962945e-05 1.626564207047040e-05 1.687545301080843e-06 -1.054523594184421e-06
-2.114215574459969e-05 1.208111887726042e-05 1.804671308628208e-06 -8.022685715720832e-07
-2.032967552007556e-05 9.577550029727629e-06 1.819271650262906e-06 -7.323590196113876e-07
2.279286984751153e-06 7.460366453907133e-07 -1.259610381777603e-07 -2.925731871129087e-08
2.278395276094099e-06 -4.202865410561745e-07 -1.263082808363663e-07 7.192242432686157e-08
1.675668926276589e-06 1.626335879452278e-07 -8.507725000921382e-08 2.852938365913579e-08
-1.605947136945850e-05 1.526695391214760e-05 1.595672598313589e-06 -1.016612745809802e-06
-1.778681827358005e-05 1.393334387677154e-05 1.700612499003416e-06 -9.165982953303790e-07
-1.854269247696329e-05 1.107731614920477e-05 1.751378736196468e-06 -8.225359597472588e-07
-1.822664707806481e-05 8.765170588914244e-06 1.739596326797518e-06 -6.702463653358022e-07
1.021709619981788e-06 8.538512683608829e-07 -2.040904732731881e-08 -2.121954708703189e-08
1.021657419803755e-06 -5.289397917476473e-07 -2.545888569790698e-08 1.021993579752835e-07
2.771083166275655e-07 1.621182040784935e-07 4.086297339132827e-08 6.851870713471235e-08
-1.417885172316587e-05 1.409302990650690e-05 1.498177527189540e-06 -9.523766437241465e-07
-1.251749231771057e-05 1.276328908379758e-05 1.446186531196202e-06 -9.275652694012988e-07
-1.593700943816080e-05 1.065006354129226e-05 1.639909578236353e-06 -8.148658789303011e-07
-1.638346186253617e-05 7.636478887491326e-06 1.655490945619772e-06 -5.462031829686418e-07
-5.774350994809494e-07 1.087278477929684e-06 1.392418675211673e-07 -1.692906053036869e-08
-5.778469703058105e-07 -7.641334216892150e-07 1.713396370270232e-07 2.369582075188273e-07
-1.294206651333429e-05 1.077653878578159e-05 1.478473943670998e-06 -8.515231787604916e-07
-1.107794496540168e-05 1.127169186887932e-05 1.331192591421165e-06 -8.851219934945299e-07
-1.363681126321962e-05 8.605124367013322e-06 1.518115250678941e-06 -6.524490108728916e-07
-1.483749849261175e-05 6.289244352154161e-06 1.612046725663173e-06 -4.726542850911515e-07
-1.519222329235788e-06 1.612446931345542e-07 3.232219432507807e-07 1.388487731525575e-07
-2.638270260409361e-06 1.423361480489920e-06 4.255249524592374e-07 4.316091287141764e-08
-2.636808008433403e-06 -1.105129151841847e-06 4.586474822342940e-07 2.853482200579034e-07
-9.828656998212910e-06 9.679950169128885e-06 1.200435047246183e-06 -7.540481756276975e-07
-8.835880717634776e-06 8.051988053132011e-06 1.078518154808110e-06 -6.100417724365715e-07
-8.078188392525634e-06 6.348795485020533e-06 9.577837635861864e-07 -4.499053633792469e-07
-1.223582903340494e-05 6.702651183827812e-06 1.363764538689269e-06 -4.918342062904546e-07
-1.361140687689860e-05 4.796495470789681e-06 1.487289061483398e-06 -2.546734277703627e-07
-3.537446503346616e-06 1.639964781640580e-07 5.160250678318922e-07 1.892118117945400e-07
-4.639397036589469e-06 1.753178801189497e-06 6.397815509707771e-07 3.463957305677371e-08
-4.640869597137244e-06 -1.452895272276114e-06 6.566688228846887e-07 4.009016042793142e-07
-9.752237960357784e-06 6.335751366439711e-06 1.155374087090818e-06 -4.537733590311915e-07
-7.516424794984970e-06 4.631829591845339e-06 8.713762238947149e-07 -2.556281983132255e-07
-6.438496618005761e-06 2.031316261768704e-06 7.975913958254294e-07 7.107188733763018e-08
-6.950593634169831e-06 2.316562776539495e-06 8.372275618926000e-07 4.470902304207228e-08
-7.209522677253977e-06 2.907396153586192e-06 8.548694203754949e-07 -3.039283756629784e-08
-1.127029301041686e-05 4.582761010453399e-06 1.286372165352491e-06 -2.400256346153973e-07
-1.269668439450031e-05 3.229986510792968e-06 1.434406370608231e-06 -8.778010369347455e-08
-5.629245703801863e-06 3.975033544480337e-07 7.623635326246886e-07 1.890309139806136e-07
-6.481507183336422e-06 -1.706591216222474e-06 8.382193392986106e-07 4.237648639809451e-07
-8.680279499532600e-06 3.426239280712390e-06 1.024236351758748e-06 -9.180861626964495e-08
-7.003932831369631e-06 1.183161510772826e-06 8.515754181021291e-07 1.548288021927281e-07
-7.612104988317742e-06 2.113283048944788e-06 9.063898803149907e-07 6.683593810228205e-08
-1.059661512139879e-05 2.748540050081449e-06 1.206829317192788e-06 -2.035727663327508e-08
-1.211514202589033e-05 1.662245721448596e-06 1.379926117298496e-06 1.224994283599671e-07
-7.071235884128709e-06 -6.340248329498048e-07 8.712153940837887e-07 3.164680019880535e-07
-7.019490642405570e-06 -1.978154225196578e-06 8.765186281583105e-07 4.593722675096251e-07
-9.046450360850580e-06 7.758205848908195e-07 1.037225602586214e-06 2.022071807624214e-07
-1.189891056916395e-05 1.172728378542967e-07 1.346110292389657e-06 2.612588006608933e-07
-1.198988331007110e-05 -1.377017651055021e-06 1.271199556993687e-06 4.367296379520003e-07
-8.162597416564953e-06 -1.624883256982118e-06 9.779166769460883e-07 4.435077386505891e-07
-7.338626928568204e-06 -2.549503318854818e-06 9.099033537969763e-07 5.169715610203093e-07
-7.739991978715445e-06 -4.104714482903755e-06 9.707959932816044e-07 6.378100444692127e-07
-1.050930751522924e-05 -1.581953239872525e-06 1.167059586575718e-06 4.854631591444111e-07
-8.319752301502479e-06 -5.580666558343373e-06 1.051207224644483e-06 6.759603962131616e-07
-1.239506579835318e-05 -2.876714136741994e-06 1.176164555702823e-06 5.891510788650117e-07
-9.153128501852642e-06 -4.168719208381690e-06 1.080869428352272e-06 6.545398074700863e-07
-1.120338428296230e-05 -4.286037194012133e-06 1.112540769818735e-06 6.567920394886768e-07
-9.059528387617135e-06 -6.976556565690011e-06 1.091546768515646e-06 6.801522910033735e-07
-1.306629742985621e-05 -4.289318645159816e-06 1.089791007658579e-06 6.488075080127106e-07
-1.246587372610545e-05 -5.657445648678674e-06 1.063006511294918e-06 6.740519080716107e-07
-1.108837321053048e-05 -6.501763269289596e-06 1.094908657501927e-06 6.786044268731369e-07
-9.952581857876265e-06 -8.279136412807452e-06 1.136589384642795e-06 6.535559350744423e-07
-1.099112011219155e-05 -9.473684196563746e-06 1.131068351683608e-06 5.761641907766412e-07
-1.397942373353240e-05 -5.579285919392931e-06 1.020795122231030e-06 6.814746798041421e-07
-1.329547613669833e-05 -7.165965030845503e-06 1.018646703193978e-06 6.760053885027889e-07
-1.249741563935192e-05 -8.995266476211354e-06 1.066743127801452e-06 6.066302235090369e-07
-1.215902250660552e-05 -1.054218499028409e-05 1.095422845977457e-06 4.922853141394131e-07
-1.510222821691654e-05 -6.697498915384036e-06 9.363305727278987e-07 6.973053602746763e-07
-1.475502303330500e-05 -8.980262891229296e-06 9.097788422276110e-07 6.065307954978046e-07
-1.344307195230081e-05 -1.147097640776464e-05 9.964709679422229e-07 4.210667587804209e-07
-1.482444015989285e-05 -1.224718873589776e-05 8.885139966636777e-07 3.747523875805908e-07
-1.628356488208051e-05 -1.285907832166445e-05 7.803683911412571e-07 3.525287080319089e-07
-1.640987596333221e-05 -9.464666541447720e-06 8.031750592842295e-07 5.687448177257339e-07
-1.640109439088826e-05 -7.607310019569971e-06 8.424920782561748e-07 6.839125201193982e-07
-1.608588427327312e-05 -1.129137143061792e-05 7.937072228405660e-07 4.461186429131322e-07
-1.780212614629623e-05 -1.330093988432462e-05 6.821562196253460e-07 3.375453086638461e-07
-1.935782504258965e-05 -1.356584641745251e-05 5.711301130801473e-07 3.119328758738297e-07
-1.771695332655187e-05 -9.878870489888919e-06 6.945096027893955e-07 5.432434165574038e-07
-1.783552075944659e-05 -8.279720732910150e-06 6.939434195947204e-07 6.526737819306292e-07
-2.093238367725136e-05 -1.365235795159064e-05 4.489596222856852e-07 3.042579186236299e-07
-1.918666925278469e-05 -1.135120012476267e-05 5.937673966693192e-07 4.668150127445135e-07
-1.936139126080532e-05 -8.694441171889139e-06 5.791555873626301e-07 6.372802556935712e-07
-2.128100697073779e-05 -1.158519929840218e-05 4.186439904733029e-07 4.715042434182139e-07
-2.265970583932246e-05 -1.364792358481117e-05 3.313819836513754e-07 3.128647445913050e-07
-2.093243611739687e-05 -8.837123169709704e-06 4.359540370676913e-07 6.442207389933500e-07
-2.503026947422313e-05 -1.364355747290002e-05 1.051803628447232e-07 3.116301237009623e-07
-2.316178427528334e-05 -1.041416919875038e-05 2.622883465547828e-07 5.945104994345020e-07
-2.265888214362274e-05 -8.843813583814088e-06 2.877655194587835e-07 6.981445105432455e-07
-2.827400714942820e-05 -1.363605736083028e-05 -1.599078530390122e-07 3.274839575973307e-07
-2.667152680334299e-05 -1.106229998503904e-05 -6.687313181701688e-08 5.562893821198732e-07
-2.502901289859422e-05 -8.853513611352589e-06 7.261895976806569e-08 7.569367557717466e-07
-3.253581503148447e-05 -1.362846414841105e-05 -6.118185917622111e-07 4.116127518407939e-07
-3.040743116240918e-05 -1.125202587417427e-05 -3.996107535391872e-07 5.798304297613538e-07
-2.827282901863334e-05 -8.865578230243984e-06 -2.214537706429380e-07 7.442329529379834e-07
-3.695996340715503e-05 -1.362320284393312e-05 -9.311018308932171e-07 5.262685361432849e-07
-3.474996572217276e-05 -1.125495742805726e-05 -8.125120190813885e-07 6.196109709408142e-07
-3.253479347029498e-05 -8.878638504816015e-06 -6.187938003497612e-07 7.782318651323655e-07
-4.137194611171115e-05 -1.362082686837469e-05 -9.516220456699778e-07 6.791254015731528e-07
-3.916713706628735e-05 -1.125755199819208e-05 -9.734756830548939e-07 6.457372547177128e-07
-3.695917776163538e-05 -8.889343189965826e-06 -9.256039104524060e-07 7.253616660290497e-07
-4.577815374099041e-05 -1.362211681024189e-05 -8.019678257089362e-07 8.056592501001186e-07
-4.357503001414038e-05 -1.125978524253748e-05 -9.233399305680141e-07 6.556356718002958e-07
-4.137125906493050e-05 -8.896474759124210e-06 -9.552448699707368e-07 6.406625740422468e-07
-5.018718626005261e-05 -1.362744452570428e-05 -4.989374313112662e-07 8.405866082411394e-07
-4.798115698149608e-05 -1.126160539798702e-05 -6.693397410795907e-07 6.899877380251941e-07
-4.577756101037260e-05 -8.899348453714831e-06 -8.406143691304086e-07 5.325444060496248e-07
-5.460775845487985e-05 -1.363646025142487e-05 -1.932311166983091e-07 8.356181121716304e-07
-5.239470326806309e-05 -1.126309767210273e-05 -3.305165145220939e-07 7.005395904432568e-07
-5.018665475054646e-05 -8.897349831702509e-06 -4.915109831996485e-07 5.570651396132457e-07
-5.904576546638364e-05 -1.364723044014120e-05 -1.964410837121251e-08 8.525638744754243e-07
-5.682341257249754e-05 -1.126438395041223e-05 -9.434691184280053e-08 7.292794225741475e-07
-5.460736605231078e-05 -8.891094628712006e-06 -1.977325784177764e-07 5.901331385313259e-07
-6.350300995168937e-05 -1.365755239006655e-05 7.609754164210755e-08 7.858282798630203e-07
-6.127111790309744e-05 -1.126543607232082e-05 4.227987629597986e-08 7.326531023325626e-07
-5.904546467241757e-05 -8.882653975287615e-06 -1.874854521495873e-08 6.168966475296936e-07
-6.797692860421560e-05 -1.366562733687377e-05 1.944990623207645e-07 8.265835202416351e-07
-6.573749605023040e-05 -1.126624991966158e-05 1.145833339674375e-07 7.639257221215475e-07
-6.350273415057917e-05 -8.874157040667278e-06 5.764774196537875e-08 7.184495318682186e-07
-7.759004934235250e-05 -1.340754943501557e-05 5.324775889506826e-07 8.696834202101107e-07
-7.695244858090300e-05 -1.367162588083758e-05 5.125598863894547e-07 8.809180993494278e-07
-6.998472548263702e-05 -1.126676253810581e-05 2.461695083305011e-07 7.767865533231494e-07
-7.246228701087424e-05 -1.367050059499181e-05 3.202153201347301e-07 8.932502411260504e-07
-6.797673988723519e-05 -8.867417967844495e-06 1.886744381164363e-07 7.168717120732331e-07
-7.785415635527557e-05 -1.276998988700365e-05 5.403099779203674e-07 8.454607097386076e-07
-7.634517183176395e-05 -1.126709689633342e-05 4.925072031030923e-07 7.953292120302559e-07
-7.246221615133394e-05 -8.863368446583044e-06 3.185442137061938e-07 6.819157247963711e-07
-7.785416908860345e-05 -9.764206953057735e-06 5.360010399347929e-07 7.478893638202180e-07
-7.695243633286305e-05 -8.862532220401860e-06 5.089383754356223e-07 7.134862916988800e-07
-7.759005576778623e-05 -9.126621613923230e-06 5.282607173155780e-07 7.245884846538399e-07
