2.035893001569548e-05 -1.673471758236869e-06 3.694544157615056e-05 -5.977462586521203e-06
2.047036499958233e-05 -1.404367443385721e-06 3.705763011248163e-05 -5.708328815752142e-06
2.047004574859511e-05 -1.356955479155813e-07 3.705834524893110e-05 -4.435294588498168e-06
2.035856209855172e-05 1.334530972383214e-07 3.694992469592602e-05 -4.179080277362390e-06
2.008987078236665e-05 -1.784945472940968e-06 3.667364654967050e-05 -6.088465548677630e-06
1.958497368675732e-05 -7.699999469047223e-07 3.615849217692689e-05 -5.079715925236554e-06
2.008942906090806e-05 2.449427564981706e-07 3.668879226364139e-05 -4.074381463465792e-06
1.819515021543681e-05 -1.785335136779849e-06 3.478060266513662e-05 -6.092681085945084e-06
1.819460195874605e-05 2.450374338436877e-07 3.480018691637403e-05 -4.099367768538758e-06
1.714780638490180e-05 -7.703901478518561e-07 3.375433325306979e-05 -5.106766480484340e-06
1.629825420168752e-05 -1.785409188894870e-06 3.299219725806676e-05 -6.035460173929472e-06
1.629797269535120e-05 2.441917079404718e-07 3.289648817011602e-05 -4.050954332842867e-06
1.534979718542445e-05 -7.705866283681989e-07 3.195363943694159e-05 -5.130705347482350e-06
1.440359453595263e-05 -1.781107600066607e-06 3.127737330073226e-05 -6.042793650441074e-06
1.440376981705330e-05 2.396931539431034e-07 3.091983925691712e-05 -4.009633075857798e-06
1.345938821741831e-05 -7.708904281107186e-07 3.002415848315539e-05 -5.081674469775449e-06
1.252226484547337e-05 -1.769331584079304e-06 2.951108715146385e-05 -6.129538654808511e-06
1.252199230961653e-05 2.276739028882519e-07 2.896211675036827e-05 -3.969078108878427e-06
1.158966779858897e-05 -7.709230842861892e-07 2.804480579327593e-05 -5.027385979810872e-06
1.067081218864658e-05 -1.747520593804802e-06 2.743490651011228e-05 -6.213718504797989e-06
1.067014350476869e-05 2.060431820092115e-07 2.691193814768220e-05 -3.892268469115636e-06
9.759773433835790e-06 -7.705453464644903e-07 2.594254110051259e-05 -5.013275779552682e-06
8.869740256306021e-06 -1.714058891496240e-06 2.506066418853626e-05 -6.297279305270038e-06
8.868966348544327e-06 1.735619495724362e-07 2.471650087343708e-05 -3.826135071378738e-06
7.990944654412173e-06 -7.697053705116832e-07 2.361164146586160e-05 -5.001565679081322e-06
7.141187429024151e-06 -1.667548025148202e-06 2.243794998007976e-05 -6.410247055096736e-06
7.140122213056328e-06 1.293723609353504e-07 2.237164606079207e-05 -3.721755495546330e-06
6.305976276065247e-06 -7.682044068363972e-07 2.103776747620795e-05 -5.035745652502169e-06
5.509048885161679e-06 -1.607256445119007e-06 1.975959776504752e-05 -6.483483813872601e-06
5.507923328066602e-06 7.245477172634764e-08 1.986873505836055e-05 -3.598810210076281e-06
4.730490131689650e-06 -7.662904512270356e-07 1.828406893235886e-05 -5.034434909077802e-06
3.998855876187772e-06 -1.533487078751499e-06 1.698840814026702e-05 -6.466708543174193e-06
3.998009687020313e-06 2.606207921048605e-09 1.717895780165294e-05 -3.535228114656240e-06
3.289867854937966e-06 -7.641724095008223e-07 1.550134368407255e-05 -4.982570728113491e-06
2.634755898159348e-06 -1.446709150020038e-06 1.426792991941652e-05 -6.430865370753636e-06
2.634153374853401e-06 -7.969473657607884e-08 1.433107487418486e-05 -3.470085973914867e-06
2.030568616762701e-06 -7.612570493303261e-07 1.284507210366886e-05 -4.923044819602066e-06
1.482359951622960e-06 -1.352217513768846e-06 1.167666890652507e-05 -6.356124463855811e-06
1.481419533351987e-06 -1.722647166613058e-07 1.164645041689141e-05 -3.526380376437398e-06
1.086244501293025e-06 -8.007570889585006e-07 1.067479478400869e-05 -4.991925607048020e-06
7.339417862687103e-07 -1.269415654444373e-06 9.816275531514444e-06 -6.256287580486361e-06
7.310962415950741e-07 -2.534439425601470e-07 9.729724156875984e-06 -3.540721508193301e-06
2.648421250823343e-07 -1.201242119831362e-06 8.500632964773943e-06 -6.160522780610835e-06
3.350104271992375e-07 -9.167646310445452e-07 8.717847464580421e-06 -5.294985771823371e-06
2.611042234579568e-07 -3.027236690121941e-07 8.463314455261806e-06 -3.614479865609029e-06
-3.969920071383436e-08 -3.540479781375054e-07 7.581294414245088e-06 -3.684955897778113e-06
3.487746474976525e-07 -6.325615988571576e-07 -1.275273214222119e-06 -7.447783731300148e-07
3.554590860074909e-07 -6.483696758649166e-07 -1.298931685616456e-06 -6.895570628334136e-07
3.554966940486643e-07 -7.083055497242950e-07 -1.297599977217328e-06 -4.822819629447085e-07
3.487916628427802e-07 -7.243704897330106e-07 -1.272909516496116e-06 -4.233346619047453e-07
-4.402979017023340e-08 -1.154855121835100e-06 7.575298006809796e-06 -6.092926909993681e-06
-2.833467281156560e-07 -1.099753346492622e-06 6.787900129607650e-06 -5.982603661017058e-06
-1.182946300656946e-07 -6.568139256749472e-07 7.382465436096339e-06 -4.572552590588423e-06
-3.005762609003228e-07 -3.854468513500932e-07 6.779267346328224e-06 -3.673263524995957e-06
3.329608309689084e-07 -6.261893184095073e-07 -1.219290349394708e-06 -7.677200467737859e-07
3.165945702144253e-07 -6.920688931100881e-07 -1.156364137984786e-06 -5.410335272919942e-07
3.327396824347744e-07 -7.313347904146792e-07 -1.214804699072798e-06 -3.969828398487386e-07
-3.717545905305283e-07 -8.625266934102734e-07 6.523721467224964e-06 -5.242763506858471e-06
-4.965939696417977e-07 -1.011111657567603e-06 6.069301746492907e-06 -5.768071729314420e-06
-6.702560130186033e-07 -9.179919112323006e-07 5.440958015297738e-06 -5.543091532753671e-06
-4.433766093945304e-07 -5.797696381682485e-07 6.319743803365770e-06 -4.281818374147239e-06
-5.105098734835992e-07 -3.915337685665669e-07 6.089441094590018e-06 -3.548810260590606e-06
2.246934568131620e-07 -6.266853813003331e-07 -8.089769307210466e-07 -7.804624457700518e-07
2.239111113742994e-07 -7.353257226841229e-07 -7.916766844186011e-07 -3.859870400485179e-07
1.682094852678623e-07 -6.822413518659393e-07 -6.121828700000573e-07 -5.804797190485084e-07
-8.017459206841830e-07 -8.028195223428832e-07 4.834243573071413e-06 -5.259410574223108e-06
-7.049636936562380e-07 -7.195321028758354e-07 5.354546868593825e-06 -4.851612459026722e-06
-6.507590001129217e-07 -5.115615175546323e-07 5.580434005448450e-06 -3.981023444673534e-06
-6.789565650151122e-07 -3.827011614820381e-07 5.487541632716644e-06 -3.295699490624820e-06
1.076481008670771e-07 -6.188898666467401e-07 -4.211264336106759e-07 -7.980497792777732e-07
1.069478921277211e-07 -7.480684151777104e-07 -4.340641407486166e-07 -3.551603386473390e-07
3.774896250817972e-08 -6.847364544705195e-07 -1.830894079471144e-07 -5.790374295366312e-07
-9.036751013423704e-07 -6.947824959800649e-07 4.266054188529850e-06 -4.904711353250550e-06
-9.617035848725754e-07 -5.967763399478187e-07 3.796275276312652e-06 -4.505147422135821e-06
-8.201201894830463e-07 -4.892278090924064e-07 4.815888974443208e-06 -3.839275690745246e-06
-8.071073089033693e-07 -3.600352575802466e-07 4.963333341844727e-06 -2.941004680618670e-06
-4.221631514748408e-08 -5.986228507818389e-07 5.393545918097524e-08 -8.210725939562817e-07
-4.290738680734894e-08 -7.733290356612763e-07 6.406222267748627e-08 -2.777560208090843e-07
-9.449891925208544e-07 -4.864053233344569e-07 3.935801259852391e-06 -3.897175621366756e-06
-9.823391169141367e-07 -5.004215828944431e-07 3.380350461712720e-06 -4.053801747349890e-06
-9.269134852333132e-07 -4.052881858817150e-07 4.158274723037338e-06 -3.219889342786656e-06
-8.991582747112735e-07 -3.512689967089228e-07 4.524211468772349e-06 -2.509576043256123e-06
-1.315668343639818e-07 -6.870894492893968e-07 3.276704422545887e-07 -5.237720010675371e-07
-2.373979747345484e-07 -5.679373460444208e-07 6.938153935978565e-07 -9.449087223230473e-07
-2.380713011448608e-07 -8.083368527654636e-07 7.187802518091070e-07 -7.998806166277883e-08
-9.869131792920086e-07 -4.246163856796436e-07 3.014364529758721e-06 -3.554920648655711e-06
-9.530131342974562e-07 -3.898706699981522e-07 2.687280499739398e-06 -3.031554882506154e-06
-8.933646533927114e-07 -3.726061006144635e-07 2.423286817962484e-06 -2.480852925060226e-06
-9.556556538566698e-07 -3.638510419126751e-07 3.740162322116519e-06 -2.622243867593255e-06
-9.625347887346741e-07 -3.709197501814271e-07 4.168141961983326e-06 -2.017745857570026e-06
-3.233440277027107e-07 -6.889221798917356e-07 9.996209963841119e-07 -4.994662482111837e-07
-4.288282185866606e-07 -5.365427874954512e-07 1.318625700686473e-06 -1.000167205235129e-06
-4.286274307343584e-07 -8.425667804992266e-07 1.327152073475955e-06 4.328489754101548e-08
-9.441395680280264e-07 -3.628823759946709e-07 2.973847358449263e-06 -2.485795880199206e-06
-8.331565920776128e-07 -3.919183233358741e-07 2.228405444787683e-06 -1.923626578259400e-06
-6.233750106777331e-07 -5.082553980290936e-07 1.871562246896367e-06 -1.043312783176809e-06
-6.939257120411524e-07 -4.863487273557753e-07 2.039486605681557e-06 -1.135046550209867e-06
-7.476983231587726e-07 -4.507605523194251e-07 2.124108958006334e-06 -1.340451789115278e-06
-9.661133366267949e-07 -3.767113157060657e-07 3.453537570185226e-06 -1.930497804775119e-06
-1.016585143864467e-06 -4.256483833654040e-07 3.912986228634643e-06 -1.474809516558174e-06
-5.250572073782142e-07 -6.690074419122344e-07 1.623048906614812e-06 -5.284513314848949e-07
-5.804075284674174e-07 -8.641100031422804e-07 1.902291058590921e-06 1.507220588757842e-07
-8.636152983609163e-07 -4.154356089451378e-07 2.625292715662347e-06 -1.525050107783963e-06
-6.769951169817724e-07 -5.846668863944794e-07 2.058840806757259e-06 -7.552267878158959e-07
-7.594532007729636e-07 -5.012210000184138e-07 2.262269726438695e-06 -1.064699956852099e-06
-9.543307661591710e-07 -4.457310687437072e-07 3.266055745362153e-06 -1.316839967424297e-06
-1.067963681877986e-06 -5.224056428264953e-07 3.772783103423058e-06 -9.795513183844476e-07
-6.438221195746345e-07 -7.558046546080504e-07 2.074985344066652e-06 -1.716123561032529e-07
-6.066316154523169e-07 -8.926621019737103e-07 2.080928643479920e-06 2.589150647569486e-07
-8.581150880390211e-07 -5.857710360425953e-07 2.734133624036802e-06 -6.211201421404612e-07
-1.108346775189621e-06 -6.500195389633515e-07 3.720673870788889e-06 -4.125731330111987e-07
-1.208124489157248e-06 -8.145599311703359e-07 3.779144674588870e-06 1.126469960437017e-07
-7.263676630005297e-07 -8.428103718467268e-07 2.430276660182578e-06 1.732780997821674e-07
-6.132794707665501e-07 -9.696670912927638e-07 2.196577362893965e-06 4.735421820794422e-07
-6.057302122585212e-07 -1.213772479440694e-06 2.339678969426344e-06 1.030436379884504e-06
-1.013566920531143e-06 -8.129966179872482e-07 3.246319754875725e-06 1.789708883974181e-07
-6.297129786774575e-07 -1.506660064394727e-06 2.527574045804255e-06 1.561235022715418e-06
-1.349664577595458e-06 -9.990766931047021e-07 3.925090123116010e-06 6.583179221704407e-07
-8.052048061545100e-07 -1.204627007426591e-06 2.772643969007420e-06 1.084244254436825e-06
-1.159437647192160e-06 -1.225535395265931e-06 3.492625001695946e-06 1.159628530396171e-06
-7.199345558408513e-07 -1.810039855683851e-06 2.769487668155627e-06 2.069154787780490e-06
-1.557575620521770e-06 -1.225856096659731e-06 4.118613117897844e-06 1.144737206116750e-06
-1.450455485552935e-06 -1.498299894477381e-06 3.920273141430117e-06 1.647274492801700e-06
-1.130810950559616e-06 -1.690683878599341e-06 3.451777747431785e-06 1.942205892823547e-06
-8.612883407515258e-07 -2.152355439369734e-06 3.029004760485619e-06 2.511654759803024e-06
-1.086950710167505e-06 -2.509504754414841e-06 3.385689569253142e-06 2.964120169159761e-06
-1.854471717272842e-06 -1.464539453968177e-06 4.458033728278050e-06 1.625595974008925e-06
-1.679310750396836e-06 -1.861010080449967e-06 4.232113202886595e-06 2.171226323668035e-06
-1.461964533173602e-06 -2.377823882297812e-06 3.949743102962846e-06 2.779720623029360e-06
-1.366248576062917e-06 -2.874889620347147e-06 3.808147013605647e-06 3.350642259609156e-06
-2.229847927690512e-06 -1.705738874029589e-06 4.809593639134156e-06 1.971480520219679e-06
-2.130240941964063e-06 -2.386267945228023e-06 4.676791517370602e-06 2.749259505789489e-06
-1.726101055633770e-06 -3.212426697852895e-06 4.258250668279280e-06 3.672667630625784e-06
-2.171144988666323e-06 -3.532297025496285e-06 4.735268625022270e-06 3.961833735477498e-06
-2.675261725251515e-06 -3.827120419519256e-06 5.259858465922294e-06 4.232948810703927e-06
-2.703035166363116e-06 -2.545835686010375e-06 5.281691587732881e-06 2.902638703934258e-06
-2.691956928087675e-06 -1.931615212152243e-06 5.279192334249237e-06 2.223598897664267e-06
-2.583097631973116e-06 -3.205898770465208e-06 5.163696429583211e-06 3.618498782785945e-06
-3.252793733270893e-06 -4.053482004688433e-06 5.835847049040819e-06 4.440327055727837e-06
-3.890678545443359e-06 -4.224355976459006e-06 6.488470553986310e-06 4.567661808699663e-06
-3.195119228999346e-06 -2.686521628278061e-06 5.792705091948300e-06 3.044716169237591e-06
-3.246779039433794e-06 -2.094229259625930e-06 5.848825146719439e-06 2.401929756969483e-06
-4.563685137655927e-06 -4.316985838700908e-06 7.178235637005508e-06 4.623142958191351e-06
-3.785667401794584e-06 -3.275709143279533e-06 6.395624708480288e-06 3.638519809238592e-06
-3.872408700165317e-06 -2.175821324619863e-06 6.519567633914290e-06 2.520245630767254e-06
-4.707122707430281e-06 -3.388239859341283e-06 7.306188564070710e-06 3.732831820238071e-06
-5.362290294011620e-06 -4.380491613584289e-06 7.957995202976859e-06 4.680984426927448e-06
-4.546154076903569e-06 -2.180326257307740e-06 7.207478927847166e-06 2.550038177934301e-06
-6.515014401944915e-06 -4.443566232128261e-06 9.114427339545973e-06 4.643332405516786e-06
-5.578334646748028e-06 -2.843071729935783e-06 8.217844689874486e-06 3.174800099247502e-06
-5.359109088085724e-06 -2.116543155515416e-06 8.006966711542416e-06 2.483298731300276e-06
-8.226306229504676e-06 -4.539026149503775e-06 1.063384756411868e-05 4.533648127155757e-06
-7.352143172974749e-06 -3.147274519749882e-06 9.929357465952805e-06 3.441102818559225e-06
-6.516934638300747e-06 -2.034139559603529e-06 9.193773904764261e-06 2.443312028295906e-06
-1.066059626524246e-05 -4.639230568079340e-06 1.231530785859944e-05 4.359623951990873e-06
-9.415088355335788e-06 -3.242837966873116e-06 1.147615249735388e-05 3.499504196434844e-06
-8.227118219188566e-06 -1.941520241211737e-06 1.059116004109314e-05 2.535980614145854e-06
-1.335908057370071e-05 -4.720679241849616e-06 1.372425463262198e-05 4.225437913639847e-06
-1.198477679992772e-05 -3.241636834640226e-06 1.301063635733445e-05 3.511211503075167e-06
-1.066092616868913e-05 -1.844186346859137e-06 1.220341904840900e-05 2.650306611414505e-06
-1.619326731613194e-05 -4.786310963457694e-06 1.505146818090691e-05 4.253943846683312e-06
-1.475559180672877e-05 -3.241129091161744e-06 1.433148279404387e-05 3.511881315361118e-06
-1.335912708177733e-05 -1.761943634829815e-06 1.366177547078461e-05 2.747168158015873e-06
-1.913641060232843e-05 -4.837588414077981e-06 1.650352172121092e-05 4.354370954688079e-06
-1.764874291972982e-05 -3.240676962511512e-06 1.573131408898826e-05 3.503389825320335e-06
-1.619331565769188e-05 -1.695471459561731e-06 1.505351142240432e-05 2.720001949372210e-06
-2.216319485276970e-05 -4.875882540805910e-06 1.818755419300011e-05 4.417584822562208e-06
-2.063780876164332e-05 -3.240125790874833e-06 1.732281402971392e-05 3.486264946416577e-06
-1.913654133388267e-05 -1.643194237781465e-06 1.654186266182686e-05 2.628147461866749e-06
-2.525091731554926e-05 -4.902854813162237e-06 2.006327671750491e-05 4.534804228083704e-06
-2.369859288674371e-05 -3.239448497585671e-06 1.905320641713177e-05 3.473534338317712e-06
-2.216335975763986e-05 -1.603789924286168e-06 1.818887267506580e-05 2.561397455292748e-06
-2.838002583764241e-05 -4.920043831542617e-06 2.212333777000614e-05 4.624988380775119e-06
-2.681003475338381e-05 -3.238609374776246e-06 2.099026057386395e-05 3.466872086140373e-06
-2.525111465760431e-05 -1.575387636615805e-06 1.998187529906283e-05 2.411605382640411e-06
-3.153425889436715e-05 -4.929786361667749e-06 2.432791152904791e-05 4.671295159883583e-06
-2.995398414692488e-05 -3.237731462617758e-06 2.312652766900871e-05 3.439990195922634e-06
-2.838006639031481e-05 -1.556402802473803e-06 2.201939135643109e-05 2.323462320068436e-06
-3.470223191359123e-05 -4.934892801502631e-06 2.680194455384279e-05 4.792301990313976e-06
-3.311659826855330e-05 -3.236986788182480e-06 2.549940302581381e-05 3.433176980927767e-06
-3.153421206175489e-05 -1.544848767701715e-06 2.426961297556721e-05 2.178221616600669e-06
-4.150637720706465e-05 -4.750785215988207e-06 3.243160328538123e-05 4.699049086720479e-06
-4.105509527285024e-05 -4.937700010705948e-06 3.204854984393334e-05 4.857800582983631e-06
-3.612368556822875e-05 -3.236417390864305e-06 2.792079883977355e-05 3.457763539991593e-06
-3.787713732943031e-05 -4.937348914901038e-06 2.934682799352865e-05 4.856308929810552e-06
-3.470227389902458e-05 -1.538301665229200e-06 2.674545850675865e-05 2.087223797494572e-06
-4.169330748824025e-05 -4.299526566614419e-06 3.258943004313338e-05 4.316518835314424e-06
-4.062535645606197e-05 -3.235899268997514e-06 3.167274459658815e-05 3.415372438327088e-06
-3.787728907051154e-05 -1.534964130331051e-06 2.934286853943088e-05 2.016691864267487e-06
-4.169333968405979e-05 -2.172239359647410e-06 3.257385422913540e-05 2.519608342250868e-06
-4.105516984870928e-05 -1.534121164952673e-06 3.203423699261710e-05 1.984103476281231e-06
-4.150642240638050e-05 -1.721016799451605e-06 3.241501977117871e-05 2.140386915205863e-06
