7.739656789972918e-05 -1.322100020979028e-05 -2.264647204252051e-06 -2.594569510547237e-07
7.765564058291581e-05 -1.259551491583968e-05 -2.307231518353256e-06 -3.588945552655138e-07
7.765548312967863e-05 -9.646940468955383e-06 -2.365295226424577e-06 -8.983363208599409e-07
7.739639526822183e-05 -9.021465535097300e-06 -2.328653714495120e-06 -9.953625337739888e-07
7.677109623781508e-05 -1.348008756249756e-05 -2.163364124545228e-06 -2.184728932218488e-07
7.559779985461578e-05 -1.112119087501848e-05 -1.973847365809802e-06 -6.154284684455653e-07
7.677091165141836e-05 -8.762383383980648e-06 -2.234375211237170e-06 -1.034816055064047e-06
7.236683780191589e-05 -1.348020842830865e-05 -1.411563397043653e-06 -2.213369301605003e-07
7.236668332129103e-05 -8.762298169411465e-06 -1.502400099810395e-06 -9.872659216640844e-07
6.993551349652469e-05 -1.112139688739144e-05 -1.076280865933276e-06 -5.934146910421903e-07
6.796286787288086e-05 -1.348024422707983e-05 -7.525567666215538e-07 -2.900478289972502e-07
6.796247787829268e-05 -8.762553891177316e-06 -8.160992773502863e-07 -9.062004343292366e-07
6.576091806213180e-05 -1.112166328886241e-05 -5.727916586360664e-07 -5.118479998226333e-07
6.355925698640308e-05 -1.348041415045172e-05 -3.363032697116006e-07 -3.318509531461364e-07
6.355858151002071e-05 -8.763244784258473e-06 -3.681050027387568e-07 -7.662137782682353e-07
6.135760584243861e-05 -1.112226402838243e-05 -1.824963134173755e-07 -4.757942025901720e-07
5.915656904570277e-05 -1.348100361690795e-05 -7.101441913343783e-08 -3.767785811169271e-07
5.915578268031551e-05 -8.764362358787593e-06 -1.004211004151519e-07 -5.780438036153965e-07
5.695546533420827e-05 -1.112310289296239e-05 5.661577973810748e-08 -3.935384457061910e-07
5.475436465155048e-05 -1.348272120505764e-05 -4.560870561656881e-08 -3.975749732463629e-07
5.475388054421505e-05 -8.764741925419458e-06 1.608141926825470e-07 -5.053591887898265e-07
5.255292949482461e-05 -1.112406479021828e-05 1.087087770648266e-07 -3.379913216564162e-07
5.034910393822546e-05 -1.348743670140078e-05 -1.164159687643105e-07 -3.992080697025936e-07
5.034906011613871e-05 -8.761742321696502e-06 3.676726750709931e-07 -3.711354693200156e-07
4.814378485893071e-05 -1.112479961777353e-05 1.344171700936152e-08 -3.573244193681731e-07
4.593265173997142e-05 -1.349644521965316e-05 -1.117436599445734e-07 -3.875600308168414e-07
4.593292985616707e-05 -8.753898067666796e-06 4.408381518497236e-07 -2.427403088277287e-07
4.371844230273648e-05 -1.112539152615538e-05 -1.225967511289111e-07 -3.745136921821955e-07
4.149596589506834e-05 -1.350896260660990e-05 -5.456125431044904e-08 -3.436027590584379e-07
4.149629784054363e-05 -8.742446912620945e-06 2.939126883067881e-07 -2.188494974801784e-07
3.926942709124586e-05 -1.112599681523310e-05 -1.921120944481553e-07 -3.618942272863751e-07
3.703400801038830e-05 -1.352255657203696e-05 -3.257118687980781e-08 -3.494178805772853e-07
3.703432156452130e-05 -8.730059463643679e-06 7.254744406954903e-08 -3.577875474869565e-07
3.479473713743733e-05 -1.112665403318526e-05 -1.396263456185196e-07 -3.734547214434900e-07
3.254776939842621e-05 -1.353448386732414e-05 -3.405607202231840e-09 -3.437034222027120e-07
3.254819687373240e-05 -8.719662624925597e-06 -1.011772417951207e-09 -4.360456102287752e-07
3.038920065804346e-05 -1.112744783349342e-05 4.987346598335925e-10 -3.648769418643772e-07
2.822559154912039e-05 -1.354223075732504e-05 1.401527694679500e-07 -3.375090003153437e-07
2.822591997794287e-05 -8.713298792345303e-06 6.697785352691538e-08 -4.597474483261188e-07
2.660259464475697e-05 -1.131684596630879e-05 1.425109466688366e-07 -3.518263268863547e-07
2.494338850377089e-05 -1.354515415684921e-05 2.142651099148666e-07 -3.438116652478741e-07
2.494362605571404e-05 -8.711584491984154e-06 1.946307389285419e-07 -4.343455270744825e-07
2.255389749454022e-05 -1.354492959872750e-05 2.118927056782369e-07 -4.299183351927545e-07
2.302127230182547e-05 -1.195325805976263e-05 2.362364703562002e-07 -3.794805266869202e-07
2.255381587707105e-05 -8.712511755439724e-06 2.083037022754457e-07 -3.974658236497272e-07
2.081762872339688e-05 -8.714490902851768e-06 1.582905394753797e-07 -3.127275732645386e-07
-3.593017701971756e-06 -3.238606345118334e-07 2.294283509566118e-07 3.717931996265905e-07
-3.664293180377246e-06 -1.524830769098740e-07 2.375677504643215e-07 3.498368390619853e-07
-3.663887992539743e-06 4.861240547903354e-07 2.242193031767174e-07 2.717360370463532e-07
-3.592952322798176e-06 6.552444723406773e-07 2.149773769202914e-07 2.560262956986093e-07
2.081745445037297e-05 -1.354376613148347e-05 1.702982994900889e-07 -4.907407404594252e-07
1.924107046196586e-05 -1.345253591270623e-05 4.165894229125148e-08 -5.270832812520719e-07
2.046673806588606e-05 -1.052621136780718e-05 1.709361064023328e-07 -3.285534213331086e-07
1.924407187519160e-05 -8.579852594752010e-06 1.180004436850323e-07 -2.353126454408377e-07
-3.422390631506132e-06 -3.946965599787238e-07 2.078335069113427e-07 3.807658759728685e-07
-3.250338814298426e-06 3.057416284779813e-07 1.773212807277643e-07 2.924924626184505e-07
-3.423701118805536e-06 7.259376976309942e-07 1.964446274979006e-07 2.515477209925747e-07
1.874151197980257e-05 -1.196305496034459e-05 1.782788616303695e-08 -4.451472908616627e-07
1.768668890473864e-05 -1.318217017155295e-05 -4.312431907551828e-08 -5.127003365597345e-07
1.617471643748233e-05 -1.273782386748334e-05 -1.422047823662149e-07 -4.945824178233876e-07
1.826830702378705e-05 -9.901375019786478e-06 2.989912696600524e-08 -3.013869415401868e-07
1.772026200298554e-05 -8.176017188693422e-06 -2.519297342398587e-08 -1.141527185517959e-07
-2.265551335909856e-06 -4.126137404225965e-07 7.859031778894756e-08 3.639565050341728e-07
-2.264280892607038e-06 7.474417869307614e-07 8.550625388930950e-08 2.608199294905184e-07
-1.664902855867519e-06 1.682141627781829e-07 5.275962582502920e-08 3.113557822094563e-07
1.472548387298412e-05 -1.212436149976020e-05 -3.210420138835444e-07 -4.884579268958683e-07
1.597683939336730e-05 -1.117449299696586e-05 -1.584092389898782e-07 -3.928203459347896e-07
1.650173348545305e-05 -9.194276801470939e-06 -1.259604077211884e-07 -1.707797131048446e-07
1.629232707831978e-05 -7.516054749608509e-06 -1.714930577466432e-07 3.307854710706533e-08
-1.014393016798503e-06 -5.190123408927219e-07 -1.765229553500398e-08 4.018170804974708e-07
-1.014089220023361e-06 8.567061636019570e-07 -2.052457862665294e-08 2.548537912954527e-07
-2.734573363309305e-07 1.695835072505877e-07 -7.406747956577726e-08 3.367446361759517e-07
1.335641795414046e-05 -1.135171201378119e-05 -5.236014287400477e-07 -4.194314864004619e-07
1.208665440586333e-05 -1.043030412249628e-05 -6.545387082704654e-07 -3.113347477766903e-07
1.465797186181480e-05 -8.879502244054870e-06 -3.799399069423175e-07 -9.207099438651045e-08
1.500340046380593e-05 -6.619827400321858e-06 -3.698336299565263e-07 1.602614244433693e-07
5.766808599281302e-07 -7.507760064722348e-07 -1.347026897395120e-07 4.068467395663444e-07
5.772602801305858e-07 1.091647967788396e-06 -1.157230997576000e-07 3.022951149215329e-07
1.240749379062663e-05 -8.987499910324790e-06 -6.299453570157310e-07 -1.282374372855874e-07
1.093191016977189e-05 -9.371359822857098e-06 -7.783705126374870e-07 -1.743540931379398e-07
1.294923429595613e-05 -7.337195430806748e-06 -6.199276216084163e-07 9.906724560240160e-08
1.389202150379362e-05 -5.516517558242261e-06 -5.792854922188533e-07 3.232841087863023e-07
1.513769468880028e-06 1.710315768647018e-07 -1.971753340478798e-07 3.540255901072300e-07
2.627277651392560e-06 -1.085721457120187e-06 -2.817010359841748e-07 4.768172360280895e-07
2.626231099144109e-06 1.431749109961373e-06 -3.077819572592803e-07 2.116303323527537e-07
9.905277427449656e-06 -8.190216814469532e-06 -8.874074727381492e-07 1.310243776044239e-08
9.020863695379446e-06 -6.903378331070648e-06 -9.287854067564112e-07 1.496487719861409e-07
8.286042418734241e-06 -5.522827160185874e-06 -9.480626507267946e-07 2.915871820384560e-07
1.184063987047567e-05 -5.834161806790594e-06 -7.606521145617115e-07 2.880032975610273e-07
1.299123504903519e-05 -4.241521808115781e-06 -7.098394217119584e-07 3.821226376682764e-07
3.522536727221005e-06 1.691915156375059e-07 -3.846139607775468e-07 3.384905356609931e-07
4.620806283462262e-06 -1.416242333699984e-06 -4.946147806314609e-07 5.085964708446280e-07
4.620835068007023e-06 1.777466660593176e-06 -4.873358175038080e-07 2.221618095486776e-07
9.763597256116933e-06 -5.529916406635657e-06 -8.642200188067992e-07 2.964310389081875e-07
7.713211995796774e-06 -4.063796158343927e-06 -9.387646918631154e-07 4.471478527753415e-07
6.452148346024530e-06 -1.698464621149432e-06 -6.502070811999506e-07 4.975062152699298e-07
6.999815611435212e-06 -1.974340464695815e-06 -7.502718038111184e-07 5.085150233755019e-07
7.308414622154874e-06 -2.528164399603417e-06 -8.307263644532999e-07 5.256352031540616e-07
1.105868801522101e-05 -4.052044227870060e-06 -8.246893290441711e-07 4.114542193310712e-07
1.232915806447843e-05 -2.843051832370833e-06 -8.147300006362564e-07 4.748285753858329e-07
5.609277597939461e-06 -6.126371139021941e-08 -5.833572676892003e-07 3.844628278814643e-07
6.413162092882842e-06 2.024061748631522e-06 -6.578726444375874e-07 1.738957931996856e-07
8.731774903042998e-06 -3.021803492394561e-06 -8.735037094699197e-07 5.267385997667498e-07
7.014676331733921e-06 -8.613723477683856e-07 -7.275090480714345e-07 4.150873246755417e-07
7.662993887304761e-06 -1.779963017602702e-06 -8.127363561113797e-07 4.902368441554078e-07
1.047879207619743e-05 -2.406707849587373e-06 -8.494865046079666e-07 5.014827877614070e-07
1.193615483337140e-05 -1.370350659858190e-06 -9.036459739938842e-07 4.280453957737584e-07
7.012971413539192e-06 9.452435060095411e-07 -7.079000874801503e-07 2.718280594074223e-07
6.906082895599370e-06 2.298648842738574e-06 -6.533724550032593e-07 1.492344574284067e-07
9.024365794515346e-06 -5.217416108608104e-07 -8.293099196313840e-07 4.146096194391318e-07
1.182554161721738e-05 1.363898814926982e-07 -9.590385318336525e-07 3.830912145877405e-07
1.207138572384468e-05 1.663292991082993e-06 -1.103586137362729e-06 2.395352135858641e-07
8.062384446797676e-06 1.918936539350828e-06 -7.484482972476437e-07 2.049710758425436e-07
7.183108035836780e-06 2.905702606929806e-06 -6.348301019256760e-07 8.686896561516374e-08
7.504377681954125e-06 4.617333543746806e-06 -6.233444951874647e-07 -1.205109748995797e-07
1.050648559992023e-05 1.831654963989259e-06 -9.357846796688053e-07 2.503056438984693e-07
8.027946183761567e-06 6.345640362887095e-06 -6.669372022542870e-07 -3.444258051089697e-07
1.264928238614895e-05 3.227813195086482e-06 -1.275682303278817e-06 9.146797931418333e-08
9.021176235526016e-06 4.655091242067164e-06 -8.226045196719273e-07 -9.533494000061531e-08
1.133212034108558e-05 4.788163642329814e-06 -1.100256478067073e-06 -1.091646927386747e-07
8.797172393007805e-06 8.024954917350185e-06 -7.664407572901298e-07 -5.780159519072721e-07
1.356139607108616e-05 4.791149330828683e-06 -1.470309030078090e-06 -1.276867955790806e-07
1.287829761538760e-05 6.394664908607546e-06 -1.345557995979325e-06 -3.717696627143322e-07
1.118641138813475e-05 7.425964521537208e-06 -1.071285843092259e-06 -4.939007942888548e-07
9.780836357702664e-06 9.693077805442751e-06 -9.122497377709317e-07 -8.560030141901907e-07
1.102874309576501e-05 1.129661970315920e-05 -1.114420449845347e-06 -1.146167297527904e-06
1.482649434514348e-05 6.271496079828695e-06 -1.663596719539331e-06 -3.805547085043352e-07
1.395775663531697e-05 8.268334675838464e-06 -1.516201051423470e-06 -7.080804549957747e-07
1.292154989372548e-05 1.067339795420756e-05 -1.375802855271077e-06 -1.076973139035217e-06
1.247601453371058e-05 1.281070828161385e-05 -1.330553023603689e-06 -1.405429238839992e-06
1.640076547027522e-05 7.612177475805433e-06 -1.914223674969327e-06 -6.571028239012274e-07
1.594034420346377e-05 1.067429603127702e-05 -1.857548459068378e-06 -1.094913078752754e-06
1.415736291796324e-05 1.416140186335860e-05 -1.585003851461020e-06 -1.631769214873262e-06
1.606656228535270e-05 1.535633369593438e-05 -1.872013314946553e-06 -1.778310604393548e-06
1.814376972195549e-05 1.637477283678477e-05 -2.174036728733183e-06 -1.871670425963103e-06
1.829658257884221e-05 1.134927416265249e-05 -2.168733414369763e-06 -1.204378839989016e-06
1.827120835399628e-05 8.752767233764326e-06 -2.141490063764068e-06 -8.553751901833419e-07
1.782041715812068e-05 1.400165393032129e-05 -2.140251791322746e-06 -1.567266455319237e-06
2.039848042065950e-05 1.713455151166723e-05 -2.489903706592560e-06 -1.934647957805036e-06
2.279147164891314e-05 1.765355585791657e-05 -2.755254366063476e-06 -1.991564437789970e-06
2.022778071380534e-05 1.193399092962292e-05 -2.431882445649307e-06 -1.309092696995636e-06
2.041623876946184e-05 9.586477601240370e-06 -2.416758885033019e-06 -1.017671674586779e-06
2.526255482562647e-05 1.788928632344136e-05 -2.982897918581786e-06 -2.021475373157625e-06
2.246584879378321e-05 1.417312536602049e-05 -2.724415854461973e-06 -1.593215384125430e-06
2.276233376029338e-05 1.006591442347336e-05 -2.690419600795248e-06 -1.138360452584898e-06
2.579993702662981e-05 1.456231155848742e-05 -3.058285299052232e-06 -1.637063796218839e-06
2.808268950111282e-05 1.800015396489668e-05 -3.270162649960721e-06 -1.994455252398778e-06
2.523176016670414e-05 1.018770298075624e-05 -2.961140786980813e-06 -1.179633565035554e-06
3.205636244042184e-05 1.811019212725016e-05 -3.650669161068848e-06 -2.013574781251544e-06
2.887392314622357e-05 1.264233061851778e-05 -3.367027260265687e-06 -1.439469531052787e-06
2.807707980494126e-05 1.007716145442341e-05 -3.275601449652988e-06 -1.171446555525758e-06
3.773717540694097e-05 1.827631989213490e-05 -4.138443423072160e-06 -1.968769571765870e-06
3.487896060333646e-05 1.370771923981785e-05 -3.971774980847699e-06 -1.579061678322617e-06
3.205966550303906e-05 9.934567032285394e-06 -3.675250352360667e-06 -1.193750967216772e-06
4.553961850616961e-05 1.845051008614305e-05 -4.779749789026277e-06 -1.885647185182009e-06
4.158931404244077e-05 1.402999803595935e-05 -4.545488977832705e-06 -1.591012686999479e-06
3.773882328875054e-05 9.774492697228375e-06 -4.290405623467690e-06 -1.281629303193073e-06
5.395093963080922e-05 1.859244997837985e-05 -5.283376713409726e-06 -1.858570255236114e-06
4.970182643120381e-05 1.402818969916540e-05 -5.117187912762653e-06 -1.579156334726846e-06
4.554027862587425e-05 9.605869632171413e-06 -4.924160012232959e-06 -1.286911460108287e-06
6.259871993272987e-05 1.870722489740598e-05 -5.670163985207247e-06 -1.817654831578885e-06
5.823899113540836e-05 1.402737644968214e-05 -5.516520669761175e-06 -1.599320805077653e-06
5.395118766972623e-05 9.463070480096259e-06 -5.350482358480956e-06 -1.365200762384235e-06
7.143826806253192e-05 1.879853305247407e-05 -6.079213667165474e-06 -1.898753101770596e-06
6.698990789570819e-05 1.402656835456866e-05 -5.825631364468818e-06 -1.618472760400087e-06
6.259893054135695e-05 9.346819411924953e-06 -5.626693606297726e-06 -1.439281673201114e-06
8.042863885418552e-05 1.886895902308613e-05 -6.657493092687615e-06 -2.047301516999488e-06
7.591130359955409e-05 1.402589010980726e-05 -6.304886686376832e-06 -1.635017744919957e-06
7.143825558039766e-05 9.253942925497596e-06 -6.022853948796267e-06 -1.378250278737021e-06
8.953228742923782e-05 1.892043827311036e-05 -7.471576407462559e-06 -2.138145370304291e-06
8.496437636628479e-05 1.402540124583698e-05 -7.072358976332940e-06 -1.628489764263274e-06
8.042849935556137e-05 9.182308126031361e-06 -6.690899818055856e-06 -1.212474561847392e-06
9.871534273985217e-05 1.895538321234335e-05 -8.435680159500336e-06 -2.155532916017987e-06
9.411301595407046e-05 1.402499713443783e-05 -8.036753390343052e-06 -1.631465644156884e-06
8.953225161969757e-05 9.129922121058522e-06 -7.591785773094416e-06 -1.138071828154044e-06
1.079487418691029e-04 1.897635110707143e-05 -9.427586321495742e-06 -2.226121084158388e-06
1.033256394820779e-04 1.402485686681051e-05 -8.981259849546732e-06 -1.637448001956963e-06
9.871522416229422e-05 9.094447182722954e-06 -8.564443975014477e-06 -1.150795928839892e-06
1.172093797766113e-04 1.898708075768355e-05 -1.059250365441870e-05 -2.365496458288174e-06
1.125759391525687e-04 1.402482021876092e-05 -9.979901253192014e-06 -1.661702054369933e-06
1.079485834002100e-04 9.073259829019553e-06 -9.491771692143984e-06 -1.080272027801062e-06
1.370719726248994e-04 1.844625141650616e-05 -1.403704250513205e-05 -2.543597180594987e-06
1.357549773101743e-04 1.899176714362020e-05 -1.379030491274465e-05 -2.639267972639104e-06
1.213615517697422e-04 1.402489701530990e-05 -1.121570277671604e-05 -1.678124991636808e-06
1.264812087001823e-04 1.899112414228813e-05 -1.208212377628665e-05 -2.529311758482424e-06
1.172091299342386e-04 9.062595902683783e-06 -1.060476192488856e-05 -9.429965255203315e-07
1.376174880584408e-04 1.712925780436682e-05 -1.414071635285354e-05 -2.306410333027328e-06
1.345009366347496e-04 1.402497374695334e-05 -1.354699505891787e-05 -1.725087605941009e-06
1.264811045957555e-04 9.058638918980270e-06 -1.208279912916884e-05 -8.672613555921057e-07
1.376174060870442e-04 1.092075008029378e-05 -1.416343022375914e-05 -1.134969897938354e-06
1.357548724149488e-04 9.058224067507319e-06 -1.380874981333103e-05 -7.915772052306372e-07
1.370718810351984e-04 9.603746731337857e-06 -1.405956604556734e-05 -8.904756365904452e-07
