7.998885413541903e-05 -1.233979418287885e-05 -1.736858265990970e-06 -2.789188121567987e-07
8.027611177632476e-05 -1.164639936229458e-05 -1.769121000172481e-06 -3.741325503991820e-07
8.027582216782682e-05 -8.377124689489414e-06 -1.753493969687901e-06 -9.662193478193178e-07
7.998852197143670e-05 -7.683676138815302e-06 -1.716549674336158e-06 -1.071004337811243e-06
7.929536397858599e-05 -1.262698274398364e-05 -1.651566662983061e-06 -2.371062361526114e-07
7.799401434327293e-05 -1.001168423166944e-05 -1.364298688319325e-06 -6.731355062312729e-07
7.929496451605480e-05 -7.396460745915545e-06 -1.622086917885975e-06 -1.116981318853219e-06
7.441183089938066e-05 -1.262523944534563e-05 -7.259851702623317e-07 -1.547597550972512e-07
7.441120777330944e-05 -7.397774634732621e-06 -6.596973074674032e-07 -1.178891486165382e-06
7.171701389631442e-05 -1.001139247462312e-05 -2.728227346563363e-07 -6.434976510114459e-07
6.953410539671503e-05 -1.261894209815087e-05 2.272001157283356e-07 -1.710310628570904e-07
6.953339149279734e-05 -7.403429702133108e-06 3.303061922669455e-07 -1.102957652025219e-06
6.709974967692343e-05 -1.001068043482822e-05 5.220789746801555e-07 -6.732654828984113e-07
6.467275344670746e-05 -1.260701031431163e-05 1.152551813555889e-06 -2.525638927516145e-07
6.467234139528584e-05 -7.413725714284824e-06 1.125406395103021e-06 -9.698813207021785e-07
6.224968500154753e-05 -1.000991229672392e-05 1.239091981990774e-06 -6.571669727239324e-07
5.983700316003277e-05 -1.259030549991093e-05 1.779825902154440e-06 -3.740166681855674e-07
5.983628488615072e-05 -7.428338553843576e-06 1.621550708788145e-06 -8.652938522033793e-07
5.742917593655962e-05 -1.000873765258183e-05 1.652275920605502e-06 -6.330584090712246e-07
5.503409444875493e-05 -1.257028522790400e-05 2.072225072013495e-06 -5.549533335596612e-07
5.503295465156187e-05 -7.445574420005255e-06 1.848439047165026e-06 -6.802675420469961e-07
5.264435942437541e-05 -1.000740509391045e-05 1.746477380840038e-06 -6.108297632440286e-07
5.026884057067568e-05 -1.254854563665382e-05 2.040466675852390e-06 -6.908256114115985e-07
5.026728591942163e-05 -7.464652478370647e-06 1.906692836642182e-06 -5.347176779284925e-07
4.789861702641988e-05 -1.000599418082750e-05 1.639567505998994e-06 -5.759256693305049e-07
4.554255018977592e-05 -1.252682442797934e-05 1.757277145265542e-06 -7.218594227720513e-07
4.554124024870723e-05 -7.483891900518793e-06 1.689051691029756e-06 -4.899128953886009e-07
4.319164137375906e-05 -1.000464486555686e-05 1.433000037441950e-06 -5.669727795946183e-07
4.085340289278436e-05 -1.250676048395664e-05 1.332765961454226e-06 -7.750716883740640e-07
4.085240049075561e-05 -7.501172090252410e-06 1.357153793841455e-06 -4.613162807771647e-07
3.851972308890239e-05 -1.000301707108832e-05 1.177857083826319e-06 -5.397324004078067e-07
3.619703697006937e-05 -1.248822836510705e-05 8.114262160065831e-07 -7.328581042232558e-07
3.619656351724698e-05 -7.516374359316905e-06 1.114805024903617e-06 -4.137400524213614e-07
3.387858540482657e-05 -1.000124331027412e-05 9.364986342715805e-07 -5.196477182124339e-07
3.157076135191630e-05 -1.246944271923881e-05 5.454651440408892e-07 -5.337658215718666e-07
3.157031629083788e-05 -7.531540992241441e-06 1.017067635934560e-06 -4.178431150982879e-07
2.936025861890983e-05 -9.999290769592489e-06 8.283656620228035e-07 -5.153936505646151e-07
2.716118035539575e-05 -1.244877303382157e-05 5.445093207869560e-07 -4.224486447577988e-07
2.716064930735217e-05 -7.549348747100049e-06 9.082830540895490e-07 -4.274532909907794e-07
2.551491809625692e-05 -1.018813554636473e-05 7.725966080160978e-07 -5.290759399834365e-07
2.384579717572658e-05 -1.242882698076299e-05 7.732759534038335e-07 -3.977867020826930e-07
2.384479351245672e-05 -7.567025613895289e-06 8.423085647612035e-07 -4.720856250514209e-07
2.145115303452603e-05 -1.241038755081571e-05 9.061153191711051e-07 -3.820470395499433e-07
2.191399254417080e-05 -1.082220068676817e-05 8.744506280622616e-07 -4.972102920072108e-07
2.144953482254632e-05 -7.579083551143142e-06 8.529950235881044e-07 -4.825264493782505e-07
1.971914466079784e-05 -7.593072348409211e-06 8.814974566689906e-07 -5.215614667502975e-07
-3.310418238496088e-06 3.017596629601813e-07 -3.787523477139140e-07 9.180089579753574e-08
-3.376146482300941e-06 4.595761990792033e-07 -3.859357600175263e-07 1.051062515925378e-07
-3.375918843518807e-06 1.048350688831655e-06 -3.934278991911826e-07 1.483679377453341e-07
-3.310498446352882e-06 1.204434194357343e-06 -3.872818990940118e-07 1.645090819619003e-07
1.971856863631768e-05 -1.239687050689044e-05 1.000829362198207e-06 -3.805258958304721e-07
1.815596562223199e-05 -1.229534995777269e-05 9.983729253207275e-07 -4.333533417869267e-07
1.936518815290264e-05 -9.395754529783001e-06 8.923638309751367e-07 -4.752636633825870e-07
1.815368810405239e-05 -7.472081149936800e-06 9.422785790759678e-07 -5.777166618402831e-07
-3.153236761378730e-06 2.366647837971926e-07 -3.632568763381904e-07 8.628412348895117e-08
-2.994517766098040e-06 8.825862463225317e-07 -3.544884460352871e-07 1.343125150622883e-07
-3.154333311875454e-06 1.269852932328970e-06 -3.703678158399842e-07 1.731567387031446e-07
1.765739727760717e-05 -1.081594055521034e-05 9.943865127405196e-07 -4.603415932527967e-07
1.662114066591872e-05 -1.201454376506690e-05 9.840482292375194e-07 -4.851149313475064e-07
1.513686774839067e-05 -1.156679049215668e-05 9.526077547300174e-07 -5.150045256237605e-07
1.718798532758054e-05 -8.780026828098715e-06 9.832112039404789e-07 -5.409484563983722e-07
1.664861934573920e-05 -7.088630187377150e-06 9.748960831322001e-07 -5.564095790711459e-07
-2.086719806009138e-06 2.210095097155349e-07 -2.598925599158976e-07 5.917844569709284e-08
-2.085468750701919e-06 1.290174481769689e-06 -2.558084862456120e-07 1.696260465475122e-07
-1.533060213002816e-06 7.562020195120844e-07 -2.228917126933233e-07 9.586852174598290e-08
1.372379256477969e-05 -1.095220643847046e-05 9.161495304524978e-07 -5.332344590415377e-07
1.493930682347419e-05 -1.002702508752314e-05 9.578631154731517e-07 -5.180882652594464e-07
1.545256220128625e-05 -8.088572614576391e-06 9.882829011874264e-07 -5.163907235352644e-07
1.524564271851272e-05 -6.458012935148650e-06 1.015420421912928e-06 -5.138784905137050e-07
-9.335028833177410e-07 1.227870590462516e-07 -2.065141729810169e-07 4.801168374082038e-08
-9.336501353503570e-07 1.389778037935692e-06 -2.186888509244005e-07 1.192012614295747e-07
-2.515126333719226e-07 7.562502265413788e-07 -1.796336978823397e-07 8.656934424533599e-08
1.239487218454520e-05 -1.018792186431806e-05 8.852400633089546e-07 -5.374224379534891e-07
1.117257943802750e-05 -9.284980449646719e-06 8.557893198898598e-07 -5.108751177016122e-07
1.365423459038196e-05 -7.782476063333617e-06 9.804814895886831e-07 -4.851066356452640e-07
1.398577320792169e-05 -5.599447193751021e-06 1.045798264486884e-06 -4.874514796800251e-07
5.310696624709418e-07 -9.137487920318832e-08 -1.477098808753698e-07 4.187141930271642e-08
5.310641274014879e-07 1.603684341112780e-06 -1.459837431523901e-07 1.307292067170829e-07
1.148194875757129e-05 -7.883508144776078e-06 8.798503455081121e-07 -4.654032203400456e-07
1.007024223832036e-05 -8.251783894700124e-06 7.931379162940684e-07 -4.744337691268837e-07
1.200135916732141e-05 -6.293017183534543e-06 9.387212133694484e-07 -4.611700665100460e-07
1.290438586704737e-05 -4.548271412090097e-06 1.002039795291932e-06 -3.973011108799041e-07
1.392908193883287e-06 7.557703445424443e-07 -1.088322985097090e-07 6.203579474186851e-08
2.417661741600168e-06 -4.012491539226397e-07 2.038941214170295e-08 -1.068027631138394e-07
2.415920015831429e-06 1.914431592275677e-06 -1.331851097851270e-08 1.697389017366044e-07
9.094175866302815e-06 -7.107866942444735e-06 7.337651051307776e-07 -4.429291511344952e-07
8.264565781245726e-06 -5.875343006022922e-06 7.322147363729161e-07 -4.356150388460445e-07
7.584986141468810e-06 -4.559039535795818e-06 7.059891114802055e-07 -4.174401644810951e-07
1.094043335125312e-05 -4.852960563171875e-06 8.817830401048500e-07 -4.069858601296449e-07
1.203069963558041e-05 -3.342323534921809e-06 9.639742207800596e-07 -3.465898628927714e-07
3.240824698352919e-06 7.520876318297318e-07 1.104422749983749e-07 1.671455327751517e-08
4.251195782482126e-06 -7.064989189222004e-07 2.108688613634141e-07 -1.450113715435971e-07
4.250839885223849e-06 2.230920817406528e-06 2.338550351927543e-07 2.101102627284170e-07
8.972377495530691e-06 -4.563042664670585e-06 7.592126206764435e-07 -4.148935952178655e-07
7.059644680251378e-06 -3.178541606653090e-06 6.604904612365152e-07 -3.720130637205316e-07
5.928953970002149e-06 -9.662466246156499e-07 4.006710933206063e-07 -1.808235909369255e-07
6.426496606147912e-06 -1.221703752430002e-06 4.753630187772245e-07 -2.155854965915877e-07
6.702288251873711e-06 -1.737207041214175e-06 5.436469973050088e-07 -2.665416663126173e-07
1.019493799157056e-05 -3.163444607531088e-06 8.239568556529362e-07 -3.348134506781154e-07
1.138576552926773e-05 -2.029633500325072e-06 9.061667674129736e-07 -2.292816050608809e-07
5.159707681828902e-06 5.383674653213445e-07 3.056165896899657e-07 1.870267785665056e-08
5.906453054613645e-06 2.457424251289409e-06 3.535424250347827e-07 2.173628174585270e-07
8.017674361305673e-06 -2.195608942279151e-06 6.968710464827033e-07 -3.103884457382364e-07
6.446326058495154e-06 -1.952072962051377e-07 4.536037469533421e-07 -9.242852053351389e-08
7.035558188285833e-06 -1.041811768509854e-06 5.572341770451196e-07 -2.012581570423096e-07
9.648025617858932e-06 -1.620702866432959e-06 7.943330927322501e-07 -2.230284256511192e-07
1.099623443074401e-05 -6.596637179031695e-07 9.017973320044768e-07 -1.267778663331908e-07
6.456056720018233e-06 1.466809141994769e-06 4.258689446751227e-07 9.600277395207071e-08
6.367291976866141e-06 2.708899736895601e-06 3.902729754432930e-07 2.400625602571315e-07
8.297358257523581e-06 1.273838353002674e-07 6.974222481566192e-07 -8.414341535386833e-08
1.087783827591435e-05 7.323419046619905e-07 9.453828600994091e-07 4.767800081799562e-09
1.107786951972174e-05 2.130524541350788e-06 1.098066707062702e-06 1.714018019979881e-07
7.427212074389877e-06 2.364301828030011e-06 5.413569198855497e-07 1.765288802518464e-07
6.629111370685864e-06 3.260246375998822e-06 4.107038477701375e-07 3.284013630133435e-07
6.938441673044904e-06 4.805536987388019e-06 4.245691692382074e-07 6.205432809997115e-07
9.655081493834111e-06 2.291471060684348e-06 8.760531956408089e-07 1.492956626175127e-07
7.429521867211546e-06 6.349016944402544e-06 4.672082886039458e-07 9.409760789805699e-07
1.157891286849162e-05 3.557221232730800e-06 1.305137685022770e-06 4.032756837489836e-07
8.313697228181308e-06 4.844936314114156e-06 6.535526089442745e-07 6.227559421069462e-07
1.039098549596513e-05 4.964715981112220e-06 1.080420202094962e-06 6.767649671912418e-07
8.131390439265146e-06 7.842020488189271e-06 5.580973125696538e-07 1.265769676712632e-06
1.237442766571601e-05 4.967743629147593e-06 1.554832094836596e-06 6.908483553967639e-07
1.176148068817551e-05 6.399562246998230e-06 1.426130249170046e-06 9.754700482667925e-07
1.026291177593985e-05 7.313835330594777e-06 1.038323557098715e-06 1.157002529435765e-06
9.019369747034249e-06 9.309624101594679e-06 7.047499949012095e-07 1.665727659783157e-06
1.012875478227694e-05 1.070988776697994e-05 9.600714663139788e-07 2.103331556647766e-06
1.347387588210576e-05 6.294607047621417e-06 1.874127595725787e-06 9.480395603134862e-07
1.270869584518156e-05 8.056148187115084e-06 1.682840717676228e-06 1.370978414601156e-06
1.179904713955026e-05 1.016308986028762e-05 1.403092740478969e-06 1.953572462045094e-06
1.140871597979328e-05 1.202115794905295e-05 1.279081439178525e-06 2.507636167307002e-06
1.483906167169301e-05 7.486976752638952e-06 2.275445298432586e-06 1.220765621193264e-06
1.443617042499926e-05 1.016092741078504e-05 2.172245241261843e-06 1.954746022280571e-06
1.288228389072889e-05 1.318646141084485e-05 1.690659914033828e-06 2.862019236765070e-06
1.454152590910427e-05 1.420913527522397e-05 2.177902901607137e-06 3.156019268332409e-06
1.633908623473618e-05 1.507219479159759e-05 2.751501267586334e-06 3.436536245649981e-06
1.647477568083928e-05 1.074688063791371e-05 2.741990496069277e-06 2.110811645496036e-06
1.645464761846674e-05 8.493754431478911e-06 2.733996492477713e-06 1.471320391569860e-06
1.606452875535060e-05 1.303592917107846e-05 2.641313421082788e-06 2.789984550516019e-06
1.827838802960880e-05 1.571368104768397e-05 3.424321166510704e-06 3.636608839335565e-06
2.032708576582643e-05 1.614589226082772e-05 4.060240265698573e-06 3.782066175716985e-06
1.813677578849531e-05 1.125346373955164e-05 3.250465818241162e-06 2.246227581148361e-06
1.829758475423286e-05 9.230647908173784e-06 3.295010667832587e-06 1.621472257586347e-06
2.243711064765603e-05 1.633679930628289e-05 4.708130901551630e-06 3.866061047629969e-06
2.005509743603504e-05 1.317373576798746e-05 3.929990288685290e-06 2.873750049615309e-06
2.030600716002523e-05 9.658868425380835e-06 3.976306958410786e-06 1.679392481207974e-06
2.289689692205766e-05 1.350384807799997e-05 4.857721417069112e-06 2.950303653472950e-06
2.483396701675605e-05 1.641974560226580e-05 5.481836289743250e-06 3.913348452381688e-06
2.241408673913535e-05 9.773721354795976e-06 4.711944172517753e-06 1.676472460493693e-06
2.820170353373439e-05 1.650233671049001e-05 6.675730877454692e-06 3.932745549625679e-06
2.550917587045895e-05 1.187236719968149e-05 5.786775912373732e-06 2.350923061739906e-06
2.482958972665328e-05 9.691783261419537e-06 5.563534586623608e-06 1.605325594860007e-06
3.299491178254230e-05 1.662678040582010e-05 8.350962787319835e-06 3.962383713938112e-06
3.058779453795154e-05 1.277760854157129e-05 7.570718326411124e-06 2.664379474358383e-06
2.820419752112981e-05 9.585747650868283e-06 6.760980217660557e-06 1.575857782114018e-06
3.954758552483092e-05 1.675649217428669e-05 1.049974938136266e-05 3.898338665988561e-06
3.623494450139629e-05 1.305070364270769e-05 9.510526304224762e-06 2.721419926299422e-06
3.299599502652249e-05 9.466972786372499e-06 8.468475284722612e-06 1.568628878852720e-06
4.658188329053129e-05 1.686137819364946e-05 1.258282709479650e-05 3.828647335533351e-06
4.303288218673741e-05 1.305017648708611e-05 1.157253821106502e-05 2.686277768345167e-06
3.954788344296934e-05 9.343124759943602e-06 1.059886709211088e-05 1.575749872042505e-06
5.378888743470996e-05 1.694645937070452e-05 1.461498074602952e-05 3.729329730493604e-06
5.015895431051910e-05 1.305016791933086e-05 1.359168781834375e-05 2.680134721267989e-06
4.658185433098005e-05 9.238918180318747e-06 1.260227448715587e-05 1.613095638722688e-06
6.113901798368153e-05 1.701576188996729e-05 1.661616415637763e-05 3.712297680412471e-06
5.744225336664756e-05 1.304999190662349e-05 1.556689256960590e-05 2.665419325713807e-06
5.378892258836648e-05 9.153714799879762e-06 1.455435691900931e-05 1.638411089473070e-06
6.860489270286939e-05 1.707048718170863e-05 1.875175275599002e-05 3.700336654094593e-06
6.485488533765087e-05 1.304946170298167e-05 1.765146458723918e-05 2.602624006470159e-06
6.113919113113011e-05 9.083697533654302e-06 1.657341069669794e-05 1.546469932678725e-06
7.616055334251270e-05 1.711158148170272e-05 2.082634083406629e-05 3.644283405738091e-06
7.236988017309264e-05 1.304868972393385e-05 1.976726774661276e-05 2.573260479171978e-06
6.860521335971898e-05 9.027709344435673e-06 1.869163207324355e-05 1.473319344817203e-06
8.378263490256365e-05 1.714071547538878e-05 2.284625544905807e-05 3.605046848067676e-06
7.996250819594535e-05 1.304771412969243e-05 2.180465129754502e-05 2.552576992471371e-06
7.616099681657093e-05 8.984872716607727e-06 2.077871266068456e-05 1.474579936952946e-06
9.145093642801589e-05 1.716030854070759e-05 2.472895763955492e-05 3.579552374795877e-06
8.761066933956253e-05 1.304659324170220e-05 2.376906647589169e-05 2.567451885313798e-06
8.378310756960227e-05 8.953598454440166e-06 2.277005065036634e-05 1.506036145503530e-06
9.914917629096618e-05 1.717206282205529e-05 2.660129640209600e-05 3.615579624721739e-06
9.529640705119771e-05 1.304539053252239e-05 2.562754223408106e-05 2.557665766337968e-06
9.145136213326572e-05 8.931638796089003e-06 2.468702911980196e-05 1.498562307481032e-06
1.156827792162901e-04 1.672470361251382e-05 3.102035267910967e-05 3.517321905884761e-06
1.145862088052250e-04 1.717886967550969e-05 3.071711213497671e-05 3.640632903094613e-06
1.026035620677894e-04 1.304443715603865e-05 2.745336873338586e-05 2.526668641823146e-06
1.068645162342389e-04 1.717766139375585e-05 2.859487848714656e-05 3.596409691979223e-06
9.914951939709214e-05 8.917654387223365e-06 2.655490148724133e-05 1.453154735550404e-06
1.161370014536725e-04 1.562820887178166e-05 3.114573041826772e-05 3.215672303118757e-06
1.135419407322543e-04 1.304360596525430e-05 3.040284125635395e-05 2.488412603188261e-06
1.068647529953668e-04 8.910390933409762e-06 2.856381666307583e-05 1.371932081380714e-06
1.161370677912245e-04 1.045894188381737e-05 3.110980760691495e-05 1.784824330735060e-06
1.145863381183646e-04 8.908362161045956e-06 3.067479281327460e-05 1.358866220234554e-06
1.156828655670354e-04 9.362499473186468e-06 3.098167088572766e-05 1.483417984889393e-06
