4.897391567927835e-05 -6.288588467191932e-06 3.111004556104272e-05 -5.035567059862243e-06
4.919368891795937e-05 -5.758138257175945e-06 3.129215739969424e-05 -4.605388800079004e-06
4.919329297463339e-05 -3.257052186157421e-06 3.129585615898017e-05 -2.641856501233756e-06
4.897346540535642e-05 -2.726555067028877e-06 3.111257024246257e-05 -2.209241587383821e-06
4.844335032877724e-05 -6.508279179305687e-06 3.067412213679431e-05 -5.213165612409913e-06
4.744747742527542e-05 -4.507513343898713e-06 2.990123144127672e-05 -3.626663839785064e-06
4.844282234586557e-05 -2.506842100835411e-06 3.067398543476308e-05 -2.031344699880949e-06
4.470696765053856e-05 -6.506144379239382e-06 2.771097456923682e-05 -5.190561325819861e-06
4.470614081341458e-05 -2.508588416098453e-06 2.771146354404406e-05 -2.067614084690135e-06
4.264579903096532e-05 -4.507298084942360e-06 2.603572564406115e-05 -3.613697593167316e-06
4.097836518274887e-05 -6.497663558027784e-06 2.497588336434237e-05 -5.062179377891900e-06
4.097733178042160e-05 -2.516473829175494e-06 2.494297246358969e-05 -2.179088272542388e-06
3.911930667973153e-05 -4.506764712108876e-06 2.338779322087728e-05 -3.607273794182259e-06
3.727091833855252e-05 -6.481096966617393e-06 2.246083488572012e-05 -4.919721692262002e-06
3.727008970888051e-05 -2.531549502677600e-06 2.227426690628724e-05 -2.348911195070494e-06
3.542743158852111e-05 -4.506209852587835e-06 2.097661087714397e-05 -3.597101616099921e-06
3.360047633709872e-05 -6.455910353828779e-06 2.024388378440418e-05 -4.801884725197273e-06
3.359910959892020e-05 -2.555389985638284e-06 1.995747771754806e-05 -2.464720931375406e-06
3.178078304254242e-05 -4.505324709140680e-06 1.882643873109964e-05 -3.610268192574186e-06
2.998442647847327e-05 -6.420254844754859e-06 1.819720219688536e-05 -4.621063749953657e-06
2.998284155154820e-05 -2.589409803502585e-06 1.806399771354772e-05 -2.704701485964300e-06
2.819852905968077e-05 -4.504289090037236e-06 1.698543242479781e-05 -3.658598222948647e-06
2.644296235480117e-05 -6.373433218621132e-06 1.645307715601203e-05 -4.464994224899484e-06
2.644170979927518e-05 -2.634519315999063e-06 1.651614385633676e-05 -2.899395384112253e-06
2.470192989631301e-05 -4.503194164697331e-06 1.550002584712744e-05 -3.691047758837516e-06
2.299817656831939e-05 -6.315114615069825e-06 1.496395547617235e-05 -4.377818101911458e-06
2.299748743408336e-05 -2.690585361599531e-06 1.523769381044993e-05 -3.009176023275567e-06
2.131283062724040e-05 -4.502074040363901e-06 1.436351849327110e-05 -3.733063886930208e-06
1.967071195562738e-05 -6.246192080998276e-06 1.382710717209290e-05 -4.335259930615950e-06
1.967031174987299e-05 -2.756802589032903e-06 1.400389142302716e-05 -3.102331772618679e-06
1.805004586055699e-05 -4.500621177923338e-06 1.337452264073690e-05 -3.759812367433303e-06
1.647831769297450e-05 -6.167057745245721e-06 1.272815988249988e-05 -4.384016238785142e-06
1.647780155864655e-05 -2.832484784030331e-06 1.282890573930812e-05 -3.160238648812174e-06
1.493105141392156e-05 -4.498889600097457e-06 1.231437660559374e-05 -3.783629488315521e-06
1.343871923091455e-05 -6.076897324585769e-06 1.150284943363804e-05 -4.582151938669092e-06
1.343778509393378e-05 -2.919175670840773e-06 1.156950353951810e-05 -3.022279250602196e-06
1.203201395302504e-05 -4.496211806704996e-06 1.094205007838417e-05 -3.835886601451053e-06
1.068480186193536e-05 -5.975764400445294e-06 1.006892167076489e-05 -4.765782703833252e-06
1.068345642459943e-05 -3.019815761518062e-06 1.011191373737966e-05 -2.932838180721356e-06
9.690397530545424e-06 -4.604749023904948e-06 9.489243965089885e-06 -3.932227992112866e-06
8.733790122250336e-06 -5.882631445443797e-06 8.726735285831883e-06 -4.863483224371771e-06
8.730358126155829e-06 -3.112658064481368e-06 8.728087145381331e-06 -2.848520126920608e-06
7.401160453053111e-06 -5.802012572634810e-06 7.655993764265030e-06 -4.910285307402222e-06
7.636026447811783e-06 -4.948987568662034e-06 7.868594137202249e-06 -4.239416912251950e-06
7.396514155044011e-06 -3.171541951992231e-06 7.667852634040120e-06 -2.876142094564558e-06
6.476067798182985e-06 -3.234440563020191e-06 6.877501786286226e-06 -2.913949883339404e-06
-6.879761244452059e-07 -1.005257454825829e-06 -8.486908824616220e-07 -4.932932007995094e-08
-7.028927819040198e-07 -9.690326049371268e-07 -8.569003261854664e-07 -2.933772309399868e-08
-7.026930895297511e-07 -8.353148439350513e-07 -8.538832238964432e-07 3.181956298142048e-08
-6.879079151344898e-07 -8.001646449524780e-07 -8.461803489992943e-07 4.866115970556415e-08
6.470687316999800e-06 -5.745456416924259e-06 6.905179913649049e-06 -4.926326413634082e-06
5.676788690403927e-06 -5.648819322701193e-06 6.235931559961070e-06 -4.867205650844403e-06
6.268344506538048e-06 -4.179221870100293e-06 6.707481547741151e-06 -3.654074948931540e-06
5.656288149749076e-06 -3.230762074853876e-06 6.229747692047390e-06 -2.944140024900378e-06
-6.519844883440665e-07 -1.020455950106798e-06 -8.291194767352279e-07 -5.795612876555455e-08
-6.160718317623103e-07 -8.740876405183491e-07 -8.171287418537862e-07 1.734967940183140e-08
-6.526830124504443e-07 -7.858404478983838e-07 -8.303674902137480e-07 5.745173758880735e-08
5.409696701482787e-06 -4.886066411636528e-06 6.008607274892065e-06 -4.251738949678460e-06
4.922951590916238e-06 -5.453494458724488e-06 5.621537016341464e-06 -4.695986379336980e-06
4.231978520290202e-06 -5.197619582003645e-06 5.070216303223887e-06 -4.501402485529191e-06
5.171413398509243e-06 -3.887421175268719e-06 5.833165417516214e-06 -3.476718124937800e-06
4.915330745153725e-06 -3.112329089679323e-06 5.639695216898935e-06 -2.874536610948693e-06
-4.089681545871038e-07 -1.026640840265580e-06 -6.965032429750516e-07 -9.871226314863968e-08
-4.096242304244573e-07 -7.845373901007272e-07 -7.027307827467953e-07 7.908491580662183e-08
-2.837570129236207e-07 -9.068280641307050e-07 -5.795266138384646e-07 -2.417409081849622e-08
3.614392216606186e-06 -4.860962700983084e-06 4.564165093346590e-06 -4.257563539758762e-06
4.126294656421024e-06 -4.460103053987670e-06 4.981631599803293e-06 -3.940645450278949e-06
4.358060826866995e-06 -3.581079556049774e-06 5.188327734680145e-06 -3.250173700109380e-06
4.256672127039961e-06 -2.896149830655129e-06 5.128005504107465e-06 -2.711953062910714e-06
-1.486355874990606e-07 -1.048869134189519e-06 -4.418637533146848e-07 -1.848643021565268e-07
-1.492469823800679e-07 -7.670358469759827e-07 -4.520602571802636e-07 1.142216011933164e-07
2.466176010244472e-09 -9.090369963474715e-07 -2.622762439158598e-07 -5.886154484439670e-08
3.059174873954859e-06 -4.483557016915879e-06 4.118308552849245e-06 -3.998532432749487e-06
2.591012661475370e-06 -4.072722072600128e-06 3.768242251271414e-06 -3.700924084102162e-06
3.569233010716602e-06 -3.454908371978636e-06 4.546768889519071e-06 -3.174350316800341e-06
3.692346865968673e-06 -2.589441078582736e-06 4.690896800216689e-06 -2.456021868683631e-06
1.741844035452529e-07 -1.093610975910332e-06 -3.039404726175883e-08 -3.179000354001365e-07
1.735351299935937e-07 -7.267141001991106e-07 -5.635212846328336e-08 1.529998746592733e-07
2.711607644084906e-06 -3.484584981655476e-06 3.866208381738056e-06 -3.236184358461434e-06
2.206862219493430e-06 -3.621351117076656e-06 3.395108249159427e-06 -3.357806665087937e-06
2.902148345890811e-06 -2.869616416138228e-06 4.021923847999357e-06 -2.701726806470852e-06
3.229367989663756e-06 -2.236804639072522e-06 4.323239325304762e-06 -2.085527910695682e-06
3.600566914197050e-07 -9.113000090683558e-07 2.060504401703399e-07 -1.052184190662375e-07
5.783504221843833e-07 -1.155906352101383e-06 5.316196027664180e-07 -4.842896661504987e-07
5.772092301148803e-07 -6.681650177488693e-07 5.382678438248345e-07 2.600922386170792e-07
1.883051145471398e-06 -3.158344615364167e-06 3.050986345713782e-06 -2.972482022475338e-06
1.652922995974407e-06 -2.715475527720555e-06 2.769556442951056e-06 -2.583695549366349e-06
1.502486861527990e-06 -2.266231975954316e-06 2.507230287008816e-06 -2.150468014383619e-06
2.521754713710848e-06 -2.351267017761832e-06 3.660668209892163e-06 -2.221038722960795e-06
2.868644576293017e-06 -1.867792107691195e-06 4.053453344827698e-06 -1.716023615865067e-06
7.520120234289563e-07 -9.141853356715036e-07 8.044336427153876e-07 -1.478837357555049e-07
9.616616396837005e-07 -1.214845435605918e-06 1.172336598838581e-06 -7.054594625066510e-07
9.617641833132523e-07 -6.087081109010466e-07 1.187846118432576e-06 3.889212194543412e-07
1.894005974359869e-06 -2.255861722850466e-06 3.001488615231992e-06 -2.156354607190795e-06
1.402923782031297e-06 -1.840059750469070e-06 2.290776511794354e-06 -1.656213510817388e-06
1.283013402527033e-06 -1.261713924751758e-06 1.833367845491265e-06 -8.342587248488669e-07
1.361927271316029e-06 -1.317517218382564e-06 2.001951759174640e-06 -9.234166416480381e-07
1.388056529898083e-06 -1.441890179768659e-06 2.105326591013793e-06 -1.110663276485600e-06
2.266175630252180e-06 -1.816670450649012e-06 3.419093240231863e-06 -1.667291553299353e-06
2.593895985111715e-06 -1.505880846777867e-06 3.855029039573228e-06 -1.239553245149099e-06
1.148107083349739e-06 -9.607230656268043e-07 1.528619396184957e-06 -2.435851722505465e-07
1.327237526515335e-06 -5.640836348479342e-07 1.814401984894078e-06 4.556729374170338e-07
1.678591856492582e-06 -1.548368140017660e-06 2.628108887362239e-06 -1.301813362639905e-06
1.388881905664848e-06 -1.099617558199984e-06 2.008847316269772e-06 -5.514338543933112e-07
1.482709233097599e-06 -1.275770026247894e-06 2.222865082088903e-06 -8.581071954247565e-07
2.102033686558795e-06 -1.396821934612411e-06 3.238710864041796e-06 -1.102789175531765e-06
2.405736076789148e-06 -1.175246015246868e-06 3.751410926230841e-06 -7.687219713496624e-07
1.432017560294260e-06 -7.601530387036358e-07 2.008232735833222e-06 9.053112520424882e-08
1.447401685983838e-06 -5.174946383107845e-07 1.987321547847976e-06 5.413430788305976e-07
1.776947061066417e-06 -9.947732049091939e-07 2.706605355538735e-06 -4.371491174974080e-07
2.319078426166718e-06 -8.741495822413874e-07 3.709811616918231e-06 -2.073819998518217e-07
2.264975981573684e-06 -6.151989085395473e-07 3.760617385226031e-06 3.287065809313786e-07
1.650412008169666e-06 -5.715374448664378e-07 2.362871840594084e-06 4.171695659642915e-07
1.525089287714136e-06 -4.313779448681238e-07 2.088534024862513e-06 7.405500481382667e-07
1.635232809876854e-06 -2.216655479187759e-07 2.212995886917554e-06 1.322982660455005e-06
2.033879954433336e-06 -5.607172893860668e-07 3.220791367591870e-06 3.961938913899302e-07
1.766211865580487e-06 -6.904047804881350e-08 2.389144785574555e-06 1.904883766930472e-06
2.259310091714439e-06 -3.723525761106845e-07 3.920357790954995e-06 8.855338055237166e-07
1.844939944683978e-06 -1.983039083847896e-07 2.705401754238036e-06 1.351875097189346e-06
2.099445172587941e-06 -1.852635416904054e-07 3.487547157862382e-06 1.410981205119430e-06
1.886548466577439e-06 5.483424024601698e-08 2.637830463659314e-06 2.465608398149958e-06
2.271503395718810e-06 -1.853470134317329e-07 4.167467180153589e-06 1.408733427366565e-06
2.199710397927751e-06 -4.464044506250083e-08 3.953393341114088e-06 1.942201186907303e-06
2.091412711076873e-06 2.443041771642215e-08 3.436486746866332e-06 2.283853188758561e-06
2.006882593955549e-06 1.257546193137679e-07 2.959449913556119e-06 3.008403744579629e-06
2.099594516536282e-06 1.578972201486783e-07 3.342331633454030e-06 3.507377129957914e-06
2.278287228974323e-06 -3.961880399992432e-08 4.536243721562814e-06 1.909532149297218e-06
2.236867849835265e-06 6.256045154029090e-08 4.277574359405484e-06 2.549395793727788e-06
2.198203118911244e-06 1.357651401015025e-07 3.946462779214457e-06 3.301034663598023e-06
2.184588178145138e-06 1.528433916891967e-07 3.787654372945004e-06 3.966849167574972e-06
2.279689738439959e-06 6.002256679823735e-08 4.992145880683969e-06 2.345644937319390e-06
2.266318302851863e-06 1.245494813045225e-07 4.842616620435239e-06 3.283327510264488e-06
2.238090619223477e-06 1.336569344085487e-07 4.283036637711816e-06 4.374404028249684e-06
2.252731388286548e-06 8.986422799088558e-08 4.855764415573837e-06 4.763382237310365e-06
2.243256680326521e-06 2.421566261623542e-08 5.492048401875751e-06 5.118003433978702e-06
2.254700250283289e-06 1.261361048126617e-07 5.544964477915978e-06 3.494867165836872e-06
2.261103243241961e-06 1.184422883202173e-07 5.540981116737887e-06 2.686115662495889e-06
2.262222614742471e-06 9.295350753165313e-08 5.390117198083173e-06 4.339973852144590e-06
2.194354389152483e-06 -3.304605439957383e-08 6.184789435330364e-06 5.387216612293722e-06
2.110922280307777e-06 -9.299228833327492e-08 6.931930121680261e-06 5.551884494919314e-06
2.216260425811885e-06 1.244182336541857e-07 6.141444755688734e-06 3.682965438801246e-06
2.208064199988333e-06 1.642210689636277e-07 6.206237668309762e-06 2.934238130329189e-06
2.006458452751086e-06 -1.395652785064801e-07 7.732192972193307e-06 5.627750661182749e-06
2.145673520281706e-06 5.521941058287149e-08 6.835336011699038e-06 4.412522086130045e-06
2.125847334526875e-06 2.053643719817378e-07 6.953316677049027e-06 3.080527982386360e-06
1.987592629254840e-06 2.974726344116552e-08 7.906600879932571e-06 4.541856516326627e-06
1.848352207999621e-06 -1.869392823643864e-07 8.679807094402510e-06 5.690090167339633e-06
2.019806217106734e-06 2.359257161915359e-07 7.743683000864631e-06 3.117035751714109e-06
1.590933690726529e-06 -2.340117141218912e-07 1.004486142857794e-05 5.727255067535091e-06
1.814324967841822e-06 1.385653329864389e-07 8.951442962477214e-06 3.909347702516824e-06
1.851046828923321e-06 2.826593614598095e-07 8.693000749126186e-06 3.063587624256522e-06
1.143575453920638e-06 -3.046650598202146e-07 1.197870247134014e-05 5.760007528794858e-06
1.385117280944940e-06 7.457429513652381e-08 1.100408233351876e-05 4.249447913724942e-06
1.589784191818979e-06 3.428258704734462e-07 1.005038698393915e-05 2.988238167837097e-06
4.246181650400929e-07 -3.781528322179723e-07 1.459541457758386e-05 5.803044926345864e-06
8.045934021414511e-07 5.038730832122122e-08 1.323928835574501e-05 4.344965566752018e-06
1.142880593473769e-06 4.099524716364204e-07 1.195194613289439e-05 2.929941384980896e-06
-4.412893106529066e-07 -4.375423362899962e-07 1.733456622051738e-05 5.798478813395364e-06
9.565743823691310e-09 5.070638574150296e-08 1.594266659003977e-05 4.335620013390581e-06
4.241537275941795e-07 4.800132255116733e-07 1.454474337176298e-05 2.860079256938176e-06
-1.404331131527685e-06 -4.852585956058956e-07 2.007011064132095e-05 5.803254692168654e-06
-9.080614682996377e-07 5.063475224983105e-08 1.868855355949443e-05 4.343397420786865e-06
-4.414850348015328e-07 5.388613750027838e-07 1.733504783152043e-05 2.893929925376861e-06
-2.446473500090731e-06 -5.237674220732527e-07 2.269897310679745e-05 5.769209608580897e-06
-1.913347735033490e-06 5.054182769095006e-08 2.137255377862131e-05 4.337525356914223e-06
-1.404228253102338e-06 5.863476462525948e-07 2.006490326239573e-05 2.934240282803806e-06
-3.552373470373796e-06 -5.550741507695621e-07 2.519782813573247e-05 5.664249138805262e-06
-2.989672895271481e-06 5.041966277856286e-08 2.393517528195421e-05 4.356891381431577e-06
-2.446247846599306e-06 6.247607863343743e-07 2.266378475463362e-05 2.989087644748315e-06
-4.709869807331343e-06 -5.801336898355158e-07 2.755560846457090e-05 5.622827466504511e-06
-4.123330964859398e-06 5.030447521226753e-08 2.631573934019923e-05 4.361386988110248e-06
-3.552278662409140e-06 6.558532773260818e-07 2.510687098607634e-05 3.102283970048314e-06
-5.908691447787546e-06 -5.996667099960448e-07 2.993693723807055e-05 5.633160893763859e-06
-5.303228252198732e-06 5.015431327502237e-08 2.868783637354628e-05 4.340150614866565e-06
-4.709945312930052e-06 6.806091348900215e-07 2.747926062044706e-05 3.072364115132744e-06
-7.139214237106514e-06 -6.139701282171561e-07 3.234251473042857e-05 5.652915824233645e-06
-6.519512440492102e-06 5.005569407748826e-08 3.108244490098014e-05 4.321207506140766e-06
-5.908864636856196e-06 6.998713508230248e-07 2.985996234889965e-05 3.022248966846835e-06
-8.390413417639865e-06 -6.223961247580980e-07 3.489846405047820e-05 5.670100111893234e-06
-7.762293011335131e-06 4.989431576883411e-08 3.359103112673668e-05 4.318698678724985e-06
-7.139224338770260e-06 7.139698759392960e-07 3.231694195684069e-05 3.006756334193014e-06
-1.109430928911903e-05 -5.524098869624248e-07 4.004452746169376e-05 5.483293152973309e-06
-1.091498862242715e-05 -6.266637419715500e-07 3.970951182387221e-05 5.625973278307618e-06
-8.954505844180480e-06 4.974128359099110e-08 3.597345749314813e-05 4.340072813732310e-06
-9.651714098378053e-06 -6.258767347378480e-07 3.731535020431460e-05 5.636294381023089e-06
-8.390345931740716e-06 7.221030591739508e-07 3.482993304844751e-05 3.027484287025283e-06
-1.116858983342984e-05 -3.731238908309238e-07 4.018164856773734e-05 5.140315661727941e-06
-1.074408091889163e-05 4.959250046360322e-08 3.936909747370999e-05 4.331012922343915e-06
-9.651688222558529e-06 7.252370802489218e-07 3.728527215911126e-05 3.022598212873484e-06
-1.116862114982945e-05 4.723155183742074e-07 4.013311999319375e-05 3.547425851144745e-06
-1.091500381417317e-05 7.258841085852172e-07 3.966050239800173e-05 3.069876335664312e-06
-1.109433749667663e-05 6.516210680708132e-07 3.999441063227307e-05 3.211166284564666e-06
