-1.403739798882180e-04 1.960172846636455e-05 -7.065930830885828e-06 1.418938772907668e-06
-1.409402710831918e-04 1.823465055443693e-05 -7.123882042043911e-06 1.308515435037799e-06
-1.409403981550775e-04 1.178988217268270e-05 -7.260006723710937e-06 8.510247788842041e-07
-1.403741233385545e-04 1.042281621609575e-05 -7.214448265884571e-06 7.295430555277541e-07
-1.390068534146343e-04 2.016798267147963e-05 -6.941469670512229e-06 1.463313755391630e-06
-1.364424744278817e-04 1.501228379813739e-05 -6.867676106576613e-06 1.102863980581849e-06
-1.390070190931396e-04 9.856567097639788e-06 -7.097274194988850e-06 6.797307340730057e-07
-1.293800947103221e-04 2.016708359978740e-05 -6.257098398117338e-06 1.482404793759887e-06
-1.293803384805875e-04 9.857489729843278e-06 -6.451211517468068e-06 7.100714619792205e-07
-1.240658560175192e-04 1.501225933494329e-05 -5.878339475927990e-06 1.096138287490405e-06
-1.197561262606164e-04 2.016116714593426e-05 -5.591723851396008e-06 1.450406111846489e-06
-1.197566097960767e-04 9.863519076384999e-06 -5.788000256026070e-06 6.423018783896753e-07
-1.149487841594841e-04 1.501240731565846e-05 -5.134518831321460e-06 1.147161796083433e-06
-1.101498241166250e-04 2.014545995389221e-05 -4.871991121591713e-06 1.479956905243955e-06
-1.101502187425715e-04 9.879568712829300e-06 -4.903437950877338e-06 6.962878949763544e-07
-1.053580300622569e-04 1.501256826354028e-05 -4.472671079869779e-06 1.099208694981779e-06
-1.005839998640217e-04 2.011523341447361e-05 -4.114270052958475e-06 1.480237426961654e-06
-1.005842217003498e-04 9.909842165647833e-06 -4.255187948123201e-06 7.441705155139717e-07
-9.582227415004391e-05 1.501255132215895e-05 -3.830153717123782e-06 1.110852925827705e-06
-9.108913799395838e-05 2.006814686014401e-05 -3.462119251525845e-06 1.443244812572858e-06
-9.108899057155953e-05 9.956620286443433e-06 -3.665819109421652e-06 8.219053464233463e-07
-8.637319856896977e-05 1.501231523441314e-05 -3.195621230762827e-06 1.077721564856074e-06
-8.169708529389850e-05 2.000300790762624e-05 -2.872756272291830e-06 1.406899237831919e-06
-8.169685993681728e-05 1.002126251249103e-05 -3.234315488785053e-06 8.992945126737624e-07
-7.704367785749991e-05 1.501197046223656e-05 -2.649018413307908e-06 1.054329756611439e-06
-7.244317210486168e-05 1.991700846328047e-05 -2.286252079884044e-06 1.345503107581845e-06
-7.244294601701866e-05 1.010655603258003e-05 -2.794452734181129e-06 8.449138269067773e-07
-6.787208542982114e-05 1.501147313481349e-05 -2.187767749565832e-06 1.056791095947049e-06
-6.336943425495817e-05 1.980656637216188e-05 -1.721392303763484e-06 1.285140311548781e-06
-6.336931076411238e-05 1.021593317484656e-05 -2.248439200761088e-06 8.138874344993775e-07
-5.890421916946569e-05 1.501082295690685e-05 -1.764821602360526e-06 1.073560329435164e-06
-5.452460131588292e-05 1.966919570036577e-05 -1.364437083578761e-06 1.136561627146937e-06
-5.452489025426523e-05 1.035215630297638e-05 -1.697479385745378e-06 8.550927878815759e-07
-5.019112065899894e-05 1.501012934176945e-05 -1.515460983792804e-06 1.085806597288294e-06
-4.595986469102210e-05 1.950325535808419e-05 -1.274214085298205e-06 1.029113520196673e-06
-4.595998042915873e-05 1.051731782203254e-05 -1.461815910375563e-06 9.553193965309313e-07
-4.194939952695186e-05 1.500836728879793e-05 -1.472930723622246e-06 1.057480961136098e-06
-3.805201452261811e-05 1.931324263796553e-05 -1.475286185755529e-06 8.975548415113341e-07
-3.805114193167998e-05 1.071314051022039e-05 -1.567409657066386e-06 1.074187918070798e-06
-3.516139533909321e-05 1.533419537421765e-05 -1.628835512863593e-06 1.037852878578222e-06
-3.232086982600764e-05 1.913780238881002e-05 -1.666710280814603e-06 9.600009477953566e-07
-3.231603084568913e-05 1.089334962464205e-05 -1.702145852406692e-06 1.079468660519937e-06
-2.831691774165899e-05 1.898628742044929e-05 -1.696813144007190e-06 9.687079559820420e-07
-2.905168041715489e-05 1.638342404643050e-05 -1.704240946447300e-06 9.936662453895741e-07
-2.830944092906901e-05 1.100759607063984e-05 -1.761070382244785e-06 1.065703355145531e-06
-2.549069303486830e-05 1.112880193134743e-05 -1.786538562473850e-06 1.040674931937833e-06
3.656127362780866e-06 1.506371512751254e-06 3.747499586868433e-07 5.018538987819251e-07
3.729114892756699e-06 1.330449481725345e-06 3.863853745366819e-07 4.707876009031121e-07
3.728522320872406e-06 6.765904201321247e-07 3.733262358159509e-07 3.413732427706552e-07
3.655957075846077e-06 5.037859182329025e-07 3.596585085849277e-07 3.108955838596595e-07
-2.547913597784199e-05 1.888051438867006e-05 -1.738776812405861e-06 9.943631096699394e-07
-2.299788454408298e-05 1.864331993050297e-05 -1.772092359408501e-06 1.034292144221713e-06
-2.487976123243088e-05 1.404250864080341e-05 -1.800760509966534e-06 1.081984633623445e-06
-2.296293039844787e-05 1.103806184725780e-05 -1.733483409091577e-06 9.928110182723272e-07
3.481071501709464e-06 1.579360035169667e-06 3.449552144282631e-07 5.145868664733803e-07
3.305178363667297e-06 8.625045706890817e-07 2.889917980261383e-07 3.765358287007876e-07
3.482935385634347e-06 4.320194193420223e-07 3.284857564531319e-07 3.001552480886641e-07
-2.218296800351484e-05 1.627515205701020e-05 -1.793201077744935e-06 1.062468256313386e-06
-2.060455926572062e-05 1.810893026347560e-05 -1.741757475590041e-06 1.111970255917107e-06
-1.835509217626401e-05 1.735155737867674e-05 -1.674467115839135e-06 1.129460168333709e-06
-2.143903061331216e-05 1.310300836546006e-05 -1.739480246861199e-06 1.020577653158986e-06
-2.061420363269014e-05 1.056117322073247e-05 -1.749278531729872e-06 9.938327566914662e-07
2.296194698043727e-06 1.600965761841660e-06 7.861071966242225e-08 4.700543632571075e-07
2.296133696007473e-06 4.139182888675559e-07 7.830881014390197e-08 3.203582759946244e-07
1.682100028236381e-06 1.008650073768542e-06 1.762748034039154e-08 3.842576398127108e-07
-1.628030626109136e-05 1.633651638059028e-05 -1.633747254838153e-06 1.117146517974139e-06
-1.803308040191820e-05 1.498306502155959e-05 -1.680688242910799e-06 1.076261049486934e-06
-1.880030083194094e-05 1.208372981384685e-05 -1.711660485498372e-06 1.053154936495092e-06
-1.847951247475149e-05 9.737226934660332e-06 -1.723278787881932e-06 9.436591744495014e-07
1.016411968083941e-06 1.712450945074478e-06 -6.914339753968984e-08 4.448037505600500e-07
1.017282262472205e-06 3.076182112845386e-07 -7.458733661212418e-08 3.047633265351250e-07
2.606338044145691e-07 1.011259461495355e-06 -1.395547851623797e-07 3.610688809109672e-07
-1.437213805703691e-05 1.514420288125053e-05 -1.581302250057203e-06 1.092021391396699e-06
-1.268723431667624e-05 1.379417893068458e-05 -1.449205496173326e-06 1.066737412471189e-06
-1.615604883595957e-05 1.164988824726173e-05 -1.641259838558957e-06 1.056422338276886e-06
-1.660904314327711e-05 8.592361896580251e-06 -1.667408420400622e-06 8.409836724918792e-07
-6.064253098062384e-07 1.950191041932306e-06 -2.126066367947814e-07 4.374568677318546e-07
-6.059553170814823e-07 7.440378646761523e-08 -2.180914760598988e-07 2.656500278273469e-07
-1.311804876557411e-05 1.177791902013215e-05 -1.461186231273707e-06 1.023702881928720e-06
-1.122771211024467e-05 1.228008598532279e-05 -1.369113245233892e-06 1.038525972593045e-06
-1.382282219128668e-05 9.575008282583026e-06 -1.501191299016588e-06 9.240134383793457e-07
-1.504060234527246e-05 7.226224086548708e-06 -1.611061937693172e-06 7.760832076377872e-07
-1.559632952780103e-06 1.013470923724852e-06 -3.338172498836906e-07 3.269075077924814e-07
-2.692384296782565e-06 2.292006048296799e-06 -4.306910919757863e-07 4.339629743319664e-07
-2.689857214618293e-06 -2.662305505821237e-07 -4.914911934631134e-07 1.344034651306432e-07
-9.961342163867057e-06 1.066479178945719e-05 -1.294175964246158e-06 9.973436425710686e-07
-8.955725887251427e-06 9.013690894008628e-06 -1.147577433281692e-06 8.687187190659160e-07
-8.188935606844095e-06 7.286626634468400e-06 -1.042514485163899e-06 7.334610669880915e-07
-1.240229398974185e-05 7.645407393590646e-06 -1.413456875805018e-06 8.142270593062293e-07
-1.379669451075224e-05 5.712812034453071e-06 -1.527413308338120e-06 6.398721990520549e-07
-3.601421652625933e-06 1.018986925992710e-06 -5.563139725630840e-07 2.562701317010647e-07
-4.716106304334195e-06 2.627301511772583e-06 -6.887092569287477e-07 4.440734131488024e-07
-4.716806241471851e-06 -6.152066674207361e-07 -6.470443695613409e-07 9.429960023197577e-08
-9.884915201431845e-06 7.273253891435012e-06 -1.199313948982884e-06 7.470225912136533e-07
-7.620900110934561e-06 5.545836049180189e-06 -9.666108722084762e-07 5.895185301690287e-07
-6.534282260181264e-06 2.909939369536265e-06 -8.221396567113302e-07 4.222498142459823e-07
-7.051282989546061e-06 3.199131351014172e-06 -8.848840409526858e-07 4.331015223624899e-07
-7.312152595033204e-06 3.797923331027880e-06 -9.226550337539976e-07 4.750676654454580e-07
-1.142331460681037e-05 5.495919392594459e-06 -1.314387008193260e-06 6.284305774584761e-07
-1.286817248748199e-05 4.125185294286509e-06 -1.454179279431249e-06 5.401233943391800e-07
-5.716614756222947e-06 1.257107355630584e-06 -7.639104984023855e-07 2.982731624460712e-07
-6.578985983780311e-06 -8.701798893303481e-07 -8.533987647023512e-07 2.107354054461304e-08
-8.800320629514315e-06 4.323571951528936e-06 -1.045911924904652e-06 5.164339191321243e-07
-7.105905590630837e-06 2.052209999004387e-06 -8.874883694049074e-07 3.304431481648551e-07
-7.720145690085037e-06 2.993631074143626e-06 -9.466918526152393e-07 4.058048460148527e-07
-1.074062480236421e-05 3.637191535450768e-06 -1.218865572536062e-06 4.764873630367316e-07
-1.227702384304877e-05 2.537521536852482e-06 -1.377710079744250e-06 3.526812565385005e-07
-7.175172332601406e-06 2.144509063946382e-07 -9.038143534476918e-07 1.379951113547897e-07
-7.123954974744040e-06 -1.144184785129785e-06 -8.916421097698790e-07 -2.492104697462587e-08
-9.171546426481346e-06 1.639706453006387e-06 -1.047230151239060e-06 2.658848225214421e-07
-1.205618641417259e-05 9.741695711793497e-07 -1.329797884859681e-06 2.072103055118193e-07
-1.214469424467847e-05 -5.361128842441222e-07 -1.286242862785931e-06 4.279090146809225e-08
-8.279309987333557e-06 -7.872397500592499e-07 -1.000371969939508e-06 5.628982829896176e-09
-7.447471406360956e-06 -1.720496893209373e-06 -9.101762980940867e-07 -9.041043466702465e-08
-7.854954338749049e-06 -3.288639869277005e-06 -9.359521095163791e-07 -2.279539365993570e-07
-1.064973341317876e-05 -7.442372807060128e-07 -1.164056632755914e-06 1.870303877623606e-09
-8.442030842539629e-06 -4.775041097256878e-06 -1.005765883571556e-06 -3.036389744904729e-07
-1.255042049638384e-05 -2.050433387466079e-06 -1.247645346824536e-06 -1.074078209930987e-07
-9.281198650524429e-06 -3.353757558913043e-06 -1.066398721704770e-06 -2.263042437092185e-07
-1.134833109938294e-05 -3.471584149086006e-06 -1.145809553589464e-06 -2.291396351082043e-07
-9.188757808446551e-06 -6.179837565680165e-06 -1.085812947417859e-06 -3.633838843102537e-07
-1.322393629727287e-05 -3.474595911520226e-06 -1.203002305497710e-06 -2.480038537154044e-07
-1.261856951617596e-05 -4.852217173562423e-06 -1.138577642672898e-06 -3.423706180469987e-07
-1.123213201794342e-05 -5.702130647748571e-06 -1.125014209705617e-06 -3.540854447203014e-07
-1.008916526672927e-05 -7.489291105230277e-06 -1.156985867192430e-06 -3.600685405794780e-07
-1.113414852576087e-05 -8.688881942151024e-06 -1.172871236686056e-06 -3.280357704666637e-07
-1.414007005869118e-05 -4.773553851441363e-06 -1.101083953664027e-06 -3.715095740395148e-07
-1.345189524196185e-05 -6.369156397003218e-06 -1.090287537387007e-06 -3.968981933103651e-07
-1.264901965524023e-05 -8.207771144434805e-06 -1.129117886461411e-06 -3.577196273872148e-07
-1.230872155017639e-05 -9.761454440992693e-06 -1.155118263393233e-06 -2.687418317802347e-07
-1.526688372912246e-05 -5.898147110365277e-06 -1.000471182494880e-06 -4.465145429279369e-07
-1.491722976667160e-05 -8.191611238261879e-06 -1.007459156948514e-06 -3.536185307603823e-07
-1.359868681918211e-05 -1.069356528846256e-05 -1.084809831942501e-06 -2.052877940898871e-07
-1.498587009734098e-05 -1.147251563234520e-05 -9.542610714875295e-07 -9.942625050233615e-08
-1.645143191132096e-05 -1.208713534006490e-05 -8.029279160083792e-07 -8.646101243514740e-09
-1.657869063879520e-05 -8.677461314158743e-06 -8.366056399138098e-07 -3.135024483172910e-07
-1.657044940426478e-05 -6.812023280349725e-06 -8.507604385297735e-07 -4.528620893454786e-07
-1.625291488908789e-05 -1.051221370167354e-05 -8.485238342380676e-07 -1.696973791753561e-07
-1.797664807888165e-05 -1.253117289102818e-05 -6.158170201830185e-07 4.873695097687762e-08
-1.953968502490174e-05 -1.279793958180245e-05 -4.495080557975971e-07 7.449801246312236e-08
-1.789112361082605e-05 -9.092982912150973e-06 -6.881771975670327e-07 -2.869588412883922e-07
-1.801056736849457e-05 -7.486698456280166e-06 -6.705932083269570e-07 -4.505828642163936e-07
-2.112190137731893e-05 -1.288552463379007e-05 -2.762564154756605e-07 8.915156360031800e-08
-1.936735427721132e-05 -1.057205280870575e-05 -4.884648708482474e-07 -1.412226154149317e-07
-1.954330493158448e-05 -7.902001850050634e-06 -4.501341067847243e-07 -4.496584343381462e-07
-2.147229539547529e-05 -1.080696355541656e-05 -2.456247944968468e-07 -1.296791438831178e-07
-2.285874393286986e-05 -1.288200331356486e-05 -6.291784232338650e-08 9.874043345590753e-08
-2.112202410628343e-05 -8.044142766061396e-06 -2.517027147102431e-07 -4.471875226457352e-07
-2.524384833794708e-05 -1.287863140827237e-05 2.223594759902854e-07 4.426555006676682e-08
-2.336356184906296e-05 -9.628611810693604e-06 4.320422198637054e-09 -2.790281103815606e-07
-2.285825366247026e-05 -8.049255312607741e-06 -5.579119322172287e-08 -4.356446719013465e-07
-2.851124137319103e-05 -1.287290665672145e-05 5.730163798533643e-07 3.530977351377233e-08
-2.689651559775497e-05 -1.027968431627312e-05 3.759642039028047e-07 -2.318522887598187e-07
-2.524308911645099e-05 -8.056424991206583e-06 2.108417963873263e-07 -4.126367849467705e-07
-3.281026504843396e-05 -1.286693927957598e-05 1.023381254306587e-06 -6.159784670016214e-08
-3.066277263054417e-05 -1.046953350796545e-05 8.228236241527483e-07 -2.606376955916517e-07
-2.851083025985656e-05 -8.064799749655084e-06 5.819191369294409e-07 -4.927181543605585e-07
-3.727760989255674e-05 -1.286168979921210e-05 1.341982786929689e-06 -2.496761834114615e-07
-3.504590136349414e-05 -1.047112076002131e-05 1.198113165004996e-06 -2.946385007058875e-07
-3.280998217387743e-05 -8.073878956313149e-06 1.022485334263778e-06 -4.335965333443736e-07
-4.173338460449657e-05 -1.285724491698588e-05 1.317071263755583e-06 -4.064348975844269e-07
-3.950715239693862e-05 -1.047237293750612e-05 1.328519484018232e-06 -3.330071370411310e-07
-3.727731450133038e-05 -8.082044965474667e-06 1.308428529491429e-06 -3.690334643193489e-07
-4.617960408737578e-05 -1.285445614637677e-05 1.005066139194258e-06 -5.142908221502489e-07
-4.395752989289429e-05 -1.047366198024468e-05 1.119924814161055e-06 -3.236193714106064e-07
-4.173283331425064e-05 -8.088920941021337e-06 1.215180838637764e-06 -2.532597976601642e-07
-5.061957748657801e-05 -1.285344389074508e-05 7.050501316076535e-07 -4.334442397663675e-07
-4.839994545554249e-05 -1.047501939606187e-05 8.061926001926785e-07 -3.515688968904290e-07
-4.617883847749212e-05 -8.094253745986138e-06 9.617358848104968e-07 -2.176335979125712e-07
-5.505720511807804e-05 -1.285389766384820e-05 6.653449373007620e-07 -3.478402696840115e-07
-5.283831159036196e-05 -1.047633691458945e-05 6.425854874796090e-07 -3.734882357470575e-07
-5.061895390628497e-05 -8.097811162028403e-06 7.005724196582988e-07 -3.034325261835770e-07
-5.949456419048248e-05 -1.285495207132373e-05 8.779006990562350e-07 -3.203294923125328e-07
-5.727569154657472e-05 -1.047767841888868e-05 6.938078715871695e-07 -4.174486329915960e-07
-5.505669108188934e-05 -8.100069223257369e-06 6.440245136380760e-07 -4.015312710251747e-07
-6.393131554649000e-05 -1.285525105855599e-05 1.180921647578619e-06 -3.528108006399750e-07
-6.171307863774451e-05 -1.047892484650858e-05 9.317868605376436e-07 -4.584896034210138e-07
-5.949419100871635e-05 -8.101649166864958e-06 7.515513531891878e-07 -5.538755261966151e-07
-6.836568549505909e-05 -1.285477384871874e-05 1.468809886956952e-06 -4.010400966968883e-07
-6.614886643735112e-05 -1.048001119018132e-05 1.274892154830666e-06 -5.048697205024697e-07
-6.393102866504081e-05 -8.103795613634550e-06 1.043981412247942e-06 -6.846435878504106e-07
-7.785415081853521e-05 -1.259334055737033e-05 1.906102297200699e-06 -4.803768493825198e-07
-7.722512572385634e-05 -1.285390087390650e-05 1.876584101355360e-06 -4.672889896826732e-07
-7.035066466594536e-05 -1.048098115609884e-05 1.552351601237414e-06 -5.232901565196577e-07
-7.279641572763163e-05 -1.285400486404997e-05 1.691025906847979e-06 -4.286958776034137e-07
-6.836523783851092e-05 -8.106450486090180e-06 1.376992358842240e-06 -7.079996777067556e-07
-7.811469672390180e-05 -1.196429698474975e-05 1.917529195588517e-06 -5.097516887348951e-07
-7.662627559771268e-05 -1.048161643052844e-05 1.854854632497505e-06 -5.719076183248350e-07
-7.279618263821123e-05 -8.108598268355017e-06 1.696438167911809e-06 -6.795571872180447e-07
-7.811455831823269e-05 -8.999025515847769e-06 1.912015451095513e-06 -6.315242391610171e-07
-7.722493890069878e-05 -8.109376175962838e-06 1.873267066375711e-06 -6.694944328903800e-07
-7.785399322187764e-05 -8.369954102100822e-06 1.899959392438112e-06 -6.588224581809155e-07
