6.946204388102916e-05 -9.605977332751152e-06 1.444610562012100e-05 -2.290407251868706e-06
6.974376690468539e-05 -8.925932348295277e-06 1.446470322197263e-05 -2.242968630235034e-06
6.974348538659955e-05 -5.719737569622196e-06 1.448261649941342e-05 -2.040488202544098e-06
6.946172512637385e-05 -5.039652726612626e-06 1.446899594232416e-05 -2.004381898768440e-06
6.878191322821835e-05 -9.887638518468075e-06 1.440154762391486e-05 -2.310712077364477e-06
6.750575708051637e-05 -7.322765853198357e-06 1.434101376476401e-05 -2.145839384505552e-06
6.878154018004134e-05 -4.757971046152016e-06 1.443460356281640e-05 -1.989054588483844e-06
6.399279598034059e-05 -9.886076515455125e-06 1.407179957032533e-05 -2.326123411602837e-06
6.399224209321747e-05 -4.759031673351973e-06 1.415439280932492e-05 -1.960846198068479e-06
6.134988587026158e-05 -7.322314655469334e-06 1.392213604321119e-05 -2.102818943526521e-06
5.920857728053686e-05 -9.880349270533011e-06 1.354873885393223e-05 -2.448562749454077e-06
5.920781103705265e-05 -4.763744857964617e-06 1.370773791054312e-05 -1.872872810144643e-06
5.681999950068550e-05 -7.321447342174473e-06 1.339098322042653e-05 -2.070276557172456e-06
5.443809872207279e-05 -9.869032881429643e-06 1.277816471199825e-05 -2.522767169515466e-06
5.443753399234523e-05 -4.772997406392510e-06 1.312959414459466e-05 -1.795105464066420e-06
5.205989458815632e-05 -7.320432184017185e-06 1.269759042092256e-05 -2.039554600600800e-06
4.969148232068438e-05 -9.852407512826833e-06 1.193876727591140e-05 -2.468144548958861e-06
4.969073876979491e-05 -4.787422115737119e-06 1.254929131451924e-05 -1.706482233725127e-06
4.732820870733308e-05 -7.319235094459968e-06 1.194137089778013e-05 -2.028361141805449e-06
4.497838877990997e-05 -9.829571724983789e-06 1.125047397929321e-05 -2.413241896421863e-06
4.497775829064627e-05 -4.807871106477401e-06 1.184761120032082e-05 -1.640446167808924e-06
4.263572573044148e-05 -7.318060932426320e-06 1.122930237244111e-05 -2.053373968898800e-06
4.031179282570970e-05 -9.798433879107765e-06 1.066550661709559e-05 -2.370315353231836e-06
4.031139673589298e-05 -4.836531525279411e-06 1.102455889301819e-05 -1.568461330662754e-06
3.799793662844526e-05 -7.316811362484349e-06 1.055961618228367e-05 -2.096789863578916e-06
3.570967937854603e-05 -9.756436669099994e-06 9.987392908190947e-06 -2.388124795203302e-06
3.570947252213179e-05 -4.875896897875062e-06 1.013601628749673e-05 -1.617626271476980e-06
3.343515424132692e-05 -7.315506182312670e-06 9.924907507646720e-06 -2.105688314721813e-06
3.119436312260882e-05 -9.701693170487579e-06 9.244277792629928e-06 -2.447732145652090e-06
3.119426928112478e-05 -4.928021149309253e-06 9.323978513758312e-06 -1.621807113189381e-06
2.897152433946565e-05 -7.314175736499706e-06 9.200414843033729e-06 -2.099148152896493e-06
2.679065129163637e-05 -9.633705807501960e-06 8.404186236149724e-06 -2.530340875035987e-06
2.679073584387956e-05 -4.993671519705563e-06 8.542427774229258e-06 -1.647844285899023e-06
2.463209798282242e-05 -7.312961417577786e-06 8.352452381371686e-06 -2.105988038175544e-06
2.252375134371032e-05 -9.551317807217495e-06 7.686211400587589e-06 -2.536453836350779e-06
2.252364306787240e-05 -5.073844928321634e-06 7.806492172458724e-06 -1.671407610543382e-06
2.052498052850113e-05 -7.311049867073781e-06 7.489396838969915e-06 -2.129085224459038e-06
1.858232636996315e-05 -9.455911008878012e-06 6.966786922193881e-06 -2.573582218620745e-06
1.858165747865435e-05 -5.170009787891944e-06 7.033458388162950e-06 -1.692475842263098e-06
1.714110923142612e-05 -7.472381784247649e-06 6.727195399797147e-06 -2.176871121601279e-06
1.572527372879158e-05 -9.367049695421516e-06 6.396847448244895e-06 -2.604793005176526e-06
1.572254901081078e-05 -5.259659930353008e-06 6.439548794671785e-06 -1.724972449703630e-06
1.373035652046479e-05 -9.288962994363024e-06 6.008275637874264e-06 -2.637362174495069e-06
1.409556924065111e-05 -7.993844051025116e-06 6.108819310283595e-06 -2.311585869460032e-06
1.372592508721687e-05 -5.317365217962137e-06 5.991622349988808e-06 -1.663316788479199e-06
1.232254710094450e-05 -5.379687875390860e-06 5.658465861825656e-06 -1.665148624567209e-06
-1.720596186043455e-06 -7.783947637300232e-07 -8.246041807159205e-07 3.735592309938059e-07
-1.755442606828482e-06 -6.943729307145826e-07 -8.362599642255226e-07 4.004092851365215e-07
-1.755167275574017e-06 -3.822089366289294e-07 -8.367469730123050e-07 5.136926926373771e-07
-1.720538557949680e-06 -2.997346181441247e-07 -8.239973174943576e-07 5.443701478980031e-07
1.231723436222219e-05 -9.233660627580958e-06 5.661506167750774e-06 -2.687028520763503e-06
1.108388532176102e-05 -9.112865139060158e-06 5.307296489060893e-06 -2.670114602051945e-06
1.201762941408211e-05 -6.828301832979057e-06 5.598490247560662e-06 -2.084492535399488e-06
1.106452011256897e-05 -5.337673227757223e-06 5.306981019604118e-06 -1.610435132106717e-06
-1.636992125399359e-06 -8.132725766674928e-07 -7.971116752938081e-07 3.627683273113613e-07
-1.553011970688928e-06 -4.710594567951888e-07 -7.639373779438144e-07 4.866956228530868e-07
-1.637962099049499e-06 -2.655279326693163e-07 -7.928477834843120e-07 5.595621466185313e-07
1.067784973566877e-05 -7.935608645647553e-06 5.204410558549373e-06 -2.345422692438219e-06
9.896388963416710e-06 -8.843407422480008e-06 4.938722542807085e-06 -2.625574456168337e-06
8.782966732853791e-06 -8.464290716526008e-06 4.601734929432843e-06 -2.565146857669415e-06
1.030746793456365e-05 -6.362539299798918e-06 5.103760853085552e-06 -1.911743070929176e-06
9.898269501527320e-06 -5.106170560354920e-06 4.983886562420102e-06 -1.501649072719714e-06
-1.071081651454995e-06 -8.239739156100501e-07 -5.858287039636077e-07 3.803913533599915e-07
-1.071327183884179e-06 -2.576553453228603e-07 -5.759688193517497e-07 6.059778693083936e-07
-7.780694401444003e-07 -5.418784366811202e-07 -4.408571998046272e-07 5.107494135502118e-07
7.760370004806055e-06 -7.957061129268536e-06 4.228764673277979e-06 -2.469321144193252e-06
8.622156409274961e-06 -7.290700798058815e-06 4.587196769116055e-06 -2.196624506458098e-06
9.000619109205354e-06 -5.859143715675966e-06 4.684867864447939e-06 -1.750252557502675e-06
8.840827761288789e-06 -4.705669908443779e-06 4.592675393267078e-06 -1.274764073735197e-06
-4.606950346827907e-07 -8.770600207265620e-07 -2.530317088629544e-07 3.396929301364951e-07
-4.614499235802965e-07 -2.091923830773754e-07 -2.286069806090274e-07 7.681358372044892e-07
-1.016972154318603e-07 -5.444140869002281e-07 2.962274541393947e-08 5.972563285342357e-07
6.822428280846037e-06 -7.364435086128932e-06 3.832712485759757e-06 -2.266838819506871e-06
5.999546962244273e-06 -6.697099427108781e-06 3.479903473363645e-06 -2.028179330073783e-06
7.696741384212137e-06 -5.645458617907208e-06 4.218830735587295e-06 -1.626286563000862e-06
7.917006492437830e-06 -4.148843174611286e-06 4.276548146970490e-06 -9.974600419977097e-07
3.094130742363824e-07 -9.889947974616902e-07 3.128292953104832e-07 3.666574212242889e-07
3.086847844380263e-07 -1.024403738838498e-07 3.258429326805326e-07 9.075343795224398e-07
6.210024514434373e-06 -5.706293829296539e-06 3.575403588032321e-06 -1.646006706012622e-06
5.291778767567374e-06 -5.950744397494476e-06 3.178474489500751e-06 -1.747471620109538e-06
6.552732475838851e-06 -4.630040126829735e-06 3.727132367198783e-06 -1.194679564483441e-06
7.144592174535278e-06 -3.487841724391967e-06 3.996346862077113e-06 -7.354223892871642e-07
7.595091942055357e-07 -5.470227649761955e-07 5.830612996133328e-07 6.693616753329659e-07
1.293097226432152e-06 -1.148509557435769e-06 8.497184490189094e-07 3.807191140819880e-07
1.291482870473257e-06 5.359786038753034e-08 8.898446801236993e-07 1.032157348786741e-06
4.679876607971917e-06 -5.158530688263332e-06 2.906113425409171e-06 -1.413466567730718e-06
4.200519483670851e-06 -4.356159230018860e-06 2.674866158639387e-06 -1.076206763632406e-06
3.840925437113779e-06 -3.520209381324648e-06 2.458386372918964e-06 -7.078815101036038e-07
5.862271977856854e-06 -3.691923953682914e-06 3.403364074190644e-06 -8.140242766744065e-07
6.533489915358085e-06 -2.760989243165849e-06 3.726157020897663e-06 -3.562858365509012e-07
1.720404948145355e-06 -5.508819086776732e-07 1.102552912387807e-06 7.208679937403498e-07
2.242941105673617e-06 -1.304048776573920e-06 1.397430937770321e-06 3.172135940318438e-07
2.242975401678100e-06 2.134243383147287e-07 1.438022985801404e-06 1.211437448295488e-06
4.650110120741682e-06 -3.512103152329299e-06 2.861943104015103e-06 -7.204436527513010e-07
3.577330343524579e-06 -2.683964266466117e-06 2.287899297714407e-06 -3.072391961031623e-07
3.089339290900615e-06 -1.434089099731993e-06 1.904281474480848e-06 3.069579026145958e-07
3.326788208268629e-06 -1.569278568002099e-06 2.067705895887347e-06 2.437093100443202e-07
3.443314884144852e-06 -1.851494563409154e-06 2.166920674552444e-06 1.018945872655416e-07
5.388132983824321e-06 -2.657285145471040e-06 3.202380996376822e-06 -3.192039973496397e-07
6.076092354753455e-06 -2.004595241893064e-06 3.562138010592570e-06 1.204145763289447e-08
2.711261003367938e-06 -6.634266891708571e-07 1.691736043088657e-06 7.183683317081897e-07
3.118588436830202e-06 3.299877680487136e-07 1.902878825419374e-06 1.315690608317716e-06
4.140837564813458e-06 -2.098609450167600e-06 2.564406801275360e-06 -2.654821029870095e-08
3.356299775598117e-06 -1.032772496552215e-06 2.061490351665277e-06 5.426782009908558e-07
3.638133932299523e-06 -1.472376697129593e-06 2.257054857529521e-06 3.020132642976832e-07
5.060852875125891e-06 -1.772619439342965e-06 3.035655835264393e-06 1.360281481360363e-07
5.781657054292255e-06 -1.255652481017905e-06 3.445248346810669e-06 4.329601421365968e-07
3.395816266767063e-06 -1.754456440705723e-07 2.047222405575806e-06 1.029254184322779e-06
3.377831362634691e-06 4.560889326526765e-07 2.016034737422228e-06 1.408896255210100e-06
4.321130859215416e-06 -8.336373735260623e-07 2.612884466232200e-06 6.468105182252722e-07
5.667719055906380e-06 -5.241418676313278e-07 3.400716370118276e-06 8.338020028865441e-07
5.692189679221903e-06 1.747654284364493e-07 3.438740995532912e-06 1.237495175733105e-06
3.914065655767123e-06 2.919746312805158e-07 2.325982368093210e-06 1.317650891000788e-06
3.533043688570220e-06 7.190407813679033e-07 2.081636428079094e-06 1.594216066924504e-06
3.731409783281940e-06 1.429616108799580e-06 2.137099660522975e-06 2.078461517581905e-06
5.006210490985914e-06 2.756555709437567e-07 3.020050108281736e-06 1.289402622395110e-06
4.010084534041660e-06 2.093107114391370e-06 2.253064747664366e-06 2.564346970366918e-06
5.862354723341162e-06 8.707488047162005e-07 3.566459287076739e-06 1.665534061193321e-06
4.383184337392818e-06 1.462423346917475e-06 2.548247800493507e-06 2.080693550619831e-06
5.316857589056923e-06 1.514574024002534e-06 3.207928749417370e-06 2.092665970931608e-06
4.353396796234530e-06 2.715430692198864e-06 2.454776505080084e-06 3.038375422814777e-06
6.150438425040020e-06 1.515324751542968e-06 3.801134809463568e-06 2.084629005999151e-06
5.877745007389913e-06 2.130037356138247e-06 3.620892441918440e-06 2.534160623190705e-06
5.265414478774725e-06 2.505939286852198e-06 3.140985637484769e-06 2.848670908544580e-06
4.761762300680512e-06 3.286193691715892e-06 2.723227274971706e-06 3.493087803229244e-06
5.225220067051536e-06 3.802033042937802e-06 3.058906069494235e-06 3.941664543041555e-06
6.540785421798084e-06 2.097215818872147e-06 4.165264544726615e-06 2.496243183002694e-06
6.239431954950909e-06 2.796261765741003e-06 3.916260779517199e-06 3.063830920815417e-06
5.889712900389546e-06 3.592726794781313e-06 3.594794163894549e-06 3.760192173692239e-06
5.742148057539180e-06 4.256645035803152e-06 3.456260933449692e-06 4.389037812886122e-06
7.020019291005045e-06 2.594904536110711e-06 4.612608486031295e-06 2.875695262125965e-06
6.868270415913594e-06 3.582763213930328e-06 4.472037804685819e-06 3.771481424073867e-06
6.301480622835198e-06 4.648732807374777e-06 3.931443415636686e-06 4.791904173056525e-06
6.894401042473661e-06 4.971038518222741e-06 4.504151649134165e-06 5.161217151508670e-06
7.516080128605856e-06 5.219574153638934e-06 5.143247860263868e-06 5.503932828434096e-06
7.572758847971318e-06 3.788941468458750e-06 5.181603145407647e-06 3.979440626077281e-06
7.570785453658922e-06 2.994352296505832e-06 5.183971366643791e-06 3.223711329646210e-06
7.435342319220676e-06 4.562901448157448e-06 5.032648234817212e-06 4.757374435294108e-06
8.155409866698833e-06 5.397267506318068e-06 5.841898897425922e-06 5.766703931708154e-06
8.804654731985259e-06 5.499233238202291e-06 6.565138364039963e-06 5.920316413585849e-06
8.123554878005216e-06 3.964686895671803e-06 5.752860796563375e-06 4.156571435677731e-06
8.173113037245296e-06 3.289200511331642e-06 5.808286109472679e-06 3.459315460124418e-06
9.458248895928852e-06 5.527480145684409e-06 7.313083367674428e-06 5.986362544009263e-06
8.737946349869145e-06 4.580131035280514e-06 6.461407997891861e-06 4.858243502454714e-06
8.809539308846921e-06 3.472499226782615e-06 6.541943955035505e-06 3.591183942151807e-06
9.603998327013660e-06 4.674498677677100e-06 7.456065058527219e-06 4.979032157037374e-06
1.016794047992036e-05 5.516854386479531e-06 8.188091868232565e-06 6.040553565414817e-06
9.461310711432536e-06 3.537691334180595e-06 7.280933488729321e-06 3.625622493790179e-06
1.113517959228890e-05 5.506143584919554e-06 9.399438424022448e-06 6.068262447081644e-06
1.037667895312402e-05 4.192500700504913e-06 8.406749265793338e-06 4.389956978309583e-06
1.016878783948900e-05 3.547436350063825e-06 8.159079707607001e-06 3.590210750495266e-06
1.244330723732706e-05 5.490636161372386e-06 1.115311184959655e-05 6.151174093714009e-06
1.180068033830882e-05 4.456195509162079e-06 1.025855788231599e-05 4.717847576606182e-06
1.113523251873950e-05 3.560015105317567e-06 9.391187300499500e-06 3.545193404443347e-06
1.414403842638089e-05 5.476880714713130e-06 1.373110100323638e-05 6.377491790484237e-06
1.329755148213924e-05 4.531048368761248e-06 1.242923408966638e-05 4.818437549832101e-06
1.244365241018153e-05 3.573303229715622e-06 1.120125504546557e-05 3.433531165825335e-06
1.589989995998336e-05 5.470607356098537e-06 1.682376609455087e-05 6.597817301587466e-06
1.502382805610140e-05 4.530123578647073e-06 1.525100673903624e-05 4.823461955488237e-06
1.414445716543587e-05 3.584529748309710e-06 1.379929275432045e-05 3.279378012091091e-06
1.765391835785286e-05 5.472558408131397e-06 2.036740586989390e-05 6.798591753618606e-06
1.677609485168384e-05 4.529117518491728e-06 1.854672162999568e-05 4.819130995762514e-06
1.590034746680117e-05 3.588761660642283e-06 1.686757256409446e-05 3.091763882334688e-06
1.942117402418624e-05 5.481831589073339e-06 2.408551790721759e-05 6.816364580462867e-06
1.853431724080999e-05 4.528180003661768e-06 2.221286139851201e-05 4.840668098039976e-06
1.765427070271082e-05 3.584893295807544e-06 2.033535554223043e-05 2.936000333070236e-06
2.121358965206118e-05 5.496525005731348e-06 2.770537349413827e-05 6.739939161855770e-06
2.031231070633440e-05 4.527420837554675e-06 2.593617841131902e-05 4.852071835168671e-06
1.942121326350030e-05 3.573833032985394e-06 2.405687339769077e-05 2.891202920388556e-06
2.303944676000359e-05 5.514354557555331e-06 3.116215251260602e-05 6.701190743177439e-06
2.212045607968591e-05 4.526833613303352e-06 2.946574956872976e-05 4.865144252887016e-06
2.121349071416880e-05 3.557645570004994e-06 2.769126976612589e-05 2.983314137698589e-06
2.490226103139674e-05 5.532670124778954e-06 3.457986251839027e-05 6.679995516142735e-06
2.396473576097777e-05 4.526098747542638e-06 3.291480214450050e-05 4.863709763251005e-06
2.303954344285450e-05 3.538437477413328e-06 3.119731726544819e-05 3.018003867252755e-06
2.680034584354700e-05 5.548729446138313e-06 3.787285229400540e-05 6.557020054599408e-06
2.584597409390940e-05 4.525335461814176e-06 3.627371317622609e-05 4.880056509178872e-06
2.490252425782129e-05 3.518665554405236e-06 3.461336097988431e-05 3.069131836910941e-06
2.872666607590580e-05 5.560057287176029e-06 4.080873059540432e-05 6.340826072537842e-06
2.775981430812880e-05 4.524514721381658e-06 3.941285669096997e-05 4.865474960688873e-06
2.680070297964033e-05 3.501188658151283e-06 3.785960352791774e-05 3.205625380366605e-06
3.289655437427459e-05 5.452361123968291e-06 4.605699094109908e-05 5.991152727149805e-06
3.261981945834642e-05 5.566960203063527e-06 4.571486026519949e-05 6.131748327074545e-06
2.959546409234027e-05 4.523946046197545e-06 4.200748425127374e-05 4.860542963982544e-06
3.067018231321255e-05 5.565821039651130e-06 4.336053432458695e-05 6.169807595217593e-06
2.872673915926636e-05 3.488490069253209e-06 4.081460798487519e-05 3.413803884730083e-06
3.301118201932647e-05 5.175669062361389e-06 4.619971845989538e-05 5.650130784094438e-06
3.235598325958899e-05 4.523371852128241e-06 4.540359471071428e-05 4.854085745004706e-06
3.067022106249177e-05 3.481447836945582e-06 4.336544388816573e-05 3.541276967643683e-06
3.301104236516776e-05 3.871134965837820e-06 4.620715734569681e-05 4.055767338194912e-06
3.261971422834921e-05 3.479921837773149e-06 4.572215930437889e-05 3.572480028210452e-06
3.289641814204541e-05 3.594496381397252e-06 4.606538935986190e-05 3.714194922260434e-06
