-1.406294637974684e-04 1.868490749641174e-05 4.314590177066528e-06 2.205533589426631e-07
-1.411961146543995e-04 1.731705220237684e-05 4.316305488790467e-06 2.218865008836324e-07
-1.411961317690451e-04 1.086850287500395e-05 4.385485967122024e-06 2.349776914286818e-07
-1.406294838463803e-04 9.500657761978096e-06 4.393445959345443e-06 2.233116039809554e-07
-1.392614868520980e-04 1.925146737220198e-05 4.312743939519800e-06 2.194941088861769e-07
-1.366953177889860e-04 1.409279960421401e-05 4.348615621731262e-06 2.096245811746295e-07
-1.392615136407631e-04 8.934104516166361e-06 4.407481184559420e-06 2.180657407013102e-07
-1.296288079748064e-04 1.924968843619846e-05 4.302790696608059e-06 1.885733951314680e-07
-1.296288860495488e-04 8.936057823276595e-06 4.418288842446802e-06 2.021615673455591e-07
-1.243124594508534e-04 1.409285759730684e-05 4.363330158977449e-06 1.937363067564640e-07
-1.200027629793580e-04 1.924121429496413e-05 4.463519821663516e-06 3.186890285350289e-07
-1.200031609866363e-04 8.944922952624425e-06 4.360024286054763e-06 2.453032406385945e-07
-1.151960747224812e-04 1.409301003340759e-05 4.395406678936880e-06 1.362598938834543e-07
-1.104007398222948e-04 1.922179597620290e-05 4.784740603838229e-06 2.725799707073826e-07
-1.104014256156932e-04 8.964804518911310e-06 4.301274114420920e-06 2.131874731395154e-07
-1.056134106062616e-04 1.409329024022632e-05 4.343823500827791e-06 1.558152009501203e-07
-1.008465398725610e-04 1.918822793110057e-05 4.952871714575360e-06 1.992046569640889e-07
-1.008474460432948e-04 8.999114805201099e-06 4.347905720684792e-06 1.646408914112795e-07
-9.609284186969821e-05 1.409385813897357e-05 4.287839109490945e-06 1.828958660533376e-07
-9.137023344172095e-05 1.913796637906590e-05 4.905821453382942e-06 1.219704888471248e-07
-9.137106570006658e-05 9.050352974345539e-06 4.370866068067682e-06 1.469839197118262e-07
-8.666633919924476e-05 1.409451159242176e-05 4.318398630667160e-06 1.984608224524321e-07
-8.200484370510153e-05 1.906992513374840e-05 4.693262761816060e-06 4.962681237804554e-08
-8.200544073594606e-05 9.119369864876436e-06 4.307606901714803e-06 1.525035542612169e-07
-7.736745747457895e-05 1.409510271743923e-05 4.359787060458798e-06 1.818173004359058e-07
-7.278429929289082e-05 1.898372978419456e-05 4.407179889009810e-06 -3.150774352037256e-08
-7.278442457669455e-05 9.206645061701745e-06 4.208713675697427e-06 1.161598443830465e-07
-6.823020171892656e-05 1.409545232122681e-05 4.313090724420908e-06 1.418959611434638e-07
-6.374225632256644e-05 1.887883766363287e-05 4.097104275537977e-06 -1.405197059223776e-07
-6.374215835670718e-05 9.312458039658849e-06 4.143428930800658e-06 1.824530108127820e-07
-5.928879953989810e-05 1.409579986924500e-05 4.031950889558839e-06 8.821717982881642e-08
-5.491358407263587e-05 1.875414191177143e-05 3.668508791707995e-06 -2.177936695818441e-07
-5.491386504677391e-05 9.438116757095200e-06 3.825120586450575e-06 3.298525165340382e-07
-5.057949532457016e-05 1.409609601798802e-05 3.473462595768191e-06 1.245236392297264e-08
-4.633623272569869e-05 1.860642238275145e-05 3.081126641801185e-06 -3.137712320211075e-07
-4.633617966004629e-05 9.586788591218673e-06 3.110490352485140e-06 4.851238433395651e-07
-4.230850738170942e-05 1.409519752095317e-05 2.691789422067483e-06 -1.404830261189354e-09
-3.838196425370207e-05 1.843587593118158e-05 2.219053707862336e-06 -5.232377759959841e-07
-3.838094718428802e-05 9.764341150885590e-06 2.164192413696175e-06 5.948364028006397e-07
-3.546586764610537e-05 1.442502953200300e-05 1.807031896606278e-06 -4.218499626675567e-08
-3.259019951172382e-05 1.827449896279009e-05 1.347430480094296e-06 -6.121014007082755e-07
-3.258560626315496e-05 9.931379057286377e-06 1.342620523568119e-06 5.962097461276307e-07
-2.853070932485181e-05 1.813064090819521e-05 7.113379278500147e-07 -6.007352926340127e-07
-2.927843815995373e-05 1.548961031417108e-05 8.243703599854519e-07 -2.257942406617956e-07
-2.852295379813051e-05 1.003995564190627e-05 7.391477104009997e-07 5.322845283583403e-07
-2.565918259586014e-05 1.015730548171218e-05 3.067859251952931e-07 4.814297600146517e-07
3.618045117974733e-06 4.744238529023206e-07 1.118198150763523e-08 -5.522568061295364e-08
3.690129337745300e-06 3.010503154374911e-07 4.221373734805835e-09 -3.964973388729367e-08
3.689739695537083e-06 -3.446839041290632e-07 3.982401628969858e-09 7.043542897630968e-09
3.618029323953793e-06 -5.156381828382634e-07 1.039180926561780e-08 1.902037234365390e-08
-2.564862113154451e-05 1.802802795023991e-05 2.927458529178730e-07 -5.787972639226697e-07
-2.312466108665266e-05 1.779016982828052e-05 -6.168584021374846e-08 -5.212403774417008e-07
-2.504038615217320e-05 1.311528279133772e-05 1.971372419832789e-07 9.346208307135972e-08
-2.308935242368385e-05 1.006113950826206e-05 -5.012006182015094e-08 4.222638731954201e-07
3.445438096247248e-06 5.461222451405621e-07 2.785865454083150e-08 -6.156813229110434e-08
3.271532381893612e-06 -1.620809629417342e-07 3.632580605972427e-08 -1.066454380094944e-08
3.446930409713155e-06 -5.870042436674083e-07 2.370493867633952e-08 2.100991762413298e-08
-2.229653493956308e-05 1.538401207274405e-05 -1.865891790088327e-07 -2.089374375631392e-07
-2.068994811530905e-05 1.724916956281951e-05 -3.333713996113924e-07 -3.787391654582514e-07
-1.839995372301658e-05 1.647897488441175e-05 -5.133018393139005e-07 -2.419614452889598e-07
-2.153858859719739e-05 1.215968200571388e-05 -2.597629663805413e-07 1.547720096800087e-07
-2.069756970258045e-05 9.574312272763950e-06 -3.259354670801666e-07 3.544580524265179e-07
2.275562415507921e-06 5.651084705908340e-07 7.867271464258724e-08 -8.803063673916855e-08
2.274728844950357e-06 -6.074380746553957e-07 6.346965301913531e-08 -3.720157889369144e-08
1.668668211277204e-06 -2.112219755314828e-08 6.692006762317790e-08 -8.771531875975063e-08
-1.628944431811347e-05 1.544570808605892e-05 -6.290386511050914e-07 -9.129162482846104e-08
-1.807170055848898e-05 1.407000603102837e-05 -5.672888921390204e-07 -3.104880840937190e-08
-1.885104535493427e-05 1.112216708454834e-05 -4.945565359144888e-07 1.978017675579253e-07
-1.852255804123350e-05 8.737420830128524e-06 -5.204093241810136e-07 2.750013825372214e-07
1.011191772485358e-06 6.738224729026370e-07 2.278459876604888e-08 -6.713725410454939e-08
1.011554139890796e-06 -7.152108543579760e-07 1.461030930849747e-08 -1.634190589982227e-07
2.636313798191611e-07 -2.020796883386052e-08 -7.836836161855716e-08 -1.600450422366887e-07
-1.434848752820142e-05 1.423092335003957e-05 -6.948358090456254e-07 9.408312493726676e-09
-1.263757007558059e-05 1.285661834024800e-05 -6.864106754350595e-07 6.796459850794211e-08
-1.615957052895675e-05 1.067998457684372e-05 -6.700926164572627e-07 1.698444593114995e-07
-1.661667147492662e-05 7.576729553514928e-06 -6.602578363601146e-07 2.020286744198242e-07
-5.943911956198133e-07 9.094420932706875e-07 -1.667257380632740e-07 -1.322739041544453e-07
-5.941225449098472e-07 -9.487314910714171e-07 -2.126476654243534e-07 -2.961139843808037e-07
-1.307412249314478e-05 1.080774250834368e-05 -6.810799168944489e-07 1.284428685336957e-07
-1.115990034872224e-05 1.131629588691190e-05 -6.648183141255846e-07 1.157407795218188e-07
-1.378680288206177e-05 8.573388572185463e-06 -6.822554350426255e-07 1.446575307206835e-07
-1.501867114254171e-05 6.195162778947216e-06 -6.796354264239186e-07 8.575878268888227e-08
-1.538843668821304e-06 -1.879379984337301e-08 -2.748223832716716e-07 -2.317218061306387e-07
-2.662250026791629e-06 1.249582635014337e-06 -3.379043129653013e-07 -1.781646422409515e-07
-2.659760566465163e-06 -1.288684085258257e-06 -3.178978329403821e-07 -2.657340167120374e-07
-9.879426659946009e-06 9.674875738646690e-06 -6.336981780300953e-07 1.264428448567245e-07
-8.868342106948543e-06 8.003207805793557e-06 -5.838779154765313e-07 9.290676012657309e-08
-8.103131735674098e-06 6.257790003497238e-06 -5.046537163379651e-07 3.990022280705977e-08
-1.234663000282986e-05 6.619126151007681e-06 -6.460634380822653e-07 6.186643803440060e-08
-1.375182691665729e-05 4.670539848900101e-06 -6.703791837734170e-07 -3.505114206142030e-09
-3.564230779118670e-06 -1.346780150546407e-08 -3.593797537369688e-07 -2.336036436565559e-07
-4.671079114020755e-06 1.583421575181476e-06 -4.081630426401062e-07 -1.945453290822870e-07
-4.671865343640577e-06 -1.636199879769615e-06 -3.943386749800453e-07 -3.115880199023675e-07
-9.806964198510920e-06 6.242847386344584e-06 -6.066487877787311e-07 4.773561552580299e-08
-7.538727925304064e-06 4.504494268067136e-06 -4.358604573713415e-07 -4.279429474737425e-08
-6.474300403986903e-06 1.864667488103406e-06 -4.340997565756864e-07 -1.759835694034999e-07
-6.985089212194583e-06 2.152930162334511e-06 -4.276207401866887e-07 -1.591702052540365e-07
-7.240187159131486e-06 2.751017459360238e-06 -4.230225138562524e-07 -1.259027163253772e-07
-1.135529395199678e-05 4.452175593761366e-06 -6.322417935446225e-07 -1.290631401414514e-08
-1.280462396022385e-05 3.077546414973377e-06 -6.750932599461370e-07 -8.047761744596753e-08
-5.664626430463532e-06 2.232410047154103e-07 -4.281266078799539e-07 -2.241496261763508e-07
-6.524976718192935e-06 -1.890034313420262e-06 -4.390449359420444e-07 -2.870532098442226e-07
-8.723707498157651e-06 3.275431099130823e-06 -4.926872414209574e-07 -1.011094706287892e-07
-7.042407725564307e-06 1.011899888772094e-06 -4.358663315454145e-07 -1.954086650821924e-07
-7.649710641154528e-06 1.948105709216748e-06 -4.440745895376364e-07 -1.642366205645402e-07
-1.066711303426196e-05 2.588358434209919e-06 -5.736125817083463e-07 -1.416642179243183e-07
-1.219862335119792e-05 1.492232574936029e-06 -6.277239206152894e-07 -2.146730560608993e-07
-7.116447902114437e-06 -8.138075150509007e-07 -4.538031211623547e-07 -2.485621972720227e-07
-7.069475883049774e-06 -2.161541586341089e-06 -4.640883038225883e-07 -2.839549185904794e-07
-9.098133090045939e-06 5.968240277649623e-07 -5.099179064896271e-07 -2.356348165799420e-07
-1.196864510979744e-05 -6.287403972779054e-08 -5.885240210334422e-07 -2.479404118200203e-07
-1.204308461911046e-05 -1.558558569159331e-06 -5.177020886764017e-07 -2.603254080762148e-07
-8.215949729748748e-06 -1.808894421272309e-06 -4.975413433594707e-07 -2.759136070163611e-07
-7.393578188517796e-06 -2.730566233326350e-06 -4.833845334499268e-07 -2.772627801761254e-07
-7.802422498127522e-06 -4.275173517790647e-06 -5.006888837990673e-07 -2.556420440287328e-07
-1.056421400194619e-05 -1.768313076147438e-06 -5.232925501729540e-07 -2.825101537641101e-07
-8.387018185359957e-06 -5.734599730151652e-06 -5.038684152827296e-07 -2.299718291790160e-07
-1.243322725231248e-05 -3.055093986524316e-06 -4.540004579306075e-07 -2.639836170243206e-07
-9.211074678961774e-06 -4.340827033474228e-06 -5.100803544274026e-07 -2.523412229906826e-07
-1.124703048876856e-05 -4.454755589698606e-06 -4.764125194909179e-07 -2.366504869268920e-07
-9.123706344625921e-06 -7.111153559898031e-06 -4.776827670104498e-07 -1.899582348818532e-07
-1.308730167765650e-05 -4.456123512010633e-06 -4.291674555980365e-07 -2.414255465116571e-07
-1.249081183869980e-05 -5.808286228364352e-06 -4.460555287520422e-07 -1.903056402045911e-07
-1.113066804751010e-05 -6.642649136027197e-06 -4.672861079532873e-07 -1.725617595808786e-07
-1.000961566595609e-05 -8.391865198384899e-06 -4.593036522703962e-07 -1.536218191535720e-07
-1.103333537170966e-05 -9.563057368007453e-06 -4.306563746996650e-07 -1.030587075737334e-07
-1.397931626341302e-05 -5.730397696021809e-06 -3.931999754324298e-07 -1.900078262560140e-07
-1.330427390971718e-05 -7.292594710649399e-06 -4.071063878872566e-07 -1.356805431777337e-07
-1.251683875914058e-05 -9.091531740365610e-06 -4.023522712628679e-07 -1.053380997656532e-07
-1.218332838036213e-05 -1.061084931222885e-05 -4.019409113078677e-07 -7.730910843197924e-08
-1.507875877331347e-05 -6.830361984179851e-06 -3.530882819781542e-07 -1.503299754058972e-07
-1.473491629561543e-05 -9.073222223895223e-06 -3.544911653321579e-07 -1.088326990355575e-07
-1.344423622696449e-05 -1.152142170975755e-05 -3.654918159921211e-07 -6.291016697071914e-08
-1.480012746465763e-05 -1.228302039039590e-05 -3.560348298101934e-07 -6.734661081707747e-08
-1.623373047161823e-05 -1.288591423465836e-05 -3.548913873718881e-07 -7.066485871312839e-08
-1.635926589485762e-05 -9.546712857536412e-06 -3.450611543218030e-07 -1.095373173140135e-07
-1.635233667174197e-05 -7.722314664901379e-06 -3.474437673524666e-07 -1.413402661586451e-07
-1.603930281538747e-05 -1.134288457174566e-05 -3.477319734967682e-07 -7.869529624065230e-08
-1.772629744540893e-05 -1.332227263255030e-05 -3.741695604728962e-07 -6.540301538514934e-08
-1.925900330536388e-05 -1.358655158998794e-05 -3.508781341300156e-07 -5.101473478970505e-08
-1.764323042758200e-05 -9.951875488005478e-06 -3.379151368642189e-07 -1.038869941079184e-07
-1.776134960968909e-05 -8.379241363602430e-06 -3.367053882572244e-07 -1.239910176061000e-07
-2.081177832762973e-05 -1.367521572179011e-05 -3.101725300037300e-07 -4.353820965672918e-08
-1.908861110320772e-05 -1.140081575179719e-05 -3.540926010365842e-07 -9.927263006472142e-08
-1.926307296024496e-05 -8.781167562067326e-06 -3.423558580127208e-07 -1.089393005765197e-07
-2.115565334057479e-05 -1.163085527205254e-05 -3.119916545769031e-07 -9.369859702686731e-08
-2.252084226877674e-05 -1.367581273742072e-05 -2.593414700634464e-07 -1.980673492593322e-08
-2.081194583092518e-05 -8.916052366704315e-06 -3.268347724616639e-07 -1.140214728247519e-07
-2.487265801446387e-05 -1.367664067731006e-05 -1.726789095827507e-07 1.952184149547877e-08
-2.301676104681067e-05 -1.046926055048984e-05 -2.629124262139492e-07 -1.242448626863413e-07
-2.252098238654158e-05 -8.915042935372070e-06 -2.689826244912823e-07 -1.534071227540891e-07
-2.810730158160289e-05 -1.367858542851865e-05 1.671377444815753e-08 6.282835316672411e-08
-2.650622778719496e-05 -1.110845573627366e-05 -8.660605944060273e-08 -9.907165533715430e-08
-2.487291092954916e-05 -8.913181598270071e-06 -1.746781851854279e-07 -2.040753018607966e-07
-3.238173130291434e-05 -1.368045307808606e-05 2.527880703467663e-07 -1.648416154860382e-08
-3.024383801902366e-05 -1.129425013339341e-05 1.662319244863431e-07 -6.927823108053917e-08
-2.810749008262265e-05 -8.910330311877366e-06 2.366634603659486e-08 -2.016264627028144e-07
-3.683886806982388e-05 -1.368042540244954e-05 2.021469927602432e-07 -8.736356792050014e-08
-3.461030704664809e-05 -1.129378161262268e-05 2.648613070820634e-07 -4.870810735217193e-08
-3.238190582021687e-05 -8.907561098448291e-06 2.417117963720542e-07 -1.206825679275566e-07
-4.129443391122832e-05 -1.367910625015914e-05 4.883013972852045e-08 -9.169472996760844e-08
-3.906715217761517e-05 -1.129355689893349e-05 1.209470462772453e-07 -1.484728321384179e-08
-3.683894202274853e-05 -8.906867195427344e-06 1.903427033565361e-07 3.502015661371451e-08
-4.574673121832660e-05 -1.367777044696142e-05 -1.110889278196091e-07 -3.521033518749061e-08
-4.352108286731234e-05 -1.129352551333880e-05 -3.971116196544318e-08 1.033303234733735e-09
-4.129441705551629e-05 -8.907969918732455e-06 4.285701250845689e-08 6.793198670992917e-08
-5.019712442255107e-05 -1.367748085365082e-05 -9.950678358396050e-08 5.331087226049644e-08
-4.797203251069794e-05 -1.129348511440724e-05 -1.423288385052010e-07 8.282770238005131e-09
-4.574676221560696e-05 -8.909226416999037e-06 -1.080872970930742e-07 4.704472532465444e-08
-5.464831366053842e-05 -1.367842766743128e-05 -1.669832871320040e-08 6.934382370667887e-08
-5.242238110395107e-05 -1.129358543368614e-05 -5.670873945271408e-08 2.894572730643908e-08
-5.019711602174661e-05 -8.909541195383373e-06 -1.141585511127174e-07 -1.753855816337661e-08
-5.910113576220190e-05 -1.367947612154917e-05 5.083936188308278e-08 5.079345854415391e-08
-5.687441754652035e-05 -1.129404582258003e-05 1.854105788906032e-08 3.244914150782885e-08
-5.464812720963411e-05 -8.909164216067569e-06 -1.429572438753787e-08 -1.189915906339533e-09
-6.355451578254272e-05 -1.367980508959729e-05 7.988969858382110e-08 2.181138664248549e-08
-6.132780106245979e-05 -1.129453990343646e-05 8.436282029147882e-08 3.395255820423714e-08
-5.910097007863435e-05 -8.909139059436581e-06 5.136788922469571e-08 1.788062114221622e-08
-6.800720278389536e-05 -1.367972883990179e-05 -4.058592139531744e-08 1.162398254221386e-08
-6.578097471804058e-05 -1.129484440870147e-05 2.991277883580723e-08 2.873046049288334e-08
-6.355442945712306e-05 -8.909601183394930e-06 8.040556841406330e-08 3.856645951576372e-08
-7.754390419942707e-05 -1.341796592824752e-05 5.634554323889793e-08 1.961328549815105e-08
-7.691155898775369e-05 -1.367988913671429e-05 4.890708979659526e-08 2.400937135739118e-08
-7.000143757969997e-05 -1.129504388405229e-05 -7.280383558515079e-08 1.852698627109745e-08
-7.245923644472588e-05 -1.367981565910827e-05 -5.880114450586983e-08 4.430545569961357e-08
-6.800713266225102e-05 -8.910172286018803e-06 -3.617825680245064e-08 3.547673569379399e-08
-7.780583082442509e-05 -1.278562567240715e-05 5.947384687378393e-08 1.071868304769899e-08
-7.630953127859931e-05 -1.129517695508490e-05 4.150502933521826e-08 -2.375836670475780e-09
-7.245920517847074e-05 -8.910413892883758e-06 -5.316073468636609e-08 -2.615337695912881e-08
-7.780583095462075e-05 -9.804730621030279e-06 6.056898587746033e-08 -1.704547219098833e-08
-7.691154936639291e-05 -8.910453095826654e-06 5.154491250822768e-08 -2.811848911636318e-08
-7.754390165945868e-05 -9.172381049595683e-06 5.798669019364347e-08 -2.444223329861912e-08
