-6.948184082294790e-06 2.515452822845910e-06 4.520472380654929e-05 -5.993198800551289e-06
-6.945464058379936e-06 2.521955554590325e-06 4.537128566297933e-05 -5.580238802280843e-06
-6.945373155753373e-06 2.552927831900588e-06 4.532028042299921e-05 -3.581131278331666e-06
-6.948084725786722e-06 2.559444448728231e-06 4.514802714714941e-05 -3.166217573742349e-06
-6.954734505102379e-06 2.512769406442266e-06 4.479709967314172e-05 -6.164747422512587e-06
-6.967214575726644e-06 2.537439559898101e-06 4.397684981230097e-05 -4.583241977665329e-06
-6.954630872073185e-06 2.562136349724404e-06 4.473362778555075e-05 -2.994606739592931e-06
-7.001258191561713e-06 2.513606948426123e-06 4.191136509317417e-05 -6.180841428844971e-06
-7.001185978869493e-06 2.561594650936006e-06 4.180876511534122e-05 -3.011811135940140e-06
-7.026401729472106e-06 2.537843234102377e-06 4.024611994204755e-05 -4.603760569479305e-06
-7.045241261849767e-06 2.517728970900782e-06 3.883338468465230e-05 -6.283696950409093e-06
-7.045425582039824e-06 2.558410625192662e-06 3.881342094391905e-05 -3.054799102752239e-06
-7.064567317673927e-06 2.538486269116010e-06 3.741227277915750e-05 -4.625511496491170e-06
-7.078844687036708e-06 2.526804491232747e-06 3.569716654892320e-05 -6.270708629116102e-06
-7.079018227532414e-06 2.550681346804304e-06 3.599650123508152e-05 -3.095967660578426e-06
-7.089733431831639e-06 2.539445127616193e-06 3.442915031788931e-05 -4.663537295645110e-06
-7.092186372781700e-06 2.541083924149674e-06 3.269111838234160e-05 -6.265266467730106e-06
-7.092061936484180e-06 2.538581320832622e-06 3.310014199669087e-05 -3.112931315906890e-06
-7.089645806564427e-06 2.540633387698103e-06 3.146106357665963e-05 -4.689096808852047e-06
-7.076174400620574e-06 2.559889191184429e-06 2.973598063518283e-05 -6.295742150325046e-06
-7.075730109077082e-06 2.522699861875558e-06 3.013444435841159e-05 -3.012785907374732e-06
-7.056594752198283e-06 2.542000013889470e-06 2.841442766893932e-05 -4.726236033651734e-06
-7.024618065586096e-06 2.581530734744667e-06 2.674993655992180e-05 -6.365275807748628e-06
-7.023995472286338e-06 2.504085362525720e-06 2.691566160874787e-05 -2.946908432743299e-06
-6.985855626122927e-06 2.543330312048446e-06 2.516080380836943e-05 -4.727853381618514e-06
-6.933262441586388e-06 2.605357749071467e-06 2.359775602880596e-05 -6.441223073228244e-06
-6.932853154407296e-06 2.482932272966397e-06 2.353433898108598e-05 -2.972137149990173e-06
-6.873591858048560e-06 2.544644532113596e-06 2.177853529839186e-05 -4.724304793557799e-06
-6.797449123348146e-06 2.632871639482195e-06 2.035487028421511e-05 -6.468139151031116e-06
-6.797546624299744e-06 2.458162626618089e-06 2.023665155343804e-05 -2.987903864821276e-06
-6.713683423065989e-06 2.545992464885184e-06 1.845493045015252e-05 -4.731156488897740e-06
-6.609233225978183e-06 2.666085347802379e-06 1.712310796227851e-05 -6.388130010060083e-06
-6.609976486660478e-06 2.427562854219681e-06 1.704378105247149e-05 -3.068501522341717e-06
-6.495425523871949e-06 2.547294132128581e-06 1.533187591329399e-05 -4.758802641312759e-06
-6.355949907740626e-06 2.706884404483351e-06 1.409517289382109e-05 -6.253126229474492e-06
-6.357106527361238e-06 2.388822324596636e-06 1.398995349335928e-05 -3.172630119648321e-06
-6.211102263494101e-06 2.548761313755848e-06 1.258107328641677e-05 -4.780480160135568e-06
-6.036798969808097e-06 2.755436211919726e-06 1.137742590127185e-05 -6.226219745606843e-06
-6.037964912907960e-06 2.340188683165400e-06 1.130555943245048e-05 -3.262871981081375e-06
-5.898885900144838e-06 2.568405278218452e-06 1.029692767244709e-05 -4.917881912692650e-06
-5.728782257428298e-06 2.801276201893331e-06 9.334793796968480e-06 -6.203986670850907e-06
-5.730434512326545e-06 2.293989415559888e-06 9.301093169657591e-06 -3.327105189233521e-06
-5.461043545368005e-06 2.841723998287681e-06 7.939560191076989e-06 -6.170218382993695e-06
-5.526608404653160e-06 2.644793255603581e-06 8.197727246340984e-06 -5.289852240037145e-06
-5.463240540489959e-06 2.263902950403812e-06 8.019822995673734e-06 -3.416710698059541e-06
-5.244141581702701e-06 2.231419717136121e-06 6.993974009593384e-06 -3.471301930225523e-06
1.147833365201144e-06 -5.248281680301014e-08 -8.079954010843236e-07 -1.127044142074591e-06
1.171227405954277e-06 -1.086467754813446e-07 -8.251570053138265e-07 -1.095760211375976e-06
1.171094613379659e-06 -3.184071101185469e-07 -8.302464846125861e-07 -9.817665596497632e-07
1.147777167771162e-06 -3.740262080463230e-07 -8.131150325350523e-07 -9.480887231632037e-07
-5.247112063680503e-06 2.870557197498374e-06 6.941525358401090e-06 -6.114167200452316e-06
-5.026024571865550e-06 2.884330284769580e-06 6.091709921683842e-06 -6.003910831221205e-06
-5.211419314476087e-06 2.469823933721729e-06 6.750422300520158e-06 -4.492026127125652e-06
-5.038084955956333e-06 2.177646266356304e-06 6.093368279537179e-06 -3.487020369008975e-06
1.091865696104061e-06 -2.931203200982089e-08 -7.694931582850939e-07 -1.138730234080594e-06
1.035091849355607e-06 -2.593243026366360e-07 -7.371040498911897e-07 -1.019212159445271e-06
1.092105814642206e-06 -3.973410808995870e-07 -7.734250626451283e-07 -9.364091020012643e-07
-4.964198793513894e-06 2.681138150138706e-06 5.804090287101497e-06 -5.222074238975470e-06
-4.791949713973590e-06 2.878038034344838e-06 5.314134170578477e-06 -5.779080037166997e-06
-4.541304103915762e-06 2.833034774059409e-06 4.631168019144590e-06 -5.519108590561664e-06
-4.898043407034422e-06 2.368526258750212e-06 5.563682338033658e-06 -4.196219331501450e-06
-4.810692540311354e-06 2.073644433176492e-06 5.307734925165926e-06 -3.429001613723859e-06
7.116338176419429e-07 -2.481174265334689e-08 -5.655506418504829e-07 -1.162570009696728e-06
7.108618631975371e-07 -4.048928197173300e-07 -5.724785199610294e-07 -9.796557146044287e-07
5.147834785638720e-07 -2.159126558894838e-07 -4.767322393409390e-07 -1.092473524707451e-06
-4.275644937115083e-06 2.762106568308768e-06 4.049637982672188e-06 -5.185107794432061e-06
-4.517102647139496e-06 2.585513050720104e-06 4.518268850139359e-06 -4.803044812463847e-06
-4.609013879764276e-06 2.241118719477274e-06 4.748161049723474e-06 -3.915110128043135e-06
-4.577881773317576e-06 1.915150787825163e-06 4.654145795446879e-06 -3.309112921423929e-06
3.030528536256135e-07 6.216659143158622e-09 -3.434844557037754e-07 -1.289529171431724e-06
3.022563663145323e-07 -4.405907249046876e-07 -3.658728056769694e-07 -9.400413129370921e-07
6.249352780101706e-08 -2.186787097894100e-07 -1.738458851724639e-07 -1.155146575818516e-06
-4.008890155225493e-06 2.646975130918153e-06 3.541521398967392e-06 -4.833759089302747e-06
-3.734539518464720e-06 2.487368086574290e-06 3.100100567689135e-06 -4.450484963852966e-06
-4.273125230224683e-06 2.178335797222706e-06 3.999877817395157e-06 -3.835900662571019e-06
-4.350458169697972e-06 1.706816866673898e-06 4.124805009479004e-06 -3.100719613198219e-06
-2.113617551625938e-07 7.580257192639833e-08 3.467680326899864e-08 -1.422867978077934e-06
-2.123334987740322e-07 -5.164557158155916e-07 1.390661821730708e-08 -9.598285864970394e-07
-3.802707606100682e-06 2.206704612975017e-06 3.209662458953951e-06 -3.900475971080950e-06
-3.461476326263248e-06 2.292204553843209e-06 2.754604285622156e-06 -4.040106283687414e-06
-3.925102071488799e-06 1.852789521749918e-06 3.392734809087123e-06 -3.370222187519683e-06
-4.140601074511213e-06 1.436135897080916e-06 3.704178347059837e-06 -2.815627368152714e-06
-5.126290046766417e-07 -2.218660833668377e-07 2.592307219482532e-07 -1.214494945556163e-06
-8.680219655108835e-07 1.777027132302934e-07 5.845644833235923e-07 -1.583215573594149e-06
-8.686881934987243e-07 -6.253835954501587e-07 5.755347927907894e-07 -8.684485187978526e-07
-3.208725036708979e-06 2.051313816142572e-06 2.474337261966624e-06 -3.665570997456166e-06
-2.963440043886218e-06 1.753690640226787e-06 2.273873422243934e-06 -3.274564315511390e-06
-2.737796280291538e-06 1.420219722983985e-06 2.095473555346757e-06 -2.851502254795185e-06
-3.669248299619774e-06 1.505693687917129e-06 3.084447706208331e-06 -2.937279074656885e-06
-3.961485305831648e-06 1.101478657884343e-06 3.434399506339114e-06 -2.505932269136305e-06
-1.154131350964503e-06 -2.240096957919985e-07 8.308614834396329e-07 -1.255296295353983e-06
-1.502597105531881e-06 2.788437229091474e-07 1.103265422362961e-06 -1.689749665950096e-06
-1.503142210104971e-06 -7.350269617668890e-07 1.098643835708319e-06 -8.251524561964419e-07
-3.142757419991106e-06 1.429131717733667e-06 2.511323524840373e-06 -2.854018035759035e-06
-2.552680275077754e-06 1.040302146961734e-06 1.953828313772085e-06 -2.428823636627486e-06
-2.095002387141765e-06 3.664672822040784e-07 1.591460759206948e-06 -1.792762139550489e-06
-2.279833198721191e-06 4.501531513854139e-07 1.748656716492473e-06 -1.861816464624057e-06
-2.393214377284749e-06 6.137124932981085e-07 1.836290125679625e-06 -2.004882264926853e-06
-3.481235075163243e-06 1.048897873449167e-06 2.894489990008676e-06 -2.455288871850803e-06
-3.833986361850053e-06 7.110408558965828e-07 3.253271536526090e-06 -2.124407457810637e-06
-1.817419688900225e-06 -1.537175554562469e-07 1.348767437325196e-06 -1.339749253065918e-06
-2.058506113797031e-06 -8.120857293640204e-07 1.592319126219608e-06 -7.542122710874441e-07
-2.828853059170946e-06 7.622404719104280e-07 2.246277579392878e-06 -2.144349745980366e-06
-2.272912356220661e-06 1.035499006275163e-07 1.754071369570183e-06 -1.564313253019374e-06
-2.490367869358608e-06 3.907992496165035e-07 1.934143501304617e-06 -1.805074151994969e-06
-3.327917852989373e-06 5.866247932334760e-07 2.740931206108961e-06 -1.994530422921621e-06
-3.770139245882674e-06 2.727868308672581e-07 3.134258410608953e-06 -1.725951974282219e-06
-2.251744268757051e-06 -4.672668989681845e-07 1.760752121315921e-06 -1.054278306811618e-06
-2.201834554292893e-06 -9.007517011624732e-07 1.748558351725999e-06 -6.780493335688373e-07
-2.898307730123891e-06 1.538698813811113e-08 2.317194474326656e-06 -1.461858796208756e-06
-3.768509496399872e-06 -1.948641255458361e-07 3.082296488143645e-06 -1.284839306188632e-06
-3.892684947305386e-06 -6.911816404636520e-07 3.143340231818512e-06 -8.738335512542647e-07
-2.572175987313153e-06 -7.728679342515371e-07 2.051363603983721e-06 -7.801358468080826e-07
-2.277677460669286e-06 -1.104674179678926e-06 1.832782776970746e-06 -5.182072013475858e-07
-2.357940701014551e-06 -1.694391638671144e-06 1.907685956410263e-06 -7.556744943500432e-08
-3.372921066477311e-06 -7.338582806668152e-07 2.705271283612562e-06 -8.264586506938074e-07
-2.510351242192454e-06 -2.312806491455956e-06 2.020336786262513e-06 4.142446827744251e-07
-4.124532445040397e-06 -1.209598838271777e-06 3.317618210902528e-06 -4.588708804249458e-07
-2.868495020769243e-06 -1.699969379268114e-06 2.281863967623858e-06 -6.241600821028183e-08
-3.672447531296721e-06 -1.748904154757535e-06 2.950745850388508e-06 -2.408435082841454e-08
-2.765165987591467e-06 -2.923942290788210e-06 2.231227574612517e-06 9.077858815584319e-07
-4.478007192331018e-06 -1.751603454239710e-06 3.592173443009900e-06 -2.630165814975740e-08
-4.238868393418373e-06 -2.326139941852271e-06 3.405235875089491e-06 4.451844107107723e-07
-3.620182949054459e-06 -2.702147679011671e-06 2.916847923796247e-06 7.514899212805334e-07
-3.103997432465072e-06 -3.549225468005613e-06 2.503769002832730e-06 1.364485481202859e-06
-3.556737409008689e-06 -4.163242135127674e-06 2.863005811163595e-06 1.817524529919793e-06
-4.968942939674693e-06 -2.277660954297720e-06 3.955792609448597e-06 4.066353691199244e-07
-4.646251551483569e-06 -3.019248036091511e-06 3.711945917032386e-06 9.744497040310618e-07
-4.257893535359111e-06 -3.929229350901117e-06 3.420591178107028e-06 1.637108107094102e-06
-4.089654283076676e-06 -4.754017035090073e-06 3.291996861697975e-06 2.249938173446786e-06
-5.580237998411059e-06 -2.766595006317307e-06 4.382442345744226e-06 7.792439251216485e-07
-5.406608707685137e-06 -3.935141800285550e-06 4.266212298639201e-06 1.650340379688024e-06
-4.724656291815108e-06 -5.285883980374840e-06 3.801850447672424e-06 2.627699573977655e-06
-5.460531822723875e-06 -5.764855024192163e-06 4.347478827340746e-06 2.938968681286331e-06
-6.269245370890921e-06 -6.182115902926784e-06 4.910104688987384e-06 3.176097587759441e-06
-6.324271248345104e-06 -4.198113467329638e-06 4.938540547355955e-06 1.855310634846031e-06
-6.312067633808288e-06 -3.192030420850537e-06 4.918155072278858e-06 1.111007047961405e-06
-6.137617394142006e-06 -5.238568783120803e-06 4.827260360248113e-06 2.580902464249124e-06
-7.159182244799034e-06 -6.496469813587202e-06 5.482238052787571e-06 3.354345084318866e-06
-8.113861376052376e-06 -6.718693666208216e-06 6.113922297135544e-06 3.466511521037529e-06
-7.085380316624362e-06 -4.426796982871180e-06 5.462262254002142e-06 2.030723039486047e-06
-7.160830795298558e-06 -3.502574850826830e-06 5.507158602618996e-06 1.384089630245542e-06
-9.105348972433597e-06 -6.827139634311002e-06 6.795932651030956e-06 3.499353871043850e-06
-7.975801385285447e-06 -5.319580737178255e-06 6.036723876485533e-06 2.605002537883559e-06
-8.096658455157010e-06 -3.676901388001007e-06 6.126014865263070e-06 1.573294496589667e-06
-9.318999741462531e-06 -5.480720926893880e-06 6.915705328919843e-06 2.714818023368883e-06
-1.025033639208327e-05 -6.888788659634770e-06 7.465840451134623e-06 3.521101888441732e-06
-9.087853123095684e-06 -3.715349255255559e-06 6.774686886806461e-06 1.650256699473812e-06
-1.187684053673421e-05 -6.951986495526739e-06 8.372270961028038e-06 3.538055809449526e-06
-1.056669538470022e-05 -4.700999635009637e-06 7.634902628193421e-06 2.279305707328792e-06
-1.024583318385772e-05 -3.657628691718427e-06 7.441221248734041e-06 1.655911816820609e-06
-1.423627593320285e-05 -7.050068655782934e-06 9.620622589701676e-06 3.480716298212349e-06
-1.304098064319063e-05 -5.139165620517149e-06 9.030516155636881e-06 2.531849441094950e-06
-1.187740549702992e-05 -3.581325430967820e-06 8.399134717138992e-06 1.651949329359365e-06
-1.752975246433700e-05 -7.158568097148086e-06 1.109301701417835e-05 3.378933695054193e-06
-1.585290208805128e-05 -5.276592690220307e-06 1.037350521558713e-05 2.613326054752768e-06
-1.423600324507697e-05 -3.493323818898681e-06 9.606883950640497e-06 1.765866053328211e-06
-2.113520398269107e-05 -7.253115758731628e-06 1.236537213016438e-05 3.254578934443408e-06
-1.930422930351574e-05 -5.280205350388364e-06 1.176797561653829e-05 2.605735812016086e-06
-1.752894472659544e-05 -3.397184851615106e-06 1.106781976749370e-05 1.879327726280058e-06
-2.489595781428791e-05 -7.334713250160110e-06 1.347192080765631e-05 3.137132851576377e-06
-2.299061964162730e-05 -5.284206942228106e-06 1.294897652217493e-05 2.595737736180769e-06
-2.113415549187769e-05 -3.311461638495962e-06 1.241396015511466e-05 1.944053395219799e-06
-2.879082942039726e-05 -7.403710888046747e-06 1.446388390280967e-05 2.973107276710350e-06
-2.682215615700441e-05 -5.288032594493623e-06 1.401819123211724e-05 2.558081076407505e-06
-2.489467912660691e-05 -3.237702615579547e-06 1.355568459490117e-05 2.008064760107486e-06
-3.279550580131966e-05 -7.458499556074720e-06 1.528499748642087e-05 2.921027756252879e-06
-3.077637068377907e-05 -5.291474579392753e-06 1.488774489160278e-05 2.512102483898858e-06
-2.878958934410761e-05 -3.175888548867176e-06 1.451749241233986e-05 2.087084671638531e-06
-3.688311339133781e-05 -7.498449145298147e-06 1.596311239668011e-05 2.876471605248885e-06
-3.482728518687329e-05 -5.294340369765143e-06 1.561073520708925e-05 2.500387785517196e-06
-3.279458172779207e-05 -3.127263908550523e-06 1.527301278987534e-05 2.078136372497061e-06
-4.102682465661410e-05 -7.524522110834028e-06 1.670825310392806e-05 2.923182081799475e-06
-3.894746274498790e-05 -5.296738353329094e-06 1.631326786524307e-05 2.526458736216721e-06
-3.688255091400774e-05 -3.092605890554459e-06 1.595900621960243e-05 2.069264162629149e-06
-4.520292227198192e-05 -7.539425961958103e-06 1.762412677771454e-05 3.017158488068600e-06
-4.311093835342837e-05 -5.298667823327341e-06 1.719157328341565e-05 2.518880006357618e-06
-4.102647475784583e-05 -3.070923692514078e-06 1.680523034358546e-05 2.075219932821659e-06
-4.939444744721628e-05 -7.546522233884342e-06 1.861174730124788e-05 3.040730539309304e-06
-4.729699535871396e-05 -5.299991220059851e-06 1.816006627828106e-05 2.501927643418376e-06
-4.520276673276852e-05 -3.059395617352060e-06 1.776633997781937e-05 1.996219714406650e-06
-5.838585755417300e-05 -7.302980174684363e-06 2.058085463383625e-05 2.917430343698154e-06
-5.778965578442770e-05 -7.549916019393329e-06 2.045434940990608e-05 2.969470350333020e-06
-5.127394020516882e-05 -5.300857723242736e-06 1.908061167208125e-05 2.485450879865182e-06
-5.359159097325575e-05 -7.549197421479031e-06 1.958983024155821e-05 2.966707584378291e-06
-4.939422433134651e-05 -3.054538948993744e-06 1.867559672230382e-05 1.966578407080939e-06
-5.863281342457056e-05 -6.706803367039113e-06 2.063273807033855e-05 2.791780966037467e-06
-5.722189836114543e-05 -5.301469088851513e-06 2.033304179934914e-05 2.488988736245168e-06
-5.359142250465981e-05 -3.053161222295832e-06 1.958510938675295e-05 2.015109608522231e-06
-5.863276785852933e-05 -3.896172508879484e-06 2.063448912733293e-05 2.182841780396389e-06
-5.778956642122873e-05 -3.053004182360121e-06 2.045510708781628e-05 2.004161281412022e-06
-5.838579808709608e-05 -3.299959695243061e-06 2.058170318752933e-05 2.055748782202343e-06
