4.768342735177393e-05 -5.061122252922548e-06 -2.408343114903119e-05 3.550272794480644e-06
4.789279629303214e-05 -4.555699348498283e-06 -2.409688837834476e-05 3.512248833714509e-06
4.789274950448924e-05 -2.172911981098358e-06 -2.405051846199217e-05 3.223658828196392e-06
4.768337152252923e-05 -1.667472565465611e-06 -2.402973377384623e-05 3.170580260174919e-06
4.717797151923605e-05 -5.270467528268694e-06 -2.404632715091052e-05 3.565573339374189e-06
4.622977449046478e-05 -3.364293242134418e-06 -2.388453912726489e-05 3.355380637849176e-06
4.717789871790167e-05 -1.458119355670189e-06 -2.397921380809320e-05 3.148285751005652e-06
4.361891379593599e-05 -5.270069611329216e-06 -2.364559995093248e-05 3.550033352498053e-06
4.361875651305568e-05 -1.458483652322077e-06 -2.356870327944180e-05 3.125122712748236e-06
4.165448796043741e-05 -3.364304765013495e-06 -2.338403518994381e-05 3.364390903714935e-06
4.006123253607254e-05 -5.268945010159130e-06 -2.301743903906138e-05 3.719099198733279e-06
4.006111035565818e-05 -1.459877659988256e-06 -2.289386063097732e-05 2.989027966447792e-06
3.828317597121722e-05 -3.364336294071239e-06 -2.284053883216525e-05 3.335751898355692e-06
3.650638552978920e-05 -5.266537237617232e-06 -2.223907530276567e-05 3.859829956967225e-06
3.650640994530139e-05 -1.462699188136743e-06 -2.222952624786796e-05 2.848516045308228e-06
3.473042758189201e-05 -3.364634487194335e-06 -2.198349693328723e-05 3.334119391346379e-06
3.295750163118608e-05 -5.260782287527986e-06 -2.117928760946768e-05 3.906083785313473e-06
3.295779635426557e-05 -1.469244027681659e-06 -2.120579713745265e-05 2.765608475454034e-06
3.118687214868470e-05 -3.365068790191339e-06 -2.087772227717297e-05 3.361179382538097e-06
2.942350820507093e-05 -5.247677869700415e-06 -1.992617968444217e-05 4.066131139384453e-06
2.942435521837055e-05 -1.483334693862116e-06 -1.984441218162749e-05 2.527305901670112e-06
2.766614289498368e-05 -3.365716212257406e-06 -1.947720661458255e-05 3.363554879146645e-06
2.592360668428174e-05 -5.222207460031676e-06 -1.860337180601079e-05 4.210282017932698e-06
2.592483151893388e-05 -1.509938056643351e-06 -1.832895429905037e-05 2.495619945868275e-06
2.419224281583296e-05 -3.366403975478509e-06 -1.788447338151401e-05 3.364712090931602e-06
2.248515642793922e-05 -5.181237429002705e-06 -1.705670025929546e-05 4.284589488967280e-06
2.248666591141699e-05 -1.552119381848719e-06 -1.687597742911553e-05 2.580957430848803e-06
2.079517531517897e-05 -3.367169980301104e-06 -1.613536877893657e-05 3.350567345198767e-06
1.914007209485038e-05 -5.123460351242835e-06 -1.514401230058242e-05 4.471514662046507e-06
1.914128820693751e-05 -1.611310897306143e-06 -1.528171722001550e-05 2.500742547125013e-06
1.750715392525546e-05 -3.367931601242778e-06 -1.429147241830830e-05 3.390820910062280e-06
1.592010485472165e-05 -5.048893968058662e-06 -1.314239411506965e-05 4.593508042643301e-06
1.592088947381401e-05 -1.687567074861877e-06 -1.344286222274307e-05 2.342288272594819e-06
1.435962841084034e-05 -3.368701751916605e-06 -1.225445260140614e-05 3.471238171895669e-06
1.285582734555325e-05 -4.957132540417356e-06 -1.111713175224651e-05 4.455808313891737e-06
1.285599756852689e-05 -1.781547202390459e-06 -1.136644598406895e-05 2.447473741430954e-06
1.144112523541659e-05 -3.368887710853152e-06 -1.034981993841421e-05 3.514006568853253e-06
1.009085636506290e-05 -4.849995692179295e-06 -9.314773483980571e-06 4.452337381148336e-06
1.009036412505013e-05 -1.894619403751581e-06 -9.499033604080195e-06 2.554830267056778e-06
9.096575647985346e-06 -3.479372378372553e-06 -8.737111994648531e-06 3.610598037356060e-06
8.145218304822803e-06 -4.749744983130020e-06 -8.090712620988986e-06 4.393915591874743e-06
8.142746075612969e-06 -1.999184633539019e-06 -8.225571483891016e-06 2.609459129732569e-06
6.825939639088315e-06 -4.662449700463149e-06 -7.339272324659503e-06 4.339310834477675e-06
7.055868251649666e-06 -3.821576841094925e-06 -7.488007274494738e-06 3.840188355544762e-06
6.821930415237536e-06 -2.065764142916030e-06 -7.389018081489974e-06 2.637535154425457e-06
5.916264113834485e-06 -2.136388883650171e-06 -6.726207948349663e-06 2.679533878154803e-06
-5.870149305560822e-07 -1.353140120336674e-07 1.271465757727276e-06 4.529726480391563e-07
-5.980993476509480e-07 -1.086572349585275e-07 1.299227712475420e-06 3.883567973651226e-07
-5.979922434190852e-07 -9.352265038271447e-09 1.305847109370053e-06 1.368097540153548e-07
-5.869433512482819e-07 1.694188387305334e-08 1.277620194842252e-06 6.656005146783964e-08
5.909133325655563e-06 -4.601373660291628e-06 -6.759598072795785e-06 4.308233138340264e-06
5.132866980360291e-06 -4.501772818590556e-06 -6.221376756537970e-06 4.271389029261808e-06
5.708861448834817e-06 -3.064476211108098e-06 -6.580055910351478e-06 3.335225353204073e-06
5.111384492228939e-06 -2.141943328471432e-06 -6.157936081020847e-06 2.700667615812615e-06
-5.604721194882326e-07 -1.463441486062491e-07 1.205659326578921e-06 4.798088062214309e-07
-5.337186279316730e-07 -3.744120911006894e-08 1.138059302506779e-06 2.074711310508867e-07
-5.606121532757315e-07 2.793666670453448e-08 1.208285757682011e-06 3.555638881938872e-08
4.870129782218373e-06 -3.754887820977757e-06 -6.038822266334707e-06 3.783001391218441e-06
4.399019497247681e-06 -4.304826867214575e-06 -5.703721373020692e-06 4.176122399150116e-06
3.731599831913149e-06 -4.052195235862040e-06 -5.195560678243080e-06 4.039406938966821e-06
4.637752034186674e-06 -2.783616015118803e-06 -5.850268845203591e-06 3.139632428165266e-06
4.390145702412163e-06 -2.037411351766732e-06 -5.658433863784098e-06 2.615576156485354e-06
-3.806934873071928e-07 -1.488125541304503e-07 7.416989231462616e-07 4.823247079479491e-07
-3.802254131237985e-07 3.188960757296012e-08 7.330989789497317e-07 2.110632190250209e-08
-2.870987367920490e-07 -5.775485890521474e-08 5.060621183284778e-07 2.552955442747668e-07
3.140052317662212e-06 -3.721321798191125e-06 -4.711011641893329e-06 3.845074364369957e-06
3.627952991849277e-06 -3.337375769237311e-06 -5.129097266405589e-06 3.525498818227702e-06
3.851523743998223e-06 -2.491406027781668e-06 -5.283702111033345e-06 2.908983877249040e-06
3.753566517016393e-06 -1.840323473228322e-06 -5.210646151638780e-06 2.441628847309798e-06
-1.858893613254607e-07 -1.645126060934566e-07 2.698426363956007e-07 5.086955735374466e-07
-1.853532297824639e-07 5.080654652997682e-08 2.634897305790128e-07 -1.689212841658123e-08
-6.979381170670692e-08 -5.577677547343235e-08 -3.740174037612539e-08 2.453334574512271e-07
2.611899372886538e-06 -3.355462139158190e-06 -4.265557764727343e-06 3.585029322897954e-06
2.172453449292012e-06 -2.961795052403455e-06 -3.922942619034159e-06 3.287117118904372e-06
3.096212870135112e-06 -2.373460199953100e-06 -4.731107248958889e-06 2.785473683270417e-06
3.212723355437461e-06 -1.557316730135696e-06 -4.873606911871320e-06 2.212129092551382e-06
6.347680449362747e-08 -2.002110131203331e-07 -3.112215345280985e-07 5.181339245608701e-07
6.429171725071955e-08 9.121416747420071e-08 -3.282977083108180e-07 -5.056504294098249e-08
2.286551841698969e-06 -2.402611138126427e-06 -4.044754054877099e-06 2.820551334031449e-06
1.815504712697071e-06 -2.531473313145192e-06 -3.567218241271393e-06 2.935792789795427e-06
2.465955835544098e-06 -1.824145553115772e-06 -4.250734260103657e-06 2.366628382153866e-06
2.772870122383595e-06 -1.234247324026812e-06 -4.550150076625128e-06 1.869095642613080e-06
2.118954920525461e-07 -5.334315913707771e-08 -6.027747334518156e-07 2.365923502137623e-07
3.892856866197929e-07 -2.541256318121555e-07 -9.939061616193381e-07 6.534872971995465e-07
3.895532055866042e-07 1.505763910322913e-07 -9.621766446006891e-07 -1.439913870474587e-07
1.516476573826193e-06 -2.095191759439594e-06 -3.253010562092739e-06 2.532560657856258e-06
1.308869894280609e-06 -1.684076892619031e-06 -3.103720383541780e-06 2.217630364708028e-06
1.175695006050396e-06 -1.268677655700560e-06 -2.935950133967928e-06 1.875886757257043e-06
2.112089742090885e-06 -1.343414921915956e-06 -3.911766587396348e-06 1.937088158950751e-06
2.433027695660265e-06 -8.991135224481463e-07 -4.283141658777472e-06 1.535074707512679e-06
5.328150210395808e-07 -5.223010543626136e-08 -1.276426577583711e-06 2.586289885927574e-07
7.102745866799887e-07 -3.086556658477380e-07 -1.643966205670358e-06 7.840369788108063e-07
7.117588932824486e-07 2.126054405669991e-07 -1.633907082406666e-06 -3.105493112250755e-07
1.532739374981584e-06 -1.257707580639026e-06 -3.314835378547403e-06 1.875529234957974e-06
1.088624433919520e-06 -8.794450085387279e-07 -2.775304693847361e-06 1.526151246967836e-06
9.880823020981873e-07 -3.545748567153059e-07 -2.282649564894762e-06 8.983060987780596e-07
1.057218501356756e-06 -4.057766718316053e-07 -2.478048827049740e-06 9.777080245071441e-07
1.079196889800118e-06 -5.181199530152339e-07 -2.602562596183346e-06 1.127329616053161e-06
1.876337691031743e-06 -8.547752809188744e-07 -3.707873146052924e-06 1.490108937133985e-06
2.176109731488995e-06 -5.733792034122959e-07 -4.083798839770135e-06 1.105655642445727e-06
8.698609988360664e-07 -8.981712210577582e-08 -1.965879655955551e-06 3.219922748117411e-07
1.027982702459502e-06 2.609934596706367e-07 -2.211599578457708e-06 -3.661553017915045e-07
1.340502781922966e-06 -6.134756533677541e-07 -3.045501840844680e-06 1.250395225015360e-06
1.081374619249944e-06 -2.121314225956580e-07 -2.462501773135705e-06 6.143787769332475e-07
1.165131276702142e-06 -3.692229513206414e-07 -2.699639205960978e-06 9.087095756848775e-07
1.726522206645332e-06 -4.765009837659602e-07 -3.562478819652532e-06 9.984472578952283e-07
2.002188887205715e-06 -2.782367081478154e-07 -3.958015612480337e-06 6.883670225586260e-07
1.119911870049877e-06 8.923065555203824e-08 -2.429913704077045e-06 1.876793343223257e-09
1.133026705086834e-06 3.056567560046946e-07 -2.393686113106664e-06 -4.546545199577374e-07
1.431328710034860e-06 -1.181345749327925e-07 -3.155001696645689e-06 4.791020426009135e-07
1.923732415638319e-06 -1.001747552745302e-08 -3.951398964737681e-06 2.389006545336839e-07
1.877781072547204e-06 2.220991031888206e-07 -4.125413894694417e-06 -2.422229055224160e-07
1.316030350672236e-06 2.589396076430528e-07 -2.788020754957078e-06 -3.204226631353130e-07
1.201708683082651e-06 3.870875043495437e-07 -2.502677778683874e-06 -6.761003508985439e-07
1.298063825954629e-06 5.842166885863186e-07 -2.620134306011257e-06 -1.284329674926223e-06
1.665889342969124e-06 2.699402310875581e-07 -3.610355495462533e-06 -2.651698503362359e-07
1.414745419697098e-06 7.313409743555249e-07 -2.788322369171747e-06 -1.893025285095363e-06
1.878051784148749e-06 4.438386037660775e-07 -4.416640042462828e-06 -7.896857048848458e-07
1.491414255777607e-06 6.047747177113655e-07 -3.101072002907321e-06 -1.314323967332643e-06
1.729472814560508e-06 6.179151315750269e-07 -3.963482961518897e-06 -1.368723820173078e-06
1.524768555469478e-06 8.532543931816430e-07 -3.035844501384012e-06 -2.492825910635963e-06
1.896721893549696e-06 6.183343742803123e-07 -4.794497734207929e-06 -1.357851467697622e-06
1.829217507473672e-06 7.537537361607063e-07 -4.567166410217455e-06 -1.940661064429301e-06
1.721605350164469e-06 8.219582775898837e-07 -3.914967159301464e-06 -2.313507370665671e-06
1.636742572489537e-06 9.290617206296993e-07 -3.356914717302907e-06 -3.123145908518638e-06
1.727714862397348e-06 9.708718372384124e-07 -3.834634186897444e-06 -3.770642746189533e-06
1.913641149185854e-06 7.575447373024492e-07 -5.305034290907527e-06 -1.917186818908792e-06
1.870787384217090e-06 8.631284874513741e-07 -5.002737874984336e-06 -2.672771164007414e-06
1.829040598406261e-06 9.467208644477369e-07 -4.578509126001049e-06 -3.547024282222008e-06
1.813685264982619e-06 9.789428527897433e-07 -4.390368096716497e-06 -4.278916237863401e-06
1.928064800347873e-06 8.563283641560929e-07 -5.833703277338517e-06 -2.481012114369097e-06
1.913308816510394e-06 9.378475156728266e-07 -5.665676692723919e-06 -3.568954448252244e-06
1.874564244644780e-06 9.731969406142092e-07 -5.016772378964048e-06 -4.694869078505914e-06
1.903308497648915e-06 9.441772458433772e-07 -5.681156315691972e-06 -5.031580724689385e-06
1.911575670964242e-06 8.932934213917934e-07 -6.397293514161026e-06 -5.303005082969633e-06
1.922246194845967e-06 9.456164953361913e-07 -6.388380456951248e-06 -3.802731787261269e-06
1.927010637495173e-06 9.179500819152490e-07 -6.402161475531948e-06 -2.956983348057123e-06
1.925833035979697e-06 9.365548866031283e-07 -6.281584679859743e-06 -4.588801296545357e-06
1.886376749267329e-06 8.474495109722345e-07 -7.134292783835038e-06 -5.485571113047861e-06
1.829743497976108e-06 7.961765310637839e-07 -7.775015989100854e-06 -5.561150608924899e-06
1.903946697469670e-06 9.495930716559589e-07 -6.933621871088053e-06 -3.982445429077883e-06
1.897311464476646e-06 9.668209475248496e-07 -6.977551599987083e-06 -3.260908005700338e-06
1.754587034861278e-06 7.544048548023350e-07 -8.405196860254536e-06 -5.589998558392691e-06
1.859127334033373e-06 9.049144065880199e-07 -7.662236410616683e-06 -4.669202333672279e-06
1.842444401496656e-06 1.009953179044617e-06 -7.690102739062406e-06 -3.429312009094705e-06
1.741833920943243e-06 8.852540728462247e-07 -8.488078506619039e-06 -4.767991827959165e-06
1.631176129273619e-06 7.094531379502715e-07 -9.012546704157120e-06 -5.642272546655845e-06
1.766228979309959e-06 1.040971626743072e-06 -8.369655479407234e-06 -3.507575223336056e-06
1.422423067822763e-06 6.637742078460693e-07 -9.996052672437501e-06 -5.642634602704603e-06
1.606674969407913e-06 9.727229139658658e-07 -9.245042471173114e-06 -4.227717295886742e-06
1.633260571373051e-06 1.086308554046651e-06 -9.048388022396554e-06 -3.523615591271804e-06
1.039757510255849e-06 5.917042296255286e-07 -1.140850545998066e-05 -5.751962905618252e-06
1.249984092732103e-06 9.228189119896183e-07 -1.073870128577249e-05 -4.527623092745782e-06
1.420633447237196e-06 1.146973830336412e-06 -1.008528996206852e-05 -3.522268461677896e-06
3.953137618129173e-07 5.120542546966224e-07 -1.364152630074875e-05 -5.954963901478913e-06
7.402889504812931e-07 9.036520499125636e-07 -1.255160008839012e-05 -4.607570441671382e-06
1.038601272282133e-06 1.218482744157004e-06 -1.156504342579959e-05 -3.452269125948644e-06
-4.115965531392801e-07 4.430142582955560e-07 -1.625767867253618e-05 -6.152749972132673e-06
1.321096457634568e-08 9.055897983440889e-07 -1.495398912564573e-05 -4.665934958362082e-06
3.944281648690869e-07 1.297936533640900e-06 -1.375962559804107e-05 -3.388020659507808e-06
-1.339676076445430e-06 3.839844284039941e-07 -1.903834136731909e-05 -6.216471029656537e-06
-8.568973961648803e-07 9.072591538668522e-07 -1.762010578590007e-05 -4.693670079702554e-06
-4.122884366381794e-07 1.369664395162467e-06 -1.628724692941716e-05 -3.293962156928255e-06
-2.372943781537496e-06 3.337311005936597e-07 -2.192620999114727e-05 -6.346489371704478e-06
-1.840181076012299e-06 9.091861654313001e-07 -2.040525738835402e-05 -4.763089006966888e-06
-1.340256266506201e-06 1.432315856872893e-06 -1.894628335191646e-05 -3.299394746800461e-06
-3.496317140148942e-06 2.913212729946711e-07 -2.489813376130831e-05 -6.453263862153538e-06
-2.920885128879443e-06 9.111650914813860e-07 -2.334595088725437e-05 -4.815768394317150e-06
-2.373393210771839e-06 1.486653547312813e-06 -2.177633850989333e-05 -3.244367846918217e-06
-4.695346732878694e-06 2.570386323302864e-07 -2.793410507559015e-05 -6.462351105272842e-06
-4.084723302315051e-06 9.131273243719540e-07 -2.636800475069968e-05 -4.845131978898161e-06
-3.496898199522897e-06 1.533181871954472e-06 -2.475359882856279e-05 -3.173541886455629e-06
-5.954093025390779e-06 2.314894820344220e-07 -3.095205344747319e-05 -6.414988792492218e-06
-5.316477098527423e-06 9.149124677140139e-07 -2.943627033512201e-05 -4.876748612690874e-06
-4.696056078499531e-06 1.571191616584627e-06 -2.784192907491764e-05 -3.216008966973270e-06
-7.254414531109098e-06 2.150490760680676e-07 -3.378224889451270e-05 -6.371244165217383e-06
-6.599082288991948e-06 9.164087426997291e-07 -3.239757758957368e-05 -4.895056383499245e-06
-5.954721568672852e-06 1.599941963247274e-06 -3.092285528236147e-05 -3.341382429872709e-06
-8.578727097691715e-06 2.063359562858137e-07 -3.650689771987810e-05 -6.322306326491646e-06
-7.913932987949776e-06 9.175276582330177e-07 -3.515062803371921e-05 -4.881319185471629e-06
-7.254862706467144e-06 1.618905183035934e-06 -3.381317164016993e-05 -3.408688145547588e-06
-1.144235922289715e-05 2.811888074256670e-07 -4.184398007105610e-05 -6.103255820025127e-06
-1.125240774500412e-05 2.025173445908168e-07 -4.148137795065236e-05 -6.251295431817866e-06
-9.176074088809860e-06 9.182889292021364e-07 -3.762969257371757e-05 -4.914420593171410e-06
-9.914318482009821e-06 2.029679979099820e-07 -3.901709550352862e-05 -6.197127419813208e-06
-8.578990699116759e-06 1.629556134016552e-06 -3.640466652810519e-05 -3.509156416714432e-06
-1.152104064200869e-05 4.711251654129677e-07 -4.199188692064477e-05 -5.741462940665680e-06
-1.107142329244415e-05 9.188468507001711e-07 -4.109716822695341e-05 -4.862788994639737e-06
-9.914460125106245e-06 1.634175684131854e-06 -3.897503446380425e-05 -3.551659849490599e-06
-1.152104421285851e-05 1.366586122949876e-06 -4.192305623436669e-05 -4.020844741933588e-06
-1.125245578900539e-05 1.635130511227653e-06 -4.141007642040807e-05 -3.521572171993145e-06
-1.144237506326072e-05 1.556480624897606e-06 -4.177110115288916e-05 -3.666542511169568e-06
