7.390842531339972e-05 -1.059687616988631e-05 -4.235393142662258e-06 1.820499130032502e-06
7.419753391059364e-05 -9.899001367672615e-06 -4.140290895520333e-06 2.026635478431370e-06
7.419770244678858e-05 -6.608839566338213e-06 -3.990627202989154e-06 2.924236677763049e-06
7.390861778387585e-05 -5.910984033780212e-06 -4.065527816982371e-06 3.117048802708614e-06
7.321048176587174e-05 -1.088592979999042e-05 -4.452158190124547e-06 1.734800445934689e-06
7.190129556268159e-05 -8.253930678236843e-06 -4.730152548278714e-06 2.443528726182343e-06
7.321070878782552e-05 -5.621937081099087e-06 -4.254368689449036e-06 3.197163291884863e-06
6.829594141248186e-05 -1.088488630331149e-05 -5.965392224370439e-06 1.689693131724592e-06
6.829624537024757e-05 -5.622833726564300e-06 -5.699988729200095e-06 3.172107508224492e-06
6.558344589697209e-05 -8.253721854083986e-06 -6.592142957244207e-06 2.474860136911996e-06
6.338419262949873e-05 -1.088047688699865e-05 -7.234278425823039e-06 1.882035590297577e-06
6.338440660823452e-05 -5.626636685304038e-06 -6.944161311740275e-06 3.050687930791500e-06
6.093169744973724e-05 -8.253502490124977e-06 -7.616252078467927e-06 2.497559477800954e-06
5.848480404148621e-05 -1.087053034375910e-05 -8.164234047637867e-06 2.051198186726503e-06
5.848480090851579e-05 -5.636236151316713e-06 -7.951863985626406e-06 2.860398636165425e-06
5.604180843402761e-05 -8.253142749735932e-06 -8.376246285256731e-06 2.552654416687310e-06
5.360904487593888e-05 -1.085346310729184e-05 -8.817440535027633e-06 2.306691314069803e-06
5.360912471586180e-05 -5.652492741486495e-06 -8.449877136467019e-06 2.742663556923901e-06
5.118234006012374e-05 -8.252629489875515e-06 -8.794772100495842e-06 2.541589111449874e-06
4.877060224837332e-05 -1.082891304571773e-05 -9.008403488042049e-06 2.538019257350295e-06
4.877073757532292e-05 -5.675777374288406e-06 -8.642388718131927e-06 2.572091722940970e-06
4.636720643057625e-05 -8.251865017064287e-06 -8.885558685931999e-06 2.529148653668805e-06
4.398436028769712e-05 -1.079536577764822e-05 -8.848793210863060e-06 2.757209337245325e-06
4.398427968573329e-05 -5.707417075897846e-06 -8.551278477184438e-06 2.380484384445959e-06
4.161243375292778e-05 -8.250784087518038e-06 -8.522367389331901e-06 2.464232979731728e-06
3.926751025668913e-05 -1.075172460098679e-05 -8.313717292170767e-06 2.904699097464535e-06
3.926740851620746e-05 -5.748569759181127e-06 -8.082472678121085e-06 2.132321368474577e-06
3.693663562106179e-05 -8.249231183380636e-06 -7.645939295198303e-06 2.426059059238639e-06
3.463903522030228e-05 -1.069799762789352e-05 -7.434094030141492e-06 3.004537144870249e-06
3.463912814141534e-05 -5.798837404038858e-06 -7.252203560840684e-06 1.914924613293157e-06
3.235864025757362e-05 -8.247359581245492e-06 -6.544244875880366e-06 2.378770252114425e-06
3.011654757302000e-05 -1.063576839740779e-05 -6.356899556373441e-06 2.921834127476672e-06
3.011695006716992e-05 -5.857097380152541e-06 -6.257875236647465e-06 1.820097883652049e-06
2.789413564274971e-05 -8.245488721025215e-06 -5.449045462229669e-06 2.355561369687828e-06
2.571348094139648e-05 -1.056652838094590e-05 -5.270206825058649e-06 2.782599950069734e-06
2.571343037674719e-05 -5.922702248367174e-06 -5.227776671912320e-06 1.893452391013199e-06
2.364012130103031e-05 -8.243218208677832e-06 -4.635283447272030e-06 2.334555173070053e-06
2.160980893337103e-05 -1.049283169804613e-05 -4.464201477673897e-06 2.605981118453217e-06
2.160917350989242e-05 -5.995575338422019e-06 -4.450742883452892e-06 1.945233953103574e-06
2.009885518661521e-05 -8.413821116727291e-06 -4.153137590362729e-06 2.347268745034073e-06
1.859703583136307e-05 -1.042683582049593e-05 -4.057143798374768e-06 2.505035027757277e-06
1.859492178414622e-05 -6.061260478004649e-06 -4.028758059702200e-06 2.038856139863371e-06
1.646579291532880e-05 -1.036938318999610e-05 -3.877015670693086e-06 2.470308216853028e-06
1.686450778505736e-05 -8.973734464842842e-06 -3.898064883656494e-06 2.358381361895457e-06
1.646240501199826e-05 -6.103085666020436e-06 -3.867487372805939e-06 2.025632574745508e-06
1.494708394135945e-05 -6.148286355999030e-06 -3.718843858320881e-06 2.000531136437530e-06
-2.277084137314603e-06 -3.882240920559191e-07 7.568447224813739e-07 1.150015747361696e-07
-2.323179203111237e-06 -2.773223172400733e-07 7.683080471601024e-07 8.756860158553870e-08
-2.322948676384682e-06 1.356329935361741e-07 7.803659578026685e-07 -1.423028175092868e-08
-2.277106555489743e-06 2.449343882692218e-07 7.707173396698092e-07 -4.410082956146542e-08
1.494328534175914e-05 -1.032872482275544e-05 -3.730845921924389e-06 2.431685626909237e-06
1.359676260687668e-05 -1.021493534075066e-05 -3.636427583513071e-06 2.417486227486031e-06
1.462555711290724e-05 -7.718583156689007e-06 -3.693840892449537e-06 2.176280096963841e-06
1.358362292951501e-05 -6.078383530791569e-06 -3.645800648936387e-06 1.961228254177656e-06
-2.166671597635739e-06 -4.341106742958468e-07 7.299354194376533e-07 1.269337320906194e-07
-2.055423650684298e-06 1.872869085894309e-08 7.100891601057264e-07 2.058988271015245e-08
-2.167708322200802e-06 2.905070333166955e-07 7.417667601912067e-07 -5.689351331453209e-08
1.315907589838394e-05 -8.933784058734227e-06 -3.603483382121700e-06 2.293100765155132e-06
1.228951450298164e-05 -9.942142907302744e-06 -3.479501554873660e-06 2.431895190240590e-06
1.104777581227251e-05 -9.539781426734410e-06 -3.287295633501368e-06 2.414433088324616e-06
1.275470971339361e-05 -7.200847423829316e-06 -3.567410517451683e-06 2.100079934702728e-06
1.230051637963103e-05 -5.793502982832176e-06 -3.492118927460982e-06 1.860962781927512e-06
-1.418290897799769e-06 -4.465701606653842e-07 5.494885127276688e-07 1.488709661515563e-07
-1.418000657403001e-06 3.027151457749780e-07 5.364426129246333e-07 -6.203679702075672e-08
-1.030449123148180e-06 -7.237680700321210e-08 4.536195107881208e-07 4.057145252759019e-08
9.889471181135256e-06 -8.995992350707947e-06 -3.105994566192574e-06 2.365159603132757e-06
1.087442798470465e-05 -8.239595480042265e-06 -3.272043196681920e-06 2.246464698816202e-06
1.129959285561819e-05 -6.632009912320298e-06 -3.324829308736840e-06 1.988052196415063e-06
1.112356246408360e-05 -5.312201917083809e-06 -3.294256303547029e-06 1.744204678994974e-06
-6.106431221679252e-07 -5.155210097598676e-07 3.240508888355344e-07 2.041633223839356e-07
-6.111430903692753e-07 3.692737637509785e-07 3.379483899152207e-07 -8.563533713180344e-08
-1.346774946734224e-07 -7.396622143437525e-08 1.357114449383468e-07 7.683321372906825e-08
8.815328083939349e-06 -8.344176036373888e-06 -2.919042925790327e-06 2.270196656073886e-06
7.852594695602162e-06 -7.594947803316764e-06 -2.665727839312019e-06 2.137464506592095e-06
9.823984596270142e-06 -6.385993175859514e-06 -3.103723694699515e-06 1.922954545638380e-06
1.008318275315198e-05 -4.649425508104125e-06 -3.157820721623601e-06 1.601350005382418e-06
4.102340555570986e-07 -6.631778567368256e-07 -8.233205282215111e-08 2.940555556192720e-07
4.097502273645799e-07 5.134269893036328e-07 -7.890473414896750e-08 -9.760554442270817e-08
8.097674981714516e-06 -6.460849615509210e-06 -2.715946662205681e-06 1.921150971246732e-06
7.006353726308780e-06 -6.748660055897087e-06 -2.456137664525674e-06 1.989820819663027e-06
8.502329576026591e-06 -5.204657222392912e-06 -2.814569704642722e-06 1.692281979860861e-06
9.203246952272918e-06 -3.851184152758420e-06 -2.978631401955825e-06 1.379555788431489e-06
1.007739849789847e-06 -7.592663639410593e-08 -2.776480101285749e-07 1.081309720935062e-07
1.716598178937844e-06 -8.754788322124859e-07 -5.614704989033142e-07 4.228142781065535e-07
1.714776257682518e-06 7.232227268222702e-07 -5.269640435611191e-07 -1.690538019377439e-07
6.266530982418259e-06 -5.833502018305158e-06 -2.274363583518080e-06 1.846015175027295e-06
5.663728087160108e-06 -4.880064412944359e-06 -2.113685916606852e-06 1.617227550321844e-06
5.191296511054959e-06 -3.875292868648487e-06 -1.959220616789724e-06 1.356540400705819e-06
7.681966547994120e-06 -4.090331738960617e-06 -2.621694232414912e-06 1.423127119246593e-06
8.500465315235280e-06 -2.955488250853053e-06 -2.844886123030468e-06 1.142796865434243e-06
2.284863931904806e-06 -8.011900653617569e-08 -7.790373466684512e-07 1.359724268238987e-07
2.980369114500883e-06 -1.083329309551020e-06 -1.025981513806720e-06 4.956972485861095e-07
2.980136062923639e-06 9.369395795551552e-07 -1.041472842836846e-06 -1.973077285821581e-07
6.204022154010327e-06 -3.871554873895546e-06 -2.255360885144896e-06 1.366240698629289e-06
4.835393389635341e-06 -2.847432822112959e-06 -1.826774773607763e-06 1.087409114030984e-06
4.120634683612980e-06 -1.258583386943924e-06 -1.453568174562329e-06 6.100657066386345e-07
4.449846459846611e-06 -1.436061809790707e-06 -1.608397488085628e-06 6.855692918090874e-07
4.622551743029877e-06 -1.800474914555128e-06 -1.703783157870383e-06 8.075965321995604e-07
7.112436039056336e-06 -2.825079574231401e-06 -2.507725362975264e-06 1.123441469778129e-06
7.977405682905639e-06 -2.002855463938660e-06 -2.775371642461064e-06 8.955752647214167e-07
3.604558084559334e-06 -2.287739710051214e-07 -1.244684949188664e-06 2.155868214319337e-07
4.131697810737657e-06 1.091274625195617e-06 -1.417701440405094e-06 -2.379492109481940e-07
5.537781962460923e-06 -2.122083097780957e-06 -2.016167834243885e-06 9.108027615975069e-07
4.476002473391130e-06 -7.266542002204153e-07 -1.596616174876535e-06 4.234706515722114e-07
4.866155179456455e-06 -1.309812217778438e-06 -1.770834966434144e-06 6.476070046388094e-07
6.707863968309809e-06 -1.708380700500634e-06 -2.379538946910072e-06 7.876019782485313e-07
7.649579031967518e-06 -1.034848208820313e-06 -2.703566544692460e-06 5.369894751324932e-07
4.505075438581415e-06 4.145095163273712e-07 -1.577254463111529e-06 2.093636180369954e-08
4.462146249022441e-06 1.261203659236295e-06 -1.519458910011518e-06 -2.932264149274485e-07
5.753011568813875e-06 -4.839591722085521e-07 -2.069345313160809e-06 3.799103707063134e-07
7.533942879097671e-06 -7.053875758344824e-08 -2.686956677694283e-06 2.278533484380749e-07
7.619964886915987e-06 8.745887738607962e-07 -2.793835617911790e-06 -1.193708717290664e-07
5.182767982776677e-06 1.033277873022646e-06 -1.820049974800927e-06 -1.774559700720192e-07
4.654913619233959e-06 1.625292451970948e-06 -1.569742684123687e-06 -4.446531873463575e-07
4.892308245060092e-06 2.629105285367968e-06 -1.625609674148239e-06 -9.076484345005544e-07
6.674682219639437e-06 9.967477564975966e-07 -2.410132007751835e-06 -1.397865917358282e-07
5.245517194175483e-06 3.602147584967551e-06 -1.741705298971757e-06 -1.376101050763397e-06
7.906364114143491e-06 1.827430336034469e-06 -3.002717398700928e-06 -5.221944688029113e-07
5.798545667764453e-06 2.664138272298548e-06 -2.047046056417128e-06 -8.986483261033623e-07
7.134689728046005e-06 2.739807747771243e-06 -2.661347757907139e-06 -9.446755315858078e-07
5.714654467827963e-06 4.530781744774607e-06 -1.915707544862560e-06 -1.829366341717186e-06
8.373033473171762e-06 2.741156768536500e-06 -3.322985484885196e-06 -9.734470396918833e-07
7.980497865394796e-06 3.643319067550456e-06 -3.129955701700497e-06 -1.384577299334805e-06
7.055889064639682e-06 4.208925616703057e-06 -2.617084494029235e-06 -1.638690894099289e-06
6.291492049572368e-06 5.417575799292442e-06 -2.186353738018639e-06 -2.336655078598877e-06
6.982144902547524e-06 6.245350992256406e-06 -2.556319392566367e-06 -2.834597647693703e-06
9.013341130887491e-06 3.584844028936275e-06 -3.701872086480104e-06 -1.355128250260694e-06
8.548379322782683e-06 4.658215302791656e-06 -3.446816884665521e-06 -1.902729148872300e-06
8.000985927255013e-06 5.916946509147519e-06 -3.132932968696616e-06 -2.638213123839215e-06
7.767698997967427e-06 7.002681897087059e-06 -3.001648038663685e-06 -3.344950207396537e-06
9.805208195485800e-06 4.326754227301528e-06 -4.200771100374705e-06 -1.729665753519535e-06
9.564629922168442e-06 5.909577167171617e-06 -4.095218027136095e-06 -2.660268237077280e-06
8.649252144868784e-06 7.668198886748106e-06 -3.559233806322259e-06 -3.806592656827581e-06
9.618641428644897e-06 8.238576097925844e-06 -4.168391822946995e-06 -4.176059861340335e-06
1.065597419658286e-05 8.705402178422866e-06 -4.832364849390622e-06 -4.483157807087053e-06
1.074052656615732e-05 6.249803444046770e-06 -4.840541327408826e-06 -2.899345505572247e-06
1.073218705313421e-05 4.939853825271502e-06 -4.799026761406347e-06 -2.082422253280527e-06
1.050646342630363e-05 7.559909934765058e-06 -4.724845056080006e-06 -3.744030416194198e-06
1.175541357855584e-05 9.048060289948790e-06 -5.572109316305283e-06 -4.711097158853285e-06
1.290078168041944e-05 9.268038451029463e-06 -6.329610299940024e-06 -4.877662025048296e-06
1.168452112397268e-05 6.542414969189932e-06 -5.494708084655878e-06 -3.110487405307891e-06
1.177362987613114e-05 5.390021567701584e-06 -5.534692341775203e-06 -2.353662225046757e-06
1.407105785169947e-05 9.354877034383284e-06 -7.112012935632033e-06 -4.957757480692274e-06
1.276080330503440e-05 7.620270788853715e-06 -6.233610324690669e-06 -3.813081856049749e-06
1.289630777815028e-05 5.658880825017677e-06 -6.335199451254730e-06 -2.523656581550577e-06
1.432814213316898e-05 7.798384007253022e-06 -7.312474858043496e-06 -3.930014058899451e-06
1.538038838551145e-05 9.378627347840052e-06 -7.993805531379939e-06 -4.983199170466587e-06
1.406469334517108e-05 5.740712920668739e-06 -7.150367502266093e-06 -2.563166105204987e-06
1.720181392051718e-05 9.402289813993437e-06 -9.222915547642007e-06 -5.035597992488514e-06
1.575460343398663e-05 6.907505436735964e-06 -8.270959133303859e-06 -3.336338013331795e-06
1.537936869886941e-05 5.716600439038526e-06 -8.028883822814272e-06 -2.540186144502936e-06
1.975293618299208e-05 9.438704398963480e-06 -1.100834349052136e-05 -5.141946745094733e-06
1.848041846973903e-05 7.399287082195117e-06 -1.009208201080538e-05 -3.660057337817082e-06
1.720286020715574e-05 5.685151875364642e-06 -9.223611002207564e-06 -2.498690307928233e-06
2.318902824089829e-05 9.478500969203539e-06 -1.361622254253360e-05 -5.221754872116440e-06
2.145978568268111e-05 7.544757099148280e-06 -1.223999636191890e-05 -3.721279606213491e-06
1.975373639700154e-05 5.649240187793199e-06 -1.098861343570845e-05 -2.399351323311377e-06
2.683740474985184e-05 9.513192969138559e-06 -1.654869071352544e-05 -5.344380766272154e-06
2.500253044093868e-05 7.543748277345916e-06 -1.499410276404297e-05 -3.675252245316196e-06
2.318964129286265e-05 5.609646986799758e-06 -1.351547702820528e-05 -2.212684511141934e-06
3.054700249790933e-05 9.542722408862730e-06 -1.967417972018401e-05 -5.393869356887173e-06
2.868275618442457e-05 7.542882614765122e-06 -1.807716810177125e-05 -3.633300557558480e-06
2.683788204909747e-05 5.573520024095430e-06 -1.648156658865718e-05 -1.988762404912093e-06
3.430888045569490e-05 9.566928245421504e-06 -2.304736151158503e-05 -5.383754545968225e-06
3.242006466566717e-05 7.542023119890843e-06 -2.135111578014396e-05 -3.572842322648127e-06
3.054721490531546e-05 5.542385155981485e-06 -1.969750413394322e-05 -1.833033880530544e-06
3.811240371718074e-05 9.585785016069178e-06 -2.659809727315314e-05 -5.422038007655447e-06
3.620447891146361e-05 7.541162064390396e-06 -2.477518159552532e-05 -3.516631590502020e-06
3.430893962950415e-05 5.516373856537476e-06 -2.306749187813483e-05 -1.748100418122030e-06
4.194737304675638e-05 9.599419706218416e-06 -3.018707606122621e-05 -5.421426126503972e-06
4.002537846150149e-05 7.540290483482365e-06 -2.833709469726949e-05 -3.524290848520607e-06
3.811240526444166e-05 5.495590738747504e-06 -2.652138892169680e-05 -1.637415058601301e-06
4.580484781436341e-05 9.608683246167438e-06 -3.373179991295526e-05 -5.398999524480434e-06
4.387309970653462e-05 7.539507558361205e-06 -3.190889133153784e-05 -3.528378341402955e-06
4.194751850882200e-05 5.480203471061920e-06 -3.006203589561520e-05 -1.621302822753831e-06
4.967690615349004e-05 9.614851042490735e-06 -3.727312879981964e-05 -5.476291257152090e-06
4.773904258297136e-05 7.538973353614647e-06 -3.546513315042812e-05 -3.527346871047510e-06
4.580506615623481e-05 5.469640083856079e-06 -3.361117079971095e-05 -1.602932278987841e-06
5.355774373287511e-05 9.618346725414035e-06 -4.086769101531184e-05 -5.503670547722811e-06
5.161628364535533e-05 7.538625152836157e-06 -3.904977497106800e-05 -3.543723414363986e-06
4.967717644851070e-05 5.462778059068636e-06 -3.723376046427537e-05 -1.585047628154329e-06
6.188182937166055e-05 9.391464440801466e-06 -4.860278740599621e-05 -5.295897964739305e-06
6.132983958528158e-05 9.620094056047728e-06 -4.808796780904469e-05 -5.507104302199469e-06
5.529767736800257e-05 7.538526614526690e-06 -4.245850563892542e-05 -3.562884976402849e-06
5.744314196594439e-05 9.619669822900100e-06 -4.448646748502086e-05 -5.454867711565640e-06
5.355766697678857e-05 5.458937891219880e-06 -4.080624317341939e-05 -1.644474121543694e-06
6.211046760666007e-05 8.839487249683929e-06 -4.881411218430522e-05 -4.783173128954906e-06
6.080415482030885e-05 7.538377205900673e-06 -4.756232312113412e-05 -3.558831090917529e-06
5.744305664470383e-05 5.457178620127571e-06 -4.444112688815195e-05 -1.644093329425243e-06
6.211030283877496e-05 6.237353219213012e-06 -4.874744776070615e-05 -2.371152217167219e-06
6.132967473224028e-05 5.456778895434083e-06 -4.801809249119070e-05 -1.655297580849265e-06
6.188165755403282e-05 5.685399837136650e-06 -4.853186130695370e-05 -1.864241739368586e-06
