5.129254269237948e-05 -5.665659307201428e-06 -2.492214454962755e-05 4.589146411486943e-06
5.151238601796714e-05 -5.134938399182533e-06 -2.501981581980563e-05 4.358376053115563e-06
5.151224779178709e-05 -2.632883977667801e-06 -2.511678143776254e-05 3.199489847397189e-06
5.129238260564280e-05 -2.102135105342823e-06 -2.502862667495869e-05 2.964973250348399e-06
5.076179410982362e-05 -5.885483174064079e-06 -2.468992920955117e-05 4.686035723645710e-06
4.976611654800284e-05 -3.883891371554373e-06 -2.425623872166973e-05 3.800252227888701e-06
5.076159843125068e-05 -1.882299304896022e-06 -2.480514975958208e-05 2.866284612303992e-06
4.702470105784217e-05 -5.884974778702497e-06 -2.290396826059638e-05 4.754169961070987e-06
4.702443525791359e-05 -1.882753751873414e-06 -2.302581420764018e-05 2.864646123737888e-06
4.496175507574893e-05 -3.883855001189640e-06 -2.208536684133985e-05 3.822159838791147e-06
4.328888385726287e-05 -5.883221160917675e-06 -2.125405647218596e-05 4.562439321297059e-06
4.328889557421661e-05 -1.884658899923346e-06 -2.138534466429975e-05 2.921163880902110e-06
4.142221493744124e-05 -3.883865780043696e-06 -2.066765873997296e-05 3.825129343630522e-06
3.955795089703313e-05 -5.879034268983404e-06 -1.983987136539123e-05 4.452493296445569e-06
3.955821016992838e-05 -1.888856700675450e-06 -1.980772945569927e-05 3.006642324117424e-06
3.769516747742154e-05 -3.884136442083930e-06 -1.931120896473716e-05 3.772235562367236e-06
3.583752658375563e-05 -5.871288405451085e-06 -1.850886689911975e-05 4.479667836283706e-06
3.583737448063590e-05 -1.897148549756318e-06 -1.841262438141585e-05 2.933173067866988e-06
3.398210602192118e-05 -3.884512149377026e-06 -1.794429726634398e-05 3.743871992625673e-06
3.213594551885258e-05 -5.858048805384616e-06 -1.718227919270622e-05 4.426852686821140e-06
3.213533857134990e-05 -1.911164267018144e-06 -1.702025057103384e-05 2.981165627311461e-06
3.029329445001204e-05 -3.884923470164416e-06 -1.651585452392166e-05 3.699852214394603e-06
2.846474948405051e-05 -5.837221827974939e-06 -1.580599808750462e-05 4.300492621316604e-06
2.846398863055121e-05 -1.933095154032780e-06 -1.560077943302773e-05 3.035532484524538e-06
2.664255159343479e-05 -3.885445637016551e-06 -1.523402975821570e-05 3.659897916539886e-06
2.484131775563933e-05 -5.804768495773691e-06 -1.474504534631376e-05 4.184247547140982e-06
2.484053125138720e-05 -1.966624838166954e-06 -1.447470321067444e-05 3.139592829581158e-06
2.305109802641640e-05 -3.885916918987273e-06 -1.430662987556992e-05 3.639291092300113e-06
2.129156377320793e-05 -5.756260628798687e-06 -1.404850414699380e-05 4.060635878865639e-06
2.129100072565166e-05 -2.016115951275554e-06 -1.366879419834430e-05 3.266958377128586e-06
1.954924422796269e-05 -3.886242609857868e-06 -1.362198822106507e-05 3.672514412764773e-06
1.784940613623117e-05 -5.688617070327866e-06 -1.336431408738845e-05 4.132091271667199e-06
1.784964889908889e-05 -2.084785577269384e-06 -1.297633175675834e-05 3.272613255719647e-06
1.617371650387169e-05 -3.886696096987167e-06 -1.276863291969810e-05 3.667042747726139e-06
1.455260161770538e-05 -5.600352567660500e-06 -1.227740139634199e-05 4.386722977049776e-06
1.455312475945899e-05 -2.174294811744485e-06 -1.201843435205289e-05 3.005416986725538e-06
1.302493633156274e-05 -3.886638429721432e-06 -1.158923856588054e-05 3.654741377475756e-06
1.156039691777031e-05 -5.494824271425863e-06 -1.095879050347038e-05 4.490966192754728e-06
1.156035286725241e-05 -2.285170389043260e-06 -1.078859661997647e-05 2.841155377006280e-06
1.048059681021790e-05 -4.007118482713812e-06 -1.031093890491080e-05 3.676602334020727e-06
9.441383916999643e-06 -5.395230418235971e-06 -9.735095812629995e-06 4.470060604159910e-06
9.438943925008942e-06 -2.389270682912116e-06 -9.642475710806710e-06 2.777978496807649e-06
7.995552368402000e-06 -5.308245702362288e-06 -8.817123949335940e-06 4.539690828548922e-06
8.250260571953221e-06 -4.383137067328320e-06 -9.014461808548244e-06 3.901335492387190e-06
7.991338372292786e-06 -2.455916900318126e-06 -8.800357289596614e-06 2.713934767406474e-06
6.993629131272266e-06 -2.526967071075983e-06 -8.111972077923409e-06 2.636514246355049e-06
-7.624877800729032e-07 -9.978222014215752e-08 1.383288330941745e-06 -7.798991660049442e-07
-7.771248717014624e-07 -6.455617900583825e-08 1.421633288787095e-06 -8.673369729487369e-07
-7.770499807066657e-07 6.649241401866829e-08 1.402181178013964e-06 -1.205507016109172e-06
-7.625021292767513e-07 1.011729867839688e-07 1.359236783350990e-06 -1.288748029556308e-06
6.986680788533722e-06 -5.247187694306727e-06 -8.124234372724457e-06 4.594329429810229e-06
6.126811298313212e-06 -5.142630697887671e-06 -7.465597463460140e-06 4.579590887990807e-06
6.767555440118034e-06 -3.550699706471375e-06 -7.998722910177467e-06 3.344808704400207e-06
6.105185835710462e-06 -2.525980756681716e-06 -7.497192310051730e-06 2.525289051884596e-06
-7.274449015633198e-07 -1.143545540192345e-07 1.290934683468315e-06 -7.462412594928903e-07
-6.922958816373981e-07 2.944350693811588e-08 1.187708666769818e-06 -1.119544585041962e-06
-7.278023362424721e-07 1.156609506009176e-07 1.268660517684458e-06 -1.319981875646467e-06
5.837480781405653e-06 -4.316949833982253e-06 -7.267952697794597e-06 3.959635462266069e-06
5.310892225805906e-06 -4.930980161005394e-06 -6.830571131635271e-06 4.468717043452689e-06
4.564060761511767e-06 -4.654550533135014e-06 -6.214956092173821e-06 4.262928997733632e-06
5.579890546116720e-06 -3.237303922818825e-06 -7.089384527127197e-06 3.069841500590310e-06
5.303420703885996e-06 -2.401272095081080e-06 -6.865303725760364e-06 2.332747520260438e-06
-4.902333219940380e-07 -1.186659896181734e-07 7.636752973755642e-07 -7.989047871031525e-07
-4.900768958741668e-07 1.202246822555802e-07 7.887371194505674e-07 -1.287482882677232e-06
-3.666070598549261e-07 7.891576770424233e-10 5.256701669102562e-07 -1.020690731294749e-06
3.897133422099888e-06 -4.290893082062788e-06 -5.607599573173537e-06 3.993494947844755e-06
4.449823508351655e-06 -3.857631995088155e-06 -6.130207864616330e-06 3.601883728212656e-06
4.700857383037411e-06 -2.908582175258080e-06 -6.350916817442188e-06 2.764987558571306e-06
4.591810441167095e-06 -2.170989988891621e-06 -6.259483259654631e-06 2.059632924337634e-06
-2.317218134666916e-07 -1.426274986838170e-07 2.591719605522794e-07 -7.187822898894441e-07
-2.317548039604843e-07 1.441541731338865e-07 2.538456385032951e-07 -1.308454881417093e-06
-7.702164094150228e-08 7.894571743192357e-10 -5.837702964960829e-08 -9.957126157256262e-07
3.298181278519942e-06 -3.884356283724568e-06 -5.027506189230306e-06 3.669213142586012e-06
2.793696332344899e-06 -3.442638239704879e-06 -4.471179993095696e-06 3.294470430868652e-06
3.849509863727574e-06 -2.774558342445942e-06 -5.556416684048111e-06 2.646478588314014e-06
3.983508286594646e-06 -1.842620398900006e-06 -5.667449496031208e-06 1.674768551935112e-06
1.016548264647481e-07 -1.935352680012532e-07 -4.093398835598856e-07 -6.084937393025498e-07
1.017345034415313e-07 1.952457281429159e-07 -3.997561232846455e-07 -1.343339690415561e-06
2.924179869187226e-06 -2.809018804685758e-06 -4.589574356383797e-06 2.701705068150163e-06
2.378356944262145e-06 -2.957401138727993e-06 -3.993145028021024e-06 2.864775359214817e-06
3.131109612257342e-06 -2.146332900776128e-06 -4.779150415854750e-06 1.975833675586369e-06
3.485935911349071e-06 -1.464209221974753e-06 -5.118433320469292e-06 1.174153759889503e-06
2.998257569853784e-07 8.715488958597082e-10 -7.670681012999283e-07 -9.622618586852406e-07
5.365841173832860e-07 -2.665380662213320e-07 -1.184727529233826e-06 -5.156526487515313e-07
5.361210857749822e-07 2.694062544019261e-07 -1.168120919017676e-06 -1.369248236721000e-06
2.027691530336066e-06 -2.460582200886387e-06 -3.572176844365605e-06 2.370377821807534e-06
1.776236308391238e-06 -1.984403155527064e-06 -3.207469228310310e-06 1.827616401516010e-06
1.607128995086946e-06 -1.499532006537246e-06 -2.897845736457853e-06 1.238758982924213e-06
2.721044781304343e-06 -1.589663251589032e-06 -4.318860668682644e-06 1.319058601555275e-06
3.099655645096603e-06 -1.065520680571563e-06 -4.735882020246878e-06 7.075851226445909e-07
7.270045729988776e-07 8.177807696512707e-11 -1.501748023518173e-06 -9.198271590963929e-07
9.612642456228327e-07 -3.375533211833450e-07 -1.879265681592785e-06 -3.915918572337241e-07
9.622099185221719e-07 3.457051817915452e-07 -1.867584418944679e-06 -1.422453565850744e-06
2.037492635239394e-06 -1.488735953346877e-06 -3.523402902609929e-06 1.234400050091467e-06
1.492242154937572e-06 -1.037481106759839e-06 -2.672054181510969e-06 6.165474713792702e-07
1.331062726331855e-06 -3.962864053398953e-07 -2.447873196168128e-06 -2.712990913826117e-07
1.426979252362096e-06 -4.606932887928641e-07 -2.576974519545804e-06 -1.719692388622519e-07
1.463734956208235e-06 -6.001092199270024e-07 -2.621452677704873e-06 2.790777920042253e-08
2.445713526751138e-06 -1.011781641451912e-06 -4.026250198713828e-06 6.472635561841552e-07
2.808386951700699e-06 -6.704047917701564e-07 -4.476643397025752e-06 2.056415472041588e-07
1.171253099961287e-06 -5.031167212582710e-08 -2.198459707657757e-06 -8.095473518137476e-07
1.369860214795975e-06 4.035511656724839e-07 -2.472691004208297e-06 -1.455580236808542e-06
1.794739017258031e-06 -7.195733451880404e-07 -3.087171163325366e-06 2.027214993063035e-07
1.452331197461888e-06 -2.121259712390353e-07 -2.610330972984507e-06 -5.334721864681433e-07
1.567368338463758e-06 -4.142947696654048e-07 -2.767164870687592e-06 -2.344270306290350e-07
2.266935899017705e-06 -5.518986048345713e-07 -3.762211039661065e-06 3.917322659260725e-09
2.613599034625233e-06 -3.026940970064353e-07 -4.264494547788788e-06 -3.411212081669393e-07
1.491628696444174e-06 1.781067351878342e-07 -2.641526150442630e-06 -1.122407642032412e-06
1.500266711509777e-06 4.606130397457742e-07 -2.633501006705447e-06 -1.519985112733978e-06
1.900477577789064e-06 -1.007871218544122e-07 -3.217634857210602e-06 -6.612644742810498e-07
2.528528315292018e-06 3.924907119746407e-08 -4.169524696450552e-06 -8.583022615201319e-07
2.492207709903850e-06 3.451137880087610e-07 -4.149564376951563e-06 -1.304688612968016e-06
1.739421516781863e-06 3.950570285062549e-07 -2.943845973472516e-06 -1.412207369266827e-06
1.583215644595146e-06 5.699295027609505e-07 -2.718874159508955e-06 -1.657771101190010e-06
1.696798371211029e-06 8.461698719866940e-07 -2.827619418908264e-06 -2.064702164967979e-06
2.206079402641331e-06 4.017747218299870e-07 -3.692362035530586e-06 -1.383064283796274e-06
1.839824177714492e-06 1.072303417282876e-06 -2.980974846663070e-06 -2.499258293232276e-06
2.517664100131722e-06 6.411507218475815e-07 -4.235638989853081e-06 -1.697751560012857e-06
1.961760133232435e-06 8.688708601236351e-07 -3.220976799838009e-06 -2.079111502427223e-06
2.307545927548230e-06 8.879333126967931e-07 -3.876515229356783e-06 -2.076365847573618e-06
1.986632303887232e-06 1.270445254652705e-06 -3.212180263391232e-06 -2.926367886462211e-06
2.576703438375085e-06 8.884194979608088e-07 -4.409555402130016e-06 -2.038208512312812e-06
2.477591593704293e-06 1.097251290394646e-06 -4.236994346060216e-06 -2.461216494818808e-06
2.293192153067776e-06 1.212219672655135e-06 -3.826039754789446e-06 -2.770044056068885e-06
2.144833354069080e-06 1.420847359092694e-06 -3.472535126164617e-06 -3.319876687779339e-06
2.292878097934525e-06 1.533413464447285e-06 -3.766745258872312e-06 -3.699689773559852e-06
2.649284580661183e-06 1.095751978395441e-06 -4.727653977894724e-06 -2.400408327866732e-06
2.567457865498985e-06 1.291077663334606e-06 -4.500776137173122e-06 -2.921158198135224e-06
2.479499713233462e-06 1.481485993719098e-06 -4.242085754175583e-06 -3.528846553977915e-06
2.444401517186611e-06 1.607328615582346e-06 -4.126648503817422e-06 -4.110974361366845e-06
2.732732804315035e-06 1.255577841614672e-06 -5.165396157115902e-06 -2.704674250782995e-06
2.697595453094184e-06 1.472322102623146e-06 -5.046330239752770e-06 -3.524902353419586e-06
2.580256560504485e-06 1.659913881005788e-06 -4.584849441176516e-06 -4.492025664080147e-06
2.692730442861376e-06 1.681673805100145e-06 -5.125160484999678e-06 -4.866980145284116e-06
2.791287552171746e-06 1.673194180141546e-06 -5.695734423994825e-06 -5.181016493265873e-06
2.809015389657564e-06 1.509402991134518e-06 -5.763254925716648e-06 -3.718693211908611e-06
2.812891073684764e-06 1.368454802868537e-06 -5.744232875682086e-06 -2.975119841239167e-06
2.792041644971662e-06 1.615020351007315e-06 -5.608081779936950e-06 -4.495640316786919e-06
2.862777523972591e-06 1.658783735662340e-06 -6.305934984406942e-06 -5.425385129362790e-06
2.908053295811096e-06 1.628591286309402e-06 -7.048628664643540e-06 -5.602660442468249e-06
2.873650875556009e-06 1.538585341441715e-06 -6.336331500261974e-06 -3.889494922858711e-06
2.875153747430716e-06 1.454677252826704e-06 -6.400896928432079e-06 -3.208321937507257e-06
2.937580898147507e-06 1.596016854323200e-06 -7.827212122942844e-06 -5.678294586032773e-06
2.924138225090812e-06 1.589403677997007e-06 -6.952859724858540e-06 -4.524905150543023e-06
2.920064053032633e-06 1.519208467186267e-06 -7.078865110858531e-06 -3.356438023233024e-06
2.947733166473598e-06 1.585665697830116e-06 -7.973997185866502e-06 -4.653710158709553e-06
2.933075191536020e-06 1.555104439664681e-06 -8.709548990916021e-06 -5.720958262856505e-06
2.948401803672576e-06 1.555625930082357e-06 -7.798455253563631e-06 -3.384546439114988e-06
2.891803947421614e-06 1.513718529505723e-06 -9.945819051278676e-06 -5.756384722175340e-06
2.942099563234593e-06 1.591212152038353e-06 -8.918938061525616e-06 -4.070521989052917e-06
2.935208071307401e-06 1.596213347451442e-06 -8.677784565022233e-06 -3.317802917953147e-06
2.750175906505646e-06 1.449329175061023e-06 -1.182294455680917e-05 -5.895935417242315e-06
2.838872221191566e-06 1.585417615147064e-06 -1.082339954885806e-05 -4.388541795071499e-06
2.890567536908290e-06 1.649876632807121e-06 -9.925077635671330e-06 -3.233741330819189e-06
2.442576261954133e-06 1.379202753287080e-06 -1.433779705187682e-05 -5.952761303412033e-06
2.616372898476244e-06 1.578643851360091e-06 -1.303283105765375e-05 -4.551178060633037e-06
2.749918491172053e-06 1.711731844237564e-06 -1.169728671185510e-05 -3.152490094343599e-06
2.006700783089573e-06 1.318614505876831e-06 -1.699229250357611e-05 -5.889071474029221e-06
2.243343462316826e-06 1.578702551830854e-06 -1.568948627547177e-05 -4.524188338455036e-06
2.442940512894870e-06 1.778916659987434e-06 -1.429528143449264e-05 -3.054047124148573e-06
1.467195128387382e-06 1.265739073814737e-06 -1.959307269236821e-05 -5.878851648688564e-06
1.753481951552083e-06 1.578201421274945e-06 -1.833861491353876e-05 -4.506702499432965e-06
2.007114341732509e-06 1.838579548315747e-06 -1.698816339818546e-05 -3.047445351419927e-06
8.366477407841494e-07 1.220290688642590e-06 -2.214651684295337e-05 -5.903159117953167e-06
1.165989584755391e-06 1.577818781198522e-06 -2.093340347886078e-05 -4.501831026449699e-06
1.467171079269148e-06 1.890565272436199e-06 -1.964673679642894e-05 -3.051367612658409e-06
1.290328240384214e-07 1.183153239830239e-06 -2.475837999687628e-05 -5.885824111380263e-06
4.942664266699955e-07 1.577560682001014e-06 -2.350217176369384e-05 -4.468356558965417e-06
8.363022087154988e-07 1.935104903258588e-06 -2.222474951441892e-05 -3.061193316002980e-06
-6.394195459730254e-07 1.154381050021779e-06 -2.755432822265938e-05 -6.007005015190689e-06
-2.463377932066381e-07 1.577352378267544e-06 -2.617582017313933e-05 -4.436088076377745e-06
1.288557381965904e-07 1.971543212859380e-06 -2.480879530769560e-05 -3.005081462076607e-06
-1.453293069466697e-06 1.133300429904460e-06 -3.066326196428878e-05 -6.130465695580092e-06
-1.039832675454734e-06 1.577193033665305e-06 -2.910197956199537e-05 -4.402895806007160e-06
-6.393912240629268e-07 1.999954800331369e-06 -2.761450443567944e-05 -2.866481150531622e-06
-2.299375722722122e-06 1.118635008296865e-06 -3.403849795925342e-05 -6.165748124182724e-06
-1.871783976038519e-06 1.577025297922683e-06 -3.236294868375110e-05 -4.338915710569965e-06
-1.453145387847537e-06 2.020854615212156e-06 -3.074801764498036e-05 -2.629039719854899e-06
-3.167127147515883e-06 1.109163157368982e-06 -3.761329640675008e-05 -6.208380292111985e-06
-2.730415516350037e-06 1.576949953207893e-06 -3.583524560356509e-05 -4.317552002861278e-06
-2.299317652442559e-06 2.035395194538945e-06 -3.409629938944547e-05 -2.493451287894135e-06
-5.059226223637554e-06 1.155169541406527e-06 -4.554264073440255e-05 -6.002420460532891e-06
-4.933578320340714e-06 1.103148645995473e-06 -4.501438727777819e-05 -6.220917928944471e-06
-3.560414035763560e-06 1.576993122925033e-06 -3.927980694870878e-05 -4.279536748335199e-06
-4.048064874232725e-06 1.104113206267262e-06 -4.125850669682368e-05 -6.261661942005501e-06
-3.167285858431138e-06 2.044870902008257e-06 -3.768313048895299e-05 -2.349275980330926e-06
-5.111277821324956e-06 1.280776841294214e-06 -4.576261958475812e-05 -5.477487233061440e-06
-4.813764560441638e-06 1.576943478048435e-06 -4.453338529303242e-05 -4.259979090936610e-06
-4.048128125997993e-06 2.049776824409576e-06 -4.129871069210727e-05 -2.305558972127100e-06
-5.111393700238408e-06 1.873176307989757e-06 -4.580634888159754e-05 -3.015177594698913e-06
-4.933695969564381e-06 2.050823261793187e-06 -4.506408455965685e-05 -2.271978037298730e-06
-5.059347520078653e-06 1.998797837272318e-06 -4.558935594001032e-05 -2.489257549707593e-06
