-1.121019592587591e-04 1.567051749916501e-05 -3.296575817605179e-05 4.364025586271907e-06
-1.125449724438790e-04 1.460110606093470e-05 -3.309734556895409e-05 4.051939960497558e-06
-1.125448920992827e-04 9.559585962028052e-06 -3.309578359027130e-05 2.592298679164639e-06
-1.121018782992300e-04 8.490218875216320e-06 -3.296138134151130e-05 2.270036449622766e-06
-1.110324559983603e-04 1.611346217559734e-05 -3.265053710302067e-05 4.492753276959237e-06
-1.090261558394526e-04 1.208036212579205e-05 -3.207481872817946e-05 3.322235427631635e-06
-1.110323922691889e-04 8.047298279641005e-06 -3.263804277700679e-05 2.136812236231548e-06
-1.035015234586088e-04 1.611207247676717e-05 -3.046818211572959e-05 4.495068792229232e-06
-1.035015795026732e-04 8.049272400730196e-06 -3.046909725709717e-05 2.166522370426183e-06
-9.934505871934115e-05 1.208107004664366e-05 -2.922858873866965e-05 3.341203003585990e-06
-9.597626534622612e-05 1.610520069243088e-05 -2.839555879597476e-05 4.422252444077470e-06
-9.597635609557062e-05 8.057794964127254e-06 -2.837962289677859e-05 2.243319633640257e-06
-9.221953147955276e-05 1.208197103494651e-05 -2.730861611090215e-05 3.314857921260081e-06
-8.847313310542206e-05 1.608893496038468e-05 -2.648248899818014e-05 4.351973465394213e-06
-8.847371996957084e-05 8.076341456468081e-06 -2.659369117285344e-05 2.363090536128319e-06
-8.473402884914327e-05 1.208321020070764e-05 -2.551946689793660e-05 3.293611948636762e-06
-8.101225919572251e-05 1.606163885551250e-05 -2.462766204266246e-05 4.371023479015405e-06
-8.101324150511881e-05 8.106285038748498e-06 -2.482126527521263e-05 2.328496670116181e-06
-7.730184903878314e-05 1.208453241414429e-05 -2.367250492384865e-05 3.259327747859145e-06
-7.361507957011038e-05 1.602385691499118e-05 -2.247897603218116e-05 4.489873710450897e-06
-7.361637104361614e-05 8.146727823815933e-06 -2.279883013587849e-05 2.104059692294293e-06
-6.994313503353717e-05 1.208597164405604e-05 -2.149809111387493e-05 3.245968480727385e-06
-6.630080108882379e-05 1.597624543294773e-05 -2.003186839621847e-05 4.554848936681544e-06
-6.630190877204091e-05 8.197174619663750e-06 -2.032747828878119e-05 1.883979309459015e-06
-6.267589156213264e-05 1.208726024749170e-05 -1.901893446282678e-05 3.248357021958878e-06
-5.908671887941615e-05 1.591870275259419e-05 -1.753418418157981e-05 4.554438157698581e-06
-5.908788067525718e-05 8.257519153040118e-06 -1.768384082595832e-05 1.886308841331385e-06
-5.551766127022092e-05 1.208853016834791e-05 -1.654366647083114e-05 3.246394120845780e-06
-5.199127286435887e-05 1.585000717892039e-05 -1.508667683174347e-05 4.540042829960130e-06
-5.199258731391037e-05 8.328421721993721e-06 -1.511015629301178e-05 1.895921639853857e-06
-4.848854182333451e-05 1.208958452308976e-05 -1.403768660473764e-05 3.233583868297015e-06
-4.503701850538271e-05 1.576736117578612e-05 -1.256109285208081e-05 4.600094083789684e-06
-4.503838229410593e-05 8.412744352526951e-06 -1.267196615321819e-05 1.853930629462054e-06
-4.161351648933080e-05 1.209052177599118e-05 -1.143421754760997e-05 3.255454660286174e-06
-3.825138081445101e-05 1.566721003686180e-05 -9.934120069194564e-06 4.641587935075258e-06
-3.825197644046195e-05 8.514673648917668e-06 -1.010967170014634e-05 1.826002778065405e-06
-3.505557282460627e-05 1.209044484879126e-05 -8.758669879191888e-06 3.270758782365861e-06
-3.192981649873165e-05 1.554943837561086e-05 -7.402866061158765e-06 4.628036197080776e-06
-3.192952056098807e-05 8.638432043266019e-06 -7.488041334127420e-06 1.875496866215114e-06
-2.960591959012675e-05 1.235462049684466e-05 -6.525677778820388e-06 3.349931751610308e-06
-2.730409138907640e-05 1.543694682922777e-05 -5.572255688900528e-06 4.549251261484984e-06
-2.730138018938282e-05 8.756004851364592e-06 -5.609507359149629e-06 1.965957944069061e-06
-2.404707195698579e-05 1.533611527836635e-05 -4.373863214207258e-06 4.430137695223108e-06
-2.465167738664067e-05 1.321092675150731e-05 -4.564310623669434e-06 3.693354936861374e-06
-2.404212205133911e-05 8.833016241916727e-06 -4.369326249147200e-06 2.106134319466320e-06
-2.173602193847046e-05 8.916334506634237e-06 -3.590244356912476e-06 2.250853069341958e-06
3.202730131776676e-06 6.344312210510575e-07 1.468876894546845e-07 9.104768237909201e-07
3.266463281836960e-06 4.810544338315237e-07 1.373927243306069e-07 9.293856948519715e-07
3.266078441434066e-06 -8.990850229129055e-08 1.496520380155014e-07 1.009659439971905e-06
3.202678588397810e-06 -2.410154848605172e-07 1.621979550463260e-07 1.028895086012693e-06
-2.172802528504211e-05 1.526402669950136e-05 -3.594612843964496e-06 4.346015642150288e-06
-1.968809763042081e-05 1.508176360611261e-05 -2.984948893868881e-06 4.212351315661099e-06
-2.124162302409062e-05 1.130152263064760e-05 -3.388152919595969e-06 3.021397380454766e-06
-1.966429926734633e-05 8.826475908406335e-06 -2.942891119457600e-06 2.347617791763272e-06
3.050060989023786e-06 6.979107171062690e-07 1.698412331821991e-07 9.040994731259064e-07
2.896390269063802e-06 7.173516039904348e-08 2.044499758785329e-07 9.949339570380145e-07
3.051436195236930e-06 -3.040474285934628e-07 1.860545712697063e-07 1.037125501581568e-06
-1.902186134850118e-05 1.313930696538467e-05 -2.756305632308702e-06 3.597104157392770e-06
-1.771438690554430e-05 1.465642492770347e-05 -2.442188492349088e-06 3.983305462216512e-06
-1.584938753584896e-05 1.404089130124525e-05 -1.977885080139304e-06 3.758905157761881e-06
-1.840961729840757e-05 1.052491102566139e-05 -2.584303011680807e-06 2.850466860260872e-06
-1.772635382169750e-05 8.416273640076836e-06 -2.423886913386955e-06 2.340947326327365e-06
2.015812964959989e-06 7.151645923404422e-07 3.042838187892759e-07 9.479336061777123e-07
2.015019314138560e-06 -3.222814334268758e-07 2.990347928992811e-07 1.036949349019263e-06
1.478809243485710e-06 1.963019031192042e-07 3.493255961184560e-07 9.804425244021855e-07
-1.412036928555829e-05 1.321214515076143e-05 -1.585032267950842e-06 3.494577163742663e-06
-1.558556669220376e-05 1.208384138835475e-05 -1.885492674603845e-06 3.251908233512010e-06
-1.622265066177545e-05 9.676752122949933e-06 -2.056904661695939e-06 2.671577413200971e-06
-1.595723259731878e-05 7.715971592019183e-06 -2.020733373091665e-06 2.267808048291715e-06
8.967282888912844e-07 8.117597437108164e-07 3.913965553221395e-07 9.264189996426569e-07
8.968294395549692e-07 -4.191317227274053e-07 3.749261095822764e-07 1.000798899574576e-06
2.338145779892543e-07 1.962499861683930e-07 3.829330724459051e-07 9.556934342356106e-07
-1.252391929722361e-05 1.222917405172680e-05 -1.276273343072448e-06 3.267673686150650e-06
-1.110451587444291e-05 1.110843987903008e-05 -1.075591453836209e-06 3.020319669806484e-06
-1.401922286739459e-05 9.313538118265709e-06 -1.579621126602089e-06 2.634150171598815e-06
-1.440089391611308e-05 6.747112454184930e-06 -1.701829331489925e-06 2.127430097269111e-06
-5.270869693990881e-07 1.020244388857934e-06 3.487476503618693e-07 9.938043416774668e-07
-5.273084197149917e-07 -6.282321980519240e-07 3.680812284145780e-07 9.353362350435030e-07
-1.146651713538024e-05 9.423452371577756e-06 -1.153271393294437e-06 2.669471052271544e-06
-9.866227899749031e-06 9.847262673392420e-06 -8.548320109993679e-07 2.741074124198792e-06
-1.206147107670085e-05 7.570770005269666e-06 -1.273003339907741e-06 2.312988582000460e-06
-1.309072908194516e-05 5.585672914761449e-06 -1.492345902125932e-06 1.954586124245448e-06
-1.365496183635356e-06 1.959359117575932e-07 3.171881308466552e-07 9.667758473407363e-07
-2.362226674958686e-06 1.320505335858901e-06 2.212771422992857e-07 1.098664277649345e-06
-2.360759987540807e-06 -9.317869337029507e-07 2.216544697058949e-07 8.134060213973246e-07
-8.787776808035467e-06 8.493526705156113e-06 -6.566715260712624e-07 2.440943517760221e-06
-7.920299314796441e-06 7.097219055048420e-06 -5.222941698350131e-07 2.202150433674897e-06
-7.248723431647416e-06 5.631053643699744e-06 -4.434908518529905e-07 1.964074462052293e-06
-1.085861482001843e-05 5.939137836076679e-06 -1.052613643880419e-06 2.027362928972650e-06
-1.204871685619424e-05 4.290971605363310e-06 -1.293340510864942e-06 1.700265977944169e-06
-3.163103651048850e-06 1.987409156260959e-07 1.372621974439451e-07 9.855575601585740e-07
-4.144905004628631e-06 1.614993489259662e-06 4.203442547034344e-08 1.166195241840327e-06
-4.145893725726523e-06 -1.240918972991717e-06 -1.412217876105464e-09 7.965620321116628e-07
-8.709241997545837e-06 5.622510262167701e-06 -6.504481970918172e-07 1.960559885256698e-06
-6.746142742129056e-06 4.142808755760845e-06 -3.905302375400998e-07 1.699351388982418e-06
-5.754479786942324e-06 1.863800549926582e-06 -2.070200357373017e-07 1.219136211572108e-06
-6.217109591105786e-06 2.116489032746101e-06 -2.868946976575938e-07 1.274488771371971e-06
-6.456315109623343e-06 2.636887306318805e-06 -3.316693856275705e-07 1.385136652056520e-06
-1.002668952097323e-05 4.104671503147491e-06 -8.819448978779380e-07 1.652054375327830e-06
-1.127285508606788e-05 2.922626820793077e-06 -1.115520524856492e-06 1.408184050412760e-06
-5.027199391221187e-06 4.066336349049050e-07 -9.767517824846449e-08 9.976239098174260e-07
-5.778758893839593e-06 -1.465299759727586e-06 -2.381918066955624e-07 7.336228255077193e-07
-7.759893334263009e-06 3.095013795824820e-06 -5.580831686550528e-07 1.486176397999799e-06
-6.258146277188683e-06 1.109534658065186e-06 -2.949806956105002e-07 1.098929834012035e-06
-6.807254057281737e-06 1.936726804623873e-06 -3.897911195792831e-07 1.250245642244227e-06
-9.440858588599537e-06 2.501155139246621e-06 -8.169919083113174e-07 1.364333366369457e-06
-1.078415888018864e-05 1.541641453384122e-06 -1.035065516511842e-06 1.204109223709799e-06
-6.306327500958654e-06 -5.082994840381395e-07 -3.128659200953509e-07 8.586204696214579e-07
-6.250654831993916e-06 -1.707468761292611e-06 -3.151581581618770e-07 6.950726602504574e-07
-8.073931856876109e-06 7.578441522669534e-07 -5.978673736342844e-07 1.049608036101223e-06
-1.060800075627253e-05 1.716810878019136e-07 -9.898716148553781e-07 9.844679081871122e-07
-1.071440821464226e-05 -1.164647450897238e-06 -1.004431988583004e-06 7.768015379457864e-07
-7.271748064874076e-06 -1.387881590192961e-06 -4.703258913440795e-07 7.362077880202152e-07
-6.527777654120571e-06 -2.222251573972524e-06 -3.657367969007452e-07 6.190783952144169e-07
-6.870970216608818e-06 -3.634123722189170e-06 -4.361743402909372e-07 4.167751166159057e-07
-9.380418023997309e-06 -1.341264837733138e-06 -7.868248535650919e-07 7.479230632048499e-07
-7.376685032644744e-06 -4.993264648974052e-06 -5.235945114378983e-07 2.297196399199471e-07
-1.110488118446944e-05 -2.510807703198393e-06 -1.079615870788289e-06 5.698493589597312e-07
-8.147868218031906e-06 -3.686176070638544e-06 -6.293949298429708e-07 4.058529498627376e-07
-1.002062150744364e-05 -3.792213025610796e-06 -9.168823894664437e-07 3.881923526855382e-07
-8.039299468798767e-06 -6.286527459910397e-06 -6.122866740186313e-07 6.021693228489447e-08
-1.174563441444299e-05 -3.794098112505038e-06 -1.179765641023642e-06 3.818843472476079e-07
-1.119569523457914e-05 -5.053920643562094e-06 -1.092879830278095e-06 2.219303679378554e-07
-9.910951635136488e-06 -5.840427773031553e-06 -8.822611532702428e-07 1.201838029893937e-07
-8.849484469237315e-06 -7.513420894099420e-06 -7.176302258887315e-07 -8.466077398280398e-08
-9.811127593358366e-06 -8.653025155697121e-06 -8.575186772169125e-07 -2.227187445083745e-07
-1.262365615435054e-05 -4.974771451199566e-06 -1.267963271895114e-06 2.282603405748504e-07
-1.197972332145456e-05 -6.462654466593184e-06 -1.185523084094841e-06 5.542351268803755e-08
-1.122339369617316e-05 -8.199475009194768e-06 -1.062651540982537e-06 -1.557794227386917e-07
-1.090152428693653e-05 -9.689772054950300e-06 -1.015172369643736e-06 -3.373920675304521e-07
-1.370860932923538e-05 -6.008363699175410e-06 -1.368458487253805e-06 1.036965795023796e-07
-1.337692778504819e-05 -8.187832874617406e-06 -1.337328941060036e-06 -1.210170615845650e-07
-1.211826024503392e-05 -1.059832712575953e-05 -1.178275481540919e-06 -4.273694580914394e-07
-1.344888761002116e-05 -1.137224343627027e-05 -1.341741589763630e-06 -4.876207414405599e-07
-1.486837768830328e-05 -1.200019441688505e-05 -1.506548214553364e-06 -5.211573263729331e-07
-1.498596028763107e-05 -8.654553356735727e-06 -1.488874041609643e-06 -1.854398337905867e-07
-1.497538523202617e-05 -6.858620502140967e-06 -1.462157299265783e-06 1.998985279795892e-08
-1.466679157274253e-05 -1.044324996635093e-05 -1.491229792515657e-06 -3.758033804090554e-07
-1.636648102323367e-05 -1.245925423695051e-05 -1.659665755846557e-06 -5.411618703461384e-07
-1.792065879100236e-05 -1.274908950614712e-05 -1.768255226874204e-06 -5.399496931180874e-07
-1.627289673264366e-05 -9.055472667819224e-06 -1.641121818321435e-06 -2.554923443432864e-07
-1.639316191138579e-05 -7.483880547269029e-06 -1.631543206255686e-06 -8.067375046863840e-08
-1.950524622722877e-05 -1.285863080626854e-05 -1.872467397991195e-06 -5.298086473634144e-07
-1.773545459203517e-05 -1.051966497403342e-05 -1.773441594886587e-06 -3.883972885340134e-07
-1.791693904757431e-05 -7.860673746474743e-06 -1.784554587874054e-06 -1.798286539877110e-07
-1.985421432355596e-05 -1.075922915485441e-05 -1.914934222054370e-06 -3.995744164640928e-07
-2.126925235898043e-05 -1.288044258049988e-05 -1.993457202521834e-06 -4.998214297725666e-07
-1.949880427923031e-05 -7.979643511736498e-06 -1.898844782999168e-06 -2.159349795917157e-07
-2.371436991312125e-05 -1.290105497639171e-05 -2.139052801324174e-06 -4.661538469190475e-07
-2.177622409358423e-05 -9.560934816229071e-06 -2.064770685714064e-06 -3.243504332741677e-07
-2.126833304794957e-05 -7.957504735161219e-06 -2.029404480257995e-06 -2.248428563062443e-07
-2.711366788166602e-05 -1.292935291462079e-05 -2.202258910446215e-06 -4.120149726356728e-07
-2.542391677598735e-05 -1.022257626620141e-05 -2.213721364698219e-06 -3.710965742698421e-07
-2.371519453679210e-05 -7.930534718925326e-06 -2.149921143917051e-06 -2.533482929014376e-07
-3.164681522324849e-05 -1.295404971657081e-05 -2.237680517399449e-06 -3.521297054295912e-07
-2.937359686158971e-05 -1.041705775360342e-05 -2.271877689106808e-06 -3.944827649490745e-07
-2.711424994528767e-05 -7.903354635440001e-06 -2.262682662664102e-06 -3.280923801939698e-07
-3.640461354515840e-05 -1.296891332917076e-05 -2.095166754006211e-06 -2.889758465204473e-07
-3.402131845345055e-05 -1.041641019777171e-05 -2.244718627512393e-06 -3.976830739210350e-07
-3.164716556486049e-05 -7.879157673963389e-06 -2.309529121808184e-06 -4.177516748299419e-07
-4.118262859642295e-05 -1.297651239051052e-05 -1.765097179767901e-06 -1.674732170757874e-07
-3.879121643815517e-05 -1.041577907848004e-05 -1.997465247941400e-06 -3.671506241715996e-07
-3.640484159698927e-05 -7.863310345865020e-06 -2.182114163626212e-06 -4.785384783765308e-07
-4.597011322943748e-05 -1.297919406544107e-05 -1.289081481282413e-06 -5.240051866041687e-08
-4.357551343956699e-05 -1.041526544614893e-05 -1.577337930286970e-06 -3.489598931831272e-07
-4.118268539187010e-05 -7.854454675645244e-06 -1.815039312239425e-06 -5.667880623656308e-07
-5.075900115204413e-05 -1.297865372252593e-05 -8.415357325484384e-07 -5.106614051100160e-08
-4.836483831416956e-05 -1.041490644942795e-05 -1.101538939068476e-06 -2.924176677323015e-07
-4.597020336808372e-05 -7.850880133447634e-06 -1.396216355381594e-06 -5.598117879201089e-07
-5.554457648629107e-05 -1.297625108327429e-05 -5.309114222106678e-07 -8.215433517023383e-08
-5.315262498257734e-05 -1.041474730833428e-05 -7.149770175277252e-07 -2.498019835518844e-07
-5.075916687300066e-05 -7.850917176516473e-06 -9.919969349077456e-07 -4.344007731515660e-07
-6.032455843976203e-05 -1.297283151727680e-05 -3.162820469375873e-07 -5.202402728080744e-08
-5.793565219888505e-05 -1.041462259663012e-05 -4.915603859599510e-07 -2.229629057610708e-07
-5.554474215653754e-05 -7.853091786842810e-06 -6.683395980127370e-07 -3.472806006367645e-07
-6.509748228615294e-05 -1.296917227431803e-05 -1.367937394679082e-07 -1.168396491590477e-07
-6.271218730056134e-05 -1.041457871732528e-05 -2.650980137567921e-07 -1.835398659481724e-07
-6.032455883844017e-05 -7.856346077185964e-06 -4.461155118589672e-07 -3.528539113308132e-07
-6.986281125146703e-05 -1.296574960894803e-05 2.294396551289027e-08 -7.180355343696597e-08
-6.748126608238777e-05 -1.041473925775945e-05 -9.944217227407839e-08 -1.501234312252491e-07
-6.509734107444242e-05 -7.860061906861377e-06 -2.273876306146581e-07 -2.494353935981309e-07
-8.005529817983649e-05 -1.268316124830465e-05 -4.491044730909282e-08 -4.614728647319995e-08
-7.937957946260793e-05 -1.296306182111467e-05 -3.796038468361413e-08 -4.653766112940808e-08
-7.199545841231493e-05 -1.041485760350046e-05 -7.165406645525856e-09 -8.780863240715556e-08
-7.462238393641538e-05 -1.296356703449956e-05 2.491936146957628e-08 -6.150119124854353e-08
-6.986275487726346e-05 -7.863777251845167e-06 -1.000001838489775e-07 -1.725496280237607e-07
-8.033518974148157e-05 -1.200742912852975e-05 -4.975053218447879e-08 -4.418803092940351e-08
-7.873641586787770e-05 -1.041477819571395e-05 -5.290625058056721e-08 -5.148574824546378e-08
-7.462245052360169e-05 -7.866130942266194e-06 -2.974580797424651e-08 -1.208220138796413e-07
-8.033523518099565e-05 -8.822091338050216e-06 -1.012369583661507e-07 -2.543300751830878e-08
-7.937963911406885e-05 -7.866471214054681e-06 -9.944602923571158e-08 -2.724859119907603e-08
-8.005534946858485e-05 -8.146366819845006e-06 -1.015488152111451e-07 -2.570490758542330e-08
