-1.243715896023507e-04 1.741438072908830e-05 -2.788239810335190e-05 4.187974677734665e-06
-1.248664527845796e-04 1.621984736986643e-05 -2.802628160906323e-05 3.846736088752936e-06
-1.248664571069396e-04 1.058836039672535e-05 -2.808264248851070e-05 2.294590396623675e-06
-1.243715845583131e-04 9.393767289086214e-06 -2.794969455687562e-05 1.971125809667906e-06
-1.231769292003740e-04 1.790914702992875e-05 -2.753921979864132e-05 4.329673877414188e-06
-1.209358320350019e-04 1.340406162410151e-05 -2.696297211688879e-05 3.089296224803487e-06
-1.231768911734877e-04 8.898968093237968e-06 -2.762593532749486e-05 1.837818353273597e-06
-1.147646111730225e-04 1.790698028327474e-05 -2.517969010283234e-05 4.354004667068109e-06
-1.147643544039132e-04 8.900261878845458e-06 -2.530208318953484e-05 1.880294662179682e-06
-1.101219709973582e-04 1.340315722584413e-05 -2.394121768381081e-05 3.102170819405377e-06
-1.063591726795477e-04 1.789776094452584e-05 -2.290345135388202e-05 4.323123954444318e-06
-1.063587857774900e-04 8.907525883462075e-06 -2.298806846766943e-05 1.876007523001120e-06
-1.021619256582951e-04 1.340225367403974e-05 -2.175356650095418e-05 3.145255235324381e-06
-9.797578679176852e-05 1.787871523205725e-05 -2.067017940472649e-05 4.328644901099515e-06
-9.797515972895186e-05 8.924303365970497e-06 -2.063333108992624e-05 1.923147446104444e-06
-9.379630161021487e-05 1.340114064770724e-05 -1.948933744086205e-05 3.118548853796903e-06
-8.963586880888790e-05 1.784765962301073e-05 -1.846137295594638e-05 4.306497943758156e-06
-8.963504907812110e-05 8.953358909823020e-06 -1.831593018115866e-05 1.891282115369573e-06
-8.548633154974359e-05 1.340021186100017e-05 -1.724987689445245e-05 3.096843456388829e-06
-8.136466892806609e-05 1.780289235081350e-05 -1.626965529338499e-05 4.247888809907297e-06
-8.136360907585032e-05 8.996470098751374e-06 -1.607376378529283e-05 1.995649234728931e-06
-7.725802792983424e-05 1.339937250106827e-05 -1.511778119655170e-05 3.094855830780855e-06
-7.318815969667330e-05 1.774480726904652e-05 -1.419104632553348e-05 4.139693090409308e-06
-7.318704819839021e-05 9.053182323607886e-06 -1.402548120380312e-05 2.079425447322280e-06
-6.913699445324012e-05 1.339863691250268e-05 -1.317362085594826e-05 3.086878928925200e-06
-6.513059622760675e-05 1.767434802707726e-05 -1.248853861676185e-05 4.014957611556538e-06
-6.512960515334718e-05 9.122456954808541e-06 -1.236139644906734e-05 2.182232308821096e-06
-6.114656418737419e-05 1.339808089238821e-05 -1.150410893259427e-05 3.102808774433545e-06
-5.721556463123461e-05 1.759046967500984e-05 -1.102893025747957e-05 3.881559559220169e-06
-5.721452677415520e-05 9.205403878482510e-06 -1.092813266525529e-05 2.300629878036038e-06
-5.331079434299260e-05 1.339767975995935e-05 -9.974121154860551e-06 3.062341803029183e-06
-4.946828012687179e-05 1.749179066027342e-05 -9.581364331399939e-06 3.853619151272590e-06
-4.946703891986218e-05 9.303263848862518e-06 -9.569362708361260e-06 2.332899957539105e-06
-4.565661349530790e-05 1.339724779101924e-05 -8.532882773106575e-06 3.011672118019284e-06
-4.191739026098568e-05 1.737550192728673e-05 -8.033608076331112e-06 3.806042080165216e-06
-4.191612114450482e-05 9.419391146848972e-06 -8.161099265815513e-06 2.285949684990125e-06
-3.836265164987746e-05 1.339600957647170e-05 -7.217025015009800e-06 2.959539101389054e-06
-3.488878160790072e-05 1.724031261125083e-05 -6.674069475808788e-06 3.643417766271561e-06
-3.488713241937498e-05 9.559088767682691e-06 -6.789731498227556e-06 2.263552207892900e-06
-3.230536992920152e-05 1.368846747715096e-05 -6.185797726502106e-06 2.986056143347486e-06
-2.974879458954630e-05 1.711176668378820e-05 -5.802935859590374e-06 3.514455654459573e-06
-2.974466873890172e-05 9.691365648938276e-06 -5.811662295567465e-06 2.284306880131232e-06
-2.613178171854101e-05 1.699636010595171e-05 -5.194408763541769e-06 3.536842473589881e-06
-2.680215377299043e-05 1.463773810213644e-05 -5.310178362741043e-06 3.118787146305566e-06
-2.612522235035025e-05 9.777671440829594e-06 -5.137657626022337e-06 2.255799803272704e-06
-2.356571259994081e-05 9.871375047644829e-06 -4.683978343039749e-06 2.255578686105022e-06
3.412370535802772e-06 8.739676129237326e-07 4.479052999432202e-07 1.885800307414184e-07
3.479947565435342e-06 7.112809621308155e-07 4.577901084896809e-07 1.623055176584078e-07
3.479478869066660e-06 1.059592419989416e-07 4.566173076039375e-07 5.888340404960380e-08
3.412269021706012e-06 -5.415887409182509e-08 4.467642453752426e-07 3.237912639168980e-08
-2.355747968483195e-05 1.691355296436220e-05 -4.746058413787638e-06 3.562060281237356e-06
-2.129491495805207e-05 1.670852795491259e-05 -4.329350609712169e-06 3.547270306261039e-06
-2.301653168172466e-05 1.251740501135598e-05 -4.607560117620224e-06 2.719181460563003e-06
-2.126652000746399e-05 9.773440332027333e-06 -4.291604665107115e-06 2.216418675541072e-06
3.250444447715838e-06 9.413422901709617e-07 4.237230033168539e-07 1.998352700505897e-07
3.087551242884457e-06 2.775486331464249e-07 3.935758979249317e-07 8.449251472308598e-08
3.251981250939380e-06 -1.208424252160443e-07 4.224518772677752e-07 2.004964465998518e-08
-2.055508942631987e-05 1.455350339451420e-05 -4.194463512356220e-06 3.121925106178449e-06
-1.910745072497721e-05 1.623316564593070e-05 -3.891737702822798e-06 3.492224911175592e-06
-1.704256081201554e-05 1.554749315800429e-05 -3.442961436731333e-06 3.365491277537791e-06
-1.987527521751572e-05 1.165596213757468e-05 -4.052484436344668e-06 2.547247618482810e-06
-1.911767872147277e-05 9.322009391474785e-06 -3.891756872969815e-06 2.086172224392934e-06
2.153873620124286e-06 9.601639653622679e-07 2.109199594403146e-07 1.965976138637582e-07
2.153429226952781e-06 -1.389847193703125e-07 2.176655950989314e-07 1.433008200223475e-08
1.585120428426618e-06 4.111021880622332e-07 1.110674978707889e-07 1.210069829178114e-07
-1.513203212540900e-05 1.462509151635016e-05 -3.013514858750792e-06 3.174293243915954e-06
-1.674909754726153e-05 1.337925018858441e-05 -3.388553275080203e-06 2.894110161043994e-06
-1.745286199294398e-05 1.071677331030529e-05 -3.542902968609029e-06 2.345090314690389e-06
-1.715735482215050e-05 8.551921097898494e-06 -3.473140657272926e-06 1.869089867610589e-06
9.685510332413780e-07 1.063091952818397e-06 2.771208757703598e-08 1.935158797629018e-07
9.691048663803494e-07 -2.392789401505717e-07 1.073636433735841e-08 3.927168063815670e-08
2.678157637021429e-07 4.126978509898527e-07 -6.453509362042251e-08 1.107156370140637e-07
-1.336990031841151e-05 1.353326978257213e-05 -2.608387695997603e-06 2.916563274400455e-06
-1.180800529807767e-05 1.229153723901238e-05 -2.277394870765375e-06 2.652665897129108e-06
-1.501668778672298e-05 1.031424811245393e-05 -3.015003950216182e-06 2.222682096200015e-06
-1.543410883766149e-05 7.487100250209339e-06 -3.120519974249325e-06 1.607981127558059e-06
-5.368403111563459e-07 1.284893951951321e-06 -1.664056510568640e-07 2.357404781822824e-07
-5.364585697737261e-07 -4.579309426735197e-07 -1.598724409595233e-07 -3.463252236198702e-09
-1.220581339474457e-05 1.043167350287077e-05 -2.374008871298093e-06 2.245873477739906e-06
-1.045205596336839e-05 1.089636255560601e-05 -1.968059980791118e-06 2.351818567354067e-06
-1.285740547918643e-05 8.393315659525385e-06 -2.522576243142375e-06 1.787855275740016e-06
-1.398481166112583e-05 6.215379717066244e-06 -2.766274024235175e-06 1.288725518919558e-06
-1.422504544884075e-06 4.144555806881966e-07 -2.921268257122993e-07 1.305355916223554e-07
-2.476343663273959e-06 1.604976239497369e-06 -4.598372628649375e-07 2.968791142285308e-07
-2.474005049202450e-06 -7.771142204327052e-07 -4.367157944216409e-07 -7.135978775984833e-09
-9.273855305177856e-06 9.402484122555859e-06 -1.690541324459694e-06 1.998556082729105e-06
-8.334497166503877e-06 7.870353364340155e-06 -1.497116818388751e-06 1.673349598956917e-06
-7.616271713046806e-06 6.266322129904770e-06 -1.318647957282141e-06 1.323206955704136e-06
-1.153781659664758e-05 6.602155455290526e-06 -2.177656684177156e-06 1.362872700009653e-06
-1.283302024994541e-05 4.805475126067015e-06 -2.446997287518715e-06 9.600426042337683e-07
-3.322506623177948e-06 4.196965558370077e-07 -5.858226786411642e-07 1.432904240026873e-07
-4.361890393675300e-06 1.920251707785990e-06 -7.697231596124945e-07 3.629198738045578e-07
-4.362225075588977e-06 -1.104219568075416e-06 -8.080849222526144e-07 -1.561000045877439e-07
-9.196835843602954e-06 6.254954712340868e-06 -1.682249506831973e-06 1.317114819833145e-06
-7.083223540543746e-06 4.646211143264469e-06 -1.184430229564493e-06 9.513643395037186e-07
-6.060216434245779e-06 2.187120197682453e-06 -1.069844630110703e-06 4.158693908577103e-07
-6.544708241853905e-06 2.458001741465377e-06 -1.138495291050982e-06 4.768220905121379e-07
-6.790516737087277e-06 3.017283914492773e-06 -1.163286993486309e-06 5.954354593397890e-07
-1.062707723923375e-05 4.602309704653291e-06 -1.966490957420918e-06 9.307213882494003e-07
-1.197265676396827e-05 3.325228038768865e-06 -2.223034478080248e-06 6.469947705114045e-07
-5.294859217770426e-06 6.423749324028722e-07 -9.525064200716851e-07 1.409429290248863e-07
-6.098053964049483e-06 -1.343250868598134e-06 -1.100609804644997e-06 -1.977886222856543e-07
-8.181405583632944e-06 3.508518580628047e-06 -1.429337080870071e-06 6.863104479933209e-07
-6.594012259710932e-06 1.386497041596920e-06 -1.155448486106506e-06 2.750609033917371e-07
-7.170285733095082e-06 2.266651120257081e-06 -1.247814470241065e-06 4.432830009423744e-07
-9.990409427465439e-06 2.869586533697859e-06 -1.793453101517162e-06 5.347563434554130e-07
-1.142511488272384e-05 1.843346616963701e-06 -2.028148591145109e-06 3.390875364722682e-07
-6.655392852132622e-06 -3.302287428211045e-07 -1.181891768472335e-06 -2.933758378973542e-08
-6.604564306573888e-06 -1.599645566384713e-06 -1.206843871956275e-06 -2.389400808814825e-07
-8.524669992897638e-06 1.004377043545216e-06 -1.499356627023434e-06 1.886928563470833e-07
-1.122132706913944e-05 3.834516187693063e-07 -1.929407610528381e-06 8.916819575623278e-08
-1.131012173901352e-05 -1.028771184900721e-06 -1.842931683829085e-06 -1.331526231457163e-07
-7.685125539303674e-06 -1.264928983049128e-06 -1.372379511048618e-06 -1.978134017566187e-07
-6.904387982321633e-06 -2.140170994346665e-06 -1.282223860658457e-06 -3.098671178221448e-07
-7.279447368980322e-06 -3.614039376706676e-06 -1.384971916632193e-06 -4.464262665600525e-07
-9.907492502200863e-06 -1.221809207005973e-06 -1.676647897930385e-06 -1.918631605423113e-07
-7.823171527349715e-06 -5.018773943313269e-06 -1.491640868004465e-06 -5.031724518359273e-07
-1.169822945853292e-05 -2.446056428288908e-06 -1.780371374218366e-06 -3.471942816804148e-07
-8.618292913067202e-06 -3.672777380363358e-06 -1.515619919250660e-06 -4.742595591963844e-07
-1.056632389281961e-05 -3.782317655993458e-06 -1.683064035015565e-06 -4.741020247425374e-07
-8.520649534225010e-06 -6.349203160150206e-06 -1.560362194407483e-06 -5.270254528394302e-07
-1.234277481518109e-05 -3.783839250774416e-06 -1.707938812829637e-06 -4.710212663779970e-07
-1.177123752598386e-05 -5.085532990824924e-06 -1.675813853070469e-06 -5.035024071303758e-07
-1.045338941261176e-05 -5.893367562498760e-06 -1.658935290732005e-06 -5.230149321031890e-07
-9.365923742329674e-06 -7.598667054174096e-06 -1.610428420039289e-06 -5.014267569234236e-07
-1.035491187991875e-05 -8.749861406553262e-06 -1.603524025362862e-06 -4.207155354086129e-07
-1.322418157233831e-05 -5.007148378461789e-06 -1.599062430371922e-06 -5.093571466637906e-07
-1.256678038964798e-05 -6.527004662982058e-06 -1.610216076687405e-06 -4.752656362031683e-07
-1.179750647608812e-05 -8.288904514020212e-06 -1.592100449500890e-06 -4.247664824886373e-07
-1.147093725782663e-05 -9.788733761666024e-06 -1.586644327873262e-06 -3.109229635035433e-07
-1.431238368821255e-05 -6.070066383723138e-06 -1.460550146386534e-06 -5.094103675084379e-07
-1.397547750595074e-05 -8.273866515444925e-06 -1.458787536535174e-06 -4.078776033996321e-07
-1.270510599110492e-05 -1.069551820052348e-05 -1.527316895137369e-06 -1.997299965627658e-07
-1.404360205022583e-05 -1.146134610591108e-05 -1.402224368593477e-06 -8.812327206118404e-08
-1.546541840878607e-05 -1.207582829837622e-05 -1.268192684363841e-06 -1.067245108464428e-08
-1.558680397022037e-05 -8.742405180264102e-06 -1.280095225908673e-06 -3.467582194104769e-07
-1.557826369171277e-05 -6.937930338014997e-06 -1.321796430748972e-06 -5.026300904343689e-07
-1.526792750426836e-05 -1.052973200309292e-05 -1.292801562771756e-06 -1.681825692268930e-07
-1.695606856231084e-05 -1.252322022241205e-05 -1.098445826609465e-06 4.236180160534638e-08
-1.849581424740094e-05 -1.280099535337526e-05 -9.307145641726821e-07 6.991886147765489e-08
-1.686820895123672e-05 -9.144176355629775e-06 -1.102018669177576e-06 -2.754529201096630e-07
-1.698731361464388e-05 -7.576501044812917e-06 -1.119223398225737e-06 -4.304756112033773e-07
-2.006103918099821e-05 -1.290130231951175e-05 -7.823685735189102e-07 6.508531991592028e-08
-1.831786996673694e-05 -1.059733556787238e-05 -9.342569756756889e-07 -1.344467683978223e-07
-1.849579015004708e-05 -7.963842694763892e-06 -9.492992898376113e-07 -3.263131857177013e-07
-2.040645076805433e-05 -1.083219611028414e-05 -7.425977688663423e-07 -9.901433751224811e-08
-2.179513544471849e-05 -1.291462251931317e-05 -6.629677249190718e-07 1.873111772737579e-08
-2.005740168417156e-05 -8.089557097567733e-06 -7.985149865091239e-07 -2.626183862631942e-07
-2.419176519356600e-05 -1.292839759223157e-05 -6.192216827193411e-07 1.701638551015558e-08
-2.229490630795950e-05 -9.653583570549816e-06 -6.521680739673091e-07 -1.289065072796934e-07
-2.179421540518761e-05 -8.076499013647849e-06 -6.966291411064426e-07 -2.069676402167781e-07
-2.751274457438182e-05 -1.295019833730323e-05 -6.014257807278278e-07 -8.836819691662124e-09
-2.586331559703992e-05 -1.030411635520045e-05 -5.926832319140874e-07 -8.273183911243118e-08
-2.419189615565305e-05 -8.059105686487160e-06 -6.281052479492849e-07 -1.354075585190753e-07
-3.193659580940701e-05 -1.297461182301992e-05 -5.608880997655993e-07 6.340187193144229e-08
-2.971768567563093e-05 -1.049549227414164e-05 -6.109104043393676e-07 -3.337192091911315e-08
-2.751253415945108e-05 -8.038872573496602e-06 -6.101577866895405e-07 -6.446504327653487e-08
-3.658645677329470e-05 -1.299568119971368e-05 -2.479783415910162e-07 1.893092047680881e-07
-3.425512723720300e-05 -1.049606461688169e-05 -4.219729531574053e-07 -8.215052983180945e-09
-3.193631888198028e-05 -8.016572994846477e-06 -5.324448260004374e-07 -1.401970132845451e-07
-4.127028454525437e-05 -1.301341018044554e-05 1.790096317953523e-07 2.449839654009092e-07
-3.892303487460233e-05 -1.049700059815910e-05 5.802439393484209e-09 1.058498889245822e-08
-3.658608554893385e-05 -7.997343921290714e-06 -1.846670734025511e-07 -2.398403010417939e-07
-4.598205553363864e-05 -1.302845828796702e-05 5.614366045156054e-07 2.101482675708890e-07
-4.362170291518850e-05 -1.049800874549617e-05 4.447435115531310e-07 3.434149650043406e-08
-4.126988692525094e-05 -7.981579670031785e-06 2.510714478452290e-07 -2.273043039728540e-07
-5.071776357068055e-05 -1.304154027766806e-05 7.519442251413075e-07 1.493218501600284e-07
-4.834597236828686e-05 -1.049893640997451e-05 7.277715436859946e-07 5.561340156181301e-08
-4.598169342934057e-05 -7.968519983287123e-06 6.301775745409149e-07 -8.397662767966168e-08
-5.547563683429017e-05 -1.305369416630389e-05 8.053715976703500e-07 1.067045331477772e-07
-5.309294792609245e-05 -1.049962594849981e-05 8.384564695880390e-07 3.094193759736507e-08
-5.071747265336149e-05 -7.957017618888277e-06 8.354055175449321e-07 -4.957550651769816e-09
-6.025440208904982e-05 -1.306427449793948e-05 7.530553922686003e-07 3.984301649687320e-08
-5.786165789957081e-05 -1.050007779603014e-05 8.577764789166625e-07 6.989843612598084e-08
-5.547541781219894e-05 -7.946053527226861e-06 8.632252344414796e-07 6.500369430965936e-08
-6.505059133662245e-05 -1.307214993382420e-05 7.036493354434412e-07 -2.562075954870510e-08
-6.264990917054374e-05 -1.050033579961294e-05 8.262516751773280e-07 7.494661549469880e-08
-6.025415705882560e-05 -7.936193420766023e-06 9.086351975468045e-07 1.271077838045587e-07
-6.985862929736039e-05 -1.307694574343888e-05 5.694997441426715e-07 -1.057587316047219e-07
-6.745309239364268e-05 -1.050042858424391e-05 7.159791999254986e-07 7.846655466576753e-08
-6.505035622869610e-05 -7.928643574335399e-06 8.292958165104445e-07 1.764077457209683e-07
-8.017161077724633e-05 -1.279617106781393e-05 -6.526456533102486e-07 -1.835784435459211e-07
-7.948773958947233e-05 -1.307943140501787e-05 -5.703080995860518e-07 -2.216481087107056e-07
-7.201432917601008e-05 -1.050044677065328e-05 4.437462965742259e-07 1.010747785229588e-07
-7.467233611550987e-05 -1.307906693639951e-05 1.153015140527407e-07 -2.106845447981550e-07
-6.985851463799411e-05 -7.923889812627044e-06 6.503504276461756e-07 2.754245960799144e-07
-8.045488052541162e-05 -1.211231332329415e-05 -6.846231650796710e-07 -9.552990386221615e-08
-7.883657737265717e-05 -1.050041323805795e-05 -4.652348758620991e-07 1.134129053797663e-07
-7.467234871924633e-05 -7.921795751790242e-06 1.416991066140153e-07 4.535507389190880e-07
-8.045486285772936e-05 -8.888522089644697e-06 -6.412091425624744e-07 2.959177180264317e-07
-7.948772916380390e-05 -7.921416036536812e-06 -5.260808736408579e-07 4.159003909660787e-07
-8.017159452899640e-05 -8.204672935903232e-06 -6.065845863126844e-07 3.797121968558386e-07
