-1.408879930371488e-04 1.865731340046779e-05 5.591193397732280e-07 4.247216467173390e-07
-1.414521558949731e-04 1.729546763397516e-05 5.009503275186328e-07 2.859448563963831e-07
-1.414521392634952e-04 1.087513020151464e-05 4.502028347236686e-07 -2.841478026232677e-07
-1.408879714968824e-04 9.513273485847006e-06 4.972351322390970e-07 -4.044059303774916e-07
-1.395260207793514e-04 1.922138216205105e-05 6.959213099912649e-07 4.828334742765559e-07
-1.369710178393763e-04 1.408530281853354e-05 8.731493130125158e-07 2.197690327879139e-09
-1.395259888245312e-04 8.949200466068115e-06 6.133972473055870e-07 -4.554124631992318e-07
-1.299355270100600e-04 1.921946985838539e-05 1.610489407540307e-06 4.730340271800157e-07
-1.299354866771871e-04 8.951132823462806e-06 1.491516501261882e-06 -4.653302517938004e-07
-1.246427432779203e-04 1.408531816772347e-05 2.050878729475495e-06 1.052017387486390e-08
-1.203523856088065e-04 1.921089262136771e-05 2.357648055870372e-06 3.337725604459008e-07
-1.203522340819683e-04 8.959510908447856e-06 2.454091989293105e-06 -4.875289899624171e-07
-1.155668965123151e-04 1.408533856511222e-05 2.875256298418983e-06 4.882209997789657e-08
-1.107926399473351e-04 1.919307159014670e-05 2.902831844787803e-06 2.885827518714409e-07
-1.107920002230797e-04 8.977213253324878e-06 3.344782036039686e-06 -3.937823763930046e-07
-1.060242873553826e-04 1.408531679932787e-05 3.655507194789134e-06 3.023681069821347e-08
-1.012752843193882e-04 1.916435283512018e-05 3.463552871360411e-06 1.780495278332006e-07
-1.012741272113130e-04 9.005960671291648e-06 3.900903382360545e-06 -2.122385384280722e-07
-9.653486485077041e-05 1.408525288205484e-05 4.097750139916144e-06 6.340883524379752e-09
-9.182166596500175e-05 1.912383520687198e-05 3.684842621907535e-06 1.126366100631081e-08
-9.182047460221378e-05 9.046827923732018e-06 4.158220855315893e-06 1.020374063369489e-08
-8.712064803086166e-05 1.408517092473890e-05 4.052677653937017e-06 -6.169815211142620e-09
-8.245446191059668e-05 1.906990844226483e-05 3.541057153179083e-06 -1.840354908144659e-07
-8.245395758878185e-05 9.101073125513262e-06 3.902340908451049e-06 2.618470640702630e-07
-7.780581215860292e-05 1.408527550796644e-05 3.533955509649741e-06 3.764189785770636e-09
-7.320087592768458e-05 1.899964010959149e-05 2.967517944075874e-06 -3.544837249079927e-07
-7.320097797915426e-05 9.171597046113450e-06 3.121772759170522e-06 5.001601613927554e-07
-6.861981218005826e-05 1.408552693402672e-05 2.653301051046641e-06 1.873440936102179e-08
-6.409491020936774e-05 1.890847649604470e-05 2.129672260516318e-06 -4.108485014501059e-07
-6.409512994095175e-05 9.263086663890205e-06 2.040143274479828e-06 5.148044120850195e-07
-5.960148420742099e-05 1.408590881121664e-05 1.673036793830222e-06 5.023353083047839e-08
-5.518079040880114e-05 1.879142969171551e-05 1.275167716572801e-06 -3.846071593723194e-07
-5.518072732913677e-05 9.380726240575412e-06 1.146468695117682e-06 4.624605960906495e-07
-5.079977528195320e-05 1.408623387717411e-05 8.644170014118818e-07 4.942820846874070e-08
-4.650998701380431e-05 1.864410969325765e-05 5.549677005333657e-07 -2.542332647850987e-07
-4.650949636355183e-05 9.529401432205075e-06 5.961989602913358e-07 3.693868338491540e-07
-4.243822270889336e-05 1.408545299549050e-05 2.738318694328589e-07 5.714418336069362e-08
-3.847178200715976e-05 1.846792680677729e-05 5.601142389714581e-08 -1.730543018240047e-07
-3.847063692129712e-05 9.713299280301503e-06 6.606579179147185e-08 3.156121531891934e-07
-3.552697738476728e-05 1.441838201112476e-05 -8.794470882212284e-08 8.021506965647917e-08
-3.262683586394888e-05 1.829955880507682e-05 -2.571991056675327e-07 -1.426962140408703e-07
-3.262237193681828e-05 9.888390636147960e-06 -2.477127911946860e-07 2.727995863318855e-07
-2.853628706802328e-05 1.814961527915641e-05 -5.090184146492529e-07 -7.585787052775527e-08
-2.928809120860694e-05 1.549094540208101e-05 -4.850987768405607e-07 5.982908213029457e-08
-2.852868313200144e-05 1.000235459182832e-05 -5.444638219415658e-07 2.278440157507401e-07
-2.564631863746546e-05 1.012550336194559e-05 -5.947054209287144e-07 1.440415177298261e-07
3.612675720065548e-06 4.952282378399900e-07 -6.655292313200175e-08 5.242329314134446e-08
3.684530317549047e-06 3.224163011029249e-07 -7.174270032102703e-08 6.115841264156693e-08
3.684115252837619e-06 -3.212563964373536e-07 -6.787086639493167e-08 1.089681360941355e-07
3.612623822170757e-06 -4.916576861512844e-07 -6.071076399719024e-08 1.215179768513492e-07
-2.563465909333699e-05 1.804262146392923e-05 -6.227635112648721e-07 -3.896617940155693e-08
-2.309773034943648e-05 1.780011731396314e-05 -6.422451752513610e-07 1.350101824720349e-08
-2.502170587735239e-05 1.310129000354140e-05 -6.278933542217645e-07 1.185842391367400e-07
-2.306113823308653e-05 1.003433758240554e-05 -6.375801369137064e-07 7.818574411434331e-08
3.440616506183728e-06 5.666942701542376e-07 -5.452379819631444e-08 4.982181994120752e-08
3.267223662454503e-06 -1.392192144958526e-07 -2.933548078173779e-08 9.730977493878401e-08
3.442061735605734e-06 -5.627799171167222e-07 -4.509156699932656e-08 1.257794029716560e-07
-2.226429774442265e-05 1.538092331295529e-05 -6.560075858605651e-07 7.414954008533048e-08
-2.065260355203397e-05 1.725241246555010e-05 -6.273419439025576e-07 7.647410722334076e-08
-1.835607917922169e-05 1.647668145876488e-05 -5.478549606792198e-07 1.075883407227876e-07
-2.150278820255116e-05 1.214330407335152e-05 -6.369765760200824e-07 9.193768015020131e-08
-2.065931288702685e-05 9.552021349045147e-06 -6.155981543148236e-07 -3.480210393714056e-10
2.274552546433733e-06 5.854076381401343e-07 3.254848523154855e-08 8.890211627617630e-08
2.273708331084232e-06 -5.830408493263845e-07 3.188845543967016e-08 9.971981359178631e-08
1.669994827855143e-06 1.124825493103384e-09 2.414203124140530e-08 7.693989073010734e-08
-1.624261798603980e-05 1.543705761311588e-05 -4.592196061281585e-07 1.283094173224980e-07
-1.802594436884658e-05 1.405940892094637e-05 -5.356964892375889e-07 1.020577622616343e-07
-1.880742008477578e-05 1.110506952524341e-05 -5.501083462841138e-07 3.633083695681350e-08
-1.847824405836733e-05 8.719675349604850e-06 -5.237974752515369e-07 -7.753039655487371e-08
1.015142708319275e-06 6.933546484507551e-07 3.519540974619696e-08 3.711791653709262e-08
1.015358555244216e-06 -6.907273064872157e-07 -4.261088680361459e-09 2.872801032059634e-08
2.702423401405373e-07 1.383156188038778e-09 2.331055089801713e-08 -1.160587064567226e-08
-1.430115420183617e-05 1.421827154036696e-05 -3.531873511936241e-07 1.059358766031717e-07
-1.259259763984606e-05 1.284205457915575e-05 -2.197604434022010e-07 3.398100538164324e-08
-1.611250109763959e-05 1.066409682426948e-05 -3.858878046907715e-07 -3.696655570994120e-09
-1.656986986902448e-05 7.563194885633808e-06 -3.651998684815534e-07 -1.446106245898099e-07
-5.846750078494184e-07 9.274726864792089e-07 1.927854336381762e-08 -2.520808533051879e-08
-5.848741255268222e-07 -9.249620497375047e-07 1.986548455979644e-08 -4.593254109458769e-08
-1.302906143216019e-05 1.079258835535429e-05 -2.140806767819429e-07 -5.501044211404744e-08
-1.111855082402166e-05 1.130083488195423e-05 -1.283761607391249e-07 -5.096669470290107e-08
-1.374142942454536e-05 8.560709695503380e-06 -1.947527991598015e-07 -1.161368316218444e-07
-1.497214914116647e-05 6.187268944711692e-06 -2.256245062664541e-07 -1.930948310246827e-07
-1.526556588409673e-06 1.367650563737953e-09 -2.558536838346093e-08 -5.429759442803489e-08
-2.646534190048624e-06 1.265394177699193e-06 -3.600578534812204e-08 -8.882652535674955e-08
-2.644602354712205e-06 -1.265872199369565e-06 -5.786794148886652e-08 -7.065356117887463e-08
-9.842017354397694e-06 9.661484741467367e-06 -5.503607199758066e-08 -1.330571112648900e-07
-8.835566045444686e-06 7.994137711722698e-06 -2.748288185407909e-08 -1.730220731152343e-07
-8.073838732299922e-06 6.253521797853054e-06 -3.483907761687348e-08 -2.016439192897377e-07
-1.230507811116240e-05 6.611962643451749e-06 -1.060419079654763e-07 -1.800222390955860e-07
-1.370732495086886e-05 4.669322688269555e-06 -1.349969682140381e-07 -2.169595714211469e-07
-3.546266320813809e-06 5.161851765911760e-09 -4.347225030917937e-08 -9.024910792556164e-08
-4.649906143347400e-06 1.597222724938191e-06 -1.988068482266073e-08 -1.270807166114728e-07
-4.651259588731528e-06 -1.614301362028055e-06 -4.437683217114722e-08 -8.358365725904352e-08
-9.772190454408953e-06 6.238139609182726e-06 -3.621027018912148e-08 -2.025012713451319e-07
-7.511832065471877e-06 4.506605783361501e-06 -4.118612533002742e-08 -2.173610818149670e-07
-6.449009376008587e-06 1.876874717376984e-06 -1.306737073102049e-08 -1.719754230703939e-07
-6.958961266354956e-06 2.163946071243012e-06 -1.927607076083050e-08 -1.926540911626384e-07
-7.213840014776473e-06 2.759654833744321e-06 -2.612388584876633e-08 -2.107371232420429e-07
-1.131717251315599e-05 4.453022833080039e-06 -4.982704241304936e-08 -2.228463675450385e-07
-1.276279439432049e-05 3.083208722370417e-06 -5.544649867737251e-08 -2.179405833699345e-07
-5.641050772352025e-06 2.399186762689340e-07 -2.986461399520542e-08 -1.221737724556029e-07
-6.498820182991379e-06 -1.869077134110058e-06 -5.652328159829302e-08 -1.041935138712981e-07
-8.693152424673469e-06 3.281893766332226e-06 -2.855183695580273e-08 -2.169694054548013e-07
-7.015770804237534e-06 1.026233610835057e-06 -2.296674426032123e-08 -1.700712345234108e-07
-7.622040640340718e-06 1.959557635241216e-06 -1.674984225107827e-08 -1.993506670812073e-07
-1.063163225800724e-05 2.596652856526978e-06 -2.338800082169636e-08 -2.135630717479728e-07
-1.215980233650655e-05 1.503927378068494e-06 4.625922516560443e-09 -1.889836755504413e-07
-7.088954857434931e-06 -7.952857911323683e-07 -4.265879467436087e-08 -1.313158904442485e-07
-7.041246287410471e-06 -2.140702995346574e-06 -4.792309331748831e-08 -9.547758068671882e-08
-9.067133294964433e-06 6.122826138301056e-07 1.064248621910701e-09 -1.941002120958527e-07
-1.193219578354394e-05 -4.660406704754439e-08 5.408790109996624e-08 -1.521843271212783e-07
-1.200964998052923e-05 -1.539755661809950e-06 9.947790061076368e-08 -8.513770656385220e-08
-8.185935018436780e-06 -1.788676414503763e-06 -1.396179663158173e-08 -1.027739091299771e-07
-7.364066308136910e-06 -2.710026286624851e-06 -3.847938904786712e-08 -7.649008794816993e-08
-7.770991567952189e-06 -4.255736128678303e-06 -1.333558782026000e-08 -2.544725578697535e-08
-1.053182155911400e-05 -1.748212983215654e-06 6.223529460005087e-08 -9.015735586748001e-08
-8.354115412218489e-06 -5.717357720980195e-06 2.148433192301500e-08 1.142841994049931e-08
-1.240264997574342e-05 -3.035370912399087e-06 1.209969213712679e-07 -2.740649561639397e-08
-9.179435144415199e-06 -4.321016814220865e-06 3.675671890516085e-08 -1.648516173409088e-08
-1.121649391301351e-05 -4.435617234422954e-06 9.468345794075913e-08 5.236141210336913e-09
-9.090784164662374e-06 -7.096702221788451e-06 6.040951820425315e-08 4.362328027847364e-08
-1.305979657421853e-05 -4.437432174827306e-06 1.164711140745633e-07 8.422792394489819e-09
-1.246309601547491e-05 -5.791621457676602e-06 1.055510199513639e-07 4.048783112743476e-08
-1.110058140051375e-05 -6.627270259347978e-06 1.027006858121299e-07 4.769264117201946e-08
-9.977417148666969e-06 -8.380823817206031e-06 9.866833505245852e-08 5.658415048926583e-08
-1.100331923865668e-05 -9.555797275775189e-06 1.206919792099295e-07 5.070756453199500e-08
-1.395546244392164e-05 -5.713759100017327e-06 1.178946436652235e-07 4.794472380123461e-08
-1.327921457034280e-05 -7.279572444279820e-06 1.143342161590490e-07 6.952650512649361e-08
-1.249026485106487e-05 -9.083227340437228e-06 1.277652968133446e-07 5.704292855734200e-08
-1.215600779948439e-05 -1.060692779583248e-05 1.328169107664238e-07 2.269073524348901e-08
-1.505876418693762e-05 -6.816434318352528e-06 9.925067972208462e-08 7.308872561643456e-08
-1.471449136404977e-05 -9.065528109282458e-06 8.578267815174391e-08 5.604696808581242e-08
-1.342050497123146e-05 -1.152045231359506e-05 1.175577312741354e-07 -7.536529377081588e-09
-1.478033758675850e-05 -1.228444139432842e-05 7.422972549056324e-08 -3.371764297504859e-08
-1.621798064562188e-05 -1.288896238348090e-05 3.568248068928243e-08 -3.603136701024711e-08
-1.634363595203589e-05 -9.540739645192091e-06 3.343511653719569e-08 3.286765046292851e-08
-1.633642717166195e-05 -7.711161825756581e-06 4.866897689809869e-08 6.350406235509359e-08
-1.602298911337923e-05 -1.134181062915409e-05 3.621507998368928e-08 -8.409580669837715e-09
-1.771476851286913e-05 -1.332640336211792e-05 -6.443094117789937e-10 -3.043080038904784e-08
-1.925145520363474e-05 -1.359111203852190e-05 -1.782119030085180e-08 -1.380498883613503e-08
-1.763129950838242e-05 -9.947313300360930e-06 1.636669709305936e-10 1.547673256640550e-08
-1.774954068798180e-05 -8.370389363488560e-06 5.322691565033246e-09 3.869635392846026e-08
-2.080818504208012e-05 -1.367970212264851e-05 -2.280466715744822e-08 1.547900784059281e-09
-1.908073687100216e-05 -1.140018477475139e-05 -2.631355184270197e-08 -4.832777913599081e-09
-1.925533758971062e-05 -8.774106248572860e-06 -1.877588624034839e-08 1.287148135492580e-08
-2.115290189248959e-05 -1.163101221300917e-05 -2.481423532770466e-08 -1.224834352415291e-09
-2.252094587854192e-05 -1.367970596832320e-05 -8.921761893825140e-09 1.335137611954750e-08
-2.080821599554046e-05 -8.910046711505196e-06 -2.966028593139763e-08 -3.145128336798755e-09
-2.487701373135593e-05 -1.367974430542697e-05 -3.384231935753635e-09 1.475249633126975e-08
-2.301808507554097e-05 -1.046748767061908e-05 -1.099622640541667e-08 -4.009269466503113e-09
-2.252094619013698e-05 -8.910058223820460e-06 -1.347984720486182e-08 -1.154658893157395e-08
-2.811434993517479e-05 -1.367977648094670e-05 7.055041282204624e-09 -4.742953222718090e-09
-2.651263134699323e-05 -1.110841698816840e-05 5.322226850992608e-09 -3.607766042037955e-09
-2.487701317200463e-05 -8.910005178447905e-06 -2.796166030855964e-09 -1.352260003269339e-08
-3.238693148699992e-05 -1.367963826836830e-05 -5.806484426929066e-09 -2.780451292067415e-08
-3.025067513688319e-05 -1.129483920756529e-05 7.838949274313950e-09 -1.221098307591488e-08
-2.811435356258808e-05 -8.909953893294430e-06 1.127267862690618e-08 -8.317387740152931e-09
-3.683936768079386e-05 -1.367945808633524e-05 1.970432300996713e-09 -1.520946150019418e-08
-3.461319257174710e-05 -1.129470254198548e-05 -7.517812662879975e-09 -2.062929631661651e-08
-3.238698839878174e-05 -8.909908970085416e-06 1.746133585560180e-09 -7.104689512403519e-09
-4.129186048923752e-05 -1.367946594066178e-05 3.090999522886140e-09 9.284402296598600e-09
-3.906559552326444e-05 -1.129460837011562e-05 -1.655676975625266e-09 -2.409787104190882e-09
-3.683940673453862e-05 -8.909839313777977e-06 -1.039517179833005e-08 -1.306356705378492e-08
-4.574436437940114e-05 -1.367948886146214e-05 -2.878368758166176e-10 -3.099324771741948e-09
-4.351811342726892e-05 -1.129462782516486e-05 6.125133561897385e-09 4.495627368498079e-09
-4.129183848130211e-05 -8.909753449830354e-06 2.536360965530674e-09 -4.028090310834431e-09
-5.019682667749962e-05 -1.367947210132813e-05 -2.378866619703842e-09 2.635538855215652e-09
-4.797060220880838e-05 -1.129463877075832e-05 -4.890644760517423e-09 -1.254654783327238e-09
-4.574436559897612e-05 -8.909784611905272e-06 2.269323909341163e-09 7.152700885538603e-09
-5.464930829689655e-05 -1.367949087274773e-05 2.373134161758945e-09 -7.958963970051062e-10
-5.242305822587392e-05 -1.129463218695865e-05 1.846118215466740e-09 -1.627055424012017e-10
-5.019682804497228e-05 -8.909796466822947e-06 -3.375247786575184e-09 -4.460800120332472e-09
-5.910179770810329e-05 -1.367947589411198e-05 -1.492222244938805e-09 -6.598371857675808e-10
-5.687556009876144e-05 -1.129463391135541e-05 2.529587151074515e-10 9.850191821892324e-11
-5.464930786524865e-05 -8.909776429382480e-06 2.510293411958708e-09 1.583245591318800e-09
-6.355426943529701e-05 -1.367948254777938e-05 6.801245924127210e-10 8.560238085095650e-10
-6.132803008966907e-05 -1.129463360493901e-05 -1.065616819159767e-09 1.867317331047834e-11
-5.910179743960944e-05 -8.909791463832026e-06 -1.349671383789571e-09 3.797585820506790e-10
-6.800675727215903e-05 -1.367948152222064e-05 -2.422759954056974e-10 -6.233522374549819e-10
-6.578051400771585e-05 -1.129463374879186e-05 1.085282530609216e-09 -6.638075531497428e-12
-6.355426989042783e-05 -8.909785152392189e-06 6.012086750847504e-10 -8.389220457485961e-10
-7.754409580123199e-05 -1.341754225239433e-05 -2.196880029988567e-10 -2.574422209787642e-10
-7.691171726204893e-05 -1.367948191261651e-05 -4.145980164568732e-11 -2.831775266849570e-10
-7.000119330052631e-05 -1.129463366580241e-05 -8.184119062512255e-10 1.628961827863270e-11
-7.245923400706211e-05 -1.367948044769386e-05 1.470959621421573e-10 2.742886332037093e-10
-6.800675694844921e-05 -8.909785589513132e-06 -2.427348168365445e-10 6.100254515596910e-10
-7.780603558147930e-05 -1.278516388029264e-05 -2.502568850958303e-10 -2.341266054744040e-10
-7.630967522914367e-05 -1.129463364859766e-05 1.666658245455495e-10 -6.737601756378255e-12
-7.245923411858591e-05 -8.909787086298617e-06 1.531035413391141e-10 -2.782938194511563e-10
-7.780603547266333e-05 -9.804103430595590e-06 -2.783923394683832e-10 2.435721401529371e-10
-7.691171723728875e-05 -8.909785517112982e-06 -7.381149303659871e-11 2.945807930767334e-10
-7.754409570990577e-05 -9.171725139571716e-06 -2.034043630508916e-10 3.150294951901406e-10
