7.944908592290087e-05 -1.251226545715643e-05 -1.156742069563078e-06 -7.763551408200372e-07
7.972617399491269e-05 -1.184338482110432e-05 -1.159133140353993e-06 -7.874058600532336e-07
7.972619547939451e-05 -8.690184500658136e-06 -1.013598593943616e-06 -9.982948106787953e-07
7.944910998634069e-05 -8.021299498378033e-06 -9.853414209342486e-07 -1.054310885311236e-06
7.878015509227659e-05 -1.278931401513417e-05 -1.143643552372269e-06 -7.744107193741306e-07
7.752547831702722e-05 -1.026677057051922e-05 -9.474897415378032e-07 -9.261772044766705e-07
7.878018089390264e-05 -7.744247113529076e-06 -9.247814501513461e-07 -1.077064041130353e-06
7.407024206471856e-05 -1.278861846913666e-05 -9.542838872911127e-07 -8.906118616323925e-07
7.407026477204699e-05 -7.744723140351528e-06 -6.389161430769385e-07 -1.026079311307415e-06
7.147058142446039e-05 -1.026654840438644e-05 -7.456660617987948e-07 -9.013239919486268e-07
6.936230457973234e-05 -1.278620699690106e-05 -7.649278077614538e-07 -8.458933180781774e-07
6.936242721448057e-05 -7.746562565835194e-06 -4.838864052718700e-07 -9.334190651566938e-07
6.700993894040396e-05 -1.026633152847901e-05 -7.582933557635303e-07 -9.317607603473458e-07
6.466037619276254e-05 -1.278130995407464e-05 -6.728882047338754e-07 -8.267268871340832e-07
6.466036974756782e-05 -7.750729027202391e-06 -6.180303075737876e-07 -1.011963699829895e-06
6.231273987830127e-05 -1.026600513578226e-05 -6.865283118221704e-07 -8.706945617520176e-07
5.996969324712109e-05 -1.277371733828429e-05 -5.236966006476812e-07 -8.384899924789587e-07
5.996934430089803e-05 -7.757693734906698e-06 -3.881993645625152e-07 -9.885774621435818e-07
5.762934578673833e-05 -1.026561341835524e-05 -4.793942505167640e-07 -8.769435087553154e-07
5.529504855119938e-05 -1.276405858685249e-05 -2.564422281026861e-07 -7.499232302839342e-07
5.529457464033545e-05 -7.766873848311233e-06 -4.160323142303323e-08 -1.077948854778902e-06
5.296398666828566e-05 -1.026523831817939e-05 -1.902696010998102e-07 -8.556809498151076e-07
5.063925399111406e-05 -1.275375976739547e-05 -6.277474850831952e-08 -6.392050236139287e-07
5.063904886222342e-05 -7.776697102072107e-06 4.058947213729974e-07 -1.057269926828113e-06
4.831789339086424e-05 -1.026485194735211e-05 1.744996683265550e-07 -8.710076749972829e-07
4.600234224383438e-05 -1.274341023541493e-05 1.791237902697490e-07 -6.948124049504207e-07
4.600267675071756e-05 -7.786171935131086e-06 6.876981666236367e-07 -8.870025248040655e-07
4.369041817440762e-05 -1.026436570372275e-05 5.158496761729282e-07 -8.596287663405615e-07
4.138394183107426e-05 -1.273305339030792e-05 4.934742678302030e-07 -6.157836658940582e-07
4.138429018197340e-05 -7.795061791102516e-06 7.182538289163296e-07 -8.098888744672813e-07
3.908107158445137e-05 -1.026361022022659e-05 7.688919860077866e-07 -8.655969291744961e-07
3.678349242276190e-05 -1.272267343915056e-05 7.732427138737395e-07 -5.697692852204597e-07
3.678375916430801e-05 -7.803530552784328e-06 5.779963595375058e-07 -8.823136312796389e-07
3.448919385672210e-05 -1.026273866464146e-05 1.023026947083602e-06 -7.893428824032744e-07
3.219995958242556e-05 -1.271256254189708e-05 1.162997315421533e-06 -6.349790581180259e-07
3.220001041071580e-05 -7.811756345764775e-06 8.584400453237096e-07 -9.501778645472063e-07
3.000596250355525e-05 -1.026175284708736e-05 1.409683690277785e-06 -7.608133048367399e-07
2.781727965407911e-05 -1.270189743135370e-05 1.667847176653835e-06 -5.457523354450560e-07
2.781719273616108e-05 -7.821024713534454e-06 1.448493481936080e-06 -1.035243950985220e-06
2.617770959919657e-05 -1.045119746805036e-05 1.823930316380827e-06 -7.109463181517204e-07
2.450931071743974e-05 -1.269177851241722e-05 2.013427055590860e-06 -5.596708413362717e-07
2.450888732832436e-05 -7.830295656299684e-06 1.919150752486090e-06 -1.034450768177119e-06
2.211120464365618e-05 -1.268201723480721e-05 2.127950744935581e-06 -6.370776468904897e-07
2.257747931997733e-05 -1.108782945547047e-05 2.134495264728235e-06 -6.853135760337288e-07
2.211032384979711e-05 -7.836734352098054e-06 2.163829144224407e-06 -9.816577071415448e-07
2.037254038402902e-05 -7.844456894364678e-06 2.234070197735779e-06 -8.681343275618084e-07
-3.468159939721853e-06 3.324414827159580e-07 -6.471456300112212e-07 1.899280360791426e-07
-3.537407652273102e-06 4.987006411654093e-07 -6.710273315293991e-07 2.385943325693474e-07
-3.537133074180653e-06 1.119097702106659e-06 -6.644040464327765e-07 4.259027606253241e-07
-3.468193734225952e-06 1.283567434761950e-06 -6.377344805889163e-07 4.744370292773651e-07
2.037220171840020e-05 -1.267456860527583e-05 2.182331595824659e-06 -6.904605906571728e-07
1.879853135806057e-05 -1.257786642147017e-05 2.209217061508442e-06 -7.336384468889333e-07
2.001928842142198e-05 -9.656799395122888e-06 2.274452847513069e-06 -8.011146030549339e-07
1.879884636217136e-05 -7.715797016546933e-06 2.289697940981609e-06 -7.703320745937089e-07
-3.302556777329668e-06 2.638706425365977e-07 -5.911396565960553e-07 1.719207246559049e-07
-3.135216400991205e-06 9.444688396514802e-07 -5.380809330215097e-07 3.809923976603331e-07
-3.303627759904420e-06 1.352514354907861e-06 -5.827380539239612e-07 4.938867723781087e-07
1.829815490767003e-05 -1.108922120145032e-05 2.238009854756903e-06 -7.855370912231270e-07
1.724957308346961e-05 -1.230162434433752e-05 2.211739977745817e-06 -7.768677056878693e-07
1.574700773956009e-05 -1.185429100918079e-05 2.192982349049965e-06 -7.945977600278872e-07
1.782550992980650e-05 -9.034241705065193e-06 2.261742418879004e-06 -7.854252311958465e-07
1.728019241790126e-05 -7.320389120415312e-06 2.232216609796674e-06 -6.904071448356629e-07
-2.178748184072213e-06 2.478266417974754e-07 -2.923126888839308e-07 1.867849773130284e-07
-2.177317980635382e-06 1.374118996719117e-06 -3.142592281487247e-07 4.736913068062925e-07
-1.595446352642323e-06 8.118456650838698e-07 -9.455516463799247e-08 2.894004290212693e-07
1.431145799663253e-05 -1.123846412449844e-05 2.152173332126288e-06 -8.171058460391636e-07
1.554877868652188e-05 -1.029800195896974e-05 2.191602997262245e-06 -8.022171805161536e-07
1.606937865091369e-05 -8.332468773736938e-06 2.174342502876785e-06 -7.317783103941804e-07
1.586063187735907e-05 -6.672464586838365e-06 2.144357315023230e-06 -6.207091216936292e-07
-9.641249526387993e-07 1.452919182109339e-07 9.565769604030072e-08 1.010033267602870e-07
-9.641333059397174e-07 1.479014664244588e-06 7.085388154089442e-08 4.324741497145592e-07
-2.461258604944242e-07 8.123191106925073e-07 2.565389891408083e-07 2.341723419863231e-07
1.295818461243002e-05 -1.046751591468385e-05 2.076593154380789e-06 -8.049026633547440e-07
1.170794530467525e-05 -9.552300481815388e-06 1.934724154820955e-06 -7.689174974580655e-07
1.424282606699513e-05 -8.020732013591030e-06 2.078351784404617e-06 -7.023184078404312e-07
1.458254834696085e-05 -5.791692696451789e-06 2.063318411900027e-06 -5.339597518932767e-07
5.770907285394997e-07 -7.862818862209831e-08 4.667644189628114e-07 2.027949477282549e-09
5.771541381408831e-07 1.703383152193723e-06 4.440259882105329e-07 4.178580367933631e-07
1.202413874907314e-05 -8.125429151116622e-06 1.926144292202707e-06 -7.036610154140763e-07
1.057557545572480e-05 -8.502770145182149e-06 1.863018917824308e-06 -7.327536837010377e-07
1.255667739988635e-05 -6.499446761737076e-06 1.909923399958266e-06 -5.840107158192130e-07
1.348293789357201e-05 -4.710304863816198e-06 1.940561015093716e-06 -4.032708519101512e-07
1.482887273154996e-06 8.120995586647840e-07 6.234582162006970e-07 1.700908726779798e-07
2.559033108867356e-06 -4.026926780954807e-07 7.895653071969327e-07 -3.354641678003837e-08
2.557278484717904e-06 2.028629337237277e-06 7.770155889833496e-07 3.001328460626611e-07
9.570819199916181e-06 -7.336459383898737e-06 1.805087975986530e-06 -7.072300999765558e-07
8.710652380508403e-06 -6.072230566904542e-06 1.688583967078676e-06 -5.992702321658625e-07
8.000568742418930e-06 -4.718762273081753e-06 1.556118003931775e-06 -4.566145662448479e-07
1.146849551963098e-05 -5.022587593381750e-06 1.852405968490816e-06 -4.710110265778697e-07
1.259326906349633e-05 -3.464973748697175e-06 1.923987183545394e-06 -3.610904358832567e-07
3.423379519670095e-06 8.083540340678942e-07 9.142578044937477e-07 1.073222551198444e-07
4.483656751160360e-06 -7.223143606648135e-07 1.124200151161927e-06 -1.314964328168906e-07
4.483080350440519e-06 2.359535153867378e-06 1.080292996151773e-06 3.417390050954352e-07
9.438687021446237e-06 -4.724403950753706e-06 1.741910462550904e-06 -4.698870161353216e-07
7.449178766191668e-06 -3.293443737667858e-06 1.453289441928032e-06 -2.867672232677786e-07
6.247259363939318e-06 -9.947878498435506e-07 1.374775666046694e-06 -1.359854450555325e-07
6.772480683142803e-06 -1.261741259546489e-06 1.402829490375039e-06 -1.447005868992484e-07
7.066184761095327e-06 -1.798804400684515e-06 1.417126286222605e-06 -1.695457850452913e-07
1.070248271167423e-05 -3.280108576213617e-06 1.826440858289880e-06 -3.593201669618401e-07
1.193823424185070e-05 -2.103834773937737e-06 1.939523135661869e-06 -2.339181380049697e-07
5.437064915687448e-06 5.841866258791770e-07 1.271095901357217e-06 5.484347274548164e-08
6.215815555772406e-06 2.595786158574295e-06 1.342574522618510e-06 2.857415350748571e-07
8.441501491784703e-06 -2.276928571842882e-06 1.558884468078970e-06 -2.091499383295629e-07
6.789782468491330e-06 -1.868423986490051e-07 1.403705416278230e-06 -5.845716307703961e-08
7.411580353933575e-06 -1.073766871855510e-06 1.453586797363988e-06 -1.253907241583936e-07
1.013720252513684e-05 -1.679415829002203e-06 1.782556228977665e-06 -1.862294003593178e-07
1.154631361913278e-05 -6.761968642519124e-07 1.960216962285765e-06 -1.268970352850537e-07
6.793501020524663e-06 1.555767763762818e-06 1.395535694980710e-06 1.527004971112102e-07
6.694852077425269e-06 2.859592703522483e-06 1.399651564506143e-06 3.005390708088941e-07
8.729002671742682e-06 1.452814679099331e-07 1.617166592456730e-06 -3.259455772185873e-08
1.143200335489569e-05 7.796020130792893e-07 1.982099364314800e-06 6.126846679155865e-08
1.165700341357841e-05 2.248792939684837e-06 1.977735927712113e-06 2.251106665758546e-07
7.808211180962358e-06 2.495229514005890e-06 1.495891721738450e-06 2.607324124358138e-07
6.965274172933612e-06 3.441135971589954e-06 1.428124454861044e-06 3.514772724534483e-07
7.281456786163605e-06 5.077298835680257e-06 1.441534306276975e-06 5.341161853283103e-07
1.015583026264128e-05 2.414004721292636e-06 1.814106629203468e-06 2.505550016656730e-07
7.790369378503988e-06 6.722332792520157e-06 1.467652680170056e-06 7.843021593568125e-07
1.220026625370794e-05 3.750850083930747e-06 1.992484807686692e-06 3.955434009984362e-07
8.734734971515434e-06 5.115656024830050e-06 1.573414102301469e-06 5.482653493767925e-07
1.094104374023182e-05 5.242174877158481e-06 1.876442408457474e-06 5.604036100561244e-07
8.528919501344111e-06 8.317684642938622e-06 1.594577521483639e-06 1.049573181084131e-06
1.306029185695008e-05 5.244751858836664e-06 2.060726528083271e-06 5.417298715790658e-07
1.240859467537722e-05 6.770781368605850e-06 2.041637705242808e-06 7.771213031165346e-07
1.080273896750258e-05 7.750019364670273e-06 1.909063045702705e-06 9.621781750191599e-07
9.469223690645031e-06 9.896371268132396e-06 1.719619536394363e-06 1.219094400415971e-06
1.065468691304254e-05 1.140971211152515e-05 1.875488863095395e-06 1.392017278640524e-06
1.425209958236296e-05 6.655058925412141e-06 2.275770853714422e-06 7.601585583490134e-07
1.342906461284950e-05 8.546788723225583e-06 2.218254847660899e-06 1.032942513452813e-06
1.244837944020621e-05 1.082004032093338e-05 2.133266349875652e-06 1.306276195962427e-06
1.202703908394282e-05 1.283524204668001e-05 2.066143273400293e-06 1.552769657527374e-06
1.573464741418522e-05 7.927927085045323e-06 2.502204470766610e-06 9.508699167379334e-07
1.529900557901619e-05 1.081889301918579e-05 2.477493069229573e-06 1.348733622357400e-06
1.361609277433752e-05 1.410545551221075e-05 2.285540535601924e-06 1.692520646690420e-06
1.541580767148967e-05 1.522677393750897e-05 2.492103303514168e-06 1.829469133526748e-06
1.737190494576685e-05 1.618059067519791e-05 2.684265542951960e-06 1.922649023351523e-06
1.751734001786024e-05 1.145427264427443e-05 2.765495076315244e-06 1.446407087070775e-06
1.749450786823728e-05 9.007514449243264e-06 2.775634350779934e-06 1.142592035996975e-06
1.706899579626778e-05 1.395045463024896e-05 2.674055624044257e-06 1.707267699191881e-06
1.949158278734394e-05 1.689172329845083e-05 2.841040321604001e-06 1.988719275382670e-06
2.173953137422415e-05 1.737643343564170e-05 3.051264141817480e-06 1.996439399472650e-06
1.933297529818740e-05 1.200447117135870e-05 2.926429437332093e-06 1.504646115603944e-06
1.951023492376379e-05 9.796174683562344e-06 2.970297740898172e-06 1.294867500748060e-06
2.405972256618346e-05 1.759541655043422e-05 3.251447000215296e-06 1.982095188849062e-06
2.143522563914059e-05 1.410827701477153e-05 3.052813225084488e-06 1.683363847576660e-06
2.171353652057859e-05 1.025003919608623e-05 3.112658391729211e-06 1.396847218456897e-06
2.456459258735963e-05 1.447278106960811e-05 3.242803242909938e-06 1.742392557669607e-06
2.670569914203866e-05 1.769709576136924e-05 3.429878923421362e-06 2.003132240336062e-06
2.403178253391031e-05 1.036606431523904e-05 3.226169105875083e-06 1.458234971962751e-06
3.043256877973416e-05 1.779796811819236e-05 3.660586286188091e-06 1.996823669621375e-06
2.744873306917775e-05 1.267093301949363e-05 3.397907772168057e-06 1.634964913535201e-06
2.670078814996240e-05 1.026411599443484e-05 3.346951056557317e-06 1.499846248083647e-06
3.575705189684782e-05 1.794981144066928e-05 4.104614411439468e-06 2.162820084975032e-06
3.307920035867743e-05 1.366996578629702e-05 3.770219257478079e-06 1.717605773542933e-06
3.043599733214164e-05 1.013252833302560e-05 3.568685262658986e-06 1.481461673396506e-06
4.306234946448995e-05 1.810716314106641e-05 4.925387427623879e-06 2.414138321200554e-06
3.936540443193111e-05 1.397176229357194e-05 4.412351173511032e-06 1.776000997676104e-06
3.575879629719949e-05 9.985593362809271e-06 3.995915216611836e-06 1.294686743274819e-06
5.092597323790347e-05 1.823270006142995e-05 6.247496011429939e-06 2.556371704468342e-06
4.695580136406657e-05 1.396997672936161e-05 5.505009205500600e-06 1.780296723100424e-06
4.306303749783395e-05 9.832862352007651e-06 4.876309908728377e-06 1.132909433432157e-06
5.899497248122925e-05 1.833076215949419e-05 7.951303404372554e-06 2.822911928484722e-06
5.492994229397643e-05 1.396933967523108e-05 7.042313982903512e-06 1.803762252655006e-06
5.092619986060224e-05 9.706611021743718e-06 6.231932534225887e-06 9.891696094203949e-07
6.722357239513311e-05 1.840557802537267e-05 9.965416439681582e-06 2.950429333428363e-06
6.308603225975808e-05 1.396882576172483e-05 8.928520930875998e-06 1.790167925484730e-06
5.899507217111256e-05 9.607522279114875e-06 7.981782210359289e-06 8.204496644061355e-07
7.557195497429220e-05 1.846107474206896e-05 1.226057690993176e-05 2.965510619964989e-06
7.138052264434693e-05 1.396828105952909e-05 1.111259726687627e-05 1.783361721081272e-06
6.722360488912901e-05 9.531612569455932e-06 9.992115833943655e-06 6.423522047536404e-07
8.400832024525920e-05 1.850135562717994e-05 1.464317215496214e-05 2.988890328871244e-06
7.977754987180006e-05 1.396757271097106e-05 1.345782592150081e-05 1.770425861934960e-06
7.557191124960987e-05 9.474774328808529e-06 1.225633701195677e-05 6.061806351877659e-07
9.250861963178517e-05 1.852973679641928e-05 1.695543390124216e-05 3.031170501537275e-06
8.824951606343916e-05 1.396673539338199e-05 1.580119192551311e-05 1.786160707042161e-06
8.400839484200046e-05 9.432836265824769e-06 1.461731926619203e-05 5.345544639763435e-07
1.010528428770744e-04 1.854816980521482e-05 1.908939920980297e-05 2.846580071793391e-06
9.677495718656848e-05 1.396599442163076e-05 1.805463287240561e-05 1.776533678611101e-06
9.250873213171932e-05 9.402855137006290e-06 1.694902906045026e-05 5.325852653754285e-07
1.096233473468880e-04 1.855837762288417e-05 2.105233870386402e-05 2.729981555695424e-06
1.053350270526903e-04 1.396539438104389e-05 2.010579520007360e-05 1.771687708681700e-06
1.010529830845903e-04 9.383156974781857e-06 1.907274273511854e-05 7.005297665588658e-07
1.280119873935377e-04 1.805844207753625e-05 2.458513079032500e-05 2.476732015372175e-06
1.267926216516827e-04 1.856350503866467e-05 2.436324273988056e-05 2.574090081623226e-06
1.134668153967448e-04 1.396509713487435e-05 2.186528520242198e-05 1.730912160222961e-06
1.182063878089509e-04 1.856267358923745e-05 2.274976259347943e-05 2.665077547365239e-06
1.096232893838611e-04 9.372120826248203e-06 2.107015037945221e-05 7.561353147611769e-07
1.285170642080766e-04 1.683909714183029e-05 2.467694966400210e-05 2.248029788278532e-06
1.256314849124671e-04 1.396495116359062e-05 2.417138124569585e-05 1.733260816124136e-06
1.182063209816851e-04 9.367266609072142e-06 2.275672500397767e-05 7.933953702015821e-07
1.285169588755954e-04 1.109086989381337e-05 2.468825777925441e-05 1.213963911139499e-06
1.267925106694046e-04 9.366474730054395e-06 2.437505954641048e-05 8.859345532385908e-07
1.280118759616952e-04 9.871534807549028e-06 2.459725966227556e-05 9.840444469232287e-07
