7.756844612971994e-05 -1.277803026658482e-05 1.331748538577417e-06 8.196035765953819e-07
7.783964679178124e-05 -1.212327118351913e-05 1.394254000379386e-06 9.597139655549604e-07
7.783971389326300e-05 -9.036969777974619e-06 1.354922449468942e-06 1.633405946047809e-06
7.756852304284753e-05 -8.382223954009311e-06 1.283204999564616e-06 1.790577795907348e-06
7.691370970358002e-05 -1.304924548317419e-05 1.182818508757265e-06 7.643555507225243e-07
7.568603038267543e-05 -1.058014339879705e-05 9.010744733137220e-07 1.299655651521273e-06
7.691380221500883e-05 -8.111016098997785e-06 1.116164722115173e-06 1.852664873352495e-06
7.230448474420488e-05 -1.304969905637767e-05 2.931213361726265e-07 8.688725952483250e-07
7.230466111816845e-05 -8.110719419754811e-06 1.975634476592777e-07 1.734797889859676e-06
6.975958020701317e-05 -1.058027368619592e-05 -2.737440404562441e-07 1.304438884860395e-06
6.769366169619502e-05 -1.305178192855353e-05 -5.975940310419240e-07 8.104869432994137e-07
6.769398924337786e-05 -8.108910779705221e-06 -5.723201270841331e-07 1.637417002350894e-06
6.538657551702407e-05 -1.058057454831825e-05 -9.703538580204164e-07 1.348206358428192e-06
6.307707585779744e-05 -1.305624774735711e-05 -1.392071514923218e-06 8.359967269876763e-07
6.307740915937371e-05 -8.105138065906873e-06 -1.056973064392660e-06 1.568471333626755e-06
6.076562066635996e-05 -1.058098515858049e-05 -1.573500304635652e-06 1.323362438629675e-06
5.845004663260120e-05 -1.306312666519840e-05 -2.105181437833623e-06 9.781438737821701e-07
5.845043303005316e-05 -8.099432181033197e-06 -1.606560137405242e-06 1.442925784872013e-06
5.613199444588552e-05 -1.058159867228708e-05 -2.123537027026916e-06 1.243209824973479e-06
5.380963067708086e-05 -1.307017871873928e-05 -2.592864369325540e-06 1.041098462268116e-06
5.381016770127044e-05 -8.094107026675532e-06 -2.071712638886491e-06 1.494104488103775e-06
5.148534681943461e-05 -1.058246611566682e-05 -2.610997649244826e-06 1.207572792182364e-06
4.915832861609213e-05 -1.307462120539842e-05 -2.826759447944546e-06 1.094422515184016e-06
4.915936825536349e-05 -8.091786261549116e-06 -2.482303170962133e-06 1.462708383219191e-06
4.683123095225744e-05 -1.058362341099904e-05 -2.975648834946298e-06 1.174146780104633e-06
4.450418343231464e-05 -1.307409703902370e-05 -2.846583405934471e-06 1.260079273660659e-06
4.450550923111832e-05 -8.094723673180672e-06 -2.724964344456384e-06 1.207490553369242e-06
4.217948165472286e-05 -1.058499264497573e-05 -2.992064674531177e-06 1.153177207782424e-06
3.985872637220237e-05 -1.306701682393941e-05 -2.738588472869669e-06 1.198568649861267e-06
3.986002703543430e-05 -8.104403351246521e-06 -2.787750821559872e-06 1.117878566396537e-06
3.754277741730025e-05 -1.058656695851339e-05 -2.807146854519733e-06 1.149776567197055e-06
3.523517237763784e-05 -1.305292013877438e-05 -2.609899261090015e-06 1.123802008680974e-06
3.523620934732458e-05 -8.121653527096116e-06 -2.641427959017705e-06 1.114273118264309e-06
3.293469052898547e-05 -1.058823944534141e-05 -2.651758871510113e-06 1.116306895209720e-06
3.064788548824439e-05 -1.303064367768206e-05 -2.653566955582200e-06 1.153004763372020e-06
3.064886419629015e-05 -8.147724030186908e-06 -2.643902020590325e-06 1.107225308938235e-06
2.846255119618311e-05 -1.058996410748035e-05 -2.678739490646020e-06 1.115966075059495e-06
2.629543174331793e-05 -1.300039271051149e-05 -2.767432134093586e-06 1.070474677147627e-06
2.629621094891315e-05 -8.183322105660076e-06 -2.726314175855138e-06 1.151767293528966e-06
2.467701828608438e-05 -1.077827617396369e-05 -2.778393180494673e-06 1.124358788711241e-06
2.304426046751895e-05 -1.296976038768813e-05 -2.808252952397770e-06 1.120665620772589e-06
2.304405932550025e-05 -8.218393928234432e-06 -2.710817520976583e-06 1.129547180590800e-06
2.070977556133368e-05 -1.294215014098203e-05 -2.734078600534230e-06 1.178144021758087e-06
2.115760025376008e-05 -1.139833448206117e-05 -2.759497592802291e-06 1.121948183045981e-06
2.070916384539889e-05 -8.241344993591325e-06 -2.739662335386874e-06 1.117965797601453e-06
1.903027009109537e-05 -8.265291533367486e-06 -2.674837750223262e-06 1.084704217829757e-06
-3.193103973113404e-06 -7.051468282620223e-07 7.140094020178333e-07 -6.217181323491059e-09
-3.256823359289400e-06 -5.517882585935032e-07 7.315576796255668e-07 -5.332026756824366e-08
-3.256408642202105e-06 1.906029287551387e-08 7.215924848208167e-07 -2.310688210875810e-07
-3.193021773163210e-06 1.701090385365409e-07 7.035253990208462e-07 -2.733916466097560e-07
1.902706509398539e-05 -1.292290435274106e-05 -2.652961460016709e-06 1.211766270101681e-06
1.751677594089114e-05 -1.281948092366084e-05 -2.608970854271949e-06 1.249517733064999e-06
1.868330863393268e-05 -1.001380671541423e-05 -2.676514370728846e-06 1.147455652068913e-06
1.751394531179424e-05 -8.157859023409634e-06 -2.613857605217199e-06 1.045525761060906e-06
-3.040445433670070e-06 -7.686320464591210e-07 6.698485894943761e-07 1.363276215022328e-08
-2.886751395497255e-06 -1.426291867268629e-07 6.140347268615357e-07 -1.837680170760696e-07
-3.041822239899843e-06 2.330735344103335e-07 6.621755319644015e-07 -2.897430047868124e-07
1.703340128164485e-05 -1.138759318501500e-05 -2.608313387104764e-06 1.212963468564758e-06
1.603618468111525e-05 -1.254241639074519e-05 -2.533862474695413e-06 1.294402923941607e-06
1.460938354733466e-05 -1.210804039536848e-05 -2.435355430027049e-06 1.288369242652448e-06
1.658121995191381e-05 -9.422792860301131e-06 -2.584385491392543e-06 1.101013338537324e-06
1.606353126890012e-05 -7.797320133066720e-06 -2.573786459619439e-06 1.014712033914436e-06
-2.006294259134022e-06 -7.858823626725626e-07 3.341458577336838e-07 7.786387100831944e-09
-2.005660396194657e-06 2.507039565445995e-07 3.467730653882748e-07 -2.756018894526447e-07
-1.469818363542158e-06 -2.677034128882409e-07 1.827168421450884e-07 -1.126636340870267e-07
1.325334923377391e-05 -1.151363671390956e-05 -2.355664844774688e-06 1.260274831992798e-06
1.441876905504926e-05 -1.062497739875527e-05 -2.431221213416866e-06 1.202667857408600e-06
1.491333522403203e-05 -8.761053759532926e-06 -2.491831391106401e-06 1.093117294181250e-06
1.471579815622323e-05 -7.198159647241155e-06 -2.493667921040407e-06 9.753178938796977e-07
-8.886749303195343e-07 -8.818692965162090e-07 -5.416778587961249e-09 6.991006284590196e-08
-8.888978736840589e-07 3.459252799081029e-07 1.884678380940921e-08 -2.159959519546859e-07
-2.278657928614209e-07 -2.681239389378799e-07 -1.427466781689623e-07 -3.271422764571313e-08
1.198034771508715e-05 -1.077905657281354e-05 -2.276635719892666e-06 1.229998549558398e-06
1.081056331005459e-05 -9.913108002220954e-06 -2.152627794745987e-06 1.183952500612172e-06
1.318858470104404e-05 -8.470247287981274e-06 -2.353964621064968e-06 1.107702394209839e-06
1.350819188887358e-05 -6.378482812596623e-06 -2.362605175484991e-06 8.939706629675668e-07
5.302573587838228e-07 -1.089072135695907e-06 -3.328518354484308e-07 1.972775818648301e-07
5.303653421837369e-07 5.529727784823392e-07 -3.076354642616956e-07 -1.686078636685650e-07
1.110757511757609e-05 -8.569351251605818e-06 -2.162228142271854e-06 1.112355411791260e-06
9.754875745675354e-06 -8.922950617773472e-06 -2.074835109094537e-06 1.142163089523219e-06
1.160670757882776e-05 -7.045227793385218e-06 -2.192619713496327e-06 9.827610827657387e-07
1.247367026311479e-05 -5.373336982012240e-06 -2.266827357949116e-06 8.201659143179568e-07
1.365050817441485e-06 -2.680668331218465e-07 -5.276058720008930e-07 4.512588539448181e-08
2.357228524081420e-06 -1.388041358958835e-06 -7.050462087274771e-07 2.539625767893860e-07
2.355973238306784e-06 8.545869250775522e-07 -7.140094235393508e-07 -1.468285755635109e-07
8.820016729378772e-06 -7.828695043136037e-06 -2.004484488629185e-06 1.122727831932573e-06
8.023703208766293e-06 -6.648406722352424e-06 -1.854119383278653e-06 9.929366912361725e-07
7.368711097015161e-06 -5.386650979752622e-06 -1.727184834888269e-06 8.448189941504182e-07
1.059172906703553e-05 -5.667122778658542e-06 -2.132207544030439e-06 8.751078009188397e-07
1.163930626716573e-05 -4.217725167801685e-06 -2.225608635098115e-06 7.054659600558841e-07
3.154637226726803e-06 -2.705897811584625e-07 -8.391175422513712e-07 6.879158502265755e-08
4.132771911596797e-06 -1.682469717713803e-06 -1.031789773679487e-06 3.592569420230536e-07
4.132772782111043e-06 1.161653625474964e-06 -1.016438551963024e-06 -1.814258712415425e-07
8.702891835184067e-06 -5.390693586373919e-06 -1.926678022555639e-06 8.489989769476909e-07
6.861143633076414e-06 -4.062105098198318e-06 -1.623089781648893e-06 6.938868823004126e-07
5.759241747202796e-06 -1.933186487727048e-06 -1.329790343040062e-06 4.079845334743300e-07
6.242666359935809e-06 -2.179594907321871e-06 -1.438469982667329e-06 4.498499382020808e-07
6.511776656531212e-06 -2.676246861072832e-06 -1.514036610288404e-06 5.256225570445289e-07
9.878543575727276e-06 -4.047269082684877e-06 -2.070604809134949e-06 7.020918407064054e-07
1.102523118089009e-05 -2.956658364867498e-06 -2.212430707739597e-06 6.046764428836373e-07
5.012773033911437e-06 -4.765232442189774e-07 -1.195381249542671e-06 1.519870296555139e-07
5.733652781684949e-06 1.381456700972678e-06 -1.316711224675161e-06 -2.119087372500761e-07
7.782423602656737e-06 -3.118043326462440e-06 -1.740168487046951e-06 5.965660153548414e-07
6.260158808441026e-06 -1.187071608222581e-06 -1.425876395510126e-06 2.802402028035513e-07
6.832361655305552e-06 -2.005661900848039e-06 -1.550365987322213e-06 4.234332869310166e-07
9.353971429562566e-06 -2.564019618932685e-06 -1.983376342462431e-06 5.525962712373638e-07
1.065712324181338e-05 -1.636343858055500e-06 -2.216862059538361e-06 4.133012218341416e-07
6.266391000731751e-06 4.218448760733839e-07 -1.411067456429793e-06 -1.487467667537906e-08
6.177577973728841e-06 1.625433886314642e-06 -1.364667808436192e-06 -2.600770148994534e-07
8.051247790274037e-06 -8.775226852081813e-07 -1.732442910034713e-06 2.682311141040906e-07
1.054849349763108e-05 -2.912706080122209e-07 -2.234223912299685e-06 1.655226583297398e-07
1.075113700916201e-05 1.064367175096912e-06 -2.338579532708552e-06 -1.247471127928258e-07
7.205012098130060e-06 1.290422939866621e-06 -1.565038609987266e-06 -1.758787221352715e-07
6.429011831773234e-06 2.161666013050181e-06 -1.383565930288575e-06 -3.825040029601430e-07
6.724752277666724e-06 3.667393270350020e-06 -1.405803613803413e-06 -7.585143721224337e-07
9.368374574644223e-06 1.218040907034628e-06 -2.020184758528039e-06 -1.446579513013520e-07
7.198047136772950e-06 5.176192583377805e-06 -1.490057794321275e-06 -1.155681890870661e-06
1.124633351907711e-05 2.450080705853694e-06 -2.496804294865028e-06 -4.375569931607006e-07
8.062853432266724e-06 3.704314639097451e-06 -1.723620385449416e-06 -7.538284678804069e-07
1.008915215423034e-05 3.821725186077398e-06 -2.191470210559324e-06 -7.947689930748809e-07
7.880402212742947e-06 6.637767791097809e-06 -1.654618837115127e-06 -1.556813426145011e-06
1.202998168860414e-05 3.825090229213782e-06 -2.716216492379982e-06 -8.103791664415009e-07
1.143205361520414e-05 5.224985090632915e-06 -2.537736343096555e-06 -1.209634574135643e-06
9.964409436027596e-06 6.120026914182919e-06 -2.155104669062565e-06 -1.432653550309084e-06
8.746249239302529e-06 8.078251061063438e-06 -1.883702866631856e-06 -1.961247514341284e-06
9.832667143413179e-06 9.455332153685019e-06 -2.196940163664769e-06 -2.358882769140198e-06
1.311308960876486e-05 5.121704845280900e-06 -2.998886694206341e-06 -1.193752503957999e-06
1.236293003584519e-05 6.849384403436506e-06 -2.788592100537658e-06 -1.686263303331968e-06
1.147067142134834e-05 8.918719259130655e-06 -2.612801562870793e-06 -2.237460443707493e-06
1.108757221448160e-05 1.074662867653258e-05 -2.540638334457915e-06 -2.714130148272209e-06
1.445775920459501e-05 6.289914407080061e-06 -3.360574241729956e-06 -1.524385816159546e-06
1.406277571086666e-05 8.918190158585345e-06 -3.251471243979379e-06 -2.252963060057650e-06
1.253554374917969e-05 1.189495824331036e-05 -2.901279351057025e-06 -3.034493231529699e-06
1.416815765320608e-05 1.290379359312995e-05 -3.322296371922827e-06 -3.325919438931813e-06
1.593754484327924e-05 1.375570755825472e-05 -3.755220960780606e-06 -3.538274544164907e-06
1.607017356033290e-05 9.495444954230778e-06 -3.824687719859923e-06 -2.408431379011048e-06
1.604948119361755e-05 7.278362066512283e-06 -3.817571907513733e-06 -1.790052195890922e-06
1.566656468173286e-05 1.174937472972704e-05 -3.697760882288441e-06 -3.040817124365636e-06
1.784802011942629e-05 1.438905327997358e-05 -4.227515566119787e-06 -3.691421010145747e-06
1.986692380461716e-05 1.481606923532441e-05 -4.755781821997905e-06 -3.795031713019828e-06
1.770775652005750e-05 9.994585024633280e-06 -4.266328587826911e-06 -2.552466552184151e-06
1.786592482086978e-05 8.002461534723860e-06 -4.311938398422316e-06 -2.015440609862540e-06
2.194672442648245e-05 1.500505045832956e-05 -5.282042913958096e-06 -3.838240349264692e-06
1.959836700488796e-05 1.188682671401249e-05 -4.712413974812410e-06 -3.053748162426294e-06
1.984551877219998e-05 8.423591588256888e-06 -4.775218753471900e-06 -2.176762538223974e-06
2.239974266092613e-05 1.221284907878255e-05 -5.407126788196809e-06 -3.151832848743385e-06
2.430952544032231e-05 1.508749386221370e-05 -5.877523649278191e-06 -3.849856855389961e-06
2.192346626397928e-05 8.536688007513920e-06 -5.273090917859304e-06 -2.239665819913105e-06
2.762923891033115e-05 1.516983840928929e-05 -6.707493729699387e-06 -3.887464298740575e-06
2.497471152002421e-05 1.060537042984098e-05 -6.038182236995555e-06 -2.773841599543699e-06
2.430473821638009e-05 8.455981415651977e-06 -5.863990888670383e-06 -2.236479369870722e-06
3.235425688536433e-05 1.529436810030729e-05 -7.839021948473321e-06 -3.929088428975637e-06
2.998091466021965e-05 1.149869081021122e-05 -7.257882724473021e-06 -2.976937122883228e-06
2.763114794860036e-05 8.351790057864849e-06 -6.680918958990968e-06 -2.210819968879169e-06
3.881610678952005e-05 1.542533319009258e-05 -9.440039272803227e-06 -4.058353902395781e-06
3.554841755289543e-05 1.176910716019772e-05 -8.563021035029154e-06 -3.069604197704809e-06
3.235472020835379e-05 8.234954216366796e-06 -7.739929804156320e-06 -2.205148850607992e-06
4.575742226553636e-05 1.553209539782005e-05 -1.130217301412283e-05 -4.139294813414103e-06
4.225422017485513e-05 1.176998586152293e-05 -1.033560679420588e-05 -3.079557227751109e-06
3.881568584977597e-05 8.112301590245688e-06 -9.341852567026526e-06 -2.105705362885807e-06
5.287225422330295e-05 1.561731879718551e-05 -1.351177083105363e-05 -4.289654494932947e-06
4.928842039648725e-05 1.177152855259530e-05 -1.237124822518881e-05 -3.075004225407783e-06
4.575680280397746e-05 8.009290517988487e-06 -1.125964101034332e-05 -2.026235307205419e-06
6.012422944185133e-05 1.568271716407786e-05 -1.588394825880140e-05 -4.369570947499156e-06
5.647806110214052e-05 1.177278523850137e-05 -1.468907955139469e-05 -3.052654298839287e-06
5.287189985360734e-05 7.926989639641095e-06 -1.346717189720047e-05 -1.833060757598601e-06
6.747810616542342e-05 1.572976183130815e-05 -1.838332100811924e-05 -4.379638248808519e-06
6.378665083225808e-05 1.177378982238452e-05 -1.711990418675660e-05 -3.030958258577813e-06
6.012393017649032e-05 7.863966882957942e-06 -1.584052338293460e-05 -1.678738844215766e-06
7.490175638174098e-05 1.576057636963009e-05 -2.099231408134411e-05 -4.430968250438671e-06
7.118047233031297e-05 1.177453980332794e-05 -1.965411434050300e-05 -3.011105604192151e-06
6.747771893693852e-05 7.818669538873952e-06 -1.832567990195544e-05 -1.653311349888186e-06
8.236709928606335e-05 1.577801181531107e-05 -2.366036218108209e-05 -4.452741620144969e-06
7.862920582560834e-05 1.177504133210621e-05 -2.229454219629297e-05 -3.021984277994883e-06
7.490134513660966e-05 7.789012087288687e-06 -2.088560738591802e-05 -1.628098516430847e-06
8.985231715318505e-05 1.578575659034943e-05 -2.626551858049269e-05 -4.395179431723680e-06
8.610760670573659e-05 1.177540546392832e-05 -2.492304732765270e-05 -3.065634806254135e-06
8.236679842548133e-05 7.772363785319664e-06 -2.349203448837730e-05 -1.646078422517157e-06
9.734404156862035e-05 1.578846930747069e-05 -2.876512998371079e-05 -4.326584539762809e-06
9.359761697810926e-05 1.177577033068467e-05 -2.748931361457851e-05 -3.085844870876813e-06
8.985213707900287e-05 7.765337276978586e-06 -2.611374632016480e-05 -1.735673666867825e-06
1.133926331560380e-04 1.534816691404980e-05 -3.317271100484495e-05 -4.026220780764255e-06
1.123285666541190e-04 1.578892292305636e-05 -3.288909154011611e-05 -4.146957003039861e-06
1.007001531619941e-04 1.177602755405594e-05 -2.971753917813470e-05 -3.117358117830202e-06
1.048365237959956e-04 1.578896465182294e-05 -3.087711418526675e-05 -4.223373318865165e-06
9.734386374131395e-05 7.763364819763571e-06 -2.865094633972347e-05 -1.860837686916407e-06
1.138333815825363e-04 1.428409205858107e-05 -3.328954588596655e-05 -3.737351558391154e-06
1.113155150336214e-04 1.177605327761182e-05 -3.262234136185653e-05 -3.075535118770387e-06
1.048364578069135e-04 7.763103271248447e-06 -3.086784597292388e-05 -1.956885846362469e-06
1.138333042512526e-04 9.268054224330646e-06 -3.326047995018497e-05 -2.429132789781292e-06
1.123284799562748e-04 7.763226945553706e-06 -3.286156928767728e-05 -2.027311146135829e-06
1.133925499545585e-04 8.203982651843866e-06 -3.314318495338420e-05 -2.146192628042767e-06
