-1.407093727367318e-04 1.868034449079756e-05 3.662825148463796e-06 2.378331199946776e-07
-1.412759407065357e-04 1.731269374613917e-05 3.648658729854991e-06 2.169546321399028e-07
-1.412760114334219e-04 1.086516002788701e-05 3.572190967201890e-06 1.072269393994823e-07
-1.407094562234497e-04 9.497536185364824e-06 3.579935137867198e-06 8.044394477733412e-08
-1.393415994770706e-04 1.924681956513132e-05 3.690084230699708e-06 2.460045769689154e-07
-1.367758790901594e-04 1.408896158247852e-05 3.694783788577187e-06 1.785795187703182e-07
-1.393417075046607e-04 8.931075213201576e-06 3.603659966677040e-06 6.953786773494626e-08
-1.297104609007504e-04 1.924503552070961e-05 3.876374157326350e-06 2.196229955300492e-07
-1.297106246729481e-04 8.933163358815223e-06 3.780624096605781e-06 9.439724630637793e-08
-1.243951005367521e-04 1.408929397904098e-05 3.868628770131183e-06 1.637913405489887e-07
-1.200865410410532e-04 1.923641654585685e-05 3.973382443526131e-06 1.591393305209591e-07
-1.200863215790934e-04 8.942247948699719e-06 4.002480023513443e-06 -2.340345774147299e-09
-1.152808346995275e-04 1.408975140858107e-05 3.995283463041640e-06 2.183049479654032e-07
-1.104870599056163e-04 1.921727532582895e-05 4.016954435787274e-06 1.878618527653380e-07
-1.104862158326495e-04 8.962405819107848e-06 4.353844489261519e-06 3.673599955475730e-09
-1.057004469127448e-04 1.409022901035480e-05 4.139165867722184e-06 1.776395539188775e-07
-1.009349127634445e-04 1.918424612501660e-05 4.152255942765520e-06 1.987895079093417e-07
-1.009338003129375e-04 8.996734848843368e-06 4.500377306156349e-06 4.695718236477248e-08
-9.618156136646721e-05 1.409078765540119e-05 4.327006171078391e-06 1.434440666438444e-07
-9.145964257770519e-05 1.913486530052518e-05 4.268204227902374e-06 1.747436416593681e-07
-9.145863992249203e-05 9.047451802264883e-06 4.600320339796435e-06 9.906699967672553e-08
-8.675539309288167e-05 1.409148490675459e-05 4.429865871179125e-06 1.146471225220924e-07
-8.209370525552549e-05 1.906800119590452e-05 4.321409252027454e-06 9.373168970993870e-08
-8.209316662809654e-05 9.115931513610716e-06 4.577230970372671e-06 1.695242626854799e-07
-7.745522039247839e-05 1.409230279346856e-05 4.329200933069801e-06 1.002637232552655e-07
-7.287027942322998e-05 1.898352524908418e-05 4.240193929790878e-06 2.751330211350887e-08
-7.287043642646764e-05 9.202227520117090e-06 4.438648099848931e-06 2.869184183041714e-07
-6.831427012703869e-05 1.409321371875588e-05 4.066878315551226e-06 8.805044498281665e-08
-6.382271813174663e-05 1.888090323733459e-05 4.013156484717860e-06 -6.758693677944051e-08
-6.382326731264420e-05 9.306601378112957e-06 4.003777183960733e-06 3.980974930858049e-07
-5.936582694142193e-05 1.409418608506731e-05 3.633348628458976e-06 1.056509717694685e-07
-5.498505969802852e-05 1.875899251731025e-05 3.472772172408892e-06 -2.706639184190208e-07
-5.498537844308652e-05 9.430157565420084e-06 3.314996489350024e-06 4.574175887028712e-07
-5.064462432411362e-05 1.409493509289230e-05 3.008170540205603e-06 9.493535290649133e-08
-4.639346851138367e-05 1.861430808888421e-05 2.602175972992154e-06 -3.831953392557426e-07
-4.639294731599025e-05 9.576860883036791e-06 2.544279225287699e-06 5.015660991456512e-07
-4.235683046502552e-05 1.409428253024081e-05 2.152452826161329e-06 7.915697802573404e-08
-3.842063443323430e-05 1.844578612666758e-05 1.606315335496747e-06 -4.996185284505734e-07
-3.841937880650265e-05 9.752972719816718e-06 1.634162212435690e-06 5.516988427012929e-07
-3.549672937192207e-05 1.442511242921325e-05 1.269544676542767e-06 3.492086215245605e-08
-3.261285286746227e-05 1.828508027732465e-05 8.782748304396981e-07 -4.775655459307812e-07
-3.260839834316321e-05 9.919894766933612e-06 9.342688721492936e-07 5.887446778387233e-07
-2.854189921638882e-05 1.814066645772665e-05 3.669054733713297e-07 -4.274337075768136e-07
-2.929161637774449e-05 1.549277255297576e-05 4.437238322880233e-07 -1.195968635537259e-07
-2.853421930921980e-05 1.002915498107913e-05 3.571344545751841e-07 5.230819381507051e-07
-2.566264104666134e-05 1.014785704534769e-05 5.543091211736903e-08 4.478028778304289e-07
3.617068293334752e-06 4.774194336683728e-07 1.240108970313511e-07 -2.945351756468793e-07
3.689161235487522e-06 3.040443808174596e-07 1.299944211542433e-07 -3.039267171304494e-07
3.688802701315971e-06 -3.416867999092212e-07 1.368366257944573e-07 -3.436341744870881e-07
3.617091784886182e-06 -5.126390580593733e-07 1.313393784484370e-07 -3.581216301467707e-07
-2.565164541906794e-05 1.803711021379134e-05 8.523276313296922e-08 -4.100175691723497e-07
-2.312187627606817e-05 1.779784517146526e-05 -1.883095712116639e-07 -3.587857224213255e-07
-2.504173322594606e-05 1.311287028210702e-05 -2.381438749632517e-08 1.590434512657035e-07
-2.308620766035519e-05 1.005307782402887e-05 -2.510916551391053e-07 3.865402466264443e-07
3.444444239542321e-06 5.491171381544922e-07 1.113165699075270e-07 -2.909810502735180e-07
3.270522237272199e-06 -1.590351353176978e-07 9.454779183845922e-08 -3.280382581604990e-07
3.445982774073199e-06 -5.839721131853858e-07 1.156400782527582e-07 -3.633036800776246e-07
-2.229156720890458e-05 1.538628184161373e-05 -2.925119731123841e-07 -8.887860428462895e-08
-2.068236901023017e-05 1.725445906251365e-05 -3.753940939482557e-07 -2.288373440062071e-07
-1.838893987501555e-05 1.648202446686951e-05 -5.169163436519459e-07 -9.214904850241112e-08
-2.153190216646052e-05 1.215611076620554e-05 -3.889238511261932e-07 2.246118800210887e-07
-2.068949315606502e-05 9.567718153466458e-06 -4.284322888746936e-07 3.084214554679560e-07
2.274536518892480e-06 5.681980331394887e-07 -8.155398222222201e-09 -2.751739392183798e-07
2.273877133167926e-06 -6.037198629753436e-07 -7.896402616636658e-09 -3.206333731977131e-07
1.668286907178306e-06 -1.743269938016691e-08 -5.161656858902258e-08 -2.759131939029697e-07
-1.627662042745165e-05 1.544605352282012e-05 -6.266809597671719e-07 4.853419514772628e-08
-1.805983716967181e-05 1.406915800760714e-05 -5.634474038369545e-07 1.156240668441291e-07
-1.884018635865497e-05 1.111805317436849e-05 -4.989007859470475e-07 2.420379704086166e-07
-1.851126154472408e-05 8.732493510578524e-06 -5.000526754285743e-07 2.354759013733005e-07
1.011596798858017e-06 6.768808833654908e-07 -8.925848003242521e-08 -2.533231851382425e-07
1.012154023425892e-06 -7.103239085675591e-07 -5.954515340931852e-08 -2.589781577478856e-07
2.653560981762091e-07 -1.596843791062743e-08 -7.433972788072457e-08 -2.419111203354713e-07
-1.433490768704782e-05 1.422944803467132e-05 -6.698675240909940e-07 1.146670465666598e-07
-1.262449669064002e-05 1.285412169987886e-05 -5.706761073371849e-07 1.317724236781210e-07
-1.614662748150225e-05 1.067631192179679e-05 -6.105410120185276e-07 2.062376438248580e-07
-1.660397238769909e-05 7.573322075747452e-06 -5.909315122308056e-07 1.614656144905092e-07
-5.914381354674077e-07 9.127398653697030e-07 -8.903089890477019e-08 -2.055555117194769e-07
-5.910504481257158e-07 -9.431142733818686e-07 -1.034602597717405e-07 -2.660111048723592e-07
-1.306115059462777e-05 1.080452760798403e-05 -5.629653845908933e-07 1.464532148609787e-07
-1.114783770633165e-05 1.131312350271477e-05 -5.144493148727192e-07 1.490911847870195e-07
-1.377394692676352e-05 8.570628560965729e-06 -5.636491569495499e-07 1.405101373011196e-07
-1.500576320622471e-05 6.193635697183021e-06 -5.886825375014885e-07 7.869024607660138e-08
-1.534758477535550e-06 -1.416460718698786e-08 -1.410906228572578e-07 -2.205155143837083e-07
-2.656996568254351e-06 1.253041341240006e-06 -2.130092890547395e-07 -1.346957616594345e-07
-2.654533478086760e-06 -1.282769851068656e-06 -2.040388496703913e-07 -2.661616887444894e-07
-9.868528629570955e-06 9.672177132765049e-06 -4.679131438327296e-07 1.615134241871231e-07
-8.858842186841872e-06 8.001729956975699e-06 -4.066551168376821e-07 8.190239104317122e-08
-8.094481835108841e-06 6.257590921220003e-06 -3.725980962680744e-07 -3.255926361926402e-09
-1.233485855256989e-05 6.618005286034509e-06 -5.103605386057442e-07 6.467820556914385e-08
-1.373943874909535e-05 4.670961859302398e-06 -5.525148119138470e-07 -1.853975783034679e-08
-3.558063963323266e-06 -8.829043612635637e-09 -2.694497390498958e-07 -1.879215204483590e-07
-4.664035139441369e-06 1.586892157838497e-06 -3.350564719825172e-07 -1.262951711168081e-07
-4.664834325801541e-06 -1.630598844797656e-06 -3.093392606782224e-07 -2.526909929795070e-07
-9.796989550018020e-06 6.242538268939822e-06 -4.338015075838350e-07 8.210941362870610e-09
-7.530592419309284e-06 4.505946894671589e-06 -3.514130724075776e-07 -7.598542233677830e-08
-6.466176310508224e-06 1.868165227069097e-06 -3.267335075602154e-07 -1.570526343400524e-07
-6.976858121441696e-06 2.156293973276446e-06 -3.361039027240106e-07 -1.474952800698532e-07
-7.232001162535673e-06 2.753966569705423e-06 -3.449810347809285e-07 -1.252961048624466e-07
-1.134459350583466e-05 4.453287023900227e-06 -4.660678954403978e-07 -4.189123289040341e-08
-1.279311410696910e-05 3.079840405005397e-06 -5.177306010724546e-07 -9.221125176386957e-08
-5.656830017247961e-06 2.276119697282540e-07 -3.474463386295558e-07 -1.634338496298034e-07
-6.516606957828653e-06 -1.884784328537883e-06 -3.575122131104155e-07 -2.150860903695619e-07
-8.714707881784938e-06 3.277960588319155e-06 -3.861203630444755e-07 -1.078362330202794e-07
-7.034005124199029e-06 1.015884638349454e-06 -3.399711638321284e-07 -1.726711507525385e-07
-7.641216125847386e-06 1.951606393423687e-06 -3.556310017464357e-07 -1.500366255696485e-07
-1.065708950840400e-05 2.591286031648983e-06 -4.342474132169703e-07 -1.231531170607370e-07
-1.218799370511089e-05 1.495826132752292e-06 -4.744447572999742e-07 -1.733897755813189e-07
-7.107818785230841e-06 -8.090316608579119e-07 -3.664476718433084e-07 -1.838933811434838e-07
-7.060695934263840e-06 -2.156423371894438e-06 -3.779949978721542e-07 -2.086778075478374e-07
-9.089001173296000e-06 6.011438649364589e-07 -3.977916526288520e-07 -1.884443297156367e-07
-1.195862803411335e-05 -5.849107313225701e-08 -4.478851789252484e-07 -2.126423616526426e-07
-1.203382183538597e-05 -1.553948035177870e-06 -4.104853797543710e-07 -1.948691816169348e-07
-8.206961470422205e-06 -1.803910654443250e-06 -4.055803047386059e-07 -1.981105242772578e-07
-7.384589319070252e-06 -2.725704972378220e-06 -3.913804788709196e-07 -1.981397019749880e-07
-7.793185309508440e-06 -4.270954887551855e-06 -3.919946138838928e-07 -1.726386705985106e-07
-1.055498968680385e-05 -1.763434541609376e-06 -4.292916514715371e-07 -1.989381117019035e-07
-8.377724674788389e-06 -5.730983321849377e-06 -3.843311747002594e-07 -1.677691609610595e-07
-1.242461616109183e-05 -3.050744246618084e-06 -3.815539478903189e-07 -1.781884975769168e-07
-9.202045991547157e-06 -4.336604775204449e-06 -4.007200675626421e-07 -1.640471237742479e-07
-1.123836895046859e-05 -4.450806909485088e-06 -4.049549164336382e-07 -1.574119250696314e-07
-9.114659060258233e-06 -7.108195899208295e-06 -3.849654580120397e-07 -1.636865493908433e-07
-1.307923024453694e-05 -4.452366627825227e-06 -3.861929350716600e-07 -1.715356221151797e-07
-1.248268319533382e-05 -5.805004751768134e-06 -4.127806304907760e-07 -1.580713569416779e-07
-1.112223079285915e-05 -6.639571183307797e-06 -4.204240439820111e-07 -1.460675357742670e-07
-1.000087560844329e-05 -8.389351858017290e-06 -4.036950398307629e-07 -1.542778717167943e-07
-1.102487839771918e-05 -9.560833033213058e-06 -4.256402807280633e-07 -1.481617024853051e-07
-1.397155767119855e-05 -5.727186422919039e-06 -4.127140894907323e-07 -1.726124021619498e-07
-1.329638017616919e-05 -7.289785472064089e-06 -4.395885216035843e-07 -1.410424618595357e-07
-1.250875053707062e-05 -9.089190210089914e-06 -4.493572051672785e-07 -1.386773022757374e-07
-1.217512763854287e-05 -1.060878181762646e-05 -4.423843174212950e-07 -1.401021409228250e-07
-1.507106458307038e-05 -6.827489216074527e-06 -4.208508611016495e-07 -1.564923086563064e-07
-1.472706358863613e-05 -9.070798252406544e-06 -4.470490620276102e-07 -1.333902670739811e-07
-1.343612731807069e-05 -1.151947649490360e-05 -4.351731927914328e-07 -1.271008521585728e-07
-1.479203830805439e-05 -1.228122849609525e-05 -4.322701493882746e-07 -9.252459410457958e-08
-1.622581070024932e-05 -1.288450453134273e-05 -4.242616646667858e-07 -4.981372178003517e-08
-1.635143655184216e-05 -9.544317873229175e-06 -4.421693176417780e-07 -1.286094038325603e-07
-1.634464766071647e-05 -7.719617348192830e-06 -4.396256003195031e-07 -1.666032205049321e-07
-1.603131410881233e-05 -1.134090656966100e-05 -4.367297845886924e-07 -9.502292885517397e-08
-1.771862763056555e-05 -1.332128024095206e-05 -4.015949049924713e-07 -9.738332285272085e-09
-1.925201083040995e-05 -1.358621519061035e-05 -3.386769344993447e-07 4.473152560032129e-08
-1.763548352040521e-05 -9.949505741412867e-06 -4.126717653132767e-07 -1.191514284341431e-07
-1.775373924838490e-05 -8.376462175397436e-06 -4.088646327920092e-07 -1.723180601607671e-07
-2.080575008764003e-05 -1.367547071224381e-05 -2.388802371176746e-07 8.327457656456925e-08
-1.908123245817843e-05 -1.139908561211674e-05 -3.681345548244335e-07 -7.182324672304105e-08
-1.925592419944856e-05 -8.778042622950284e-06 -3.458785399603677e-07 -1.814812511088624e-07
-2.114978308465081e-05 -1.162949851604261e-05 -2.110469272896807e-07 -4.297383711795365e-08
-2.251656936454919e-05 -1.367668872358857e-05 -9.432036810848439e-08 9.434253876232536e-08
-2.080567084013324e-05 -8.912581709201591e-06 -2.508170539543610e-07 -1.949698338598210e-07
-2.487154475166655e-05 -1.367790719106863e-05 7.407020831169625e-08 9.445246181358131e-08
-2.301294346740074e-05 -1.046694250764340e-05 -5.805895179271605e-08 -9.192088766261916e-08
-2.251665322533711e-05 -8.911184430740098e-06 -1.036342395677297e-07 -1.910158036060686e-07
-2.811012089639546e-05 -1.367948116104026e-05 1.985791421617727e-07 5.119598983251360e-08
-2.650731911753679e-05 -1.110715860146010e-05 1.555905809968398e-07 -2.709240906961528e-08
-2.487168019135195e-05 -8.909240074695665e-06 5.677766502278330e-08 -1.502971178317241e-07
-3.238629554627758e-05 -1.367996321557698e-05 1.847908850341362e-07 -5.242573607700812e-08
-3.024812707445177e-05 -1.129353676019752e-05 2.258456370909146e-07 -4.461747677415831e-09
-2.811015585124260e-05 -8.907521391987745e-06 1.910758269765877e-07 -6.725327899638502e-08
-3.684137883948976e-05 -1.367892653714654e-05 3.178694365695566e-08 -6.576377141588388e-08
-3.461427252442951e-05 -1.129349906604399e-05 1.146309417977632e-07 -3.338795619429178e-09
-3.238630943750596e-05 -8.907067971405439e-06 1.879800517505640e-07 4.499202048184416e-08
-4.129370884248396e-05 -1.367809120903559e-05 -7.630568268211406e-08 1.705066577764694e-08
-3.906790906302958e-05 -1.129355632684573e-05 -4.641876965378613e-08 2.323915764845504e-08
-3.684137070528533e-05 -8.908081547014955e-06 2.243112966783559e-08 8.264689337285531e-08
-4.574460497032462e-05 -1.367824415662395e-05 -9.352696744071930e-08 6.927844617506778e-08
-4.351915597242661e-05 -1.129386795091062e-05 -1.000304424032371e-07 5.546080718679947e-08
-4.129360172140770e-05 -8.909317237826954e-06 -8.703905389579262e-08 6.786941912909565e-08
-5.019603184974421e-05 -1.367913924106938e-05 -1.058186545298968e-08 8.925267641952928e-08
-4.797003204118989e-05 -1.129424647627517e-05 -6.795888892495746e-08 4.578446431787729e-08
-4.574446801331059e-05 -8.909868262430421e-06 -9.179122664332652e-08 2.726160274415857e-08
-5.464893260545014e-05 -1.367980283615471e-05 7.147362755680695e-08 1.206438137487513e-08
-5.242225797766905e-05 -1.129454758925862e-05 6.010851472338556e-08 3.202178135480040e-08
-5.019594232580012e-05 -8.909662681157096e-06 -2.594569641083484e-09 -7.320932203714985e-09
-5.910209602249608e-05 -1.367978234849865e-05 1.419379381296143e-08 7.626064623844564e-09
-5.687558006197539e-05 -1.129476457783988e-05 4.744516720360808e-08 2.493444704052714e-08
-5.464885314018413e-05 -8.909529580049732e-06 7.026734193292738e-08 4.641131684790669e-08
-6.355452913493778e-05 -1.367960226442977e-05 -3.687409186945518e-08 5.302560131995066e-09
-6.132841420507427e-05 -1.129485476017563e-05 -1.323797921278092e-08 1.585164205275951e-08
-5.910207210300291e-05 -8.909862531042321e-06 1.808534670034587e-08 3.587933564691040e-08
-6.800666979114728e-05 -1.367968020344348e-05 -2.659982433405114e-08 -8.465552658332936e-09
-6.578058465599744e-05 -1.129487828937231e-05 -3.775409283259533e-08 -1.197846412390849e-08
-6.355453784549435e-05 -8.910120491126343e-06 -2.507013817084097e-08 -3.797947276976419e-09
-7.754429322884859e-05 -1.341807573432680e-05 -3.159398393099712e-08 -3.917871445466152e-08
-7.691188990419647e-05 -1.368002513958199e-05 -1.900426188758421e-08 -4.249022718841543e-08
-7.000098249764670e-05 -1.129498682548694e-05 3.616821371746806e-09 -2.226152922336049e-08
-7.245906760104373e-05 -1.367995884515660e-05 4.196357131582350e-08 -2.148532617802049e-08
-6.800662036276367e-05 -8.910177531713816e-06 -2.343043351769693e-08 -3.235198094555390e-08
-7.780624379934403e-05 -1.278567469754818e-05 -3.699414160166977e-08 -2.953555996542620e-08
-7.630980312144601e-05 -1.129508717800841e-05 -4.115226130000485e-09 -4.353896105083780e-09
-7.245904231724600e-05 -8.910120762988857e-06 3.492615814810573e-08 -1.137589423912408e-08
-7.780624843157562e-05 -9.804498430366939e-06 -3.782614296868226e-08 2.264748207463470e-08
-7.691188652347726e-05 -8.910135741165539e-06 -2.198860666964660e-08 3.258133235096211e-08
-7.754429585052251e-05 -9.172089179706376e-06 -3.295831245300330e-08 3.039603224292950e-08
