1.127556275159007e-06 1.160583158419978e-06 -4.277157061168624e-05 5.119241668068799e-06
1.169510581444380e-06 1.261689050063876e-06 -4.292136033291384e-05 4.742929314564759e-06
1.169236972220660e-06 1.738950168634035e-06 -4.281185323662451e-05 2.962916986371323e-06
1.127239289156384e-06 1.840114045465599e-06 -4.264826931685839e-05 2.579552539503394e-06
1.026302085429569e-06 1.118738106943341e-06 -4.240258904975882e-05 5.275360334275832e-06
8.356209826531932e-07 1.500370542317190e-06 -4.163211148265902e-05 3.827550246431149e-06
1.025913475784997e-06 1.881984770673690e-06 -4.226082617562421e-05 2.420341032983379e-06
3.123848598340362e-07 1.121076713357200e-06 -3.975363029494472e-05 5.281442849463157e-06
3.118637409204122e-07 1.879773417535867e-06 -3.958253166409473e-05 2.395533261658602e-06
-8.015246062848259e-08 1.500454290067866e-06 -3.814574684114858e-05 3.861563015489369e-06
-3.935357885620593e-07 1.130581222874704e-06 -3.686577404549938e-05 5.484598996724655e-06
-3.936463501127767e-07 1.870284926952059e-06 -3.675419966184939e-05 2.390874845436321e-06
-7.392041066377072e-07 1.500692359575748e-06 -3.539536250265938e-05 3.810335052437786e-06
-1.072933208641524e-06 1.150431149804575e-06 -3.377383162688361e-05 5.519956711243002e-06
-1.072536334894380e-06 1.851182526523611e-06 -3.395665684391078e-05 2.298572977093557e-06
-1.398570775622636e-06 1.500805111291508e-06 -3.236247198026950e-05 3.850149081445851e-06
-1.705841941739719e-06 1.180157946529636e-06 -3.077626121132109e-05 5.402531739719053e-06
-1.705962372041866e-06 1.822148783181510e-06 -3.099799027658610e-05 2.366476400924049e-06
-2.002238032092299e-06 1.501044282114746e-06 -2.942679650866318e-05 3.872352290679795e-06
-2.274722743510425e-06 1.217607239188863e-06 -2.801514974630166e-05 5.300169103692569e-06
-2.275459090118114e-06 1.785134763298752e-06 -2.818010877978652e-05 2.415285056442476e-06
-2.534834787405120e-06 1.501374440985197e-06 -2.672627707653884e-05 3.908324266216972e-06
-2.767226699267751e-06 1.260379890839069e-06 -2.543063204452795e-05 5.306508219176874e-06
-2.768402012247559e-06 1.742978412897897e-06 -2.542301405225382e-05 2.384554219164810e-06
-2.986711290761742e-06 1.501853375627182e-06 -2.409178462539049e-05 3.928451653419964e-06
-3.176517410681177e-06 1.306028230002268e-06 -2.280187619324995e-05 5.322072216429834e-06
-3.177838581943619e-06 1.698144863087226e-06 -2.266363564578754e-05 2.459132553253869e-06
-3.353388223185884e-06 1.502414740466657e-06 -2.152104872220946e-05 3.957767748013041e-06
-3.500225694993330e-06 1.352621628260531e-06 -2.006594469723510e-05 5.394103978044068e-06
-3.501425082034470e-06 1.652400171079874e-06 -1.980150627317651e-05 2.462846616045020e-06
-3.633814903753371e-06 1.502993698318847e-06 -1.885196618049388e-05 3.952731212419014e-06
-3.737435803729354e-06 1.400258451730733e-06 -1.728205813811795e-05 5.422899036374015e-06
-3.738027591999650e-06 1.605723135079801e-06 -1.706231584631289e-05 2.572525388557369e-06
-3.827013635027843e-06 1.503558907564775e-06 -1.621985597021838e-05 3.926074810385989e-06
-3.886114101010481e-06 1.450555730818963e-06 -1.473348203356909e-05 5.313047983760381e-06
-3.886167592239957e-06 1.556593966371585e-06 -1.459348840973989e-05 2.716642993658831e-06
-3.928763749753756e-06 1.504310027931962e-06 -1.373610870119882e-05 3.930143251308787e-06
-3.940501802458578e-06 1.503752667108249e-06 -1.243886524260166e-05 5.297726990976200e-06
-3.940550257307093e-06 1.502290416936342e-06 -1.239407682192203e-05 2.732489124181424e-06
-3.940750218046905e-06 1.507255388759412e-06 -1.165949781405167e-05 4.017933152599214e-06
-3.910946011725276e-06 1.552011076211331e-06 -1.072397736532703e-05 5.281863206132787e-06
-3.912168580809774e-06 1.452704970489682e-06 -1.080857919023020e-05 2.674213919702775e-06
-3.843321919213646e-06 1.594942892152545e-06 -9.471426226890309e-06 5.298363537671654e-06
-3.870537105592051e-06 1.530237443858117e-06 -9.743378142545305e-06 4.401715643469453e-06
-3.845981868364765e-06 1.420718936294441e-06 -9.462386210100799e-06 2.615467868133645e-06
-3.771284962529389e-06 1.385629873937500e-06 -8.505952233553289e-06 2.615204132637551e-06
9.095154721998112e-07 -3.364315301857420e-07 1.210584665686359e-06 -3.869216628146183e-07
9.278030486228175e-07 -3.802480291354230e-07 1.239206402032153e-06 -4.544832258607925e-07
9.277359291230277e-07 -5.442344900462156e-07 1.244238771300621e-06 -7.033069092401973e-07
9.094944341866463e-07 -5.877895852699065e-07 1.216795580359803e-06 -7.697600702777880e-07
-3.774022525526100e-06 1.625838264748085e-06 -8.514842237978345e-06 5.325728396875472e-06
-3.682428811995047e-06 1.649233801077916e-06 -7.590413799318711e-06 5.265109402886041e-06
-3.768528131619361e-06 1.474157670981256e-06 -8.310681931249460e-06 3.609636299129356e-06
-3.695728481532254e-06 1.340222859183774e-06 -7.578933589104937e-06 2.555936748537926e-06
8.658449489657022e-07 -3.184212539490938e-07 1.142499178809365e-06 -3.589995708694421e-07
8.214755790748660e-07 -4.983617567889415e-07 1.078728908100598e-06 -6.280436710584870e-07
8.659275454042565e-07 -6.061629752282117e-07 1.149920664404186e-06 -7.951817683285122e-07
-3.662344293836296e-06 1.568769448313251e-06 -7.294783919215869e-06 4.406357783403197e-06
-3.574725071801237e-06 1.667746742022790e-06 -6.716309946845871e-06 5.078560020819085e-06
-3.445100715137008e-06 1.660873034082555e-06 -5.882731736286277e-06 4.818691829925276e-06
-3.635391493509405e-06 1.423305260050492e-06 -7.003321155109499e-06 3.288026327028467e-06
-3.592362353674849e-06 1.265519703823013e-06 -6.674493684991404e-06 2.380613444014038e-06
5.689186380859822e-07 -3.153650926757010e-07 6.987118085372714e-07 -3.268770292220847e-07
5.680646572215982e-07 -6.130980011533654e-07 7.047757846515539e-07 -7.619833062301353e-07
4.144517202642354e-07 -4.653133905495899e-07 4.716459567740252e-07 -5.333084867631935e-07
-3.292897289982773e-06 1.641986199127997e-06 -5.087006499021238e-06 4.467201432175703e-06
-3.437482865971076e-06 1.539518826853905e-06 -5.765398469455831e-06 3.944234621007828e-06
-3.488066748413011e-06 1.351769731104260e-06 -6.016087174312234e-06 2.918034748888997e-06
-3.474249376750078e-06 1.155621987976773e-06 -5.866575929506333e-06 2.088171354411350e-06
2.478083239004578e-07 -2.900041903295644e-07 2.167894088831657e-07 -2.745232861896096e-07
2.472390741756797e-07 -6.426669165894858e-07 2.298756785037554e-07 -7.744233817691756e-07
5.757052594599154e-08 -4.674245793808041e-07 -3.769711961749920e-08 -5.121962008674431e-07
-3.131908594229131e-06 1.590356949847373e-06 -4.353079740209202e-06 4.023181788910861e-06
-2.952845836335274e-06 1.504364051539205e-06 -3.823593245001431e-06 3.528233695382632e-06
-3.296715466551438e-06 1.313735797049728e-06 -5.032944097102803e-06 2.750661181281180e-06
-3.348738002126751e-06 1.013614586092054e-06 -5.172227296635849e-06 1.719172275379460e-06
-1.599827610160807e-07 -2.328416691346318e-07 -3.072188235306168e-07 -2.221665687088786e-07
-1.606637898490643e-07 -7.043669959208421e-07 -2.934315073887300e-07 -7.724093916573925e-07
-2.996855726855494e-06 1.335320532509149e-06 -3.981428453146282e-06 2.805321261840108e-06
-2.763559740264849e-06 1.392589115582972e-06 -3.334690484503714e-06 2.967016962817391e-06
-3.079391770181064e-06 1.105415345054603e-06 -4.224684248120593e-06 2.054220896403584e-06
-3.225806599050191e-06 8.226985244785352e-07 -4.624374576493677e-06 1.324644851431972e-06
-3.999178330089905e-07 -4.696978462270519e-07 -5.757917819908451e-07 -4.729000491082743e-07
-6.839934214872261e-07 -1.494003532268460e-07 -9.074023060664244e-07 -7.816625456933866e-08
-6.844174548086344e-07 -7.926184212235911e-07 -9.076967825693638e-07 -8.377549012578174e-07
-2.584103397133780e-06 1.242539114488652e-06 -2.906249242127669e-06 2.365886593744109e-06
-2.398238314119786e-06 1.039571179457666e-06 -2.639776458185644e-06 1.886561049234175e-06
-2.218484274210062e-06 8.055570926751289e-07 -2.434437422096015e-06 1.393888036964456e-06
-2.905077100865921e-06 8.692105724771050e-07 -3.735896409988329e-06 1.460726253896028e-06
-3.116778930159021e-06 5.774052231760188e-07 -4.179297158470439e-06 8.704415759957064e-07
-9.129238653353587e-07 -4.710215820951660e-07 -1.165159483043716e-06 -4.607266843623821e-07
-1.193403362769273e-06 -6.561591730523900e-08 -1.464545242093638e-06 -1.369142916981785e-08
-1.193297789887440e-06 -8.817035476573971e-07 -1.471427718277415e-06 -9.456674686954451e-07
-2.524272618790363e-06 8.148638781655484e-07 -2.930060390735390e-06 1.376015969690274e-06
-2.067558185688621e-06 5.272450551981160e-07 -2.282456004139007e-06 8.809220025852825e-07
-1.675600755146584e-06 7.592673835568124e-09 -1.985952284532265e-06 4.803970341978134e-08
-1.829433520533400e-06 7.481102770245775e-08 -2.129484525867857e-06 1.301826876980041e-07
-1.927135527505619e-06 2.032647488198469e-07 -2.198911423828311e-06 3.163241260231934e-07
-2.773741561126325e-06 5.381203248628319e-07 -3.421771699717988e-06 8.080964071562785e-07
-3.042013715383893e-06 2.812009282264520e-07 -3.858913498525699e-06 3.846507755827472e-07
-1.446859889742026e-06 -4.139377652951068e-07 -1.748870370146167e-06 -4.257115355713774e-07
-1.635597841038436e-06 -9.436012409697132e-07 -1.988325349472253e-06 -1.032844634999249e-06
-2.274875331787948e-06 3.207394328266813e-07 -2.653467780311332e-06 4.783655723090588e-07
-1.819040751874013e-06 -2.034578167407122e-07 -2.151203054136984e-06 -2.089833534919388e-07
-2.000315495128910e-06 2.810987418037184e-08 -2.327357080491255e-06 6.542349412173431e-08
-2.660357806403359e-06 1.859959988994747e-07 -3.225687483225250e-06 2.480829138264135e-07
-3.012219822977906e-06 -6.202437386063074e-08 -3.673822642529220e-06 -8.124583150156333e-08
-1.793218836272592e-06 -6.640693154961346e-07 -2.167852005583599e-06 -7.286292570610045e-07
-1.745559796476043e-06 -1.015858675776904e-06 -2.151300433464669e-06 -1.115974740738867e-06
-2.322839102149888e-06 -2.660076587306169e-07 -2.759558223059265e-06 -3.481788272565130e-07
-3.023576251844893e-06 -4.356781708414212e-07 -3.597140313116532e-06 -5.186189263455282e-07
-3.144065573115197e-06 -8.411284138444259e-07 -3.617359286028192e-06 -9.619573591593263e-07
-2.047569044190086e-06 -9.088717317538243e-07 -2.495881039069027e-06 -1.018035097888580e-06
-1.801336340465170e-06 -1.185756584418141e-06 -2.254755670788085e-06 -1.295797049357065e-06
-1.854917041681628e-06 -1.684307699775940e-06 -2.395619421889389e-06 -1.787026091925756e-06
-2.710962461925313e-06 -8.709400114472894e-07 -3.174161559340940e-06 -1.024723787739634e-06
-1.969778778666952e-06 -2.220659012747723e-06 -2.583644055655852e-06 -2.235090992467445e-06
-3.355534809942463e-06 -1.268549495235528e-06 -3.747326281923111e-06 -1.430933409361764e-06
-2.282924631847134e-06 -1.684812027458444e-06 -2.831797128320621e-06 -1.811052260123964e-06
-2.971358724756377e-06 -1.725599796630804e-06 -3.418510662224682e-06 -1.849567897800425e-06
-2.179219581462749e-06 -2.755529052933908e-06 -2.789734795621905e-06 -2.643409452827200e-06
-3.676550475976334e-06 -1.726863548363277e-06 -3.984177414100624e-06 -1.860461398742941e-06
-3.470993520507026e-06 -2.224988795983692e-06 -3.821690617972570e-06 -2.240713070639603e-06
-2.923570319962413e-06 -2.557206794895047e-06 -3.400334960297907e-06 -2.486306718524175e-06
-2.465685165692380e-06 -3.315462968594908e-06 -3.034893479391284e-06 -3.018626944992606e-06
-2.862128014503417e-06 -3.873529574125041e-06 -3.327066208330571e-06 -3.345970469482485e-06
-4.126939917990063e-06 -2.177919614309999e-06 -4.254006000276296e-06 -2.219748852723447e-06
-3.837769842633075e-06 -2.838517190430222e-06 -4.054774064415546e-06 -2.655858913674288e-06
-3.486967166416133e-06 -3.661933860797477e-06 -3.775870643577983e-06 -3.195341451543963e-06
-3.334404995092495e-06 -4.420405817743856e-06 -3.663512486624031e-06 -3.638142661450913e-06
-4.691265527274169e-06 -2.603949368756577e-06 -4.552023921480809e-06 -2.538856802025001e-06
-4.532883589443430e-06 -3.668262695331731e-06 -4.450247463889585e-06 -3.175993502473022e-06
-3.907982545889398e-06 -4.916581428522860e-06 -4.047392688734997e-06 -3.889256223231799e-06
-4.585339988112733e-06 -5.370911374376959e-06 -4.447262398298239e-06 -4.089360046031480e-06
-5.336974568931076e-06 -5.774687045931293e-06 -4.867500521896126e-06 -4.243430864172771e-06
-5.385763789310801e-06 -3.909783759271995e-06 -4.882842191221986e-06 -3.317764239102719e-06
-5.373372363227334e-06 -2.980800453511339e-06 -4.886473622340882e-06 -2.812730168988366e-06
-5.210023219874702e-06 -4.882249835429062e-06 -4.811435195116218e-06 -3.814433780053416e-06
-6.174828344924923e-06 -6.080890372440237e-06 -5.287694651979259e-06 -4.353474296682037e-06
-7.082915651570265e-06 -6.302597959024176e-06 -5.676130213329188e-06 -4.407973043770463e-06
-6.101349430887982e-06 -4.120805274355729e-06 -5.217225417801447e-06 -3.434911831368478e-06
-6.174031805280671e-06 -3.254195441272076e-06 -5.242347613714591e-06 -2.996229005268170e-06
-8.031319641393496e-06 -6.414921117191437e-06 -6.071028967989205e-06 -4.421724691430496e-06
-6.945637482946712e-06 -4.965526492659668e-06 -5.629883660745571e-06 -3.843070722610638e-06
-7.063940252957963e-06 -3.402446047696788e-06 -5.671183585670819e-06 -3.095343899011060e-06
-8.235253555015701e-06 -5.120395807212889e-06 -6.168238923701228e-06 -3.886295098478882e-06
-9.137103961085497e-06 -6.483324629704701e-06 -6.502899827630252e-06 -4.411849251137248e-06
-8.012353066382231e-06 -3.428079821168045e-06 -6.092920681295531e-06 -3.123000293054357e-06
-1.071640473106011e-05 -6.551596061224604e-06 -7.080925283679447e-06 -4.406659708017914e-06
-9.440991105349779e-06 -4.366720131425381e-06 -6.638711197011511e-06 -3.570931078121735e-06
-9.133352448192237e-06 -3.360496857756454e-06 -6.516584222384617e-06 -3.134473321327994e-06
-1.302291295841961e-05 -6.654814923898762e-06 -7.924853360348987e-06 -4.381832625340401e-06
-1.185211083202660e-05 -4.787398597683454e-06 -7.528610998433564e-06 -3.745806317268604e-06
-1.071808216530394e-05 -3.272918851162291e-06 -7.122637402118045e-06 -3.135079842624842e-06
-1.625570765439043e-05 -6.763752033069344e-06 -9.112205656669251e-06 -4.434972657258416e-06
-1.460861941902787e-05 -4.918077841919379e-06 -8.550514868775303e-06 -3.776429505288751e-06
-1.302342283115077e-05 -3.174621039511606e-06 -8.002625101130295e-06 -3.115176294144912e-06
-1.979927255499590e-05 -6.853482033743446e-06 -1.051015273782066e-05 -4.555058508155500e-06
-1.800013027915469e-05 -4.917903901550659e-06 -9.800970684611338e-06 -3.756085115685654e-06
-1.625575972590875e-05 -3.070987776094839e-06 -9.193539136146236e-06 -3.109660357683084e-06
-2.349123591230007e-05 -6.926784186185513e-06 -1.200784527732992e-05 -4.661830091128161e-06
-2.162250067747181e-05 -4.918473368832483e-06 -1.125483383985230e-05 -3.777518835697943e-06
-1.979910312990453e-05 -2.982813649991797e-06 -1.053527364333370e-05 -2.963841143154815e-06
-2.730402299878769e-05 -6.985134618693070e-06 -1.371869487627367e-05 -4.729681328544865e-06
-2.537955165056535e-05 -4.919151058710007e-06 -1.287044789803622e-05 -3.824301875428205e-06
-2.349110817231421e-05 -2.910847728030899e-06 -1.203692356961901e-05 -2.947264750695839e-06
-3.121056658992483e-05 -7.029569768709234e-06 -1.546466192917377e-05 -4.806803669866583e-06
-2.924360186817988e-05 -4.919797693341516e-06 -1.464273364853201e-05 -3.854342628053436e-06
-2.730393125101678e-05 -2.853825838916860e-06 -1.377777050085028e-05 -2.930081702446516e-06
-3.518650317065937e-05 -7.062240965990764e-06 -1.717008481538390e-05 -4.839054583356334e-06
-3.318858364792909e-05 -4.920443783573820e-06 -1.637862282472705e-05 -3.905699260363541e-06
-3.121047039597064e-05 -2.810570118483043e-06 -1.555292539783210e-05 -2.918791673787564e-06
-3.921149383525113e-05 -7.085145239612996e-06 -1.889001364297793e-05 -4.917996959884365e-06
-3.719210308574268e-05 -4.921078305280985e-06 -1.808619423288429e-05 -3.974947065161526e-06
-3.518637663074179e-05 -2.779200742332157e-06 -1.727357532227790e-05 -2.987987247287880e-06
-4.327005078333474e-05 -7.100419647396799e-06 -2.072166954439282e-05 -5.027740899187030e-06
-4.123612016834953e-05 -4.921511330434526e-06 -1.983985676091455e-05 -4.008560757431252e-06
-3.921139259671528e-05 -2.757487179578663e-06 -1.900763447861764e-05 -3.066851458952135e-06
-4.734992669598115e-05 -7.109442007049639e-06 -2.254702054401387e-05 -5.066649906873176e-06
-4.530731884946903e-05 -4.921796305648454e-06 -2.166202077669248e-05 -4.026489899893920e-06
-4.326996673371894e-05 -2.742941170694810e-06 -2.078680285763242e-05 -3.056950991029508e-06
-5.611485689239765e-05 -6.873316342483529e-06 -2.656388767885056e-05 -4.973393461645800e-06
-5.553361301059392e-05 -7.114061879920567e-06 -2.629149588723725e-05 -5.083898326767098e-06
-4.918124102688220e-05 -4.921963104597192e-06 -2.343093175098517e-05 -4.048804773905795e-06
-5.144041931993895e-05 -7.113389971616203e-06 -2.446965853896415e-05 -5.079951482908134e-06
-4.734990602241482e-05 -2.734310958110059e-06 -2.262305246921461e-05 -3.044340700048704e-06
-5.635561975340553e-05 -6.292095843411503e-06 -2.667835258386639e-05 -4.704230091185366e-06
-5.498010915339239e-05 -4.922071378592591e-06 -2.606314049098911e-05 -4.070474880413741e-06
-5.144045426499994e-05 -2.730698177882089e-06 -2.451305693048122e-05 -3.088979317261038e-06
-5.635569221888306e-05 -3.552005583824728e-06 -2.673312686809263e-05 -3.402770842373957e-06
-5.553368727528390e-05 -2.730027038738992e-06 -2.635323652137593e-05 -3.021795591668991e-06
-5.611493286790911e-05 -2.970775795112320e-06 -2.662316447897153e-05 -3.132276360127885e-06
