-4.920563027003782e-05 8.360352938294024e-06 4.785817602896129e-05 -6.052469826091717e-06
-4.938100856315935e-05 7.936964655536645e-06 4.807717075408421e-05 -5.526951568983452e-06
-4.938083468116867e-05 5.940818131841447e-06 4.813946982246574e-05 -3.060912485800806e-06
-4.920542412770237e-05 5.517342627457714e-06 4.793039659948223e-05 -2.547179725146702e-06
-4.878222591504182e-05 8.535719612258185e-06 4.733256969817086e-05 -6.270642486787647e-06
-4.798780362297073e-05 6.938789228722284e-06 4.639079337902063e-05 -4.305777449738850e-06
-4.878195282655324e-05 5.341927317387807e-06 4.742021806125792e-05 -2.334387409253315e-06
-4.580061705308207e-05 8.534929286610043e-06 4.363822849535103e-05 -6.274641901790447e-06
-4.579996567194844e-05 5.341370055109977e-06 4.377597525627565e-05 -2.371544574950203e-06
-4.415385773158620e-05 6.937442412542730e-06 4.172787581069576e-05 -4.310905375725916e-06
-4.281909781511072e-05 8.531870441324228e-06 4.005963920003451e-05 -6.171572838869706e-06
-4.281833682946147e-05 5.341454114024798e-06 4.023477094475397e-05 -2.489805260093963e-06
-4.132919031044488e-05 6.935579712320202e-06 3.843095961456410e-05 -4.317394032690704e-06
-3.984311672082096e-05 8.524748607630555e-06 3.687938581084655e-05 -6.046884441451748e-06
-3.984220275233622e-05 5.343958170517228e-06 3.698066758932322e-05 -2.648951136935162e-06
-3.835803317728225e-05 6.933254773075926e-06 3.515293463490558e-05 -4.336614907583298e-06
-3.688006762886112e-05 8.513240224575644e-06 3.393962128771793e-05 -5.962909778892138e-06
-3.687857514908693e-05 5.350228190028655e-06 3.395338531061439e-05 -2.747700260327507e-06
-3.540376372715054e-05 6.930538733917484e-06 3.211123199266939e-05 -4.406933418957578e-06
-3.393735945917351e-05 8.498484495838996e-06 3.110362868004707e-05 -5.939318348428447e-06
-3.393528439010890e-05 5.359275409117594e-06 3.096601971286725e-05 -2.815316087632005e-06
-3.247279304468035e-05 6.927494867227108e-06 2.926527014385448e-05 -4.435399685376743e-06
-3.101901156066702e-05 8.482718015233991e-06 2.813952530217741e-05 -5.996472688278706e-06
-3.101678574906578e-05 5.369240456431465e-06 2.797010620122115e-05 -2.839333841621878e-06
-2.956689931297744e-05 6.924342824714122e-06 2.646981325051129e-05 -4.432014032261851e-06
-2.812456993041577e-05 8.467640952872360e-06 2.511295617347369e-05 -6.005573747319711e-06
-2.812275091637155e-05 5.378119061501852e-06 2.499146128735975e-05 -2.849868803901685e-06
-2.668372486571981e-05 6.921098401477059e-06 2.360247592684479e-05 -4.436795483826417e-06
-2.525069985187036e-05 8.454287993081518e-06 2.208194009114903e-05 -6.013787557530195e-06
-2.524958052956670e-05 5.385073287629161e-06 2.199966383533913e-05 -2.882360194459238e-06
-2.381913073294880e-05 6.917778897264495e-06 2.062125948366373e-05 -4.442479417076947e-06
-2.239407458142123e-05 8.442119711561127e-06 1.905397798258465e-05 -6.157784790401631e-06
-2.239372228480705e-05 5.390674084846354e-06 1.896433213178542e-05 -2.861830855085764e-06
-2.097101297094182e-05 6.914596957858994e-06 1.748299369929066e-05 -4.472958710570404e-06
-1.955364309775285e-05 8.430283360665768e-06 1.587068218891248e-05 -6.237591991247310e-06
-1.955354775396892e-05 5.395776453337849e-06 1.591412262670714e-05 -2.888751958702541e-06
-1.819540386011576e-05 6.911372087875668e-06 1.436334533378885e-05 -4.523095918457108e-06
-1.684233975885441e-05 8.418943745107343e-06 1.278192761201782e-05 -6.283042132316513e-06
-1.684184859969249e-05 5.400765147157699e-06 1.285866691441412e-05 -2.887993136370847e-06
-1.582865660736519e-05 7.026110235687713e-06 1.168328385492655e-05 -4.687263838049401e-06
-1.479824243283858e-05 8.409700726759759e-06 1.046928046664985e-05 -6.292454207055612e-06
-1.479706122336213e-05 5.405032173053806e-06 1.053121391122924e-05 -2.896210942543237e-06
-1.331652502550200e-05 8.401799987522700e-06 8.840619257376018e-06 -6.248706137580404e-06
-1.360424517709046e-05 7.417052759117318e-06 9.144624009194446e-06 -5.168187870477121e-06
-1.331480766087210e-05 5.407491755952968e-06 8.812365791776343e-06 -2.913227612479251e-06
-1.224087089258059e-05 5.411157136368831e-06 7.633949151702895e-06 -2.972335275514660e-06
2.048479362582068e-06 4.634082780387296e-07 -6.676825333619417e-07 -5.010996957104644e-07
2.089141882247175e-06 3.655672587557132e-07 -6.735347622976445e-07 -4.912061692592797e-07
2.088875887818493e-06 1.370429208156634e-09 -6.721558793537554e-07 -4.520732828868233e-07
2.048427329406987e-06 -9.499771663415046e-08 -6.643997888238977e-07 -4.393527500326161e-07
-1.224201207511039e-05 8.395926500804362e-06 7.694855576924362e-06 -6.244731233022814e-06
-1.126933065249515e-05 8.334994997304869e-06 6.624810736515393e-06 -6.167797102557969e-06
-1.202294647796192e-05 6.530860927490959e-06 7.388721694240956e-06 -4.188007878608950e-06
-1.126797845116859e-05 5.330765000453898e-06 6.574816225648683e-06 -2.971034908056127e-06
1.951067197714018e-06 5.039097697721518e-07 -6.552366767387912e-07 -5.043806780164195e-07
1.852970968387098e-06 1.045515110714109e-07 -6.491783648748257e-07 -4.565929467834699e-07
1.951948613985007e-06 -1.351518327812559e-07 -6.509087228800535e-07 -4.313485723395414e-07
-1.095965589547873e-05 7.414545875697052e-06 6.267314970213666e-06 -5.162397232426211e-06
-1.031229842726034e-05 8.162808023831119e-06 5.605943396705087e-06 -5.932267391021331e-06
-9.384089431670284e-06 7.884585432839028e-06 4.637311976262887e-06 -5.582278610131925e-06
-1.066659739353038e-05 6.144766825728012e-06 5.921585840652907e-06 -3.841066351931511e-06
-1.032885751943745e-05 5.086181715286868e-06 5.549201940025165e-06 -2.833663613700241e-06
1.291062453141786e-06 5.148857857077766e-07 -6.097122017050935e-07 -5.061335214284269e-07
1.290753621455463e-06 -1.460499106427076e-07 -6.079836561650577e-07 -3.964439421711776e-07
9.490380988375210e-07 1.846668361667485e-07 -5.281726660136971e-07 -4.597045665123575e-07
-8.498931318384237e-06 7.501853363855083e-06 3.792123032356065e-06 -5.115674492335491e-06
-9.260926045494022e-06 6.922753577123603e-06 4.479978997023156e-06 -4.583505805500467e-06
-9.581204877531260e-06 5.710154989050044e-06 4.788851662089781e-06 -3.443739014027955e-06
-9.450968397956137e-06 4.687229906554496e-06 4.655529551236198e-06 -2.597861629022564e-06
5.785915643868020e-07 5.760418465259561e-07 -4.690600653860999e-07 -5.425859366396175e-07
5.789066922013748e-07 -2.058941893799255e-07 -4.559838324624511e-07 -3.427188380754991e-07
1.579410599010820e-07 1.854490471812820e-07 -3.324775891506625e-07 -4.414134972350772e-07
-7.665143489355565e-06 7.023262441890603e-06 3.057638049989866e-06 -4.608909452601199e-06
-6.897383397480136e-06 6.456545662635216e-06 2.524243583043738e-06 -4.091785008152229e-06
-8.454129279192324e-06 5.516210908857053e-06 3.756027803497067e-06 -3.291155284868960e-06
-8.660599811094222e-06 4.146283566632860e-06 3.952354131805295e-06 -2.248871470422053e-06
-3.244876774527945e-07 7.077721799903532e-07 -1.920358622577207e-07 -5.852096248609215e-07
-3.242800182180423e-07 -3.360659568178510e-07 -2.013485978475678e-07 -2.939765985411751e-07
-7.091028663449637e-06 5.577443787552665e-06 2.678800285676483e-06 -3.354256375417270e-06
-6.206078615918035e-06 5.807768981568272e-06 2.057677042577078e-06 -3.524108433674458e-06
-7.415613430673640e-06 4.579626625433598e-06 2.918573494940362e-06 -2.597931955540991e-06
-7.980435057494723e-06 3.485262690377395e-06 3.343310462666130e-06 -1.817477186106170e-06
-8.547602496934074e-07 1.864616674922713e-07 -5.378198901569283e-08 -4.403979757232636e-07
-1.484914652816431e-06 8.983886482322113e-07 1.478131221088403e-07 -6.403464601014645e-07
-1.483562220249997e-06 -5.255842859340577e-07 1.596239563430830e-07 -2.215970152322979e-07
-5.594251894434149e-06 5.088322417550612e-06 1.659456930263966e-06 -2.931229587025882e-06
-5.075885535106985e-06 4.314483567040413e-06 1.434064276930512e-06 -2.431678474465243e-06
-4.654135096558162e-06 3.489413091510537e-06 1.262435440014905e-06 -1.929109389118604e-06
-6.749209076303654e-06 3.674726521616350e-06 2.435793924977409e-06 -1.993606377138916e-06
-7.429756616086814e-06 2.729516923230419e-06 2.879169140106385e-06 -1.460503240988278e-06
-1.990580254922138e-06 1.895372575015884e-07 3.160136722162112e-07 -4.240056613063253e-07
-2.611493428617135e-06 1.086958710924053e-06 5.318354138929222e-07 -7.478909391839004e-07
-2.611049869422707e-06 -7.196486627463258e-07 5.508697236335385e-07 -4.483458008551503e-08
-5.518834844357330e-06 3.491623395411727e-06 1.699551983393503e-06 -1.914751112898986e-06
-4.329505242554343e-06 2.625695907532246e-06 1.124082669775007e-06 -1.485333819998179e-06
-3.641268691079409e-06 1.248518836796455e-06 9.339339612292001e-07 -8.146732261703475e-07
-3.945797387830194e-06 1.407143984359351e-06 1.016464069549689e-06 -8.812937825795897e-07
-4.113376445533826e-06 1.727385468073817e-06 1.055366901405981e-06 -1.028071129240856e-06
-6.280910956799834e-06 2.616533453889601e-06 2.106784808960279e-06 -1.423237574989033e-06
-7.021423615102408e-06 1.910425776089377e-06 2.493935400799399e-06 -1.026986890143468e-06
-3.169464026878593e-06 3.218712233234450e-07 7.491704936546422e-07 -4.207150294397276e-07
-3.630576391811230e-06 -8.593307883536237e-07 9.258158768539096e-07 1.438850879034127e-08
-4.926674526864837e-06 2.011844665724723e-06 1.428929829019613e-06 -1.155483001212386e-06
-3.959608165774409e-06 7.735621442797002e-07 1.034893377561282e-06 -6.189027890556401e-07
-4.320945562568702e-06 1.296291885148298e-06 1.161690096984142e-06 -8.334497343692503e-07
-5.938721833740697e-06 1.655127540863243e-06 1.922116597317642e-06 -9.466050859843608e-07
-6.772128210130061e-06 1.060325196060417e-06 2.255637218057202e-06 -7.200079760184829e-07
-3.968274970240753e-06 -2.501460326481879e-07 1.040737270167352e-06 -1.985642140034653e-07
-3.915656327755498e-06 -1.013931181229430e-06 1.061488012810416e-06 7.427806295169876e-08
-5.101276660871954e-06 5.725846240754090e-07 1.519924616054453e-06 -5.060867222864551e-07
-6.693526125970247e-06 2.008515267391626e-07 2.162695271729251e-06 -3.450289205945396e-07
-6.809554109659127e-06 -6.582434915385592e-07 2.129636924638512e-06 -4.086243144016012e-08
-4.567568788042626e-06 -8.028335976125176e-07 1.284248385347369e-06 2.071559507648191e-08
-4.078185239276180e-06 -1.351763987854194e-06 1.155414853225286e-06 1.974175974145544e-07
-4.270675546994475e-06 -2.296716566050114e-06 1.268909174382490e-06 4.997560570175581e-07
-5.936345869430200e-06 -7.590488842625222e-07 1.831557022874017e-06 1.240479475236816e-08
-4.573745962866945e-06 -3.238377324116063e-06 1.380828201099267e-06 7.742927833583522e-07
-7.111289438660492e-06 -1.532926143113427e-06 2.161924264886841e-06 2.764407608340155e-07
-5.113411076744450e-06 -2.321445197230334e-06 1.494203362821730e-06 5.440482339012404e-07
-6.383660025533821e-06 -2.393460466298774e-06 1.931647221229454e-06 5.614196722597590e-07
-5.003128470090765e-06 -4.147973119152825e-06 1.495533518566658e-06 1.029591401386048e-06
-7.593414735479453e-06 -2.394345915847460e-06 2.219290507085574e-06 5.276239839844948e-07
-7.218319893523145e-06 -3.267570558602734e-06 2.130084480596441e-06 7.958822216651744e-07
-6.303994226175953e-06 -3.825648086432711e-06 1.894072545600106e-06 9.707039485768585e-07
-5.545343135306758e-06 -5.041676318857996e-06 1.624147685524622e-06 1.282543215180180e-06
-6.220972140100252e-06 -5.893854754358713e-06 1.791899975567155e-06 1.543322757169908e-06
-8.261402675665164e-06 -3.202819340454954e-06 2.398719245153293e-06 7.851415033228632e-07
-7.794262209963767e-06 -4.276102779211996e-06 2.293328495630358e-06 1.094445999701668e-06
-7.238764155864991e-06 -5.560202571993322e-06 2.111816634616297e-06 1.435617902904558e-06
-7.000529672644376e-06 -6.693114840325407e-06 2.008481362442079e-06 1.763925200521253e-06
-9.092589432920218e-06 -3.927954985155575e-06 2.590361477550073e-06 1.015427907451053e-06
-8.845870206379727e-06 -5.557531914025005e-06 2.530189951997485e-06 1.455849165396835e-06
-7.897734995061737e-06 -7.403774882970592e-06 2.266830931301335e-06 1.941435649701182e-06
-8.909174470002094e-06 -8.028611098913321e-06 2.537766095560513e-06 2.091756958366427e-06
-1.000633528978666e-05 -8.557969931202344e-06 2.852671620532088e-06 2.260358001228118e-06
-1.008948749244724e-05 -5.913799165039015e-06 2.841468493905564e-06 1.556131639530990e-06
-1.007781065552193e-05 -4.539538587784180e-06 2.852599635669674e-06 1.207591507603694e-06
-9.838145440649526e-06 -7.312142550038924e-06 2.785730222374825e-06 1.901731487844130e-06
-1.119139882008355e-05 -8.952112910931913e-06 3.180902867610892e-06 2.394164120397309e-06
-1.244594208158861e-05 -9.219441599454797e-06 3.498765313236803e-06 2.447610323906940e-06
-1.110464695539534e-05 -6.222021376888963e-06 3.078477113623336e-06 1.626711071520184e-06
-1.120379945186514e-05 -4.985947005594966e-06 3.113227614488933e-06 1.300000371955462e-06
-1.373918529641006e-05 -9.338968285516486e-06 3.849169656715079e-06 2.459363994585200e-06
-1.227792753418999e-05 -7.396843404557773e-06 3.432896135838833e-06 1.971755193617991e-06
-1.243290806213536e-05 -5.243279047709378e-06 3.483045883937274e-06 1.333593369580105e-06
-1.402088788725690e-05 -7.598992407893802e-06 3.883852793867769e-06 2.025765514960385e-06
-1.521175488994620e-05 -9.393313031134262e-06 4.191805782125368e-06 2.483482516906145e-06
-1.372480830754043e-05 -5.309894473205812e-06 3.844767472017497e-06 1.356142553130115e-06
-1.728428389424113e-05 -9.447830461335966e-06 4.759392821514710e-06 2.424591874522105e-06
-1.562581948758425e-05 -6.594928360069724e-06 4.340707383042220e-06 1.737004628522317e-06
-1.520944616265917e-05 -5.254807693665746e-06 4.228859333670562e-06 1.368852087734130e-06
-2.024475188590515e-05 -9.532534338977626e-06 5.463943546968241e-06 2.386190904947065e-06
-1.875576030461416e-05 -7.150229138395931e-06 5.140712010913392e-06 1.910428087957804e-06
-1.728660019016582e-05 -5.182360401850142e-06 4.817173991994398e-06 1.424827690817828e-06
-2.431397777190446e-05 -9.625610939802778e-06 6.218573002266251e-06 2.297806020928394e-06
-2.225302121089057e-05 -7.317310029941093e-06 5.885475341425659e-06 1.929583209241033e-06
-2.024635425086191e-05 -5.098467254088598e-06 5.486356003694553e-06 1.476413172197901e-06
-2.871215022697516e-05 -9.706355043815250e-06 6.810698639375959e-06 2.256244420155279e-06
-2.648818330506848e-05 -7.315286250757116e-06 6.510909503331520e-06 1.942833031606466e-06
-2.431509411985917e-05 -5.006028667070414e-06 6.185703301080441e-06 1.572559575908707e-06
-3.325142720658509e-05 -9.775048902355363e-06 7.344759865828024e-06 2.252091026133158e-06
-3.096003873829585e-05 -7.313835935539512e-06 7.049400759621079e-06 1.935144436374790e-06
-2.871290075931199e-05 -4.922944676425923e-06 6.766980697993961e-06 1.625008742663376e-06
-3.791007434722276e-05 -9.831909142570803e-06 7.875008700249273e-06 2.241650528823612e-06
-3.556268435830977e-05 -7.312682280578917e-06 7.625557769299523e-06 1.947973013806115e-06
-3.325171277215658e-05 -4.851669101143359e-06 7.369432071691623e-06 1.642469023221584e-06
-4.266484726068416e-05 -9.877366594984829e-06 8.321632594945619e-06 2.107614106005903e-06
-4.027309704211344e-05 -7.311845847889050e-06 8.166407803295528e-06 1.942009075431386e-06
-3.791006502954416e-05 -4.792630744017669e-06 7.941606876545293e-06 1.661804253994515e-06
-4.749593443368901e-05 -9.912505169995583e-06 8.656853346806996e-06 2.075648669608447e-06
-4.506929004301865e-05 -7.310953058393116e-06 8.532113810753028e-06 1.956934798911487e-06
-4.266512733819025e-05 -4.745300460198228e-06 8.372986143095115e-06 1.746520083617228e-06
-5.238537829002346e-05 -9.938094065851104e-06 8.920908983674051e-06 2.146982126038920e-06
-4.993263192002221e-05 -7.310012358984206e-06 8.785511711458696e-06 1.953134805078469e-06
-4.749644898249608e-05 -4.708341792416286e-06 8.684397850865773e-06 1.793122975570618e-06
-5.731523904746871e-05 -9.954488395706218e-06 9.273558582051026e-06 2.187496183234791e-06
-5.484523569019317e-05 -7.309121202921613e-06 9.077336200940263e-06 1.937873277127826e-06
-5.238593765743681e-05 -4.681101049201493e-06 8.960172717962048e-06 1.759508901385580e-06
-6.226794089198645e-05 -9.962834241606501e-06 9.777766905835010e-06 2.236436740104689e-06
-5.978917404304821e-05 -7.308486318460388e-06 9.512560192695078e-06 1.946750378602757e-06
-5.731557925222489e-05 -4.663249545089243e-06 9.277099245042507e-06 1.756653501624074e-06
-7.289767757975517e-05 -9.674016658370222e-06 1.110487278547296e-05 2.248764686433904e-06
-7.219286164262584e-05 -9.965954278208090e-06 1.101854722461875e-05 2.286728809737861e-06
-6.448984874839738e-05 -7.308214405323799e-06 1.004863703773361e-05 1.966997991032130e-06
-6.722973997741061e-05 -9.965561318624865e-06 1.037374777419640e-05 2.312523115727564e-06
-6.226803870298740e-05 -4.654005737777640e-06 9.793960965030048e-06 1.707190316969242e-06
-7.318962136098347e-05 -8.969210509049303e-06 1.114067691994041e-05 2.160753596572693e-06
-7.152171369203250e-05 -7.307916770829407e-06 1.095035543828820e-05 1.962510783970775e-06
-6.722980260350757e-05 -4.650591082396456e-06 1.040322730974077e-05 1.643694682805203e-06
-7.318958769900600e-05 -5.646630607314899e-06 1.117044766860048e-05 1.746257950125870e-06
-7.219285444184860e-05 -4.649931013287854e-06 1.105359589233619e-05 1.621573064742039e-06
-7.289764970939076e-05 -4.941854225686392e-06 1.113678407433629e-05 1.658170418103857e-06
