-1.405746583196636e-04 1.868736847456920e-05 4.736753251927494e-06 2.027854276612302e-07
-1.411412829478530e-04 1.731956696240819e-05 4.738582868617492e-06 2.102522834712758e-07
-1.411414147206614e-04 1.087127989753168e-05 4.762286116944732e-06 2.303630774121822e-07
-1.405748063511643e-04 9.503490117259686e-06 4.763292121523529e-06 2.363299399655591e-07
-1.392067471009096e-04 1.925390986788438e-05 4.733282882356322e-06 1.985565018399215e-07
-1.366407703694443e-04 1.409545371766831e-05 4.749092606359224e-06 2.153535694325091e-07
-1.392069168485684e-04 8.936954463258560e-06 4.763262701517988e-06 2.398691441270755e-07
-1.295744184405770e-04 1.925224669581130e-05 4.673289662339029e-06 1.997592067491446e-07
-1.295746229970349e-04 8.938701393152850e-06 4.729370093722116e-06 2.457679979368887e-07
-1.242581157349164e-04 1.409545637717885e-05 4.707136463366457e-06 2.032235037060312e-07
-1.199484024438391e-04 1.924356424548885e-05 4.722805805180363e-06 2.802940823667751e-07
-1.199485274761814e-04 8.947280730738983e-06 4.544864632970125e-06 3.057241001238493e-07
-1.151416256722054e-04 1.409557914129816e-05 4.737097758215840e-06 1.795634081076810e-07
-1.103466073891058e-04 1.922410415709033e-05 4.784806958597986e-06 2.135112870320199e-07
-1.103461958181200e-04 8.967242942565747e-06 4.274424138315519e-06 2.952398330305892e-07
-1.055588182225216e-04 1.409577500588301e-05 4.769297294684362e-06 2.065474907506206e-07
-1.007928038006874e-04 1.919018618772052e-05 4.735287783057327e-06 1.654392956964387e-07
-1.007922176581368e-04 9.001714901067956e-06 4.106976699961400e-06 2.260752088875320e-07
-9.603864311938344e-05 1.409602128612660e-05 4.734351249486519e-06 2.115885333265267e-07
-9.131711868412253e-05 1.913961282196633e-05 4.617680870918383e-06 6.516371385415180e-08
-9.131661641445853e-05 9.052807273105670e-06 4.075541278157124e-06 1.790733793604250e-07
-8.661282864814528e-05 1.409624896797561e-05 4.580855901236099e-06 1.590399973200855e-07
-8.195220725968563e-05 1.907122412585817e-05 4.551259816507724e-06 6.015886917895739e-08
-8.195177274318209e-05 9.121502746840025e-06 4.168795001100936e-06 9.815290814487596e-08
-7.731473777700023e-05 1.409641268078243e-05 4.478690697861358e-06 1.533586424213198e-07
-7.273201562382531e-05 1.898441706125603e-05 4.412251556194134e-06 -2.008786724967314e-08
-7.273170050995884e-05 9.208628306475562e-06 4.307184020030956e-06 6.779285802376841e-08
-6.817861532318089e-05 1.409650603754281e-05 4.380974660631379e-06 1.379321711898945e-07
-6.369150065103483e-05 1.887828587439784e-05 4.183736195765516e-06 -1.049161876131628e-07
-6.369144512873695e-05 9.314964108824846e-06 4.268889471738335e-06 1.836551523404561e-07
-5.924000367644546e-05 1.409652873934480e-05 4.167929630672911e-06 5.967783975122023e-08
-5.486717901339356e-05 1.875160933410904e-05 3.921567940729688e-06 -1.842716704703005e-07
-5.486759300817115e-05 9.441825183094818e-06 3.981696090448369e-06 3.502551977930459e-07
-5.053639676207114e-05 1.409653747422832e-05 3.722930832307905e-06 1.807751840108553e-08
-4.629757466639029e-05 1.860168648059712e-05 3.402587020103207e-06 -3.744118173460154e-07
-4.629741568295984e-05 9.592117454199963e-06 3.332810026062607e-06 4.593169676887778e-07
-4.227454078535056e-05 1.409533837771789e-05 2.920163218884125e-06 -4.315643851029351e-08
-3.835425682536733e-05 1.842899107566509e-05 2.503916746539424e-06 -6.067900841137421e-07
-3.835284840250229e-05 9.771023504970207e-06 2.403497397399602e-06 5.005371708790986e-07
-3.544282626890242e-05 1.442415323027915e-05 2.041599880912091e-06 -9.332838905457948e-08
-3.257266339109583e-05 1.826658119821025e-05 1.566712343780069e-06 -7.025782741392143e-07
-3.256788044370184e-05 9.938247345163893e-06 1.616206763449734e-06 4.987061037919196e-07
-2.852083862532480e-05 1.812278233920788e-05 9.194408869320424e-07 -6.805835216762988e-07
-2.926720702870924e-05 1.548639347920594e-05 1.038660432030402e-06 -2.862140543774124e-07
-2.851303149283570e-05 1.004624977862045e-05 9.334791753474048e-07 4.577821551998026e-07
-2.565446834825540e-05 1.016270742115677e-05 5.102313520773212e-07 3.774524151989877e-07
3.618222066202167e-06 4.741984992003763e-07 4.062874264802872e-08 5.880252981157168e-09
3.690264569824858e-06 3.008958860917952e-07 4.126208934571431e-08 5.358191809350205e-09
3.689873717554275e-06 -3.445625251253845e-07 4.297526124288512e-08 3.944517272472509e-09
3.618201281243869e-06 -5.154423393281952e-07 4.179364339776373e-08 3.135535964876316e-09
-2.564402532097479e-05 1.802050470494927e-05 4.481752390755814e-07 -6.424477203155595e-07
-2.312422968269086e-05 1.778335355970870e-05 9.755774203859492e-08 -5.870828014397465e-07
-2.503703526848051e-05 1.311586174095799e-05 3.933807215963170e-07 -2.596096139910452e-08
-2.308910763881228e-05 1.006569473554417e-05 1.027359094388732e-07 3.302913014871321e-07
3.445709585822617e-06 5.458713413934485e-07 3.949978897899423e-08 5.811713990171944e-09
3.271944830675993e-06 -1.620623925636574e-07 4.629617142958362e-08 2.698844193419463e-09
3.447194164332746e-06 -5.867996529387403e-07 4.026866944070182e-08 1.813603757150889e-09
-2.229760233430842e-05 1.538103976138897e-05 -1.336461676388950e-08 -2.804054343134463e-07
-2.069301740425814e-05 1.724380452817457e-05 -1.878908172046571e-07 -4.840923442832778e-07
-1.840564983272153e-05 1.647510394564682e-05 -3.991694623185639e-07 -3.800907884291928e-07
-2.154082072931482e-05 1.216104760781909e-05 -1.075425636730630e-07 7.338301248652714e-08
-2.070078655215240e-05 9.578125078530179e-06 -1.935109701900595e-07 2.830327582526455e-07
2.276585133860167e-06 5.648724295794981e-07 7.592342649369917e-08 6.516269592232374e-09
2.275592390382149e-06 -6.078161966078144e-07 7.070599033003270e-08 -2.995795494741260e-08
1.669411723724022e-06 -2.173232169663189e-08 4.487124132213898e-08 -2.368300808869755e-08
-1.629687080382049e-05 1.544367758642118e-05 -5.687056084753108e-07 -2.428727208019252e-07
-1.807797261716857e-05 1.406909658392314e-05 -4.355462492881733e-07 -1.183209347827164e-07
-1.885639587881002e-05 1.112410358338845e-05 -3.836595152738184e-07 1.198343321357516e-07
-1.852823147068454e-05 8.740548826649423e-06 -4.543472292675711e-07 2.654087877463128e-07
1.011468507454540e-06 6.735782137105369e-07 2.658093586657771e-09 2.621600688417587e-08
1.011604315287880e-06 -7.169366085021182e-07 -1.128941766560261e-09 -1.119160916122096e-07
2.627349455825096e-07 -2.159350626519157e-08 -7.071026621540290e-08 -7.219259758007121e-08
-1.435701716279951e-05 1.423032303539506e-05 -7.140504263860090e-07 -8.695971573427186e-08
-1.264631919867905e-05 1.285708995270100e-05 -7.255564226490353e-07 6.377148547268661e-11
-1.616712924897411e-05 1.068178452406562e-05 -6.188112105825630e-07 1.333971495254378e-07
-1.662399940800263e-05 7.579344394373120e-06 -6.334145196548776e-07 2.506081678333577e-07
-5.964070965602448e-07 9.087388012747539e-07 -1.605602839719029e-07 1.308421021196896e-08
-5.963840614526757e-07 -9.515994581147814e-07 -1.788571381117641e-07 -1.981756366228683e-07
-1.308270812692013e-05 1.080928530122209e-05 -7.059364704867309e-07 9.977399101288478e-08
-1.116840030101725e-05 1.131770024567235e-05 -7.288351775235258e-07 8.651843212466643e-08
-1.379519033455950e-05 8.575354207534700e-06 -6.914309743602555e-07 1.843724423701605e-07
-1.502684840234801e-05 6.196953757992845e-06 -6.814196362889636e-07 1.632306790942937e-07
-1.542168433003062e-06 -2.090049982140450e-08 -2.768462076715524e-07 -1.021657505722406e-07
-2.666481710219463e-06 1.248080294659452e-06 -3.553831002360230e-07 -4.590877867377342e-08
-2.664120447712956e-06 -1.291853998901771e-06 -3.727240276971237e-07 -1.986657431371067e-07
-9.887502701584575e-06 9.676605135129773e-06 -7.220090472679333e-07 1.781238242109840e-07
-8.875582719874343e-06 8.004510564002350e-06 -6.467477956340566e-07 1.533556933065846e-07
-8.109640445920819e-06 6.258515759923669e-06 -5.889298834982592e-07 1.097816917263297e-07
-1.235472905559681e-05 6.620530128082960e-06 -6.881857418841004e-07 1.613452466612721e-07
-1.376015638392502e-05 4.671167540804896e-06 -7.067842306399713e-07 9.462165656032689e-08
-3.569094044172678e-06 -1.596453159012513e-08 -4.204345584149720e-07 -1.617859960929969e-07
-4.676229428370186e-06 1.581415484477098e-06 -4.660950409934529e-07 -1.057790643191996e-07
-4.677043739771236e-06 -1.639364449451207e-06 -4.673294752618827e-07 -2.620160397285510e-07
-9.814343776128019e-06 6.243734175550900e-06 -6.399784540791418e-07 1.273252878221957e-07
-7.544682875215939e-06 4.504230691463454e-06 -5.433892205240869e-07 1.687538288509008e-08
-6.479779138241920e-06 1.862722999309313e-06 -5.002034926459891e-07 -1.281888542873928e-07
-6.990695011500842e-06 2.151197416917039e-06 -4.960428758053605e-07 -1.100927572923001e-07
-7.245880810234469e-06 2.749717517157070e-06 -5.022932339299756e-07 -7.358391240952748e-08
-1.136296727463297e-05 4.452375132647447e-06 -6.307773048586523e-07 6.061643480599417e-08
-1.281281324681653e-05 3.076985984943920e-06 -6.723536141169745e-07 -2.556253452143799e-08
-5.669987200206559e-06 2.207209915283152e-07 -4.935581214043437e-07 -1.998711016199707e-07
-6.530629312756055e-06 -1.893285879454880e-06 -4.975152402721370e-07 -2.691989697801395e-07
-8.730168280639692e-06 3.274556341881221e-06 -5.590499964876397e-07 -2.824342272537511e-08
-7.048061608301416e-06 1.009633200004722e-06 -5.001575596358240e-07 -1.579358229991337e-07
-7.655578851012606e-06 1.946316719366142e-06 -5.120692482944898e-07 -1.104731524422062e-07
-1.067431629918586e-05 2.587255240691943e-06 -6.040249108054102e-07 -5.534344868632110e-08
-1.220639767463737e-05 1.490476713545397e-06 -6.433885815506938e-07 -1.109524463466645e-07
-7.122220884223655e-06 -8.167375381094741e-07 -5.140599283095739e-07 -2.275751218972808e-07
-7.075411117144811e-06 -2.164901805254142e-06 -5.182614506255879e-07 -2.714591433797287e-07
-9.104500378379069e-06 5.943377718484968e-07 -5.701802456394506e-07 -1.665724629228612e-07
-1.197598541474707e-05 -6.558785619028955e-08 -6.197833891573711e-07 -2.103692774379997e-07
-1.204979660540467e-05 -1.561787774410900e-06 -5.767895740891343e-07 -2.430015563797243e-07
-8.222170869885553e-06 -1.812269499888454e-06 -5.587119463083613e-07 -2.542426974996096e-07
-7.399734240581439e-06 -2.733995244881923e-06 -5.341961323026270e-07 -2.807831380211169e-07
-7.808858959587947e-06 -4.278485611223375e-06 -5.488023356467563e-07 -2.963973901087347e-07
-1.057078958362289e-05 -1.771791246061357e-06 -5.859907744535104e-07 -2.538899050200265e-07
-8.393656331464647e-06 -5.737491094401759e-06 -5.658155794004992e-07 -2.728140779596439e-07
-1.243930598262164e-05 -3.058482635432654e-06 -5.294042734202604e-07 -2.810029401705890e-07
-9.217516259499184e-06 -4.344204378785473e-06 -5.636738457394353e-07 -2.992236072238396e-07
-1.125313486099277e-05 -4.457980468452687e-06 -5.424938989695430e-07 -2.980254461832832e-07
-9.130193014360656e-06 -7.113482819203695e-06 -5.654094375698978e-07 -2.349637634596467e-07
-1.309276437810601e-05 -4.459237268467749e-06 -4.789687908949254e-07 -3.070129667460881e-07
-1.249633462588261e-05 -5.810955547481013e-06 -4.959737233249182e-07 -2.660641063190110e-07
-1.113660359234755e-05 -6.645083896748679e-06 -5.506357290495631e-07 -2.336817219444993e-07
-1.001584078927388e-05 -8.393695965444232e-06 -5.641456069725988e-07 -1.842638863571797e-07
-1.103913483558463e-05 -9.564392549939342e-06 -5.285873736269667e-07 -1.182223705115066e-07
-1.398421753242117e-05 -5.733040056668542e-06 -4.190394800279451e-07 -2.711424016006353e-07
-1.330936248544193e-05 -7.294643547351238e-06 -4.586951923817167e-07 -1.886667861810713e-07
-1.252209995075094e-05 -9.092992424872611e-06 -4.836537027930014e-07 -1.244572423555060e-07
-1.218866314752030e-05 -1.061184466049843e-05 -4.838804682784308e-07 -7.520778977462266e-08
-1.508316526851187e-05 -6.832509758505471e-06 -3.727292957142031e-07 -2.174879331672741e-07
-1.473936748724428e-05 -9.074633764856667e-06 -3.976814517846047e-07 -1.285814823578826e-07
-1.344903960271312e-05 -1.152215999390501e-05 -4.179106479033490e-07 -4.704338479887062e-08
-1.480449683273177e-05 -1.228363831382491e-05 -3.752680814177035e-07 -4.656289790212506e-08
-1.623775686301432e-05 -1.288655046056895e-05 -3.386637519337395e-07 -4.282335205211444e-08
-1.636326791815809e-05 -9.547977581365713e-06 -3.368976005509569e-07 -1.264998951095623e-07
-1.635636035285776e-05 -7.724095007922444e-06 -3.298510679038890e-07 -1.888191574417557e-07
-1.604331584904659e-05 -1.134374236725966e-05 -3.427155832852371e-07 -7.140836723728121e-08
-1.773019179146366e-05 -1.332291160464488e-05 -3.124306606295098e-07 -3.535252043426242e-08
-1.926278993666733e-05 -1.358716435205984e-05 -2.916677296967375e-07 -4.061815737954730e-08
-1.764704517386283e-05 -9.953040585356049e-06 -3.048658510329730e-07 -1.065390606310970e-07
-1.776512589697344e-05 -8.380734248596737e-06 -3.084401947956128e-07 -1.557419436014578e-07
-2.081548644697446e-05 -1.367576466095618e-05 -2.807760943322468e-07 -4.757924192695045e-08
-1.909238700975467e-05 -1.140177883847130e-05 -2.824933119427685e-07 -7.189418514661674e-08
-1.926676720479094e-05 -8.782553725315894e-06 -2.796031855119505e-07 -1.038640789702247e-07
-2.115933309166594e-05 -1.163183653258652e-05 -2.838887477184254e-07 -7.825374084097648e-08
-2.252423528981429e-05 -1.367616122968470e-05 -2.572796245801523e-07 -3.766164179746963e-08
-2.081562026911664e-05 -8.917536119482546e-06 -2.815757340277803e-07 -8.930178672336667e-08
-2.487513976606481e-05 -1.367671953494011e-05 -2.327933561730272e-07 -8.878471772363131e-09
-2.302007586706974e-05 -1.047062350107966e-05 -2.857787548275203e-07 -1.022649510009373e-07
-2.252433683496289e-05 -8.916773140233181e-06 -2.809558061238221e-07 -1.211656160676884e-07
-2.810777590630990e-05 -1.367831120759861e-05 -1.049144068454319e-07 1.744098798573100e-08
-2.650782448685199e-05 -1.110964128423027e-05 -1.669473782913891e-07 -1.020345143561592e-07
-2.487536480505894e-05 -8.915318191858938e-06 -2.106511776733579e-07 -1.803641337850143e-07
-3.237941855236422e-05 -1.368041214363382e-05 1.341801096123879e-07 1.677784859273581e-09
-3.024281460098647e-05 -1.129523299651348e-05 8.838673710267620e-09 -9.766732841322907e-08
-2.810800920129445e-05 -8.912694355273611e-06 -1.000573289956814e-07 -1.840910707993578e-07
-3.683581808290428e-05 -1.368137993200124e-05 2.708253025030058e-07 -5.660693429788935e-08
-3.460714124579389e-05 -1.129460194728762e-05 2.340248950089223e-07 -8.385977141086662e-08
-3.237963892109653e-05 -8.909449658944962e-06 1.267976961519971e-07 -1.775129498349028e-07
-4.129323845959078e-05 -1.368037346216387e-05 1.732876973431230e-07 -1.307945328524069e-07
-3.906485099554030e-05 -1.129403960115060e-05 2.572283447352246e-07 -5.451959404676136e-08
-3.683599105793280e-05 -8.907243959774934e-06 2.661006661861097e-07 -8.235072991432613e-08
-4.574759635490126e-05 -1.367846750409971e-05 -4.080663046715198e-08 -8.692436119814894e-08
-4.352112581277827e-05 -1.129361389470581e-05 5.367445592828282e-08 -3.537959001086178e-08
-4.129339740025958e-05 -8.907251481212829e-06 1.621349549629094e-07 3.070883239486026e-08
-5.019871384171449e-05 -1.367758184150256e-05 -1.409577191540678e-07 -5.409887368342686e-08
-4.797346769186263e-05 -1.129353526570695e-05 -1.077351706970291e-07 -2.111711946313295e-08
-4.574761494323829e-05 -8.908612419083833e-06 -3.975359302584002e-08 3.635363860623014e-08
-5.464895112107608e-05 -1.367769025730288e-05 -9.748077611576737e-08 4.563963196844766e-08
-5.242378054671675e-05 -1.129366691430578e-05 -1.538509653346844e-07 -1.608918601676833e-08
-5.019864488812473e-05 -8.909624586059290e-06 -1.472812812006619e-07 9.524177479848390e-09
-5.910041455142638e-05 -1.367858641170962e-05 5.389185542119314e-08 6.674519784518228e-08
-5.687435166113988e-05 -1.129374244274410e-05 -2.103190447527111e-08 5.648141537193921e-09
-5.464894876678341e-05 -8.909704319154457e-06 -1.022592636545473e-07 -5.376845438594441e-08
-6.355367383762879e-05 -1.367951053782111e-05 7.234951698642020e-08 3.573283714376035e-08
-6.132677433456129e-05 -1.129397148687756e-05 8.196098810595381e-08 4.308318054690634e-08
-5.910034355559775e-05 -8.909095782698449e-06 3.851253035637664e-08 -1.037605974277469e-08
-6.800730962750910e-05 -1.367981965691214e-05 6.360775214213398e-09 1.081109525188429e-08
-6.578047313741114e-05 -1.129438393112960e-05 4.681792891903279e-08 5.167061065806947e-08
-6.355352124281564e-05 -8.908835219186735e-06 7.099488415257398e-08 6.071075579834611e-08
-7.754317618647571e-05 -1.341721834230883e-05 3.340220843126032e-08 9.100579131005311e-08
-7.691102057977169e-05 -1.367908599576939e-05 1.647557175695926e-08 9.360386195012981e-08
-7.000201418311250e-05 -1.129472700537427e-05 -1.807788075664808e-08 3.683131229613517e-08
-7.245999927785230e-05 -1.367939246837742e-05 -3.752835359084890e-08 2.611944956128043e-08
-6.800719183237421e-05 -8.909323311541131e-06 1.574268029108157e-08 7.253291583920274e-08
-7.780502094685020e-05 -1.278503294063711e-05 4.087506004641559e-08 7.986708165481114e-08
-7.630925243085137e-05 -1.129500000109360e-05 -9.159189813955394e-09 3.683403175949098e-08
-7.245993274529491e-05 -8.910340441733309e-06 -4.050625846687344e-08 3.944888437159852e-08
-7.780501419677234e-05 -9.804978322616664e-06 4.059349525590209e-08 -4.747817335314206e-09
-7.691099420161366e-05 -8.910897440907810e-06 1.467800707924471e-08 -2.041838911285483e-08
-7.754316380597605e-05 -9.172774722313092e-06 3.273032015193389e-08 -1.715556064947060e-08
