-1.388097004304995e-04 1.933367467527935e-05 -1.137614124918472e-05 1.727561832360628e-06
-1.393672112649138e-04 1.798783306407511e-05 -1.145261587487735e-05 1.555044633432081e-06
-1.393674350266765e-04 1.164332840501806e-05 -1.146950196791447e-05 8.960427785644197e-07
-1.388099661606579e-04 1.029756344261811e-05 -1.139555509307386e-05 7.221337948702196e-07
-1.374637844198475e-04 1.989112797998100e-05 -1.119882156167409e-05 1.799094465807625e-06
-1.349393557196556e-04 1.481565027266534e-05 -1.098756429237008e-05 1.233500020765635e-06
-1.374641280257615e-04 9.740147370617952e-06 -1.122037005450017e-05 6.502297578855432e-07
-1.279867304398459e-04 1.989026054327016e-05 -1.016734781585559e-05 1.816614479922763e-06
-1.279873332323889e-04 9.741498163476947e-06 -1.020883943414662e-05 6.572335809528967e-07
-1.227556524643895e-04 1.481602043966458e-05 -9.521719344347126e-06 1.215770483020498e-06
-1.185131698031306e-04 1.988505888304448e-05 -9.183678560389789e-06 1.772333447579738e-06
-1.185139054155192e-04 9.747559868334522e-06 -9.284792529738284e-06 6.871721117893914e-07
-1.137809341186785e-04 1.481668116300433e-05 -8.473134221599204e-06 1.235549503137369e-06
-1.090563585764075e-04 1.987140626654959e-05 -8.184019549431831e-06 1.690724923101184e-06
-1.090568373951271e-04 9.762658686113495e-06 -8.233895423969764e-06 7.429560141403524e-07
-1.043379073195550e-04 1.481736037016163e-05 -7.524298678656476e-06 1.231548711632011e-06
-9.963500517923932e-05 1.984541945012801e-05 -7.258614245919975e-06 1.756395851614180e-06
-9.963558537891382e-05 9.790124310353648e-06 -7.322749347996490e-06 7.393178528044035e-07
-9.494273476936228e-05 1.481806523182921e-05 -6.615742049074038e-06 1.230415983855850e-06
-9.027570007284208e-05 1.980394640707104e-05 -6.303271212781568e-06 1.793590422198375e-06
-9.027605824535950e-05 9.832596938049647e-06 -6.483968286119493e-06 7.838325183555149e-07
-8.562435608854249e-05 1.481837538753900e-05 -5.631827491412839e-06 1.210567939039608e-06
-8.101018805646614e-05 1.974366615401963e-05 -5.149882056382776e-06 1.857063799540000e-06
-8.101043098091259e-05 9.893151816983594e-06 -5.597167992318623e-06 7.604925284750558e-07
-7.641759885047798e-05 1.481839396418608e-05 -4.563312305541121e-06 1.242461795932650e-06
-7.187539266316287e-05 1.966243171502059e-05 -4.066815104933805e-06 1.793835498621900e-06
-7.187562133716740e-05 9.974175143945008e-06 -4.542721976891423e-06 7.040952527830321e-07
-6.736125788258960e-05 1.481808615657464e-05 -3.627958329333766e-06 1.253387924104909e-06
-6.291131003509274e-05 1.955896431224005e-05 -3.158702332551066e-06 1.613554438186538e-06
-6.291160899387400e-05 1.007671337952885e-05 -3.514323659042318e-06 7.842964512141930e-07
-5.849652077063696e-05 1.481739208774413e-05 -2.937158318780201e-06 1.225650678244141e-06
-5.416036002965786e-05 1.943155563858581e-05 -2.533141361467468e-06 1.455870652449632e-06
-5.416110846328613e-05 1.020268774573036e-05 -2.727936150042071e-06 9.304297896473165e-07
-4.986698536422475e-05 1.481651394368331e-05 -2.533978140120785e-06 1.262412473482470e-06
-4.566755069178915e-05 1.927734128183356e-05 -2.183497570540491e-06 1.427848241271572e-06
-4.566766597300450e-05 1.035540144433763e-05 -2.328207540319191e-06 9.873561219321998e-07
-4.168392123659151e-05 1.481437293239036e-05 -2.241544511032694e-06 1.277771454046672e-06
-3.780639070729324e-05 1.909824626965921e-05 -1.947797679005880e-06 1.440498846573848e-06
-3.780514823460910e-05 1.053917240711881e-05 -1.996300099038913e-06 9.705196967870858e-07
-3.492828787437147e-05 1.513834978581874e-05 -1.867386523309181e-06 1.270207162210042e-06
-3.209582735382368e-05 1.892993538188688e-05 -1.665012550100627e-06 1.465754101064310e-06
-3.209092697190962e-05 1.071144498851978e-05 -1.648507156762324e-06 9.619732410443160e-07
-2.810083025251599e-05 1.878204826795725e-05 -1.336718108287140e-06 1.496217354605918e-06
-2.883484168288667e-05 1.618476374236823e-05 -1.406158833561060e-06 1.321911694566238e-06
-2.809301757352337e-05 1.082233453049197e-05 -1.334661492809756e-06 9.698611974846796e-07
-2.527863553462319e-05 1.094143934209683e-05 -1.119855617163204e-06 9.837813620675983e-07
3.589732776268859e-06 1.384769451339655e-06 3.331618043000909e-07 7.076822967616706e-07
3.661075101279556e-06 1.212836148171753e-06 3.386424310712427e-07 6.978171846767159e-07
3.660555354249083e-06 5.738640911583952e-07 3.365658944889234e-07 6.618395280204640e-07
3.589646090002774e-06 4.049832856727927e-07 3.305037234057543e-07 6.532947726476004e-07
-2.526759569373739e-05 1.867762632452012e-05 -1.108568210326270e-06 1.483154169706144e-06
-2.278947697480126e-05 1.844131526277373e-05 -9.333899047282010e-07 1.433575976280946e-06
-2.466921677160437e-05 1.384906951418788e-05 -1.063016216539280e-06 1.143054920266567e-06
-2.275436842672948e-05 1.085002470650858e-05 -9.441288593466187e-07 1.013575597877856e-06
3.418653176848141e-06 1.456087203593006e-06 3.205454102424430e-07 7.110104391597115e-07
3.246884187519685e-06 7.554989892951280e-07 3.123927471952781e-07 6.702137151686531e-07
3.420562262931639e-06 3.348385901955896e-07 3.194991744832624e-07 6.507919826710826e-07
-2.197568377366861e-05 1.607725786414833e-05 -8.633687812847284e-07 1.278854349330440e-06
-2.039963277829623e-05 1.790767558015115e-05 -8.060262853578142e-07 1.335452034071207e-06
-1.815359650119499e-05 1.715092218870188e-05 -7.329554972097904e-07 1.261957902043887e-06
-2.123223597185375e-05 1.291119488438445e-05 -8.279247682758910e-07 1.127998550944089e-06
-2.040796390045366e-05 1.037442073373726e-05 -7.895144874295600e-07 1.039510412952329e-06
2.260996011551154e-06 1.477702439632478e-06 2.756131703440852e-07 7.083766102102385e-07
2.261109823888437e-06 3.173970144537410e-07 2.890972572066709e-07 6.609981629775350e-07
1.661063042170560e-06 8.991711535851831e-07 2.375384806950070e-07 6.945760020899807e-07
-1.608356810672551e-05 1.613654812723779e-05 -7.141397063957565e-07 1.192410781459856e-06
-1.783165593916316e-05 1.478662872553000e-05 -7.057559159335793e-07 1.185304811805764e-06
-1.859684730179671e-05 1.189384361663785e-05 -7.379332684926463e-07 1.096029452040929e-06
-1.827575852598700e-05 9.554084066831220e-06 -7.617347961015258e-07 1.070260332964434e-06
1.009906034373684e-06 1.588832180242306e-06 1.974693694382027e-07 7.423809968836514e-07
1.011150263191031e-06 2.134596754495737e-07 1.816301860699826e-07 6.324551896546809e-07
2.700701003584863e-07 9.030733098705154e-07 1.079917948555794e-07 6.911286656993577e-07
-1.418039872429047e-05 1.494545618730579e-05 -7.306525582175118e-07 1.184223870619811e-06
-1.250183878701008e-05 1.359792702299308e-05 -6.629143402365818e-07 1.123069759141145e-06
-1.595815302069245e-05 1.146086737909980e-05 -7.117240739441264e-07 1.114984809349077e-06
-1.640845352671073e-05 8.414788184738325e-06 -7.273508645849087e-07 1.048445723395220e-06
-5.802809920368190e-07 1.825559888354816e-06 1.503006930507201e-08 7.727756774376942e-07
-5.793382243219224e-07 -1.568768291891224e-08 3.739133989055299e-08 6.158159827598091e-07
-1.293082840567733e-05 1.158758343473193e-05 -6.463621277524847e-07 1.080768443334515e-06
-1.105005217310623e-05 1.208737886792944e-05 -6.706140119654671e-07 1.079852424342990e-06
-1.363191484460478e-05 9.393757397799122e-06 -6.394360229044972e-07 1.068541954755772e-06
-1.484328418220819e-05 7.056924707834079e-06 -6.687584220614524e-07 9.803806658730481e-07
-1.515942900295885e-06 9.069438563958717e-07 -6.303930714623641e-08 6.992295708893016e-07
-2.629930872685509e-06 2.165680586596467e-06 -1.646226175737116e-07 7.701256102935109e-07
-2.626779121426189e-06 -3.509877286270306e-07 -1.578226472136780e-07 6.171374276835356e-07
-9.791292187103746e-06 1.047742622928628e-05 -6.959719851851773e-07 1.132036396165497e-06
-8.794436563312523e-06 8.834841141135816e-06 -6.518942935479716e-07 1.091460711158551e-06
-8.036838834228421e-06 7.118096727248584e-06 -6.007255583128905e-07 1.032310523589644e-06
-1.221807814043805e-05 7.473993537639519e-06 -6.962399251588317e-07 1.045063839777954e-06
-1.360240551024247e-05 5.555079247520003e-06 -7.368029544136177e-07 9.996287913173217e-07
-3.523746446191936e-06 9.141231219960527e-07 -2.231258344732004e-07 7.180050995429989e-07
-4.621647494262831e-06 2.498882899596621e-06 -2.826266562748113e-07 8.085156057007410e-07
-4.621771895919714e-06 -6.946787722279349e-07 -3.060649962235565e-07 6.012330032962921e-07
-9.717960658741489e-06 7.104133236519047e-06 -6.754930764325481e-07 1.039852497676756e-06
-7.476719416022485e-06 5.390470401741507e-06 -5.571007772457259e-07 9.568966562164000e-07
-6.411785007430442e-06 2.779863432989479e-06 -4.728463660128482e-07 8.505554036528763e-07
-6.920343415075652e-06 3.066163233309236e-06 -5.012405743871326e-07 8.584453558549692e-07
-7.175880960621680e-06 3.658619149867401e-06 -5.154824691261198e-07 8.819794733257558e-07
-1.124430342006958e-05 5.339981352737423e-06 -7.055146049568651e-07 9.906408567267080e-07
-1.267556547369229e-05 3.982479246905230e-06 -7.627568436060978e-07 9.239602429573763e-07
-5.606680872308381e-06 1.150182486392288e-06 -3.755403775006025e-07 7.139167126563292e-07
-6.457832958892497e-06 -9.458756092270175e-07 -4.366350531523836e-07 5.863828576759853e-07
-8.645982624433409e-06 4.178261467598073e-06 -5.970142510922283e-07 9.171839569154478e-07
-6.975294857567954e-06 1.934299328053576e-06 -5.000145857263805e-07 7.920204865907767e-07
-7.580129449304915e-06 2.863579640308481e-06 -5.301672429382269e-07 8.420135375132311e-07
-1.056661017982528e-05 3.499299469354189e-06 -6.933974873871720e-07 9.006522132472434e-07
-1.208432694037750e-05 2.413366517182428e-06 -8.007295648603909e-07 8.449961019410790e-07
-7.045361561898614e-06 1.226804124222656e-07 -4.772335275611458e-07 6.508062574865542e-07
-6.995921425864391e-06 -1.215518980208213e-06 -4.715055660170178e-07 5.688782085372578e-07
-9.014464146111962e-06 1.526262286584808e-06 -5.992416045587444e-07 7.603506640206367e-07
-1.186201563713494e-05 8.714193649836382e-07 -8.247518345642522e-07 6.877124481236565e-07
-1.194475321599087e-05 -6.151068628312081e-07 -8.392514333583330e-07 5.966580315218943e-07
-8.134874009762152e-06 -8.640228227925647e-07 -5.218311295022699e-07 5.839754170917087e-07
-7.315491489045600e-06 -1.782259043554115e-06 -4.849180022476222e-07 5.302131318028285e-07
-7.717270522165967e-06 -3.323995997207067e-06 -4.952455384747663e-07 4.083295693878002e-07
-1.047185224806670e-05 -8.212733951404938e-07 -7.295236280035527e-07 5.850703874371406e-07
-8.294729201742368e-06 -4.786616745011895e-06 -5.144688934774070e-07 2.660756282765803e-07
-1.234202867255669e-05 -2.103974288814007e-06 -8.738716755673146e-07 5.123667293426355e-07
-9.121651573230350e-06 -3.387669016430143e-06 -5.769920427612806e-07 3.996195803746345e-07
-1.115761552181799e-05 -3.501466172339397e-06 -7.856654791228884e-07 3.954136342767959e-07
-9.027761801222693e-06 -6.168649153647593e-06 -5.865857633860294e-07 1.165799653980768e-07
-1.300536397480537e-05 -3.502694460742333e-06 -9.255391686700676e-07 3.985396544026413e-07
-1.240874464097256e-05 -4.857707364647377e-06 -8.942372846150242e-07 2.501130652180993e-07
-1.104055105499670e-05 -5.696453073669453e-06 -7.998558273500933e-07 1.573508571075197e-07
-9.912411440987977e-06 -7.460523193924299e-06 -6.741967064341198e-07 5.940892154294947e-09
-1.094062011974864e-05 -8.646245854161731e-06 -7.569725185268514e-07 -8.409285607256450e-08
-1.391139796113994e-05 -4.777616092521285e-06 -1.001497481360936e-06 2.557274189049573e-07
-1.323079789325652e-05 -6.351295763112159e-06 -9.660663459404841e-07 1.245616048083193e-07
-1.243538906394843e-05 -8.169811720534681e-06 -9.079434227285916e-07 -2.462010982075008e-08
-1.209821575219840e-05 -9.711811866904067e-06 -8.658051881485646e-07 -1.754144016181209e-07
-1.502926145992400e-05 -5.881535775194643e-06 -1.109233312303671e-06 1.674292727614401e-07
-1.468158737110084e-05 -8.152271127471656e-06 -1.120942703850180e-06 -2.702906382542016e-08
-1.337291175177689e-05 -1.063983476450981e-05 -1.009377127171420e-06 -2.543283915689170e-07
-1.474983160443719e-05 -1.141979580947907e-05 -1.154708352918558e-06 -3.407153928355964e-07
-1.620914778612143e-05 -1.204125866978489e-05 -1.290580395597438e-06 -4.038032058748852e-07
-1.633512781686531e-05 -8.633057543906484e-06 -1.322711511601117e-06 -8.508683522506896e-08
-1.632704126369913e-05 -6.779750767711850e-06 -1.302211184036212e-06 8.061463545247786e-08
-1.600878212777266e-05 -1.046336056667084e-05 -1.279676113779620e-06 -2.531899421706974e-07
-1.773431904723582e-05 -1.249197769232851e-05 -1.405121426334662e-06 -4.549285019181139e-07
-1.930424406765280e-05 -1.276742709994736e-05 -1.554733381428711e-06 -4.660908907822672e-07
-1.764655357797757e-05 -9.044990426024186e-06 -1.451288956532883e-06 -1.297050054865052e-07
-1.776752637149636e-05 -7.440960502971721e-06 -1.464317835428031e-06 4.841160535092924e-10
-2.089758450954868e-05 -1.286208925718229e-05 -1.721165636829051e-06 -4.371972458472153e-07
-1.912677059726900e-05 -1.052676784972999e-05 -1.562537467962904e-06 -2.528579792273265e-07
-1.930643137432887e-05 -7.844242331188876e-06 -1.592660826735291e-06 -7.266625359671264e-08
-2.125031343961962e-05 -1.076336055715304e-05 -1.758046513424276e-06 -2.764100167604515e-07
-2.265530957064650e-05 -1.286566515624976e-05 -1.873121380717266e-06 -3.631118785986007e-07
-2.089633907087476e-05 -7.977962869358322e-06 -1.735692435049404e-06 -1.314261038356116e-07
-2.507683298746025e-05 -1.286770817637899e-05 -1.942099263154153e-06 -2.951735310451880e-07
-2.316518859209739e-05 -9.569876707707290e-06 -1.863783698891430e-06 -2.490183836324955e-07
-2.265572414289576e-05 -7.972795928558046e-06 -1.820870174482804e-06 -1.889188577194571e-07
-2.840682351007628e-05 -1.286679134089764e-05 -1.949432798519457e-06 -2.122676995580823e-07
-2.675974583897957e-05 -1.022641113635239e-05 -1.947932911461074e-06 -2.986577069578536e-07
-2.507739959785166e-05 -7.968335204206920e-06 -1.911567152501658e-06 -2.700466135207749e-07
-3.279381696373358e-05 -1.285852169129932e-05 -1.611936857371602e-06 -7.031103596925139e-08
-3.060307260689224e-05 -1.041658208907142e-05 -1.811484575181056e-06 -2.980862984686540e-07
-2.840761618377007e-05 -7.967587063780311e-06 -1.901689425728629e-06 -3.707637831827103e-07
-3.734536082165185e-05 -1.284430813644228e-05 -1.033957561778370e-06 9.765685989009781e-08
-3.507420895214702e-05 -1.041504418488703e-05 -1.369579904176613e-06 -2.737775144299769e-07
-3.279464273872769e-05 -7.973130916260276e-06 -1.624530231257159e-06 -4.826500892148293e-07
-4.186873006170687e-05 -1.282783812124682e-05 -1.953188419542959e-07 1.864275002993402e-07
-3.961230145928516e-05 -1.041347968308547e-05 -6.701168349233458e-07 -2.525578510589075e-07
-3.734602109080965e-05 -7.984294940583014e-06 -1.103934907099177e-06 -6.402621996269795e-07
-4.636323262969874e-05 -1.281251552300347e-05 7.199533594517009e-07 2.016550328347875e-07
-4.412065625714342e-05 -1.041220336361604e-05 2.398330893235663e-07 -2.351784792652053e-07
-4.186899083131042e-05 -7.997906280241696e-06 -2.970292480508862e-07 -6.940654888561789e-07
-5.083252245569849e-05 -1.280001942805015e-05 1.570183302756968e-06 1.826311617034801e-07
-4.860167520689885e-05 -1.041114883755228e-05 1.144914332792016e-06 -2.198855784123986e-07
-4.636331131292188e-05 -8.010812623447526e-06 6.408002405835085e-07 -7.179529294076650e-07
-5.528335700458292e-05 -1.279174443150993e-05 2.136116027589359e-06 1.780197174188458e-08
-5.306045004471749e-05 -1.041037276985439e-05 1.890346894668741e-06 -2.230081433821923e-07
-5.083264386347482e-05 -8.021337382447719e-06 1.490028159664005e-06 -6.322322186869825e-07
-5.972381422200526e-05 -1.278774561289164e-05 2.364982094557087e-06 -1.982536736781372e-07
-5.750483646970497e-05 -1.040992176834313e-05 2.300469990472569e-06 -2.190764474676616e-07
-5.528358571393396e-05 -8.028421763046475e-06 2.060920027083432e-06 -4.246767585427467e-07
-6.416165482303270e-05 -1.278754284957142e-05 2.213219237950254e-06 -3.028958033060777e-07
-6.194271334720524e-05 -1.040958420530499e-05 2.288574966866404e-06 -1.723077564796636e-07
-5.972405340883412e-05 -8.031718670226682e-06 2.222654406465137e-06 -1.316343787396411e-07
-6.860263699118658e-05 -1.278936137254076e-05 1.784614013268412e-06 -3.644137687079699e-07
-6.638139242013736e-05 -1.040930926120511e-05 1.966344314854964e-06 -1.257189349004061e-07
-6.416179241726375e-05 -8.031366261175114e-06 2.077046805197852e-06 -9.454995163493116e-09
-7.812970223677013e-05 -1.253009170482267e-05 7.977038887873629e-07 -3.225397747962708e-07
-7.749781378052858e-05 -1.279180431858114e-05 8.601160005568307e-07 -3.490590367047138e-07
-7.059346124532895e-05 -1.040910765663293e-05 1.515299601480507e-06 -9.842811706513621e-08
-7.304857288533556e-05 -1.279118872880914e-05 1.284506832854466e-06 -3.792184959094614e-07
-6.860261819883412e-05 -8.029041432016217e-06 1.666522786786504e-06 1.000139890460171e-07
-7.839144078791282e-05 -1.189823777795282e-05 7.705572439855358e-07 -2.582596653831981e-07
-7.689607974217452e-05 -1.040885658118211e-05 9.025691396219992e-07 -1.189510542684286e-07
-7.304861323080066e-05 -8.026763310940700e-06 1.268041871569250e-06 1.340027365909456e-07
-7.839140105848269e-05 -8.919490319017976e-06 7.469356347272474e-07 3.587701703302967e-08
-7.749779319245218e-05 -8.025958768503184e-06 8.342318285143949e-07 1.281451999344837e-07
-7.812966607403124e-05 -8.287660190312258e-06 7.713262316683948e-07 1.003779525833333e-07
