-1.330302072526263e-04 1.854882116064709e-05 -1.900761304425599e-05 2.377209469146254e-06
-1.335598604418105e-04 1.727015689439483e-05 -1.908669328247268e-05 2.198076472942174e-06
-1.335597663998495e-04 1.124223494017152e-05 -1.911580965121617e-05 1.440414525513506e-06
-1.330300975920331e-04 9.963550961412084e-06 -1.903609455416207e-05 1.247799087724653e-06
-1.317515151475407e-04 1.907845632193068e-05 -1.882307405886981e-05 2.451447418315981e-06
-1.293528918483129e-04 1.425618284580152e-05 -1.855715529647126e-05 1.825030555671026e-06
-1.317513800369894e-04 9.433906648576581e-06 -1.884443486384996e-05 1.167867132768952e-06
-1.227475250772288e-04 1.907777897253696e-05 -1.763316504672118e-05 2.507808268624556e-06
-1.227472384724938e-04 9.434540321260217e-06 -1.766251305790781e-05 1.158451092106530e-06
-1.177766999033176e-04 1.425620270040173e-05 -1.686171387035107e-05 1.881375577381199e-06
-1.137459706556164e-04 1.907273652841385e-05 -1.637647041594843e-05 2.602296266993921e-06
-1.137453567785760e-04 9.439355618197567e-06 -1.630821539146662e-05 1.083231403780388e-06
-1.092481825848924e-04 1.425601853705174e-05 -1.548154080214655e-05 1.923566937109593e-06
-1.047584573438354e-04 1.905961487926347e-05 -1.492303035939417e-05 2.716502257937333e-06
-1.047579942393024e-04 9.451981377687097e-06 -1.475298573442113e-05 1.101037604806228e-06
-1.002733395013346e-04 1.425564260764739e-05 -1.393346824296304e-05 1.925916666199447e-06
-9.580352438862140e-05 1.903538102574877e-05 -1.341217132740088e-05 2.700565558540348e-06
-9.580319572821664e-05 9.475239635277418e-06 -1.323796994922147e-05 1.121713881307264e-06
-9.134193595223892e-05 1.425491718219427e-05 -1.247345230048702e-05 1.955684269408377e-06
-8.690395316039290e-05 1.899769763097456e-05 -1.207886122861000e-05 2.655893396309453e-06
-8.690391199940375e-05 9.511437154603650e-06 -1.179129051190524e-05 1.169648660457839e-06
-8.247844816151044e-05 1.425425777100550e-05 -1.108196550476222e-05 1.945036431445220e-06
-7.808546188341733e-05 1.894568003576758e-05 -1.076802090122119e-05 2.586444733799802e-06
-7.808521093896124e-05 9.562180855676263e-06 -1.032988250614297e-05 1.185108911027594e-06
-7.370954572115512e-05 1.425360195657493e-05 -9.761446628024303e-06 1.907120190007739e-06
-6.937669726719644e-05 1.887684344624782e-05 -9.484926533171193e-06 2.577570300590215e-06
-6.937624694810596e-05 9.629791844089688e-06 -8.976142582672791e-06 1.176163986841470e-06
-6.506650526565076e-05 1.425296524728571e-05 -8.550277099628980e-06 1.847812882532011e-06
-6.081183308276659e-05 1.878773678323145e-05 -8.101601164678063e-06 2.578377811219775e-06
-6.081126978535316e-05 9.717442168787794e-06 -7.679341334112624e-06 1.133205486744806e-06
-5.658642395458874e-05 1.425218102764789e-05 -7.304101084190083e-06 1.808257678225012e-06
-5.243189414438149e-05 1.867441658116279e-05 -6.654234153491193e-06 2.538384250352691e-06
-5.243106022790401e-05 9.828885520984588e-06 -6.293364140357976e-06 1.096316590852909e-06
-4.831413856893154e-05 1.425124901329216e-05 -6.010386857423391e-06 1.757829709097322e-06
-4.428337688176512e-05 1.853464619964754e-05 -5.320936569775803e-06 2.452205093954599e-06
-4.428199336107035e-05 9.967358985308713e-06 -5.020124183760191e-06 1.128820453616401e-06
-4.045636983660680e-05 1.424923322232405e-05 -4.785873039673074e-06 1.678994239260020e-06
-3.672818323387731e-05 1.837028594658371e-05 -4.140626773198923e-06 2.327575884065071e-06
-3.672616407950742e-05 1.013638641555091e-05 -4.004796209156403e-06 1.130281892687235e-06
-3.395904356340155e-05 1.456146313564260e-05 -3.762828860714947e-06 1.688252393751815e-06
-3.122984441010854e-05 1.821548787644591e-05 -3.417670339730049e-06 2.256045203094181e-06
-3.122499870093785e-05 1.029528536015033e-05 -3.319926690809787e-06 1.112178005511265e-06
-2.737665948856299e-05 1.807900506512847e-05 -2.809620488587301e-06 2.238070996046710e-06
-2.808654515836009e-05 1.557152180378162e-05 -2.930235618842606e-06 1.829433910894116e-06
-2.736951063553972e-05 1.039794561044045e-05 -2.831786665590285e-06 1.105059440191048e-06
-2.465131415001367e-05 1.050827399255719e-05 -2.349199466816047e-06 1.038284985969027e-06
3.537578588210824e-06 1.187021544833739e-06 1.238892519118029e-07 7.414121687646682e-08
3.607939787315315e-06 1.017522003605288e-06 1.260821582749387e-07 7.039094755934368e-08
3.607457853338709e-06 3.872376278942324e-07 1.259330238735334e-07 5.745883764505321e-08
3.537500094597821e-06 2.205754879979291e-07 1.233495488278248e-07 5.320099874850059e-08
-2.464101899619225e-05 1.798228802396171e-05 -2.360899163457048e-06 2.224418217851813e-06
-2.224452602072163e-05 1.775749767983314e-05 -1.948637482740284e-06 2.208482839071617e-06
-2.406432262725800e-05 1.331711949115488e-05 -2.269922302443255e-06 1.478117024725715e-06
-2.221204420466007e-05 1.041523023869135e-05 -1.921555412234358e-06 9.852577964414396e-07
3.368900998518098e-06 1.257287353961420e-06 1.192613982348772e-07 7.557040899098820e-08
3.199369897957480e-06 5.662123478704711e-07 1.165969971728377e-07 5.839583056946070e-08
3.370660709347450e-06 1.512651226374555e-07 1.191674540315667e-07 5.100017867188505e-08
-2.145864607568398e-05 1.547260803343233e-05 -1.814380924887843e-06 1.839284672103664e-06
-1.993163324920503e-05 1.724548102949977e-05 -1.566185047874804e-06 2.127475713984945e-06
-1.775494762305794e-05 1.651550987809398e-05 -1.186052136530439e-06 1.984912653849621e-06
-2.073944841192580e-05 1.240873419008815e-05 -1.667550256606809e-06 1.316009596078057e-06
-1.994072275119630e-05 9.949915833597752e-06 -1.519081681275899e-06 8.975542725739509e-07
2.226887259889392e-06 1.277744494843326e-06 9.031042758643758e-08 9.949052033271885e-08
2.226580791543916e-06 1.330704268644835e-07 1.029698449345637e-07 7.543514388343921e-08
1.634518092368489e-06 7.061729623295884e-07 7.597505693702524e-08 1.251022399893726e-07
-1.574640640687879e-05 1.553593773040155e-05 -8.374735960969149e-07 1.797138746698898e-06
-1.744374412424533e-05 1.422617160310008e-05 -1.116067704848778e-06 1.594734257192237e-06
-1.818548700259519e-05 1.142181962569563e-05 -1.227646735402922e-06 1.124516797388629e-06
-1.787420696590103e-05 9.150118895403041e-06 -1.159280512341597e-06 7.668700599653551e-07
9.923858414831362e-07 1.385054233466502e-06 5.960139453215537e-08 1.514417681990890e-07
9.929846924812744e-07 2.910492941878339e-08 8.781710335005306e-08 1.399973452767685e-07
2.627007977450675e-07 7.079103963060991e-07 5.422665791009146e-08 1.796561003366941e-07
-1.389793290440078e-05 1.438291118429455e-05 -5.163605009299609e-07 1.570219472696213e-06
-1.226515191193082e-05 1.307638475915163e-05 -2.853500921948907e-07 1.347340207358354e-06
-1.562470069645183e-05 1.100112944993215e-05 -7.631694176029291e-07 1.031747879476171e-06
-1.606222522713134e-05 8.040786679559234e-06 -8.224974698671315e-07 6.217702642383038e-07
-5.747404455862972e-07 1.614991012143740e-06 4.955985070926008e-08 2.032937477267772e-07
-5.744111765862645e-07 -1.977464354505035e-07 4.702690702212297e-08 1.800563985821278e-07
-1.268193487894940e-05 1.112461712270141e-05 -3.333837250251189e-07 1.043732595286936e-06
-1.085125152673377e-05 1.161076190833370e-05 -1.062694991747737e-07 1.109590737294040e-06
-1.336363297951398e-05 8.991774458104279e-06 -4.040857859822281e-07 7.490920837532166e-07
-1.454210933001475e-05 6.717727936817442e-06 -5.333195556605017e-07 4.524372367628619e-07
-1.496017040137764e-06 7.094898566961947e-07 3.449822180354337e-08 2.166373085983206e-07
-2.591025954999537e-06 1.945434019415735e-06 5.336111548219815e-09 2.484474461956560e-07
-2.588795052705792e-06 -5.281162215388283e-07 1.515678588948883e-08 2.540980067686620e-07
-9.624475727348556e-06 1.004659590814703e-05 3.453513250739950e-08 8.819135243790596e-07
-8.650632988215714e-06 8.447977811204594e-06 8.023898290102141e-08 7.120104833009767e-07
-7.908560496378063e-06 6.776104071447162e-06 1.000846637018293e-07 5.411439477745765e-07
-1.198722801033625e-05 7.123378847209717e-06 -2.417296378247919e-07 5.325251119080701e-07
-1.333651964473565e-05 5.253280927980974e-06 -3.659442952309539e-07 4.121749293376332e-07
-3.470072930887931e-06 7.143607595652441e-07 5.380185046248486e-10 2.746544391438325e-07
-4.548179812771649e-06 2.269730935310611e-06 -2.668632030339639e-08 3.007957155314665e-07
-4.548807078300413e-06 -8.660498037068579e-07 6.386777610774348e-09 2.604856183294013e-07
-9.549984294405238e-06 6.763056728837692e-06 -1.716308412090933e-08 5.302364003132458e-07
-7.358847078895782e-06 5.091815617489861e-06 1.113391918018724e-07 3.958577709955430e-07
-6.307176531341205e-06 2.543052605141368e-06 1.582317631713233e-08 3.013663538034712e-07
-6.807522295407119e-06 2.822613498753469e-06 5.982520786610256e-08 3.012482360192111e-07
-7.060072258702431e-06 3.401438016956936e-06 8.715469670799042e-08 3.077541707695718e-07
-1.103874524918403e-05 5.043466442755197e-06 -1.375465105969821e-07 3.988737100465642e-07
-1.243659241626419e-05 3.717817210055157e-06 -2.138558050533554e-07 3.021306623767620e-07
-5.515964846740808e-06 9.445043596350248e-07 -1.142481044725084e-08 2.950434068926109e-07
-6.349777259019067e-06 -1.112536653564600e-06 -1.019765085018035e-08 3.136713101091317e-07
-8.499975098407988e-06 3.909580152686383e-06 4.057869237970466e-08 3.181378176360280e-07
-6.860149477441781e-06 1.713500919567505e-06 4.708905388814804e-08 3.079009086295766e-07
-7.454693928357315e-06 2.623828651410936e-06 6.719134801718426e-08 3.002528343095675e-07
-1.037759543122809e-05 3.245939954888022e-06 -8.060702983743452e-08 2.779028995668648e-07
-1.186379820776677e-05 2.182994634634244e-06 -1.022605962845813e-07 2.900640150935695e-07
-6.926612234104255e-06 -6.364845390811023e-08 1.283240343389675e-08 3.019311736942863e-07
-6.876308884520535e-06 -1.377316725566245e-06 -3.115722891889480e-08 3.250127090371095e-07
-8.858951769570223e-06 1.314846486786097e-06 -7.494630405309806e-09 2.645307126090430e-07
-1.164986801327560e-05 6.718825483155814e-07 -5.366572680788933e-08 2.710234722417350e-07
-1.173641739827110e-05 -7.878541370427020e-07 -1.290604475314908e-08 3.247211448908812e-07
-7.994003328015177e-06 -1.031656236310487e-06 -4.606681134337634e-09 3.085921480793148e-07
-7.188500349377522e-06 -1.934702489066062e-06 -5.161198727670206e-08 3.453826093024675e-07
-7.580418065844815e-06 -3.452680563910283e-06 -3.981333865766289e-08 4.131866900150509e-07
-1.028903441649213e-05 -9.888031398427836e-07 -1.882458144963258e-08 3.214611958022335e-07
-8.145773061966903e-06 -4.895224239224712e-06 9.453237194986375e-09 4.435370504021692e-07
-1.213147937713975e-05 -2.251415562198615e-06 9.133273979022293e-10 3.752487192041130e-07
-8.961292096058007e-06 -3.514655585423619e-06 4.438997055371061e-08 4.036487858716016e-07
-1.096604922677921e-05 -3.627555272491807e-06 -8.666173872545444e-09 4.168018176629502e-07
-8.866816920994621e-06 -6.259648724898737e-06 4.324973066447253e-08 4.590734759372368e-07
-1.278873193733369e-05 -3.629333642954007e-06 7.812560549392834e-09 4.478909795739846e-07
-1.220127622967073e-05 -4.966086740882945e-06 -2.297610565941120e-08 4.704813178184077e-07
-1.085140943323046e-05 -5.793631639691993e-06 1.856012424877057e-09 4.491789294516932e-07
-9.738177719292266e-06 -7.536240801770352e-06 6.782271593764072e-08 4.497582641481824e-07
-1.075317924049730e-05 -8.709066387055608e-06 4.136760946548557e-08 3.807123910304097e-07
-1.368598916339981e-05 -4.887211104611373e-06 -7.706739676221559e-08 4.937086384504341e-07
-1.301427043449386e-05 -6.441674974901364e-06 -8.580923817974087e-08 4.735807917226144e-07
-1.222930064743870e-05 -8.238632802365180e-06 -4.961074141628771e-08 4.162853553748670e-07
-1.189636125716063e-05 -9.763137477833665e-06 -1.417453741681569e-08 3.227783985707426e-07
-1.479214302327163e-05 -5.977688403826270e-06 -1.653188677877409e-07 5.403665585726280e-07
-1.444918563066200e-05 -8.222419113643332e-06 -1.620290813636898e-07 4.157593153794626e-07
-1.315626849741738e-05 -1.068132260461645e-05 -9.173922674479909e-08 2.734316023991256e-07
-1.451758592692514e-05 -1.145313483961651e-05 -2.016500807631344e-07 1.778569246688276e-07
-1.596006951939388e-05 -1.206761706651365e-05 -3.170192633488845e-07 1.065348500244703e-07
-1.608440420498175e-05 -8.698409848384067e-06 -3.164979829505870e-07 3.847551956019335e-07
-1.607600645389620e-05 -6.865880088258667e-06 -3.137668591595685e-07 5.361747547754403e-07
-1.576200169832691e-05 -1.050795550989780e-05 -2.865403735085438e-07 2.320645577908061e-07
-1.746760111147794e-05 -1.251316061035266e-05 -4.519396285458518e-07 6.673230326824903e-08
-1.901913223820282e-05 -1.278510806176907e-05 -6.025749597842150e-07 6.780894097996315e-08
-1.738104055513277e-05 -9.106109800849205e-06 -4.248656971511409e-07 3.684474972100930e-07
-1.750045015290795e-05 -7.520329130852455e-06 -4.508068223382799e-07 5.246754078382634e-07
-2.059343653826210e-05 -1.287840636029644e-05 -7.671767412065751e-07 7.619910995181081e-08
-1.884400495758057e-05 -1.057091056042102e-05 -5.757400697200175e-07 2.343956774363401e-07
-1.902136589841764e-05 -7.920022456485273e-06 -6.122732092862254e-07 5.132709980258557e-07
-2.094177437463832e-05 -1.080491726596440e-05 -7.752703730437586e-07 2.210674661851149e-07
-2.232934947385090e-05 -1.288184665173057e-05 -8.849148189911097e-07 5.179599399955669e-08
-2.059218253811429e-05 -8.053004934944364e-06 -7.903216670427900e-07 4.831698621598362e-07
-2.471974265051000e-05 -1.288427569885039e-05 -1.084777723885632e-06 8.448002852831767e-08
-2.283254091651469e-05 -9.626098418943956e-06 -9.365093731545751e-07 3.363567567010446e-07
-2.232941734027916e-05 -8.048551511143047e-06 -9.046130101890281e-07 4.675013256973354e-07
-2.800814859072955e-05 -1.288676838375868e-05 -1.382747585300372e-06 1.359246577111231e-07
-2.638059167781603e-05 -1.027468771066031e-05 -1.224099803010784e-06 3.270085981350960e-07
-2.472000927481589e-05 -8.043983299869097e-06 -1.125615702715821e-06 4.798812844128859e-07
-3.235226179844457e-05 -1.288972963414888e-05 -1.717413781185184e-06 2.324777653669872e-07
-3.017939314838034e-05 -1.046286786142147e-05 -1.503884057961533e-06 3.486256780925590e-07
-2.800839895882445e-05 -8.039890122861363e-06 -1.311227727853074e-06 4.947824843375858e-07
-3.688887994006861e-05 -1.289579517772999e-05 -1.916642134975662e-06 3.983647854023647e-07
-3.461852490117587e-05 -1.046148122869843e-05 -1.774359333864868e-06 3.970509996231034e-07
-3.235272677293773e-05 -8.034544000651868e-06 -1.605627543601826e-06 4.946196422225988e-07
-4.144340213077577e-05 -1.290613077195140e-05 -1.923449339550743e-06 6.027371798154568e-07
-3.916266537247985e-05 -1.046010668211301e-05 -1.917300432650078e-06 4.685124904330066e-07
-3.688936300406421e-05 -8.025707578633335e-06 -1.861030888593907e-06 5.104788545646649e-07
-4.602344399130436e-05 -1.291979283579747e-05 -1.620269506772780e-06 7.460964319325299e-07
-4.372886504732601e-05 -1.045874773350436e-05 -1.785697331420139e-06 5.278920394012886e-07
-4.144394458321911e-05 -8.012656758794439e-06 -1.920330756193989e-06 4.537679436859881e-07
-5.063444850972590e-05 -1.293565993548740e-05 -1.109586815498348e-06 9.279750843862462e-07
-4.832370379215229e-05 -1.045748852073432e-05 -1.378845829826730e-06 5.665331603923175e-07
-4.602395958463400e-05 -7.996401826883448e-06 -1.616374717863508e-06 3.692595043335793e-07
-5.527890698291831e-05 -1.295234582616608e-05 -4.251700332742405e-07 1.020981676662763e-06
-5.295125422204955e-05 -1.045637965263228e-05 -7.189128737925811e-07 6.143029452115776e-07
-5.063497449596278e-05 -7.978226743298801e-06 -1.057301097674606e-06 2.467934936508148e-07
-5.995662208466733e-05 -1.296848233397445e-05 3.922271139695633e-07 1.041896665141598e-06
-5.761246934969889e-05 -1.045553692674272e-05 7.577556994942032e-08 5.977569122558461e-07
-5.527930793217493e-05 -7.959635765793478e-06 -2.755882978113462e-07 1.974601842818973e-07
-6.466434326008205e-05 -1.298187656947498e-05 1.304060760973047e-06 1.081457338906199e-06
-6.230604033554966e-05 -1.045492593078620e-05 9.212744803780834e-07 5.901565812022081e-07
-5.995688207850530e-05 -7.942084088054817e-06 5.391715274223576e-07 1.393250803864258e-07
-6.939484411540701e-05 -1.299126127329299e-05 2.125935913434583e-06 1.024447848920399e-06
-6.702659492895093e-05 -1.045449352900557e-05 1.771579268227158e-06 5.875631477704429e-07
-6.466448254972532e-05 -7.927530886879175e-06 1.377985033290604e-06 1.264716727825206e-07
-7.956199117373920e-05 -1.271760834015018e-05 3.991141359066737e-06 9.349951807088668e-07
-7.888767767854290e-05 -1.299689753228167e-05 3.868053182144889e-06 9.857223495328780e-07
-7.151868566738556e-05 -1.045415223133271e-05 2.533640468414960e-06 5.569056542271474e-07
-7.413909057937773e-05 -1.299605416625863e-05 2.992620574583856e-06 1.009714464194574e-06
-6.939506537914017e-05 -7.917271767292551e-06 2.211216835498485e-06 1.275154113589740e-07
-7.984130653213317e-05 -1.204332999542329e-05 4.042566678046543e-06 8.149160697920504e-07
-7.824553192180721e-05 -1.045395340158817e-05 3.772733234850016e-06 5.409009953119516e-07
-7.413921151200592e-05 -7.912082037720387e-06 3.032783697232759e-06 1.176882092614887e-07
-7.984141122639671e-05 -8.864513061454199e-06 4.083602973622179e-06 2.420884557659045e-07
-7.888780279751635e-05 -7.910955456024259e-06 3.915520939919141e-06 7.237070950295200e-08
-7.956210589323835e-05 -8.190239651459015e-06 4.034645585628342e-06 1.211837179310714e-07
