-3.624505554559904e-05 5.767952177717474e-06 -4.814098757746141e-05 5.742579761891825e-06
-3.636507816960271e-05 5.478218261988548e-06 -4.834436954588871e-05 5.235781852171649e-06
-3.636544401695333e-05 4.112575399382716e-06 -4.830167644292008e-05 2.793209565659317e-06
-3.624546882188306e-05 3.822876494178223e-06 -4.809526494232403e-05 2.293839656416925e-06
-3.595531762174582e-05 5.887967766490902e-06 -4.764279099001898e-05 5.953795063648090e-06
-3.541228560866774e-05 4.795472867875618e-06 -4.663138460541708e-05 4.010801451947322e-06
-3.595579535692471e-05 3.702878056485419e-06 -4.759717178190912e-05 2.086805819021621e-06
-3.391559367295555e-05 5.888386028834654e-06 -4.400705480125704e-05 5.948944305724482e-06
-3.391632868778990e-05 3.702791309689993e-06 -4.396791955335362e-05 2.095320329147532e-06
-3.278962541729879e-05 4.795639198321039e-06 -4.204977756930373e-05 4.013708588207927e-06
-3.187496647799097e-05 5.889368360081132e-06 -4.027369850422148e-05 5.990123675712356e-06
-3.187574007964800e-05 3.702014804640713e-06 -4.031989869413456e-05 2.158952499530993e-06
-3.085414077347372e-05 4.796064898344672e-06 -3.870372217489331e-05 3.984318893310880e-06
-2.983237369213564e-05 5.891259525908025e-06 -3.661061779699399e-05 5.986748515196394e-06
-2.983247595791862e-05 3.701280200263610e-06 -3.691193927680334e-05 2.111574691725799e-06
-2.880980944448898e-05 4.796553022513139e-06 -3.508138871114483e-05 4.004103361011464e-06
-2.778650029311580e-05 5.893660648166929e-06 -3.309699882871621e-05 5.853515878641025e-06
-2.778682545340131e-05 3.700390432761740e-06 -3.344036107318876e-05 2.199558600850859e-06
-2.676244866675958e-05 4.797312477526495e-06 -3.164337144115957e-05 4.043148378394862e-06
-2.573739856684086e-05 5.896081237606680e-06 -2.982745157508414e-05 5.715124513487535e-06
-2.573812876445005e-05 3.699749899347818e-06 -2.998628359771779e-05 2.220022413183461e-06
-2.471209897320817e-05 4.798157689683574e-06 -2.848326132746693e-05 4.080580829263547e-06
-2.368526121078490e-05 5.898361573224778e-06 -2.683905214510168e-05 5.591519177814415e-06
-2.368666627919113e-05 3.699018618855167e-06 -2.667505564127408e-05 2.305274148648995e-06
-2.265911544753283e-05 4.799107728201287e-06 -2.549108977279215e-05 4.087636583553499e-06
-2.163083961390666e-05 5.900851338089909e-06 -2.391352559593926e-05 5.564507421442926e-06
-2.163225846456507e-05 3.698033609909858e-06 -2.356313495243239e-05 2.409914273142194e-06
-2.060331985319465e-05 4.800021581392224e-06 -2.243514587859891e-05 4.050870739473804e-06
-1.957313030382442e-05 5.904140495504596e-06 -2.088759151275523e-05 5.685597828113239e-06
-1.957409386827301e-05 3.696405092087920e-06 -2.061032832398459e-05 2.423438282675326e-06
-1.854300678012163e-05 4.800902336102478e-06 -1.929166189824764e-05 4.046123388784754e-06
-1.750975460631542e-05 5.908534651680007e-06 -1.774918334422270e-05 5.755777549894351e-06
-1.751046877580062e-05 3.694016198773560e-06 -1.771677748039384e-05 2.412732069728989e-06
-1.647621228720125e-05 4.801715248859482e-06 -1.616454352317646e-05 4.027208458001843e-06
-1.543924493897769e-05 5.913445502852564e-06 -1.464180232827212e-05 5.699720791335839e-06
-1.543983377647192e-05 3.690641415414528e-06 -1.469168119497427e-05 2.413796123068604e-06
-1.444373975053811e-05 4.802344129037156e-06 -1.316962316559762e-05 4.042617985682711e-06
-1.344503498648681e-05 5.918249847404419e-06 -1.173329281064688e-05 5.655684867803667e-06
-1.344535094420178e-05 3.686562717740171e-06 -1.176231944430779e-05 2.494219722116814e-06
-1.269584527976531e-05 4.890116583679055e-06 -1.063974877223646e-05 4.170805444234093e-06
-1.192807878918891e-05 5.922447104202072e-06 -9.586791256962750e-06 5.576322526519363e-06
-1.192829978641684e-05 3.682649289495008e-06 -9.597709400374557e-06 2.553777197779255e-06
-1.082022983469261e-05 5.926166045992030e-06 -8.167797667391833e-06 5.480152988961002e-06
-1.103828855419876e-05 5.185767338220863e-06 -8.403004343314617e-06 4.572691842308878e-06
-1.082046060219093e-05 3.680097783021319e-06 -8.144093665965152e-06 2.652515157036735e-06
-1.001297361901834e-05 3.677271170833300e-06 -7.201042060904550e-06 2.793586561739157e-06
1.759521030248113e-06 -4.150115070318364e-07 8.510939940503478e-07 3.522313074037686e-07
1.793792647647702e-06 -4.972113104769094e-07 8.696449814339517e-07 3.070740947722047e-07
1.793680167480137e-06 -8.042139021586789e-07 8.725113522491147e-07 1.272965029330395e-07
1.759546870748163e-06 -8.856814994973650e-07 8.539763187061796e-07 8.147470563529010e-08
-1.001320885137425e-05 5.928890555053215e-06 -7.199479695657626e-06 5.404403721617042e-06
-9.277230063204238e-06 5.889472526163253e-06 -6.370474238931299e-06 5.278038551642232e-06
-9.851126116787491e-06 4.521833494373530e-06 -6.965223919127612e-06 3.778813739261358e-06
-9.280267132872029e-06 3.609923198500353e-06 -6.337356565866263e-06 2.843301841043538e-06
1.677645385124589e-06 -3.811671537314238e-07 8.064257713405404e-07 3.707499763475073e-07
1.594872267205438e-06 -7.180890589706273e-07 7.573554724919186e-07 1.793236178867322e-07
1.678059758700164e-06 -9.199604976340726e-07 8.071238758324176e-07 6.355694444190671e-08
-9.045040496225013e-06 5.194381673005311e-06 -6.081006671453846e-06 4.484882277617306e-06
-8.549302786230591e-06 5.767253952800684e-06 -5.587705980556078e-06 5.052580191874470e-06
-7.838250872319882e-06 5.562169988660642e-06 -4.907419114396674e-06 4.800624392404161e-06
-8.824393337043270e-06 4.227996505293155e-06 -5.836539142021439e-06 3.514362597286276e-06
-8.567361193463638e-06 3.414678334159124e-06 -5.575006322187116e-06 2.742377542405034e-06
1.121685593941808e-06 -3.737931796548019e-07 5.139276737750703e-07 3.408915489675054e-07
1.120554672477035e-06 -9.322143459159788e-07 5.113152023014122e-07 7.050211733406402e-08
8.323109788962751e-07 -6.542348821778014e-07 4.067897547246341e-07 2.033756914796468e-07
-7.152658186439411e-06 5.277996389321536e-06 -4.319566470178186e-06 4.465774258882008e-06
-7.746496750250648e-06 4.828140347945918e-06 -4.807682999042704e-06 4.072549871032345e-06
-7.994308398990890e-06 3.893729754838704e-06 -5.032130545547205e-06 3.208891841697252e-06
-7.896577709795973e-06 3.096628027823498e-06 -4.942550118819282e-06 2.537443860942286e-06
5.187255613237278e-07 -3.227955912176617e-07 2.733939376279921e-07 3.552155012563410e-07
5.181077948029718e-07 -9.879629296560418e-07 2.820898088637320e-07 8.384701439594229e-08
1.600817813114115e-07 -6.565887013415438e-07 1.317513970821689e-07 2.309764652664117e-07
-6.502645521322792e-06 4.916445101215678e-06 -3.799776559644616e-06 4.092495540253025e-06
-5.895525608978641e-06 4.481922219068433e-06 -3.378044805517479e-06 3.701372390405785e-06
-7.122565304841316e-06 3.744033695680184e-06 -4.311640210953892e-06 3.084410470520512e-06
-7.288483948623773e-06 2.665487166566493e-06 -4.468000237172866e-06 2.281107132742987e-06
-2.521544893212831e-07 -2.097434731033464e-07 -2.689178328849871e-08 4.254231069002193e-07
-2.528781277964882e-07 -1.105942445934380e-06 -3.031672074268052e-08 4.218341667613416e-08
-6.048888601441402e-06 3.796615143001664e-06 -3.511197478768969e-06 3.137192805102147e-06
-5.339360123901831e-06 3.980689809801706e-06 -3.011706211757431e-06 3.277041989168363e-06
-6.309013823933750e-06 3.007337212756039e-06 -3.732414059972676e-06 2.573430552225296e-06
-6.762088688378921e-06 2.132203706591067e-06 -4.080535503610345e-06 1.989047396816332e-06
-7.082717145033645e-07 -6.589085364660033e-07 -2.494136292215262e-07 2.310746882963058e-07
-1.251544474470162e-06 -4.477255211853211e-08 -5.881301072323961e-07 6.294377337382082e-07
-1.251533671040657e-06 -1.276603756747524e-06 -5.737945409294299e-07 -1.536195440400415e-07
-4.843228333807405e-06 3.417888430735777e-06 -2.695828942970839e-06 2.861895785788693e-06
-4.411068592046555e-06 2.798826438634895e-06 -2.435415134996033e-06 2.429054208900460e-06
-4.048238600041252e-06 2.132218007234620e-06 -2.240660699687962e-06 1.979037955664395e-06
-5.776150644204643e-06 2.284351106592247e-06 -3.354789638939823e-06 2.091687417143907e-06
-6.333976137523053e-06 1.512091001617395e-06 -3.730518963789005e-06 1.580786367397566e-06
-1.689241212477514e-06 -6.593821240523484e-07 -8.624340127019828e-07 2.496459920843572e-07
-2.227886246495291e-06 1.195312714314072e-07 -1.178519626913927e-06 7.310876408796308e-07
-2.228385655611979e-06 -1.450819093118910e-06 -1.208345533859431e-06 -2.409360715687834e-07
-4.769659501302137e-06 2.136908407249490e-06 -2.677773473084811e-06 1.978895436116774e-06
-3.763943125405897e-06 1.422771577708139e-06 -2.093627994690434e-06 1.535129592228753e-06
-3.131253873031399e-06 2.615499711090202e-07 -1.707819806685113e-06 8.150566041843173e-07
-3.403523429772937e-06 3.984106078746007e-07 -1.886707810381029e-06 9.060186140293543e-07
-3.558604122128650e-06 6.713865322621488e-07 -1.986562892447317e-06 1.079926808452995e-06
-5.399069856408116e-06 1.419386018635722e-06 -3.089726953693170e-06 1.527259870925884e-06
-6.020044792773297e-06 8.280714317654109e-07 -3.498093747786826e-06 1.163766448061519e-06
-2.713504598012217e-06 -5.470841039231804e-07 -1.476303699533449e-06 3.338645058282325e-07
-3.107430826376635e-06 -1.576001589694974e-06 -1.726293420742447e-06 -3.020679891864600e-07
-4.260839176372916e-06 9.150180066703877e-07 -2.396089129096372e-06 1.225109318067357e-06
-3.408651112389579e-06 -1.509220499204221e-07 -1.890678779888379e-06 5.620226743497938e-07
-3.731597657385137e-06 3.032075659059740e-07 -2.091934849861985e-06 8.488504592250682e-07
-5.116862442663461e-06 6.141114909534755e-07 -2.916740906619724e-06 1.032352213460925e-06
-5.835628951318683e-06 1.034286561445196e-07 -3.373451307595568e-06 6.919317502074145e-07
-3.403766942259526e-06 -1.043480142337527e-06 -1.904947818510946e-06 2.990760639670886e-08
-3.347660366468214e-06 -1.713369709599851e-06 -1.884919927497435e-06 -3.877667197233689e-07
-4.401364842214979e-06 -3.149680026864057e-07 -2.494735596675321e-06 4.568742219274807e-07
-5.786526986287030e-06 -6.407957065684562e-07 -3.333540540304929e-06 2.543139676451390e-07
-5.916987811181624e-06 -1.398927049779273e-06 -3.361742076938581e-06 -2.206216934993973e-07
-3.920578476144475e-06 -1.524937072390458e-06 -2.240587856434938e-06 -2.811102222197956e-07
-3.482002505651035e-06 -2.017521271007780e-06 -1.979766376184275e-06 -5.639697376251270e-07
-3.635703030852979e-06 -2.876491373458168e-06 -2.100987566078879e-06 -1.036578310570158e-06
-5.136700431383880e-06 -1.480132118852281e-06 -2.919307147765173e-06 -2.845903188379951e-07
-3.891531159873170e-06 -3.748273675843415e-06 -2.285288276397849e-06 -1.468158870176737e-06
-6.213039840076690e-06 -2.178616164595932e-06 -3.467485354753747e-06 -6.951066316045963e-07
-4.393321760992048e-06 -2.893804463171866e-06 -2.543812544045957e-06 -1.051520556880009e-06
-5.552893546314758e-06 -2.961108421684381e-06 -3.126123810811531e-06 -1.105081639192896e-06
-4.274138488115456e-06 -4.597439133435765e-06 -2.512246128496479e-06 -1.868328437158005e-06
-6.678188335577389e-06 -2.962786328229719e-06 -3.667098009869486e-06 -1.134941130008785e-06
-6.334623520280823e-06 -3.771505940525320e-06 -3.500906054566823e-06 -1.514822941975785e-06
-5.478495656129607e-06 -4.293434776926581e-06 -3.113902537346472e-06 -1.722437965703713e-06
-4.766412293109216e-06 -5.445285870260670e-06 -2.786685854688218e-06 -2.229220428816969e-06
-5.396110932987303e-06 -6.263415655308418e-06 -3.089406165733229e-06 -2.527984664947329e-06
-7.324149971227246e-06 -3.708038738102200e-06 -3.898482734022559e-06 -1.523227558386365e-06
-6.882888374788207e-06 -4.721318897034231e-06 -3.726146408561069e-06 -1.924574049368569e-06
-6.355639980441937e-06 -5.946351834749090e-06 -3.505718929315751e-06 -2.399930829363704e-06
-6.128568842137531e-06 -7.039581952275647e-06 -3.413992935559645e-06 -2.769527223766710e-06
-8.128852328960410e-06 -4.385414422914324e-06 -4.144067671422708e-06 -1.850260246646288e-06
-7.893666238879501e-06 -5.947775909201873e-06 -4.063568983855166e-06 -2.389266370289509e-06
-6.983421837799383e-06 -7.733573663233726e-06 -3.737938620786570e-06 -2.970613928584725e-06
-7.958764644758560e-06 -8.350664754565074e-06 -4.047256248535509e-06 -3.110029701019029e-06
-9.023234515611749e-06 -8.880764645232533e-06 -4.385976085503039e-06 -3.228861789517346e-06
-9.100609895410680e-06 -6.293419613630928e-06 -4.391366682336475e-06 -2.492431350310444e-06
-9.087515273222818e-06 -4.963781345781541e-06 -4.392538953534907e-06 -2.092380870207844e-06
-8.855496295119209e-06 -7.656425793878782e-06 -4.337691675570787e-06 -2.883761632060994e-06
-1.018291515192897e-05 -9.277816671605307e-06 -4.748211420285616e-06 -3.316912876233785e-06
-1.141882584400325e-05 -9.552819836895189e-06 -5.099658956775821e-06 -3.401910744820222e-06
-1.009323711176142e-05 -6.593252973057517e-06 -4.685630468758030e-06 -2.573727040519402e-06
-1.019111583707571e-05 -5.385697334115781e-06 -4.703896406096753e-06 -2.221378222011748e-06
-1.269763788683368e-05 -9.681363319738380e-06 -5.421277028929191e-06 -3.459299540498960e-06
-1.124705282406469e-05 -7.749642854881295e-06 -5.046124446461706e-06 -2.895519855325014e-06
-1.140184447697561e-05 -5.625782889131893e-06 -5.084722662917542e-06 -2.270979235748849e-06
-1.297488845675431e-05 -7.953242432483171e-06 -5.516479803773698e-06 -2.948957468348653e-06
-1.416416559760577e-05 -9.747272159929587e-06 -5.839150469144883e-06 -3.476900687400158e-06
-1.267951936455984e-05 -5.683586851410083e-06 -5.445702345435879e-06 -2.266352294412288e-06
-1.623774248573219e-05 -9.813704889945046e-06 -6.450041991685270e-06 -3.472465605745852e-06
-1.457324206975158e-05 -6.954298317047906e-06 -5.990617310794302e-06 -2.646066537642583e-06
-1.416031092669916e-05 -5.619391641707368e-06 -5.871549073510084e-06 -2.250510505816071e-06
-1.921990996774660e-05 -9.915248641829499e-06 -7.313051105736662e-06 -3.400420441758243e-06
-1.771528184874670e-05 -7.510779786385537e-06 -6.928824636589569e-06 -2.794263495380242e-06
-1.623915413946679e-05 -5.535354228004117e-06 -6.490886033477704e-06 -2.242093583349511e-06
-2.334210400763850e-05 -1.002371375488807e-05 -8.298564106811716e-06 -3.305657426992871e-06
-2.125040843634193e-05 -7.681430101610482e-06 -7.857599671800721e-06 -2.826731242189440e-06
-1.922014126084678e-05 -5.440045567339599e-06 -7.364776881852129e-06 -2.273502720661499e-06
-2.781117811874771e-05 -1.011247817580072e-05 -9.110764781723584e-06 -3.189500015755867e-06
-2.554952236749641e-05 -7.682488574602220e-06 -8.769452369468601e-06 -2.817661949106677e-06
-2.334183088399529e-05 -5.338931756261754e-06 -8.331586138888152e-06 -2.335678436262165e-06
-3.242296703657721e-05 -1.018063922495773e-05 -9.749447061240867e-06 -3.143366590988491e-06
-3.009587920711764e-05 -7.684294564627725e-06 -9.482217125665852e-06 -2.794378445409710e-06
-2.781067506743338e-05 -5.254212560514866e-06 -9.155549562079873e-06 -2.411821626503598e-06
-3.713839324701194e-05 -1.022719494070390e-05 -1.035969422336190e-05 -3.098955742267787e-06
-3.476650214810424e-05 -7.686212587770062e-06 -1.009002505578514e-05 -2.790116545480317e-06
-3.242242434232863e-05 -5.189832937278089e-06 -9.790343058165499e-06 -2.441898887680526e-06
-4.191621769973952e-05 -1.025346843642712e-05 -1.092555625020785e-05 -3.098389119745009e-06
-3.951972872735588e-05 -7.687970237595899e-06 -1.070504304158910e-05 -2.788722381308906e-06
-3.713789485005637e-05 -5.147020285135508e-06 -1.044399650773413e-05 -2.456489783402234e-06
-4.672233709605321e-05 -1.026437866388296e-05 -1.145085021768055e-05 -2.985586485253267e-06
-4.431657352877599e-05 -7.689360706228479e-06 -1.129296700615493e-05 -2.748161014900799e-06
-4.191592768263840e-05 -5.123911857659925e-06 -1.106008908100253e-05 -2.427696277970144e-06
-5.153374767843739e-05 -1.026563343901719e-05 -1.178676997917610e-05 -2.837126079365581e-06
-4.912828897885822e-05 -7.690407243103539e-06 -1.175303599982778e-05 -2.744699791855064e-06
-4.672214108863659e-05 -5.115497129930422e-06 -1.157750541281648e-05 -2.483470408856005e-06
-5.633889159796349e-05 -1.026265293662196e-05 -1.192268281701725e-05 -2.719696476778240e-06
-5.393770790082128e-05 -7.691185181610900e-06 -1.194251613296743e-05 -2.711932254731835e-06
-5.153366758788326e-05 -5.116023752114805e-06 -1.191265530029194e-05 -2.637193356175094e-06
-6.113482518518558e-05 -1.025923147412375e-05 -1.189336279378671e-05 -2.704662420722549e-06
-5.873820243041520e-05 -7.691935437504658e-06 -1.194310813863145e-05 -2.690112650463077e-06
-5.633872516858772e-05 -5.120486119298290e-06 -1.197516311945025e-05 -2.678490781352407e-06
-7.138874787033744e-05 -9.975113357865922e-06 -1.232204919511919e-05 -2.778907245502460e-06
-7.070901491135805e-05 -1.025668827395230e-05 -1.228661181899983e-05 -2.788029604728752e-06
-6.328063292005692e-05 -7.692582718828785e-06 -1.197603348498852e-05 -2.655290703186753e-06
-6.592355905863284e-05 -1.025716154299217e-05 -1.203796738627167e-05 -2.742155274906360e-06
-6.113470269389464e-05 -5.125333926034194e-06 -1.198886982134805e-05 -2.636235092257775e-06
-7.167030113031798e-05 -9.295348958044052e-06 -1.233926214488130e-05 -2.752937272356192e-06
-7.006205869767489e-05 -7.693170676593944e-06 -1.226754471663480e-05 -2.687077801786577e-06
-6.592346113721717e-05 -5.128622399058869e-06 -1.206753849777289e-05 -2.612740157182967e-06
-7.167036149475301e-05 -6.090976660768722e-06 -1.239682799689308e-05 -2.591941464023756e-06
-7.070903449083451e-05 -5.129565769045134e-06 -1.234407952336791e-05 -2.545554719854827e-06
-7.138879961050630e-05 -5.411164090711852e-06 -1.238221866205128e-05 -2.557831175246202e-06
