-1.392869540490304e-04 1.946901160592688e-05 7.272664516848246e-06 -1.095353123564771e-06
-1.398364261372440e-04 1.814245724861486e-05 7.282620227832201e-06 -1.060242884343097e-06
-1.398368699337088e-04 1.188933280677326e-05 7.237531690531315e-06 -8.797878835556181e-07
-1.392874612430220e-04 1.056284592315580e-05 7.225546752265435e-06 -8.543373919720133e-07
-1.379604287201605e-04 2.001850172593785e-05 7.243195527305604e-06 -1.110467659025644e-06
-1.354729190770992e-04 1.501599781618768e-05 7.134814725748055e-06 -9.664141501219578e-07
-1.379610320785960e-04 1.001338742551361e-05 7.198714351576119e-06 -8.433803727145491e-07
-1.286204703414358e-04 2.001927920350359e-05 6.951846865187553e-06 -1.124036946790555e-06
-1.286212758251812e-04 1.001300190829847e-05 6.884480856453872e-06 -8.230754091691789e-07
-1.234635943932727e-04 1.501619800649344e-05 6.758679506361826e-06 -9.670715808897978e-07
-1.192779474645518e-04 2.002030928145435e-05 6.542686008280295e-06 -1.232341723677996e-06
-1.192785474909170e-04 1.001220946350825e-05 6.640295579717946e-06 -8.257701975859519e-07
-1.146060017848362e-04 1.501665994186450e-05 6.427585085029159e-06 -1.003897234426574e-06
-1.099341413629523e-04 2.001910811888052e-05 6.040490109533327e-06 -1.335794710813350e-06
-1.099338608013251e-04 1.001438699044023e-05 6.234375417427941e-06 -6.867710126202251e-07
-1.052629449482401e-04 1.501673783352824e-05 5.901381100300661e-06 -1.027022027499300e-06
-1.005958687469080e-04 2.001098283755760e-05 5.404091162229836e-06 -1.343586788650409e-06
-1.005957262862162e-04 1.002275982497785e-05 5.524737014721711e-06 -6.635640298015789e-07
-9.593238776960523e-05 1.501662742650322e-05 5.288619982091552e-06 -1.009704394388539e-06
-9.128001834740699e-05 1.999062624596801e-05 4.661285872865277e-06 -1.457328277272342e-06
-9.128028455034355e-05 1.004264586141754e-05 4.646477727798132e-06 -5.672765044796779e-07
-8.663605562027918e-05 1.501629108009426e-05 4.459743016512239e-06 -1.026462558959519e-06
-8.201439219480802e-05 1.995192626245137e-05 3.808092462371255e-06 -1.507589508760081e-06
-8.201515855473523e-05 1.008033083997497e-05 3.786661682418097e-06 -5.181748235930923e-07
-7.740809192700220e-05 1.501576356519518e-05 3.458927129213236e-06 -1.003726601669084e-06
-7.283884873505180e-05 1.988974049271715e-05 2.899931887131665e-06 -1.501386349872377e-06
-7.283980592691759e-05 1.014109538179588e-05 2.892147882307738e-06 -4.519642078061809e-07
-6.829322609639464e-05 1.501508230643548e-05 2.307545442351460e-06 -9.946568485582002e-07
-6.380147336940928e-05 1.980068139533298e-05 1.960468883971077e-06 -1.439397217303390e-06
-6.380235892819150e-05 1.022840375818500e-05 2.000696511731925e-06 -4.575277760839278e-07
-5.934198665525947e-05 1.501417831577417e-05 1.323684984327546e-06 -9.528782889660333e-07
-5.495425784678075e-05 1.968322772496529e-05 1.064337586544519e-06 -1.321260322702775e-06
-5.495461670142713e-05 1.034370659250786e-05 1.268091252858639e-06 -5.621723746099857e-07
-5.060704164115670e-05 1.501292318413739e-05 7.061746165815284e-07 -8.944139044974403e-07
-4.634947659102887e-05 1.953606700356082e-05 4.160773382738614e-07 -1.115723054729626e-06
-4.634878388574642e-05 1.048895585610806e-05 7.095696779519308e-07 -6.657042420993324e-07
-4.230804656776425e-05 1.501035926340576e-05 3.476840761051505e-07 -8.598990991575862e-07
-3.837016791883829e-05 1.936138146239750e-05 2.126127809065117e-07 -8.900736087936818e-07
-3.836818284767566e-05 1.066749425136214e-05 3.644992780873378e-07 -7.908820881200096e-07
-3.544561868051922e-05 1.533913917581738e-05 2.376509410886369e-07 -8.334563442135415e-07
-3.256481277925821e-05 1.919467997663840e-05 2.341997915362570e-07 -8.024012304471702e-07
-3.255945776831114e-05 1.083736132907410e-05 2.666915366976707e-07 -7.795060483902795e-07
-2.849977335990003e-05 1.904618137714716e-05 2.731215225986959e-07 -7.186638384702684e-07
-2.924720308941443e-05 1.640322724589784e-05 2.283256469909327e-07 -8.042563187021111e-07
-2.849149765604693e-05 1.094775819329591e-05 2.575029008049471e-07 -8.326767301677288e-07
-2.562659452994876e-05 1.106717816973105e-05 3.271790472594793e-07 -8.820368811141680e-07
3.631382128258874e-06 1.372009147405631e-06 -3.682525680584479e-07 -3.975201864208940e-07
3.703556551128477e-06 1.198088939153659e-06 -3.797115527905280e-07 -3.760084519206475e-07
3.703063039609175e-06 5.516323036385585e-07 -3.706327072387376e-07 -2.978563581234295e-07
3.631323124909148e-06 3.807502018511739e-07 -3.574716680733546e-07 -2.749864949369978e-07
-2.561577725322380e-05 1.894048878049512e-05 3.975491900639384e-07 -6.874536327455884e-07
-2.309295586698877e-05 1.870005886564127e-05 4.355106369881762e-07 -7.096300831529501e-07
-2.500678684857818e-05 1.402612057699772e-05 3.347870153325320e-07 -8.171740067854089e-07
-2.305695693766374e-05 1.097289876165719e-05 3.974183450917573e-07 -9.342798809528068e-07
3.458318203556631e-06 1.444143639459642e-06 -3.418406668823945e-07 -4.055431984561309e-07
3.284509053226024e-06 7.353811357816602e-07 -3.082153941298413e-07 -3.144490622407046e-07
3.460244167396186e-06 3.097637223433958e-07 -3.316222928172463e-07 -2.640927438206105e-07
-2.226453760487154e-05 1.629366106639094e-05 4.380710924918062e-07 -7.772691518096757e-07
-2.066017277312864e-05 1.815671253024730e-05 4.936641989137258e-07 -7.179249101153297e-07
-1.837364801813457e-05 1.738580542481914e-05 5.517463895801643e-07 -7.359857511771683e-07
-2.150738215559664e-05 1.307067029328521e-05 4.495224067633210e-07 -8.776560647016040e-07
-2.066790357902279e-05 1.048812892578225e-05 4.802807052606557e-07 -9.468933703574289e-07
2.287034606634150e-06 1.465724959385026e-06 -1.484335841376012e-07 -4.098338454440591e-07
2.287045361165984e-06 2.920468886352827e-07 -1.593056797082432e-07 -2.774784716867045e-07
1.680019501473847e-06 8.802894779064489e-07 -8.116501634675498e-08 -3.799852744081987e-07
-1.626692114819556e-05 1.635246563152423e-05 5.998466930019936e-07 -7.691027518556537e-07
-1.804568249999148e-05 1.497888277841566e-05 5.535897514051180e-07 -8.159164490760426e-07
-1.882422023040900e-05 1.203448225142139e-05 5.548603078445144e-07 -8.754864609529321e-07
-1.849691843539803e-05 9.653215938350592e-06 5.926556628395715e-07 -9.385640827165735e-07
1.021772460558674e-06 1.576704380841887e-06 -3.270587515054224e-08 -4.768924303633520e-07
1.022877440274403e-06 1.873245705754898e-07 -3.884097270973135e-08 -3.401382574728412e-07
2.745246707673911e-07 8.837704125421271e-07 3.238138030693712e-08 -4.542214660172861e-07
-1.433021115644642e-05 1.513918855342181e-05 6.525730075835619e-07 -8.149117857558863e-07
-1.262299421517553e-05 1.376700457298990e-05 7.281361723076038e-07 -8.526527708584381e-07
-1.613838294014322e-05 1.159324828088795e-05 6.292606050594157e-07 -8.655746375333934e-07
-1.659578661745113e-05 8.494282398747609e-06 6.945015357261020e-07 -9.833846323852157e-07
-5.836525013178068e-07 1.814290124172151e-06 9.277795193569744e-08 -5.367754748694801e-07
-5.827414130974862e-07 -4.323944573614650e-08 4.893288208137571e-08 -4.473217181813843e-07
-1.305916076879582e-05 1.172124768409852e-05 7.292312378301365e-07 -8.914325768914165e-07
-1.114779185155780e-05 1.222917529168312e-05 7.611251835603299e-07 -8.889964060438269e-07
-1.377150678795551e-05 9.489795434018533e-06 7.422401817562862e-07 -9.680414277607672e-07
-1.500244133250635e-05 7.113922298106500e-06 7.759413177542201e-07 -1.020102213953823e-06
-1.527135385512045e-06 8.874357805872842e-07 1.437029195455190e-07 -5.242044351434644e-07
-2.649988081685599e-06 2.156392489711833e-06 2.717006322892050e-07 -6.502328652600005e-07
-2.646894275430477e-06 -3.809735373762912e-07 2.428533352486229e-07 -4.646947674208572e-07
-9.869290226989241e-06 1.059061111084348e-05 7.826702105788279e-07 -9.392795277525291e-07
-8.858525141184646e-06 8.920394178202946e-06 7.610025002705946e-07 -9.851372683923105e-07
-8.092514474965693e-06 7.175817248794695e-06 7.145259959006280e-07 -1.018059892818573e-06
-1.233436593224794e-05 7.537502688790828e-06 7.825642536117452e-07 -1.044623315265236e-06
-1.373934547703575e-05 5.588939022054505e-06 8.298862682955202e-07 -1.030587444640324e-06
-3.550897273503863e-06 8.945407245572619e-07 3.138748083409897e-07 -6.108934594874587e-07
-4.657673783757285e-06 2.492536427926176e-06 3.525400426969174e-07 -7.510832380554545e-07
-4.657760883154501e-06 -7.279074315781385e-07 3.551763165405359e-07 -5.022071500500295e-07
-9.796741065556960e-06 7.161245122527774e-06 7.400743796193501e-07 -1.030819299144250e-06
-7.527349640721595e-06 5.421799266158950e-06 6.670621823277337e-07 -9.852059768670392e-07
-6.460910841497230e-06 2.776577970566821e-06 5.028779337283990e-07 -8.217182592736794e-07
-6.972155073145986e-06 3.066197190551508e-06 5.425872952193483e-07 -8.443135611589727e-07
-7.227742726154510e-06 3.665982811336123e-06 5.803094003890920e-07 -8.842725049705217e-07
-1.134499758609445e-05 5.370298441155928e-06 7.432843775870672e-07 -9.934292162043427e-07
-1.279520718200660e-05 3.994377262391113e-06 7.924951002468344e-07 -9.069210475292279e-07
-5.650513782552276e-06 1.132827201718056e-06 4.059834691755000e-07 -6.484776951770335e-07
-6.510916902378222e-06 -9.821282261171929e-07 4.551541236709227e-07 -4.982697358517724e-07
-8.713026295924860e-06 4.191828365973333e-06 6.915311733064264e-07 -9.359691685765874e-07
-7.029226251588462e-06 1.923361537077355e-06 5.256647109427951e-07 -7.578413544974386e-07
-7.637599450243199e-06 2.861636539745069e-06 5.866698309051428e-07 -8.330938987193765e-07
-1.065750508804426e-05 3.504438902712983e-06 7.395541989450071e-07 -9.080226931351474e-07
-1.219146053206574e-05 2.406301203370712e-06 8.052703989487272e-07 -8.770867701100521e-07
-7.102889423563716e-06 9.532160902068842e-08 4.824453286568191e-07 -5.754182533983248e-07
-7.055519410448888e-06 -1.254331988041903e-06 4.980550712314181e-07 -4.681538845587992e-07
-9.087538516730145e-06 1.509036367286057e-06 6.359592496204423e-07 -7.592394063132493e-07
-1.196283612146496e-05 8.481660843634312e-07 8.254069379667182e-07 -6.892255416053827e-07
-1.203962107206648e-05 -6.506981425932033e-07 8.718890488810386e-07 -5.176022656179906e-07
-8.203867303273490e-06 -9.011367883095612e-07 5.370364723295645e-07 -4.776720852687553e-07
-7.379758964131421e-06 -1.824932358629829e-06 5.253272288868087e-07 -4.140049710158785e-07
-7.788769929003742e-06 -3.374136247747199e-06 5.519756738364630e-07 -2.851641600474644e-07
-1.055722246478646e-05 -8.603241362482979e-07 7.318492909023479e-07 -5.015680126648697e-07
-8.374195109173506e-06 -4.838638125553881e-06 5.744635786961503e-07 -1.496837968541105e-07
-1.243265129313825e-05 -2.150646848993193e-06 9.174695649059192e-07 -3.672144853306314e-07
-9.201142490389522e-06 -3.439728309813584e-06 5.946161927393516e-07 -2.539994005596084e-07
-1.124334527636104e-05 -3.554216585562098e-06 8.114482427146782e-07 -2.230519821258624e-07
-9.112864452320155e-06 -6.220365714198807e-06 6.409900143318480e-07 -4.218039625700092e-09
-1.309061367650359e-05 -3.555715796458306e-06 9.364493432312561e-07 -2.325451383568128e-07
-1.249246454148171e-05 -4.912432246265918e-06 9.028287686537013e-07 -8.112865517674014e-08
-1.112700971446758e-05 -5.749899302955497e-06 8.165366959551013e-07 -2.600555921485101e-09
-1.000155920360933e-05 -7.506631719523913e-06 6.888191587929967e-07 8.700970719956809e-08
-1.102934758785216e-05 -8.683502918619560e-06 7.529885225029484e-07 1.879342724312572e-07
-1.398779455962738e-05 -4.834069845046293e-06 9.838066945416870e-07 -7.169765561960276e-08
-1.331001891519266e-05 -6.402656979225051e-06 9.612450687569175e-07 5.173337697595752e-08
-1.251919128794966e-05 -8.209837123639819e-06 8.909927615188400e-07 1.474687892678863e-07
-1.218419042761986e-05 -9.736863222134321e-06 8.397016922539476e-07 2.224343802325872e-07
-1.509345230361444e-05 -5.938078596098011e-06 9.981282011476420e-07 4.186388668087816e-08
-1.474823788488580e-05 -8.191634111898811e-06 9.926450482402592e-07 1.508177448271598e-07
-1.345110191998278e-05 -1.065248568331552e-05 9.323564107524296e-07 2.224247205425257e-07
-1.481428137669181e-05 -1.141874281702831e-05 9.656041877632247e-07 1.954160462097953e-07
-1.625588629180016e-05 -1.202548942529391e-05 1.003167762232956e-06 2.015928610088704e-07
-1.638175989303500e-05 -8.667732472819286e-06 9.983247255932346e-07 1.612340886958760e-07
-1.637444322352533e-05 -6.833869821667562e-06 1.015718719301736e-06 1.187403201616633e-07
-1.606011080804239e-05 -1.047359160695467e-05 9.966295271451986e-07 1.750979312917087e-07
-1.775762405067270e-05 -1.246448324258846e-05 9.985506904600095e-07 2.201867327672149e-07
-1.929944909356605e-05 -1.272995528788197e-05 9.831394886555123e-07 2.115170204851561e-07
-1.767359050104693e-05 -9.075254833347646e-06 9.604116964667679e-07 1.678606041737987e-07
-1.779212168433108e-05 -7.493951733889388e-06 9.618307950142463e-07 1.543254369273595e-07
-2.086164050348495e-05 -1.281848854726925e-05 9.791440318051313e-07 1.949158191902271e-07
-1.912813907732870e-05 -1.053236167396562e-05 9.685811481884787e-07 2.122771067289556e-07
-1.930322350169380e-05 -7.898420140333542e-06 9.446016386316171e-07 1.918591483154232e-07
-2.120770268801342e-05 -1.076385639586785e-05 9.234036067581224e-07 2.222129601452320e-07
-2.258005131421595e-05 -1.281745408133332e-05 8.812305260790528e-07 2.143696269639749e-07
-2.086163861688533e-05 -8.034824198935941e-06 9.427954097238403e-07 2.452285286191779e-07
-2.494279557863729e-05 -1.281571673259427e-05 7.946904645253990e-07 2.447370141831530e-07
-2.307922927401018e-05 -9.597353258448098e-06 8.214654440712041e-07 2.384524489421271e-07
-2.258015212946595e-05 -8.035541638308379e-06 8.451322855658184e-07 2.623388920741129e-07
-2.818410366849656e-05 -1.281111438351271e-05 6.833346315256945e-07 2.752193657395684e-07
-2.658183106668355e-05 -1.023999647684333e-05 7.709175136203443e-07 3.120769774037199e-07
-2.494263947441251e-05 -8.037704567980542e-06 8.175151574789846e-07 2.639328688245063e-07
-3.244962452144837e-05 -1.280343666798824e-05 6.536017746478077e-07 3.309871874740430e-07
-3.031929478077918e-05 -1.042669027900033e-05 7.248900042686370e-07 3.053853806232747e-07
-2.818405133246287e-05 -8.042318644321976e-06 8.030908355242939e-07 3.189945927302844e-07
-3.687901376782173e-05 -1.279510146062442e-05 6.821352628299415e-07 3.610905249959209e-07
-3.466710816611784e-05 -1.042677621412123e-05 7.170785447492054e-07 3.285151633165637e-07
-3.244970788021864e-05 -8.049999865788427e-06 7.959880536618616e-07 3.204627747411813e-07
-4.129279291576848e-05 -1.278808708519433e-05 7.373204307183982e-07 3.405112790301582e-07
-3.908828153573609e-05 -1.042689926434400e-05 6.838799124784732e-07 3.254487029125418e-07
-3.687901437122177e-05 -8.058471849014105e-06 7.553793085590866e-07 4.010104272054002e-07
-4.569453659058304e-05 -1.278316418888538e-05 7.827044853717580e-07 3.637373375952448e-07
-4.349531062800815e-05 -1.042712192512902e-05 6.547566506880706e-07 3.283868591922850e-07
-4.129272759575215e-05 -8.065843962529573e-06 6.647931624133017e-07 4.027504265419453e-07
-5.008903506386431e-05 -1.278090855880085e-05 8.781632619746244e-07 3.641905721461134e-07
-4.789262106135535e-05 -1.042736003260715e-05 7.468629783456765e-07 3.356516553127942e-07
-4.569451042496067e-05 -8.071252572515158e-06 6.293395863702505e-07 2.911836052575008e-07
-5.448109489958608e-05 -1.278094962258176e-05 9.417550857268388e-07 3.786333658604835e-07
-5.228523090326454e-05 -1.042766127093310e-05 8.587163467992834e-07 3.706373995046944e-07
-5.008916476444250e-05 -8.074118277487247e-06 7.518559385113411e-07 2.813810977460919e-07
-5.887486207987678e-05 -1.278267690215514e-05 1.040272088704136e-06 3.970418257689981e-07
-5.667749832124522e-05 -1.042784671397298e-05 9.688685591947591e-07 3.649443881264738e-07
-5.448130056667915e-05 -8.074685973283401e-06 9.204415327190231e-07 2.720603598722998e-07
-6.327305326019006e-05 -1.278513176501065e-05 1.108162390914069e-06 4.021967856220356e-07
-6.107315425389896e-05 -1.042800354523265e-05 1.094428426773493e-06 3.741591746517418e-07
-5.887493881184750e-05 -8.073277771214235e-06 1.088588380466116e-06 3.009217372148681e-07
-6.767559415075075e-05 -1.278722086423389e-05 1.183382562144700e-06 3.900347760941765e-07
-6.547363746018201e-05 -1.042821873781070e-05 1.171573616665168e-06 3.541257840942733e-07
-6.327293616591924e-05 -8.071115602743986e-06 1.185185087175117e-06 3.150984096600615e-07
-7.711468904232249e-05 -1.252972842726568e-05 8.397681243656304e-07 2.921089967065897e-07
-7.648878214543325e-05 -1.278898292632625e-05 8.685856288163253e-07 2.798920832460408e-07
-6.964887120068193e-05 -1.042832977139849e-05 1.154019715133395e-06 3.738229271840775e-07
-7.208163561866964e-05 -1.278870578994576e-05 1.098832367877419e-06 2.629882127514649e-07
-6.767563556768152e-05 -8.069178433668440e-06 1.149000038422345e-06 4.009976682180679e-07
-7.737395179718854e-05 -1.190383075356282e-05 8.257454377366878e-07 3.208716148646164e-07
-7.589289805436333e-05 -1.042854536939533e-05 8.657853821858497e-07 3.729409846429871e-07
-7.208169388007909e-05 -8.068223850628500e-06 1.040076318408660e-06 4.383094694341618e-07
-7.737407649133723e-05 -8.953196940178421e-06 7.637288443487694e-07 4.631692382101928e-07
-7.648890580611398e-05 -8.068016160447985e-06 7.961783120198329e-07 5.026187129272415e-07
-7.711481874473566e-05 -8.327278779964632e-06 7.713176687920376e-07 4.907734785616816e-07
