7.533656849745596e-05 -1.121064907441417e-05 -4.898895009153863e-06 2.739749575817128e-06
7.561774409942881e-05 -1.053185382950210e-05 -4.894502929238722e-06 2.746657355427410e-06
7.561745190693164e-05 -7.331824761367220e-06 -4.873695362986945e-06 2.803081648804053e-06
7.533623776505920e-05 -6.653010451344228e-06 -4.877066839398989e-06 2.811600720715902e-06
7.465774535747412e-05 -1.149180796347554e-05 -4.907350604869988e-06 2.737135203063668e-06
7.338415406416927e-05 -8.931786634543655e-06 -4.920603607730074e-06 2.767214896567002e-06
7.465736373588539e-05 -6.371844795074871e-06 -4.886593099616507e-06 2.814214982067013e-06
6.987764237257422e-05 -1.149114918324267e-05 -4.984192517153557e-06 2.743131117447233e-06
6.987719808973289e-05 -6.372678950223627e-06 -4.951881931256201e-06 2.751909227439955e-06
6.723946800289066e-05 -8.932213106544750e-06 -4.969458738341900e-06 2.733530660139645e-06
6.510122423332167e-05 -1.148811151206301e-05 -5.058718754081471e-06 2.666446925570970e-06
6.510061685979730e-05 -6.376619528733341e-06 -5.025644006117024e-06 2.731999873228781e-06
6.271536454027160e-05 -8.932523137338978e-06 -4.991132777146213e-06 2.663120285132572e-06
6.033375208915761e-05 -1.148271105919345e-05 -5.024270710700865e-06 2.608303258717356e-06
6.033330328331276e-05 -6.382896578043787e-06 -5.160565990102305e-06 2.689373038802556e-06
5.795395304818445e-05 -8.933161155438382e-06 -5.053023693094960e-06 2.609033402470315e-06
5.557924276485585e-05 -1.147611201691914e-05 -5.049588245547513e-06 2.557435465802429e-06
5.557876513443242e-05 -6.390893657110301e-06 -5.295517387825052e-06 2.586241920488530e-06
5.320658292151996e-05 -8.933886920167628e-06 -5.186932701942578e-06 2.571970652001877e-06
5.083931630528666e-05 -1.146865243517966e-05 -5.114428872931283e-06 2.475245080396078e-06
5.083892872468712e-05 -6.399814201553282e-06 -5.352552269534106e-06 2.532376088153054e-06
4.847410552891442e-05 -8.934619297238048e-06 -5.246790302507065e-06 2.543285034799618e-06
4.611489702642676e-05 -1.146001091285349e-05 -5.188807618523478e-06 2.443931251109996e-06
4.611425166854505e-05 -6.409878767590826e-06 -5.268922870851258e-06 2.496099972376119e-06
4.375789980179548e-05 -8.935305804730532e-06 -5.175923003840100e-06 2.486922669329365e-06
4.140881110284465e-05 -1.144850139179507e-05 -5.288001512441489e-06 2.491569624819034e-06
4.140827937424004e-05 -6.422928466151877e-06 -5.230757299595063e-06 2.445951190618607e-06
3.906332420254742e-05 -8.936064283219729e-06 -5.101137532639432e-06 2.483643796378178e-06
3.672918362059484e-05 -1.143125574205937e-05 -5.471333957006700e-06 2.493069994549574e-06
3.672880679526690e-05 -6.441891636395508e-06 -5.324580194163423e-06 2.469836185644096e-06
3.440086160914413e-05 -8.936972724522133e-06 -5.046723747101350e-06 2.496747536940911e-06
3.208945632424433e-05 -1.140498345981782e-05 -5.562383467246825e-06 2.423210708734901e-06
3.208927332320947e-05 -6.469960900119122e-06 -5.338127199969607e-06 2.477499600316168e-06
2.978728117744857e-05 -8.937952407341832e-06 -5.112867891616495e-06 2.519596365554011e-06
2.750925085512066e-05 -1.136679453306406e-05 -5.549012585600841e-06 2.516441568525353e-06
2.750890823609245e-05 -6.510365340245333e-06 -5.339720186521004e-06 2.424868454506015e-06
2.533518032002529e-05 -8.938639425340650e-06 -5.133246326847547e-06 2.515177863659155e-06
2.319237868862847e-05 -1.131523521977126e-05 -5.297092649496180e-06 2.606110271510039e-06
2.319175280451521e-05 -6.566648681819940e-06 -5.159184206311284e-06 2.322028130227713e-06
2.159423078150034e-05 -9.121919463595450e-06 -5.068862419594238e-06 2.509162662852149e-06
1.999745350732598e-05 -1.126065977516283e-05 -4.982418066588640e-06 2.692485587536212e-06
1.999595392506886e-05 -6.625412671224493e-06 -4.911911802621019e-06 2.256463679945818e-06
1.772777858910902e-05 -1.120858594028665e-05 -4.649096147436120e-06 2.768514399970743e-06
1.815469282082109e-05 -9.720797570163192e-06 -4.726416783718892e-06 2.554102036994720e-06
1.772502503774425e-05 -6.665996955342327e-06 -4.654162961977515e-06 2.220164574235702e-06
1.610794092213198e-05 -6.710899626906784e-06 -4.392392226111083e-06 2.107813883229896e-06
-2.476222581431079e-06 -4.498759130377339e-07 6.955937768097892e-07 -6.908945896762653e-07
-2.524867814418621e-06 -3.328359101751211e-07 7.086070110924192e-07 -7.142938323464195e-07
-2.524576007389298e-06 1.028432434262118e-07 7.118980563135409e-07 -7.868549766301407e-07
-2.476185196441933e-06 2.181458007707081e-07 7.008287516526622e-07 -8.079294033128009e-07
1.610347378068221e-05 -1.117023961471127e-05 -4.379067436864902e-06 2.796642354267432e-06
1.466415053051180e-05 -1.105264202117326e-05 -4.111924621632274e-06 2.834164675466211e-06
1.576595567133510e-05 -8.385697245250973e-06 -4.371815089179663e-06 2.352368100512117e-06
1.465228284739027e-05 -6.633684795940078e-06 -4.150597720466098e-06 1.978414667041407e-06
-2.359719515138940e-06 -4.983041008684390e-07 6.663397684872783e-07 -6.820591955867383e-07
-2.242532504428652e-06 -2.046164927104357e-08 6.474507923066664e-07 -7.626939386666310e-07
-2.360768896048216e-06 2.662481485716910e-07 6.749642580265898e-07 -8.150416147682527e-07
1.419745047159359e-05 -9.685325448017625e-06 -4.046276694335364e-06 2.614345239792559e-06
1.326586332376430e-05 -1.076503013405212e-05 -3.861286953901040e-06 2.833305460917648e-06
1.193582749954694e-05 -1.033758032024936e-05 -3.572180892383335e-06 2.751847665089387e-06
1.376566354115480e-05 -7.833327012844132e-06 -3.966449905176288e-06 2.200496546246575e-06
1.327948581958449e-05 -6.326580607801132e-06 -3.864067265697429e-06 1.829989338500055e-06
-1.570880277740859e-06 -5.115565340355195e-07 4.955037981641651e-07 -6.421129618775579e-07
-1.570298904205674e-06 2.802165173503357e-07 5.116279001119737e-07 -7.798721708921812e-07
-1.161340583649685e-06 -1.156835793282532e-07 3.967154983601865e-07 -6.884605981063909e-07
1.069308894008410e-05 -9.758838408263480e-06 -3.285207587280238e-06 2.633841047389801e-06
1.175098314277446e-05 -8.947021611730466e-06 -3.526212064457983e-06 2.463636814969618e-06
1.220704639130962e-05 -7.224767348789915e-06 -3.633650024796178e-06 2.032131771180909e-06
1.201883368561267e-05 -5.808568574952262e-06 -3.608359675347004e-06 1.644875793165578e-06
-7.167824940493303e-07 -5.868331185512265e-07 2.888099413626181e-07 -5.474388027868402e-07
-7.169917392732581e-07 3.550014307202196e-07 2.698467130288521e-07 -8.161328178571268e-07
-2.095537700177404e-07 -1.161592720244757e-07 1.456831975684447e-07 -6.718123311221778e-07
9.539245224232576e-06 -9.063084070338069e-06 -2.999015130789386e-06 2.477164386769720e-06
8.502684223501739e-06 -8.261515407459183e-06 -2.646252046964749e-06 2.273651948433693e-06
1.062375387173353e-05 -6.961877225122336e-06 -3.232757706466175e-06 1.958784969564358e-06
1.090315217225445e-05 -5.095318124773170e-06 -3.297637630826895e-06 1.367365482255976e-06
3.744056483215017e-07 -7.502047044188478e-07 -4.292287880713294e-08 -4.400437398314207e-07
3.743248767910184e-07 5.174530619644747e-07 -2.521096888989432e-08 -8.496112552278863e-07
8.766370256537134e-06 -7.044438011428421e-06 -2.701263787164312e-06 1.952092687197754e-06
7.588808391221779e-06 -7.354967385416630e-06 -2.346127642458786e-06 2.044138847270079e-06
9.202706352460629e-06 -5.693002313139651e-06 -2.806728721441204e-06 1.528301127045042e-06
9.958741343275217e-06 -4.234331122598895e-06 -3.025985087162068e-06 1.015341204754512e-06
1.019360464598354e-06 -1.167745413916836e-07 -2.159249251315023e-07 -6.255193518339193e-07
1.788262470662493e-06 -9.857863200490120e-07 -4.445190516059494e-07 -3.478894499834407e-07
1.786726897631937e-06 7.533578559424167e-07 -4.255240595320062e-07 -8.742435966410261e-07
6.788594223264618e-06 -6.372820943723531e-06 -2.084672083868333e-06 1.781553295793628e-06
6.132775526332016e-06 -5.345584407845012e-06 -1.825688201379661e-06 1.392143698910953e-06
5.614540365568119e-06 -4.260799401887444e-06 -1.630892171552698e-06 9.716539428268335e-07
8.317734278613905e-06 -4.492898811668468e-06 -2.558352453077335e-06 1.092623874009624e-06
9.204412435849184e-06 -3.265179191805528e-06 -2.850566941600140e-06 6.565772245988477e-07
2.406226678560974e-06 -1.199987065236978e-07 -6.268949204217006e-07 -5.818121437929217e-07
3.166268736956815e-06 -1.217472595894661e-06 -8.951516740905500e-07 -2.106543001258937e-07
3.166353040843394e-06 9.938924253587713e-07 -8.669498252918932e-07 -9.316201867057067e-07
6.716530245446076e-06 -4.257598863262435e-06 -2.038917716770007e-06 9.814779887390496e-07
5.221949890347714e-06 -3.147684518789881e-06 -1.489641790873160e-06 5.375005093557712e-07
4.420083313068036e-06 -1.414291937839872e-06 -1.259208260246129e-06 -1.280189396693822e-07
4.785547667802313e-06 -1.609966668135209e-06 -1.365271997384856e-06 -5.171528611600749e-08
4.979987010601492e-06 -2.008759099691894e-06 -1.417012157996300e-06 1.065185704684734e-07
7.702708478007321e-06 -3.124584261692962e-06 -2.377288268788138e-06 5.826028220621822e-07
8.644890394173931e-06 -2.230399269722384e-06 -2.706884858317449e-06 2.551068387344952e-07
3.849359016312173e-06 -2.817098108105371e-07 -1.100715173598467e-06 -4.840758612568815e-07
4.423932904844275e-06 1.167910196243179e-06 -1.316948438451878e-06 -9.905091781370509e-07
5.985450585939507e-06 -2.360923568594364e-06 -1.768253404579268e-06 2.514667509050384e-07
4.810489967327535e-06 -8.309406285228003e-07 -1.389002401364396e-06 -3.156365613532998e-07
5.244583251545004e-06 -1.472307200209555e-06 -1.515474242351055e-06 -9.444132578240552e-08
7.263444129950026e-06 -1.910502572011310e-06 -2.225552649560534e-06 1.101607562221004e-07
8.297868392379039e-06 -1.173372731034077e-06 -2.593737649895985e-06 -1.546144130680207e-07
4.835383810552215e-06 4.238806811092348e-07 -1.437735915482526e-06 -7.421335185274583e-07
4.781854942694735e-06 1.357001362571993e-06 -1.439894708956068e-06 -1.054316881859962e-06
6.216868886993629e-06 -5.704866660557157e-07 -1.859526819438240e-06 -4.156304611520726e-07
8.179689795426380e-06 -1.154389320970032e-07 -2.541261708484345e-06 -5.419398580828349e-07
8.291212399021225e-06 9.288929389641512e-07 -2.561794024973447e-06 -8.881078679577796e-07
5.578207937210411e-06 1.103959398362258e-06 -1.681328544800714e-06 -9.768147050854938e-07
4.989232756284828e-06 1.764160497774939e-06 -1.506352195132503e-06 -1.173574987720710e-06
5.240283301460029e-06 2.891759669861124e-06 -1.564532695332965e-06 -1.493189147294012e-06
7.237362545563691e-06 1.059310110655064e-06 -2.203076021484650e-06 -9.430391399783547e-07
5.622057396112649e-06 3.997859201347212e-06 -1.659422143594270e-06 -1.856977543011763e-06
8.628126444832216e-06 1.987025321629581e-06 -2.662194583373816e-06 -1.196816705539678e-06
6.253258792523099e-06 2.926915515603250e-06 -1.858215195957127e-06 -1.499072336338710e-06
7.760489457507756e-06 3.011933447973265e-06 -2.361467475074098e-06 -1.517273229906790e-06
6.142360718788132e-06 5.058868549400588e-06 -1.840365309227665e-06 -2.228151499942979e-06
9.173994817873553e-06 3.012896370917360e-06 -2.850051836490232e-06 -1.499234479185134e-06
8.730196312007572e-06 4.038236346953646e-06 -2.698273203695276e-06 -1.856690369302819e-06
7.668663652565933e-06 4.687058093891724e-06 -2.341040762088852e-06 -2.104288557231320e-06
6.789604655648853e-06 6.085588179391169e-06 -2.062821713997736e-06 -2.576971022453867e-06
7.578516511680086e-06 7.053566169148561e-06 -2.315419326943853e-06 -2.898374771321309e-06
9.927550841844484e-06 3.967111642513778e-06 -3.136575486642183e-06 -1.799578740075934e-06
9.389749854382632e-06 5.205538354461686e-06 -2.929731985068263e-06 -2.233165908387827e-06
8.753670437365725e-06 6.671669178431661e-06 -2.709187022581660e-06 -2.755862212393734e-06
8.481817075216098e-06 7.950017906725578e-06 -2.615291664094871e-06 -3.251545045452630e-06
1.086275312727151e-05 4.813679678440780e-06 -3.507337550781733e-06 -2.030190840456319e-06
1.058175812115650e-05 6.665413415289829e-06 -3.378954827238765e-06 -2.731877747571979e-06
9.507586020968916e-06 8.742334292281836e-06 -2.978451866901878e-06 -3.582255236895029e-06
1.064930298590196e-05 9.430081837993137e-06 -3.422111842352719e-06 -3.896672701091411e-06
1.187907179547626e-05 1.000256286432213e-05 -3.915516510837010e-06 -4.184994018298559e-06
1.197600282063158e-05 7.066594859146586e-06 -3.987025016846671e-06 -2.868659781885260e-06
1.196446505359260e-05 5.519987544945563e-06 -3.994540414239429e-06 -2.232936998499405e-06
1.169636589067242e-05 8.626336994545892e-06 -3.831066543814264e-06 -3.569109986525479e-06
1.319487157104804e-05 1.042555554589623e-05 -4.476610248814817e-06 -4.412619569391506e-06
1.457621765916916e-05 1.070422600680362e-05 -5.162627134295780e-06 -4.596640254782707e-06
1.310465927949766e-05 7.412724615967628e-06 -4.483362789658579e-06 -3.000140796670322e-06
1.321282994582606e-05 6.037425450801646e-06 -4.553281009501658e-06 -2.387576941187896e-06
1.599379379069423e-05 1.082100287375499e-05 -5.889554245458960e-06 -4.693302833661475e-06
1.439990085198544e-05 8.708764402556010e-06 -5.056409941991724e-06 -3.598885820888959e-06
1.456669952806045e-05 6.341970729397660e-06 -5.171135907920589e-06 -2.468290735266375e-06
1.630413080569181e-05 8.927014756315801e-06 -6.031790513395426e-06 -3.703427022311073e-06
1.759238243307291e-05 1.086290091649004e-05 -6.744991362235218e-06 -4.775550122635581e-06
1.598238571880360e-05 6.428883930782799e-06 -5.868351924150833e-06 -2.461151059701560e-06
1.982719231026729e-05 1.090397704872412e-05 -7.981374805760686e-06 -4.858587156353706e-06
1.804617907134348e-05 7.839224863100947e-06 -6.935717091895318e-06 -3.098306487287015e-06
1.759064176106386e-05 6.385883765756482e-06 -6.717725410094772e-06 -2.338033888573472e-06
2.298114111498932e-05 1.096557963535268e-05 -9.917934211439517e-06 -4.971683949569297e-06
2.140300901768131e-05 8.439950377195049e-06 -8.914535456631523e-06 -3.379539550120080e-06
1.982879337526439e-05 6.330786468137172e-06 -7.988965548116340e-06 -2.154060762015236e-06
2.725781285212856e-05 1.103007816212081e-05 -1.274478281519778e-05 -5.135590243908023e-06
2.510111014082849e-05 8.618552756685428e-06 -1.126712453609825e-05 -3.482842270163141e-06
2.298202174465470e-05 6.269361106397606e-06 -9.894329930065224e-06 -2.010704656110088e-06
3.182189069731467e-05 1.108383530036113e-05 -1.601266831832350e-05 -5.279276191683725e-06
2.952304204800602e-05 8.616491934142510e-06 -1.431661386864608e-05 -3.468190377180316e-06
2.725833510978617e-05 6.204306390508303e-06 -1.274833206744823e-05 -1.808112738130679e-06
3.647914276164417e-05 1.112845140605609e-05 -1.949816744437747e-05 -5.350141622985000e-06
3.413622097905653e-05 8.614904564692687e-06 -1.773769691931019e-05 -3.499525899466194e-06
3.182216890087464e-05 6.147503828683562e-06 -1.602704034240521e-05 -1.668419482222749e-06
4.121417005814667e-05 1.116445554556918e-05 -2.288810610371539e-05 -5.274238656630988e-06
3.883508746069994e-05 8.613391436226582e-06 -2.122058362435549e-05 -3.521526656125626e-06
3.647946296030550e-05 6.099791254453100e-06 -1.954029726601735e-05 -1.644001079803161e-06
4.601132457643101e-05 1.119231143278544e-05 -2.606943856264399e-05 -5.115902488454346e-06
4.360392382794581e-05 8.611898539039934e-06 -2.454489851441115e-05 -3.509014985217499e-06
4.121474155339604e-05 6.060729292503343e-06 -2.296845056063663e-05 -1.731866391167276e-06
5.085550320586566e-05 1.121306605687074e-05 -2.908119751074980e-05 -5.121270294704201e-06
4.842691134221180e-05 8.610431114096530e-06 -2.760807839349076e-05 -3.478445045493586e-06
4.601198769185394e-05 6.029980428334337e-06 -2.618770421841976e-05 -1.838511040558075e-06
5.573442864327542e-05 1.122847490219497e-05 -3.223658715564693e-05 -5.202068971940858e-06
5.328998781703055e-05 8.609253246297046e-06 -3.065774312356836e-05 -3.486339989087598e-06
5.085591034284635e-05 6.006719244406123e-06 -2.919224309490015e-05 -1.822172941201314e-06
6.063948244884818e-05 1.124014270396226e-05 -3.555817940697427e-05 -5.218746478374451e-06
5.818302251115721e-05 8.608388327881554e-06 -3.391012417521420e-05 -3.460786263958387e-06
5.573441640106630e-05 5.989241905797171e-06 -3.234401881917801e-05 -1.753023834097488e-06
6.556462502641494e-05 1.124894414480172e-05 -3.886907671345123e-05 -5.153676641362887e-06
6.309911670639128e-05 8.607790115143091e-06 -3.726063788629442e-05 -3.431403863588211e-06
6.063936494274841e-05 5.975933614525365e-06 -3.562054044019997e-05 -1.676989545214891e-06
7.615061601747995e-05 1.096476460507165e-05 -4.563945773612003e-05 -4.864926252213749e-06
7.544842288553446e-05 1.125557785625485e-05 -4.518174363238573e-05 -5.052117183552714e-06
6.777551579864404e-05 8.607532499442988e-06 -4.038170613403686e-05 -3.378053643728188e-06
7.050370617046280e-05 1.125425681167252e-05 -4.209264209982867e-05 -5.097753571903228e-06
6.556463429607467e-05 5.966178347248854e-06 -3.898159133915783e-05 -1.627681024147527e-06
7.644148135482008e-05 1.026263930314133e-05 -4.583080495503297e-05 -4.412809578652247e-06
7.477964337644055e-05 8.607538325476834e-06 -4.479320300573978e-05 -3.362369874965912e-06
7.050374516556060e-05 5.960802406841214e-06 -4.214912737684398e-05 -1.684047463178339e-06
7.644153959340062e-05 6.952409095218327e-06 -4.589628922124061e-05 -2.272013039186854e-06
7.544848497434362e-05 5.959462749702614e-06 -4.525532938192043e-05 -1.631621769815998e-06
7.615067795211762e-05 6.250278124270222e-06 -4.570951774060862e-05 -1.817817697602746e-06
