6.964043626674001e-05 -9.371515055924491e-06 -1.253298639325185e-05 3.310241207636183e-06
6.991854727794367e-05 -8.700136528057849e-06 -1.257476725860046e-05 3.241790761133483e-06
6.991860795055642e-05 -5.535269874843000e-06 -1.274352701935604e-05 3.053246134058603e-06
6.964051016525655e-05 -4.863936346107651e-06 -1.272051985388976e-05 2.981190647034183e-06
6.896903031579176e-05 -9.649607464714122e-06 -1.245020423406046e-05 3.337803388481233e-06
6.770968755596610e-05 -7.117750530465168e-06 -1.252212112155179e-05 3.167095775180466e-06
6.896913530077569e-05 -4.585868786951886e-06 -1.265669679686721e-05 2.951070665325238e-06
6.424123283342573e-05 -9.649404681477622e-06 -1.211972434108477e-05 3.347861773724831e-06
6.424149313639909e-05 -4.586645576817607e-06 -1.240920160830721e-05 2.935942374695810e-06
6.163185735275697e-05 -7.118244998534342e-06 -1.198432330162642e-05 3.098672750947581e-06
5.951589512746061e-05 -9.646833974674013e-06 -1.180540862314612e-05 3.326073656786010e-06
5.951624600603318e-05 -4.590185218874551e-06 -1.209531884006677e-05 2.782481623112165e-06
5.715548179308989e-05 -7.118766844932442e-06 -1.152188672616967e-05 3.097054572089858e-06
5.479889773412788e-05 -9.640652385085348e-06 -1.132334236248932e-05 3.473189806868494e-06
5.479889619566588e-05 -4.597497093664313e-06 -1.145549004966143e-05 2.733346497495821e-06
5.244486641339816e-05 -7.119301355429775e-06 -1.087336742877081e-05 3.035414565073184e-06
5.009811075082128e-05 -9.629350014430488e-06 -1.043038509732363e-05 3.490336417969920e-06
5.009809098265483e-05 -4.610019092652169e-06 -1.077454555246900e-05 2.602771717319509e-06
4.775584200235019e-05 -7.120029220010698e-06 -1.005071867749454e-05 2.998702157385065e-06
4.542488201948676e-05 -9.611394932576374e-06 -9.565381475173631e-06 3.428966680873177e-06
4.542486119445332e-05 -4.629560390411873e-06 -9.898258563058531e-06 2.494726093190541e-06
4.310069550836848e-05 -7.120772158018867e-06 -9.120737716168148e-06 2.952255983000561e-06
4.079268254041907e-05 -9.585080312480255e-06 -8.616900774000407e-06 3.441880858187166e-06
4.079285150049492e-05 -4.657115636688904e-06 -8.915023178334083e-06 2.399966102493062e-06
3.849478782103375e-05 -7.121525543005716e-06 -8.110743231235440e-06 2.932322769799919e-06
3.621930951291476e-05 -9.548748123551655e-06 -7.552111513467723e-06 3.458331655545159e-06
3.621922992487319e-05 -4.694600583052680e-06 -7.818231538220060e-06 2.383106886086601e-06
3.395717708723352e-05 -7.122177849325948e-06 -7.141083068946448e-06 2.914045670695254e-06
3.172489065750178e-05 -9.500971304596605e-06 -6.462514611266478e-06 3.370820471085344e-06
3.172441851083762e-05 -4.743713130092774e-06 -6.786827553122413e-06 2.400324887006968e-06
2.950917273428068e-05 -7.122815268251885e-06 -6.268632372808732e-06 2.944392266291588e-06
2.733180003159653e-05 -9.440378212023744e-06 -5.678151508177237e-06 3.234870880744345e-06
2.733108800667903e-05 -4.805957975170481e-06 -5.853191944547405e-06 2.497387668593478e-06
2.517476599658857e-05 -7.123404368696717e-06 -5.606447115719792e-06 2.962812774377404e-06
2.306504758851684e-05 -9.365215019152288e-06 -5.254236961734870e-06 3.123343310087391e-06
2.306424531176008e-05 -4.882967188498198e-06 -5.243393933843262e-06 2.704089724756938e-06
2.106310154887494e-05 -7.123448446566278e-06 -5.169284932401999e-06 2.960950408444273e-06
1.911498779970986e-05 -9.276313630473858e-06 -5.032528185455862e-06 3.026275884865361e-06
1.911415507837461e-05 -4.976826436030480e-06 -5.008902379524273e-06 2.888390094631630e-06
1.766901923078822e-05 -7.287420003636494e-06 -5.027599999897625e-06 2.955467476394893e-06
1.624661775395488e-05 -9.192023993283568e-06 -5.013220249605876e-06 2.969564278390826e-06
1.624437034162577e-05 -5.065527376822954e-06 -5.041259498093113e-06 2.936192404341601e-06
1.424107733520350e-05 -9.117906159599384e-06 -5.027996230872359e-06 2.964331492435073e-06
1.460947612868541e-05 -7.814037415878042e-06 -5.045416497137274e-06 2.932485622210064e-06
1.423771153530601e-05 -5.122759428889874e-06 -5.079959746642008e-06 2.910748056660934e-06
1.282569518055042e-05 -5.183666132814412e-06 -5.103522211061637e-06 2.867831647422890e-06
-1.864845242367580e-06 -3.398244358437122e-07 1.210531571198438e-06 6.529588664063868e-07
-1.901392176035688e-06 -2.519057793122642e-07 1.237373012732811e-06 5.918228617435339e-07
-1.901173286679410e-06 7.547491197567163e-08 1.235088560508405e-06 3.484110163858793e-07
-1.864805935433831e-06 1.621309178876156e-07 1.205832110815739e-06 2.829782038775642e-07
1.281931811851720e-05 -9.065816466681606e-06 -5.033029732385108e-06 3.007999351037865e-06
1.157625139267330e-05 -8.947656389286268e-06 -5.005676841442309e-06 3.043174837754779e-06
1.251957516268926e-05 -6.642843510467398e-06 -5.113191618617738e-06 2.936568309337973e-06
1.155954677104891e-05 -5.138622010238016e-06 -5.073862537906928e-06 2.774877700490889e-06
-1.777321533497495e-06 -3.761998250839879e-07 1.146723220925057e-06 6.773469455352516e-07
-1.689213109897860e-06 -1.716795147763037e-08 1.074797319770605e-06 4.150546790836769e-07
-1.778064613365334e-06 1.982948431687466e-07 1.138269969545215e-06 2.554417720690681e-07
1.116820591568897e-05 -7.761735774236826e-06 -5.023219546355982e-06 3.008857427330926e-06
1.037733769573673e-05 -8.680509487889511e-06 -4.958038591505933e-06 3.086873511911074e-06
9.250672359625730e-06 -8.301755272898609e-06 -4.839280194557207e-06 3.096001579989600e-06
1.079595041347872e-05 -6.173150386620202e-06 -5.021752329269461e-06 2.846746230139823e-06
1.038302317543542e-05 -4.900302413101033e-06 -4.964669929245204e-06 2.632115633574599e-06
-1.184469256484952e-06 -3.857253507147049e-07 7.253010391664129e-07 6.502226837107192e-07
-1.183873363544353e-06 2.090752770535492e-07 7.073768638230898e-07 2.220491471998287e-07
-8.765783448066857e-07 -8.792494360853845e-08 4.612854498566521e-07 4.132677360573613e-07
8.211221367645931e-06 -7.794073955617621e-06 -4.623176680256688e-06 3.110858685373735e-06
9.089581529291918e-06 -7.115723381299738e-06 -4.844666499351619e-06 2.952954504525848e-06
9.474274079185701e-06 -5.663345813691882e-06 -4.865107846773570e-06 2.713841234641465e-06
9.313980223184501e-06 -4.487915033109668e-06 -4.822403061673670e-06 2.455268680447056e-06
-5.430284005107866e-07 -4.404373019044771e-07 1.555770156811808e-07 7.089162598258605e-07
-5.427665659538485e-07 2.655396660330047e-07 1.485100304262572e-07 8.415591850221385e-08
-1.628139897926020e-07 -8.684094908494730e-08 -2.009864579121304e-07 3.921000419476638e-07
7.255159483247049e-06 -7.197852769281158e-06 -4.374764263207284e-06 3.050490169755827e-06
6.410234764323671e-06 -6.522549103842800e-06 -4.162432930981340e-06 2.936677708434744e-06
8.149752211192778e-06 -5.446898311512543e-06 -4.629884737280046e-06 2.637278670994053e-06
8.377604332621663e-06 -3.914273075068103e-06 -4.685007236761333e-06 2.265522739478422e-06
2.738277603927200e-07 -5.599365842998345e-07 -5.427976662840602e-07 7.093225497133183e-07
2.743531058698298e-07 3.878109167676291e-07 -5.492710163829011e-07 1.964631442182252e-08
6.626445794408862e-06 -5.512481501843669e-06 -4.231039051186125e-06 2.695871545387489e-06
5.676970382540160e-06 -5.764876509914476e-06 -3.915166274923283e-06 2.773439358251300e-06
6.980679139531663e-06 -4.407664141756197e-06 -4.345163158906525e-06 2.370662691602845e-06
7.592653426859913e-06 -3.228616186064079e-06 -4.529922594383333e-06 1.985865599539093e-06
7.559686947604706e-07 -8.540896489011105e-08 -8.882667592590594e-07 3.274009116719166e-07
1.329679068336221e-06 -7.331467428090043e-07 -1.274112437688457e-06 7.271580528927961e-07
1.329222966160862e-06 5.656042260879352e-07 -1.293233411473233e-06 -1.448169393718153e-07
5.040182125362457e-06 -4.956256229253114e-06 -3.676627591810284e-06 2.525729221407675e-06
4.532479412036076e-06 -4.127773124342952e-06 -3.458189129756359e-06 2.246743377134943e-06
4.142655546011693e-06 -3.259877189140560e-06 -3.212714809763765e-06 1.921873160231404e-06
6.267784164991450e-06 -3.439819412133286e-06 -4.105855101887154e-06 2.025538470537801e-06
6.970562166020027e-06 -2.467196186968245e-06 -4.388659273170099e-06 1.639706580986520e-06
1.791299282629863e-06 -8.586579514788446e-08 -1.583253558533202e-06 2.803098609494021e-07
2.358322746081937e-06 -9.041594192382283e-07 -1.928322496246859e-06 7.988935090782596e-07
2.359364111239860e-06 7.477252843000019e-07 -1.942291817228456e-06 -2.746802122871564e-07
4.999817326118194e-06 -3.253588484805070e-06 -3.630635028315029e-06 1.940932956178328e-06
3.852463343528142e-06 -2.383390236237571e-06 -3.003471214274000e-06 1.539684148251468e-06
3.287732276564434e-06 -1.049120177051170e-06 -2.571394862875008e-06 8.916084191304962e-07
3.553925507486275e-06 -1.196420378667173e-06 -2.747486901293804e-06 9.642782762430735e-07
3.689934437966971e-06 -1.500237506590134e-06 -2.847314508917491e-06 1.117882932380549e-06
5.776395702032111e-06 -2.358625669398313e-06 -3.960219916439173e-06 1.581227888987294e-06
6.507730607219238e-06 -1.665775221570123e-06 -4.310361407862518e-06 1.234169775310352e-06
2.868244165873351e-06 -2.053476880297233e-07 -2.266969172268877e-06 3.372836276015225e-07
3.305979993600985e-06 8.807588502429526e-07 -2.537972427040510e-06 -3.615683144473756e-07
4.448230303564030e-06 -1.767156906075775e-06 -3.292049034765125e-06 1.265096154309950e-06
3.579592089046242e-06 -6.117984276948881e-07 -2.750014453338735e-06 6.165710560938384e-07
3.896003270480176e-06 -1.091961483948051e-06 -2.953061514323944e-06 8.966826709675899e-07
5.432389433652941e-06 -1.419533516260417e-06 -3.818429616053364e-06 1.094592129002092e-06
6.215540812370555e-06 -8.604367467024104e-07 -4.267890008101034e-06 7.865749140799978e-07
3.610975065680575e-06 3.267216505349620e-07 -2.735215190466809e-06 -1.665209487048133e-09
3.581296370294131e-06 1.022119543863484e-06 -2.711752162422740e-06 -4.600266190000336e-07
4.634894246526483e-06 -4.045152842849695e-07 -3.383988536311663e-06 5.050382741902736e-07
6.109155630044983e-06 -6.381816828934901e-08 -4.268369320765129e-06 2.851427816790231e-07
6.164944395214496e-06 7.106764824846900e-07 -4.356031495185337e-06 -2.386222665934793e-07
4.173487551736530e-06 8.385197595419800e-07 -3.076229506910816e-06 -3.412682166843122e-07
3.744012273783540e-06 1.320524948692389e-06 -2.815041759631005e-06 -6.743529836722845e-07
3.946975780412861e-06 2.135204311212156e-06 -2.938005610686632e-06 -1.249847767918407e-06
5.393727019375265e-06 8.144786545700261e-07 -3.856752506743688e-06 -3.021013064767316e-07
4.243867024281966e-06 2.914147072004613e-06 -3.109933946369727e-06 -1.798862403248361e-06
6.384805599557855e-06 1.490702483474023e-06 -4.527137586439807e-06 -7.723117526797112e-07
4.684557506153405e-06 2.166903341427014e-06 -3.398789914292228e-06 -1.277336414026569e-06
5.760846376117492e-06 2.228928636424803e-06 -4.111291611791596e-06 -1.307727126245908e-06
4.628789030270287e-06 3.653447955608766e-06 -3.332362075473192e-06 -2.321659081259506e-06
6.746393791230553e-06 2.230892055262327e-06 -4.789179119003776e-06 -1.297220792069738e-06
6.430990734031994e-06 2.952954907619321e-06 -4.579848183970163e-06 -1.813460444279680e-06
5.699992195399089e-06 3.400634663386666e-06 -4.065811098040447e-06 -2.141957790980343e-06
5.096660864522155e-06 4.348737491685952e-06 -3.611495784819822e-06 -2.824280045682644e-06
5.646849742979349e-06 4.990412021096018e-06 -3.985217941869261e-06 -3.304374482899319e-06
7.239428356423857e-06 2.910288144691162e-06 -5.153786762084933e-06 -1.780218940750422e-06
6.875130064323284e-06 3.755253508061494e-06 -4.896867112303950e-06 -2.387752062957275e-06
6.448921153389915e-06 4.734692279736479e-06 -4.577833448532169e-06 -3.105622826569064e-06
6.267858546769817e-06 5.568072191509144e-06 -4.434670856087819e-06 -3.754569133374749e-06
7.846168973759088e-06 3.502797379345481e-06 -5.591916040182248e-06 -2.195106403859165e-06
7.660619305558966e-06 4.728267124738530e-06 -5.465912032225711e-06 -3.112108262090847e-06
6.955504501683235e-06 6.071842150874376e-06 -4.967745610828599e-06 -4.151117961673772e-06
7.700246784030774e-06 6.495792270265156e-06 -5.521736312973101e-06 -4.504805198297574e-06
8.489324220196148e-06 6.832672113602610e-06 -6.129856639967542e-06 -4.831548276792028e-06
8.555987029647507e-06 4.990069061948371e-06 -6.163524731073746e-06 -3.316188760362996e-06
8.550124197653653e-06 3.987928541705494e-06 -6.152968471247496e-06 -2.542158411424390e-06
8.380540218805764e-06 5.979561211934483e-06 -6.025726118013297e-06 -4.109407357643351e-06
9.314961390110563e-06 7.076533253947262e-06 -6.799861730070006e-06 -5.081370241471297e-06
1.016310038295141e-05 7.224214762273106e-06 -7.533624261349393e-06 -5.240620826165371e-06
9.266433787536315e-06 5.214274238428834e-06 -6.752164905773231e-06 -3.490986954758418e-06
9.330861575978458e-06 4.346849510016286e-06 -6.811173392747250e-06 -2.780421962858292e-06
1.102331532272510e-05 7.273975789453592e-06 -8.298762180189973e-06 -5.311164890554490e-06
1.006784738815607e-05 6.015790531197483e-06 -7.434392318326567e-06 -4.163680026780804e-06
1.016353766844665e-05 4.567959123855757e-06 -7.550445302842599e-06 -2.919240522948335e-06
1.121359016961753e-05 6.144364876478717e-06 -8.450453009015346e-06 -4.288377848517632e-06
1.196922617273934e-05 7.273517649590168e-06 -9.174461511423579e-06 -5.359936168704738e-06
1.102232208561770e-05 4.643458113824466e-06 -8.289463599632717e-06 -2.949787350710089e-06
1.326866433278674e-05 7.272009830871135e-06 -1.034693795376204e-05 -5.380756199311674e-06
1.224397190566021e-05 5.504169955369505e-06 -9.395249920353303e-06 -3.707194679721861e-06
1.196875372199672e-05 4.645077468173958e-06 -9.154396199053531e-06 -2.917555649007165e-06
1.504623952616747e-05 7.266935085167470e-06 -1.208704527002463e-05 -5.419372204828947e-06
1.416845640727708e-05 5.858755100087335e-06 -1.119914800525210e-05 -4.024251932313905e-06
1.326790962422853e-05 4.649283406720441e-06 -1.037767781321869e-05 -2.877130019735359e-06
1.737588622510728e-05 7.259361670203833e-06 -1.459953078191353e-05 -5.583988874013952e-06
1.621347623968803e-05 5.962429034256992e-06 -1.326619451648972e-05 -4.119871999036438e-06
1.504536750684055e-05 4.656773884365915e-06 -1.205840330198240e-05 -2.801368394601633e-06
1.978709968961548e-05 7.252558631474295e-06 -1.752254058058410e-05 -5.782417192794498e-06
1.858365444391223e-05 5.963886776572427e-06 -1.598557520836922e-05 -4.142555222958100e-06
1.737503402108135e-05 4.667060478037830e-06 -1.457644926708515e-05 -2.688622527666446e-06
2.218513911320367e-05 7.247714954703152e-06 -2.068273985089482e-05 -5.973148379194373e-06
2.098774384613090e-05 5.965211447629683e-06 -1.903754950774862e-05 -4.169293942866785e-06
1.978640856476085e-05 4.676304772087312e-06 -1.750802742404830e-05 -2.538828116050658e-06
2.457332531262486e-05 7.243467756263074e-06 -2.400974404367926e-05 -5.980573896153797e-06
2.338078387901725e-05 5.966371472070972e-06 -2.236774034312765e-05 -4.189337515963019e-06
2.218491573434099e-05 4.683654200385262e-06 -2.076051788244615e-05 -2.428315185465075e-06
2.695156925077058e-05 7.238496240555648e-06 -2.726609609247649e-05 -6.033465224530628e-06
2.576435392245022e-05 5.967295557257870e-06 -2.564212185064204e-05 -4.215008587716321e-06
2.457337740813789e-05 4.690138852450153e-06 -2.407007405916089e-05 -2.464314182529526e-06
2.931832537698378e-05 7.233225234273076e-06 -3.059239742475103e-05 -6.043046133367153e-06
2.813694721280768e-05 5.968021417164334e-06 -2.891642831116160e-05 -4.234573090084595e-06
2.695166774362791e-05 4.696968856962803e-06 -2.733478104433609e-05 -2.437917799614713e-06
3.167381501385879e-05 7.229037024887030e-06 -3.401636213871232e-05 -6.165322666319189e-06
3.049757345664411e-05 5.968795632398303e-06 -3.223856582527316e-05 -4.267817570636502e-06
2.931808548868231e-05 4.703770598483186e-06 -3.058825075750477e-05 -2.417458755326191e-06
3.402159807323349e-05 7.226840551384410e-06 -3.773802092885095e-05 -6.299033384745817e-06
3.284848995595978e-05 5.969541702628457e-06 -3.584765554593762e-05 -4.288769853044965e-06
3.167353594911854e-05 4.709319420234663e-06 -3.407102318868277e-05 -2.347918095164806e-06
3.636662525266223e-05 7.227260955337247e-06 -4.156556506434379e-05 -6.310107697609632e-06
3.519404303256912e-05 5.970318090850203e-06 -3.968953581484604e-05 -4.277300792890802e-06
3.402128859059328e-05 4.712907456668686e-06 -3.782158096734476e-05 -2.275990855164541e-06
4.139560481603244e-05 7.091186530962395e-06 -4.939258206339336e-05 -5.989454045559706e-06
4.106202118256693e-05 7.229341907441967e-06 -4.888532612308407e-05 -6.200476162354014e-06
3.741739122394532e-05 5.970919259164136e-06 -4.331063814749214e-05 -4.273179900557467e-06
3.871318420164408e-05 7.228849419497696e-06 -4.534770010757255e-05 -6.223663345580410e-06
3.636657616385629e-05 4.713902340307234e-06 -4.165078208917158e-05 -2.296920494328754e-06
4.153378669307635e-05 6.757636145988690e-06 -4.960301324260816e-05 -5.479766673068338e-06
4.074440891340937e-05 5.971395865286770e-06 -4.841166072777656e-05 -4.278422120399140e-06
3.871318025072779e-05 4.713566940898784e-06 -4.535516670916490e-05 -2.349272922185162e-06
4.153393365574835e-05 5.185078780288864e-06 -4.961384695816235e-05 -3.068437593268126e-06
4.106214429792446e-05 4.713310760359753e-06 -4.889745813290508e-05 -2.347901978165021e-06
4.139575150271882e-05 4.851484980622758e-06 -4.940471672163226e-05 -2.559131700078034e-06
