-6.487015275953036e-06 2.146964073316216e-06 -4.661003593186185e-05 6.183742865110076e-06
-6.483255942282977e-06 2.156152805367218e-06 -4.684289348908540e-05 5.619998333547896e-06
-6.483558523159201e-06 2.199365425835639e-06 -4.683820250334072e-05 2.902279867782708e-06
-6.487368079410271e-06 2.208620810070811e-06 -4.660641546229523e-05 2.345409618391113e-06
-6.496128410036185e-06 2.143144026273418e-06 -4.604541071466443e-05 6.416714359414552e-06
-6.513294108606210e-06 2.177821222851652e-06 -4.493155021499385e-05 4.253161318381455e-06
-6.496564763588195e-06 2.212470965583812e-06 -4.604626937898007e-05 2.115403982880840e-06
-6.560325134362326e-06 2.142261936124499e-06 -4.194917387130353e-05 6.402436263256022e-06
-6.560994489699643e-06 2.213564790174328e-06 -4.198294443485515e-05 2.151868934314901e-06
-6.597779082111563e-06 2.177928289810366e-06 -3.981196021875148e-05 4.282818056574111e-06
-6.629416355357989e-06 2.139222253326527e-06 -3.796296254970691e-05 6.358397775685803e-06
-6.629892615926458e-06 2.216647819241597e-06 -3.808987111064689e-05 2.293987910975864e-06
-6.666703282866308e-06 2.178364147369368e-06 -3.623830837966167e-05 4.289105743023435e-06
-6.706181768359539e-06 2.136944318529105e-06 -3.436586577368389e-05 6.274208671305939e-06
-6.705772276639839e-06 2.219983829844700e-06 -3.448842687237073e-05 2.420446221004726e-06
-6.746298895224255e-06 2.178758255696315e-06 -3.261651732790020e-05 4.270655627648973e-06
-6.786477369698483e-06 2.138924919799033e-06 -3.105552133537563e-05 6.091007397642199e-06
-6.786227660606486e-06 2.219463160503319e-06 -3.113618115204163e-05 2.551444995678953e-06
-6.825654566004263e-06 2.179482472695778e-06 -2.929797079821589e-05 4.275339728684075e-06
-6.859588734226978e-06 2.148454733740272e-06 -2.784249265017132e-05 6.005322673467663e-06
-6.859909918555742e-06 2.211794046805917e-06 -2.804931014795416e-05 2.731862644170789e-06
-6.890097651598118e-06 2.180365243933188e-06 -2.622548469151413e-05 4.311127229464150e-06
-6.908087428373828e-06 2.168039111798774e-06 -2.474920107034555e-05 5.870451870068725e-06
-6.909167981712994e-06 2.194145634238089e-06 -2.515917704839090e-05 2.849817497415019e-06
-6.920053145842323e-06 2.181518906655191e-06 -2.336993980349324e-05 4.341150093471588e-06
-6.912272505488433e-06 2.198586487775724e-06 -2.194061089119238e-05 5.751898221926460e-06
-6.913730945688972e-06 2.165812806531513e-06 -2.235491048201296e-05 2.849498309309954e-06
-6.895312339065073e-06 2.182848483619500e-06 -2.062804152967349e-05 4.390229908085341e-06
-6.851875497819744e-06 2.239819780459130e-06 -1.943007101262699e-05 5.598512673554920e-06
-6.853443075926138e-06 2.127262537216688e-06 -1.957330502777422e-05 2.916073223176824e-06
-6.795610550159323e-06 2.184437908700171e-06 -1.813470271669855e-05 4.349514588367749e-06
-6.706940552510754e-06 2.291196419944652e-06 -1.723559447295009e-05 5.507280333589523e-06
-6.708189867342852e-06 2.079149993163493e-06 -1.715017746976213e-05 3.091649357089771e-06
-6.602140826836353e-06 2.186311622050341e-06 -1.595390679629080e-05 4.293579003502310e-06
-6.460568186024108e-06 2.351217448080211e-06 -1.506070051566865e-05 5.482774414638758e-06
-6.461363185873677e-06 2.022785283630438e-06 -1.495646999785400e-05 3.112596060688554e-06
-6.307445130436323e-06 2.188535274908833e-06 -1.387198170798103e-05 4.234989082068869e-06
-6.116355880614602e-06 2.415739395548635e-06 -1.286400705744406e-05 5.550787874999435e-06
-6.117101395033687e-06 1.960081717993653e-06 -1.279638038889882e-05 3.044081101748538e-06
-5.962718702086657e-06 2.210924152019376e-06 -1.198887363339041e-05 4.303200926465649e-06
-5.771317523966733e-06 2.470844998848484e-06 -1.108335949148393e-05 5.548020256014776e-06
-5.773149196890445e-06 1.906547966238236e-06 -1.112233874440666e-05 2.949490712632114e-06
-5.470453010089561e-06 2.515207357851848e-06 -9.737957244197691e-06 5.577975739023304e-06
-5.543338614504124e-06 2.296722827768804e-06 -1.000546067307948e-05 4.680782046309761e-06
-5.472713683215875e-06 1.874540198918082e-06 -9.749872891021380e-06 2.957463716744354e-06
-5.227921848695661e-06 1.841674809033317e-06 -8.802160371167495e-06 2.961545497651110e-06
1.101537827635928e-06 -4.275590661480124e-07 1.267772658680961e-06 -8.575122820484840e-07
1.123333664564033e-06 -4.798004514650243e-07 1.292557354971094e-06 -9.175973372477691e-07
1.123300997849644e-06 -6.750857128318615e-07 1.299954586808056e-06 -1.142625726320105e-06
1.101590116571383e-06 -7.269477295382180e-07 1.276958077015796e-06 -1.202281214681925e-06
-5.230771030629383e-06 2.544834402467897e-06 -8.790404271134632e-06 5.592730205312789e-06
-4.986683761552703e-06 2.557096237279958e-06 -7.951439877753165e-06 5.528291269413599e-06
-5.189981485481392e-06 2.103869844036630e-06 -8.603525469374122e-06 3.892540552906075e-06
-4.998346904409749e-06 1.787406006166344e-06 -7.986446911850115e-06 2.914607876188889e-06
1.049500921829742e-06 -4.060828123172618e-07 1.208901444940519e-06 -8.326382434631887e-07
9.968653219698273e-07 -6.204669617611117e-07 1.155611869162783e-06 -1.077858337294772e-06
1.049735732394850e-06 -7.488325730693167e-07 1.218212459791883e-06 -1.227646228042459e-06
-4.917358850326677e-06 2.333800059899185e-06 -7.675160604438818e-06 4.715940376686669e-06
-4.731669366754901e-06 2.545491623835173e-06 -7.146307601380501e-06 5.338670488489500e-06
-4.462100027887307e-06 2.492805819565738e-06 -6.348575001104039e-06 5.070867859496961e-06
-4.843784156720127e-06 1.995708012714526e-06 -7.430102589594641e-06 3.625719204759279e-06
-4.748507086201373e-06 1.682005883997676e-06 -7.118175868082852e-06 2.695186010450481e-06
6.960590925320414e-07 -4.015652616843329e-07 8.084724539029051e-07 -8.331392356518355e-07
6.952290921836102e-07 -7.571715248301271e-07 8.074491392393268e-07 -1.248755713415711e-06
5.115176459523221e-07 -5.803148147975889e-07 5.983267438269719e-07 -1.049578748334828e-06
-4.181949445698237e-06 2.411539931885923e-06 -5.588334269662854e-06 4.728654419770043e-06
-4.434302329575295e-06 2.226224123048587e-06 -6.217513343782682e-06 4.263757028949347e-06
-4.531474225368208e-06 1.861319583806600e-06 -6.470767085994524e-06 3.230719483844004e-06
-4.496542550634343e-06 1.522231506773237e-06 -6.360099854293710e-06 2.365188425304481e-06
3.114559934030689e-07 -3.690650829551942e-07 3.767216156325765e-07 -8.054252352827996e-07
3.110207692662596e-07 -7.932907653111119e-07 3.823341892531208e-07 -1.275790236598264e-06
8.233345952552775e-08 -5.820364205940415e-07 1.421211485008898e-07 -1.032206274869954e-06
-3.903280148440854e-06 2.285801718478134e-06 -4.897845762301305e-06 4.346667645115862e-06
-3.621951703313552e-06 2.116529760166495e-06 -4.294164688948027e-06 3.858319100874695e-06
-4.176213905885689e-06 1.796326677407706e-06 -5.525274894581145e-06 3.067588028344687e-06
-4.254141025980550e-06 1.312224848460995e-06 -5.691737408769536e-06 1.935281115349704e-06
-1.805289359432520e-07 -2.980209069489441e-07 -1.737150012264733e-07 -6.652360476099223e-07
-1.810950883673115e-07 -8.678682873323952e-07 -1.511485844012139e-07 -1.333905027651344e-06
-3.691608499146900e-06 1.824768713107042e-06 -4.451844411324670e-06 3.118369896273914e-06
-3.346333679114681e-06 1.911856628526891e-06 -3.768161607984143e-06 3.299494943559604e-06
-3.815460033619677e-06 1.463064105604712e-06 -4.712950354505372e-06 2.292369515823227e-06
-4.033458656416922e-06 1.041907653470987e-06 -5.153386446966011e-06 1.441646741872696e-06
-4.707456082021635e-07 -5.837432716725323e-07 -5.168994177697067e-07 -9.629401302057977e-07
-8.149862486892583e-07 -1.957580616087488e-07 -9.211970868657660e-07 -4.999051536022359e-07
-8.151744489488193e-07 -9.739676440167429e-07 -8.983546835734925e-07 -1.378810646892186e-06
-3.092775823759968e-06 1.663830754572653e-06 -3.313460563425153e-06 2.698063306364356e-06
-2.850898447718412e-06 1.363851103917986e-06 -2.937945882133999e-06 2.080508248196698e-06
-2.630772156551326e-06 1.029762119929654e-06 -2.685248811847187e-06 1.444042552719932e-06
-3.556243253746912e-06 1.113208838789571e-06 -4.220022591911213e-06 1.590853062509257e-06
-3.847450413899474e-06 7.112575419981169e-07 -4.716539833262062e-06 8.618171411561274e-07
-1.092191016123340e-06 -5.844413786340278e-07 -1.226448936155004e-06 -9.100995302337815e-07
-1.431633214918751e-06 -9.473748095151361e-08 -1.622232566460397e-06 -3.436101163311221e-07
-1.431531403726255e-06 -1.080628492097833e-06 -1.617250610983196e-06 -1.446587151153580e-06
-3.030751545820240e-06 1.037561032711289e-06 -3.279649156331598e-06 1.434813274265329e-06
-2.450851385793359e-06 6.535105435338481e-07 -2.510999910930775e-06 7.878274074847523e-07
-2.008318813731379e-06 -7.854946214027462e-09 -2.200148672543314e-06 -2.237044256120606e-07
-2.188028192586055e-06 7.413734905241842e-08 -2.346467412591959e-06 -1.094662099241920e-07
-2.297731348792284e-06 2.340671970823394e-07 -2.419539450229463e-06 1.159465414293770e-07
-3.367189916103862e-06 6.601314138159960e-07 -3.835609651356215e-06 7.485578215528986e-07
-3.714975914610458e-06 3.282870667896328e-07 -4.344811273545686e-06 2.523823567118038e-07
-1.737910883286107e-06 -5.147659124243004e-07 -1.957052840683988e-06 -7.754872600380345e-07
-1.973016694175722e-06 -1.154837009831827e-06 -2.235845272656854e-06 -1.468595397709893e-06
-2.723727259675858e-06 3.789105830307921e-07 -2.940432636592146e-06 3.203949539566386e-07
-2.181660264342871e-06 -2.637832279159313e-07 -2.375192340481632e-06 -4.881599143842650e-07
-2.393474006907421e-06 1.634899413545137e-08 -2.567529269464137e-06 -1.649750523500411e-07
-3.214999099604341e-06 2.067652044277661e-07 -3.608834421969607e-06 9.215848165077191e-08
-3.647597338926645e-06 -9.887356350906845e-08 -4.140954386147881e-06 -2.785241512364918e-07
-2.161468577655769e-06 -8.193198422798907e-07 -2.430110712040986e-06 -1.091173672869397e-06
-2.112714760078881e-06 -1.240544505395626e-06 -2.430484802950517e-06 -1.541948480919072e-06
-2.793235316829723e-06 -3.498251222871071e-07 -3.085288376262628e-06 -6.031714295273912e-07
-3.643745392081819e-06 -5.532818832731636e-07 -4.050120982444878e-06 -8.216905997574231e-07
-3.763741416208393e-06 -1.034470148654835e-06 -3.989565233358341e-06 -1.329830820729121e-06
-2.473817681342197e-06 -1.115606952206234e-06 -2.824691942016703e-06 -1.418914116143247e-06
-2.186381257540009e-06 -1.438276032320244e-06 -2.550115010865808e-06 -1.697956387641819e-06
-2.262934502113991e-06 -2.011604482907371e-06 -2.701078046586615e-06 -2.128806062804343e-06
-3.256437270560722e-06 -1.076106617948898e-06 -3.550849284657113e-06 -1.421756167047038e-06
-2.408834165867112e-06 -2.617107588757288e-06 -2.903276065220536e-06 -2.516919176429252e-06
-3.991098699026523e-06 -1.536511798453920e-06 -4.014676597069865e-06 -1.794383002371262e-06
-2.760918833531753e-06 -2.015891035247259e-06 -3.150743294101135e-06 -2.143204539303671e-06
-3.548618169750826e-06 -2.061605431885459e-06 -3.696490727959098e-06 -2.172808157916747e-06
-2.655001866747882e-06 -3.216274451230491e-06 -3.130413099604324e-06 -2.864061390039541e-06
-4.340808018302167e-06 -2.062563542060953e-06 -4.151879698071616e-06 -2.191358747085327e-06
-4.106384452824662e-06 -2.624783381692792e-06 -3.999433065259088e-06 -2.516078391242820e-06
-3.495055248168550e-06 -2.996214078449831e-06 -3.680480431215469e-06 -2.719557450635490e-06
-2.984716696283679e-06 -3.834813304158105e-06 -3.410763076656587e-06 -3.164341232085848e-06
-3.429464194472892e-06 -4.445437715705024e-06 -3.654422131998036e-06 -3.374970222402090e-06
-4.830715597429730e-06 -2.574225347630476e-06 -4.320136274230716e-06 -2.496036678550382e-06
-4.510308990109808e-06 -3.306937955616604e-06 -4.167504156063944e-06 -2.839864740391274e-06
-4.123239757675376e-06 -4.212142737369796e-06 -3.983157719456745e-06 -3.262589157270470e-06
-3.955442076759960e-06 -5.038450802307165e-06 -3.907157888393533e-06 -3.589047820725212e-06
-5.443837272580880e-06 -3.051624438567529e-06 -4.569364890427373e-06 -2.755051309497650e-06
-5.269807752460768e-06 -4.217005265822999e-06 -4.494388847505664e-06 -3.243794834787898e-06
-4.586722248161383e-06 -5.574236718673321e-06 -4.160639035796096e-06 -3.785108165823076e-06
-5.324702287100461e-06 -6.060739120797332e-06 -4.448231568503521e-06 -3.938632668884094e-06
-6.139631511047423e-06 -6.489067487936231e-06 -4.775854162037401e-06 -4.078343050520146e-06
-6.194443047650339e-06 -4.479281891622346e-06 -4.819522245563964e-06 -3.343912144458469e-06
-6.181981059227765e-06 -3.469433387583499e-06 -4.827958877423825e-06 -2.965803107498442e-06
-6.004691038404301e-06 -5.530365761451633e-06 -4.735036187294999e-06 -3.719740237517569e-06
-7.041983515636523e-06 -6.812785392966335e-06 -5.134039193598839e-06 -4.185569312577820e-06
-8.015499301090897e-06 -7.044431592517625e-06 -5.477637868570807e-06 -4.275879738951877e-06
-6.965693065431150e-06 -4.707959391631116e-06 -5.101231948725463e-06 -3.430772549355662e-06
-7.043493274675760e-06 -3.772944267705665e-06 -5.128724086274336e-06 -3.095588064342939e-06
-9.029466493083047e-06 -7.159426350835576e-06 -5.798765314113602e-06 -4.325358669024469e-06
-7.871705931874854e-06 -5.614555909922912e-06 -5.436762425206138e-06 -3.764615980249517e-06
-7.997469830389525e-06 -3.939701826112374e-06 -5.471019209007525e-06 -3.151697002858913e-06
-9.247983712500394e-06 -5.778469091090231e-06 -5.908477756582587e-06 -3.817060013913932e-06
-1.020646651359089e-05 -7.227148661118017e-06 -6.236153099855838e-06 -4.318567212834259e-06
-9.011173647063209e-06 -3.971531056802980e-06 -5.821648847861690e-06 -3.154828818094403e-06
-1.188320098334759e-05 -7.295266430255541e-06 -6.829410518890819e-06 -4.338301717258153e-06
-1.053103512223090e-05 -4.975315502001014e-06 -6.364527315660625e-06 -3.543005046907047e-06
-1.020293989998569e-05 -3.903985284442624e-06 -6.241053607141493e-06 -3.160051228404814e-06
-1.432630963987862e-05 -7.400723277974399e-06 -7.651117371584758e-06 -4.351772133388856e-06
-1.308712223534191e-05 -5.421989625505536e-06 -7.217541287400075e-06 -3.720178442903164e-06
-1.188528134443840e-05 -3.815276092646915e-06 -6.783338337154827e-06 -3.172164225112938e-06
-1.774943181069676e-05 -7.515237630252560e-06 -8.747429098664176e-06 -4.452734684247474e-06
-1.600523855597350e-05 -5.559654661401956e-06 -8.188774740803200e-06 -3.783155155492827e-06
-1.432721956280829e-05 -3.712957078374741e-06 -7.639204789246859e-06 -3.137096072607980e-06
-2.150686452359890e-05 -7.612261165346760e-06 -9.996171830279974e-06 -4.466297545590292e-06
-1.959815339670603e-05 -5.558207083839242e-06 -9.374631053259492e-06 -3.819904420607662e-06
-1.774986010558095e-05 -3.601348679265007e-06 -8.774615323978398e-06 -3.128692310728771e-06
-2.542963152953795e-05 -7.692739433579389e-06 -1.123199780781830e-05 -4.560234778530807e-06
-2.344293714103429e-05 -5.557405026336982e-06 -1.060320511154096e-05 -3.826676774787763e-06
-2.150707834760648e-05 -3.503167045432233e-06 -1.002832675934218e-05 -3.145231650716225e-06
-2.948867518915233e-05 -7.757696161942843e-06 -1.265001907199650e-05 -4.581389802319456e-06
-2.743876582557863e-05 -5.556683992409046e-06 -1.193400226580471e-05 -3.823504681858992e-06
-2.542981216697971e-05 -3.421240990290031e-06 -1.129347345968477e-05 -3.082347076812912e-06
-3.365586500243416e-05 -7.808814124951555e-06 -1.407394284367309e-05 -4.598592564473515e-06
-3.155627116631458e-05 -5.556083479887192e-06 -1.338270804421350e-05 -3.798697527600766e-06
-2.948876680551256e-05 -3.355051161831838e-06 -1.271894334584688e-05 -3.019769864392696e-06
-3.790729369006361e-05 -7.848130360374014e-06 -1.557525895027794e-05 -4.560202972146160e-06
-3.576921350972763e-05 -5.555524060135397e-06 -1.484824490241935e-05 -3.787692407080598e-06
-3.365594053681311e-05 -3.302827523756325e-06 -1.420511843408072e-05 -3.008720790928335e-06
-4.222243215637592e-05 -7.876675139877869e-06 -1.701392711496513e-05 -4.556572651825506e-06
-4.005578258307023e-05 -5.555151326783800e-06 -1.632931594689528e-05 -3.770384078539364e-06
-3.790726443565189e-05 -3.262632125764617e-06 -1.569007976649754e-05 -2.979397508306374e-06
-4.658157602358072e-05 -7.894911182679214e-06 -1.853201383656870e-05 -4.606695930863595e-06
-4.439623142901183e-05 -5.554803416031657e-06 -1.777414877327982e-05 -3.757473378454554e-06
-4.222237027995525e-05 -3.233279582929834e-06 -1.711139351146881e-05 -2.962811712838199e-06
-5.096499415316915e-05 -7.903704826757583e-06 -2.027544571466514e-05 -4.724628389868463e-06
-4.877072186967455e-05 -5.554522109961905e-06 -1.938481898058500e-05 -3.745499099029768e-06
-4.658153839665407e-05 -3.214356991025377e-06 -1.860243692478686e-05 -2.891318011439730e-06
-6.037215213147404e-05 -7.647891402577567e-06 -2.480536257907217e-05 -4.745474750181693e-06
-5.974850721180611e-05 -7.906223754840897e-06 -2.449408962465835e-05 -4.869724477498174e-06
-5.293171542644639e-05 -5.554323718156928e-06 -2.116726913443892e-05 -3.728807369581888e-06
-5.535677831600488e-05 -7.906102597021929e-06 -2.228934841235784e-05 -4.845352238373920e-06
-5.096494098561561e-05 -3.205056601487620e-06 -2.037369089796181e-05 -2.755226090094939e-06
-6.063047167895585e-05 -7.024232469762714e-06 -2.493620432694633e-05 -4.443867191093460e-06
-5.915468319877717e-05 -5.554249512261044e-06 -2.421156363746826e-05 -3.740864588397540e-06
-5.535675043673711e-05 -3.202408866245993e-06 -2.231751679071561e-05 -2.652967456494777e-06
-6.063041007028779e-05 -4.084304683409949e-06 -2.497807359889884e-05 -3.012508455251893e-06
-5.974844595537226e-05 -3.202324573442221e-06 -2.453851338839896e-05 -2.582610697137784e-06
-6.037208812870172e-05 -3.460654299225737e-06 -2.484928514642180e-05 -2.707156126305732e-06
