3.995735290668724e-06 9.568760817183475e-07 4.490415397341538e-05 -6.952963661120667e-06
4.040680399179762e-06 1.065364550508862e-06 4.511601187208299e-05 -6.453770097322309e-06
4.040547511849890e-06 1.576889621380140e-06 4.518624317421295e-05 -4.097056826713628e-06
3.995578733101437e-06 1.685412837839502e-06 4.498422472059646e-05 -3.604147166460070e-06
3.887227482865776e-06 9.119455665874402e-07 4.439803952076977e-05 -7.159197035876939e-06
3.683602938811953e-06 1.321154210954829e-06 4.349579771058308e-05 -5.290675425476465e-06
3.887030105222093e-06 1.730359420414439e-06 4.449179488253715e-05 -3.400949526736461e-06
3.123373025132639e-06 9.122556114525003e-07 4.085726586162901e-05 -7.166404022529556e-06
3.123007002526815e-06 1.730274182776315e-06 4.098947664739378e-05 -3.426879761101649e-06
2.701319118764429e-06 1.321407914147972e-06 3.896686146767408e-05 -5.308536862101036e-06
2.359611207128552e-06 9.128869021811466e-07 3.739341489386167e-05 -7.129222038079212e-06
2.359161579915797e-06 1.730335158837141e-06 3.738557533669075e-05 -3.383338767499678e-06
1.977598033862188e-06 1.321960669872864e-06 3.567134648953938e-05 -5.404373587675914e-06
1.596861612714280e-06 9.145912359326124e-07 3.412188832377158e-05 -7.111557728095364e-06
1.596535970096059e-06 1.729808763285435e-06 3.375474266274231e-05 -3.486931226863367e-06
1.215899510393939e-06 1.322514258496663e-06 3.230258283227308e-05 -5.430473490236152e-06
8.369824890969213e-07 9.181889010730539e-07 3.085275648749258e-05 -7.097024320837150e-06
8.364096207394847e-07 1.727438279931205e-06 3.041672540743868e-05 -3.682894950536181e-06
4.583800466239101e-07 1.323033688485141e-06 2.907168678063399e-05 -5.436885903479397e-06
8.393017348032205e-08 9.252670544258574e-07 2.767802183994439e-05 -7.143587636802074e-06
8.320426736052724e-08 1.721336562971706e-06 2.724365970545195e-05 -3.759318546614216e-06
-2.887953551631744e-07 1.323396944311729e-06 2.591060857468382e-05 -5.392350276328849e-06
-6.526135795725865e-07 9.394315344638969e-07 2.449829744940113e-05 -7.114754695157987e-06
-6.535004383628426e-07 1.707620237514150e-06 2.423686919231742e-05 -3.843879544887763e-06
-1.011857806286469e-06 1.323529752532035e-06 2.290844072911825e-05 -5.384780364695215e-06
-1.355205869250222e-06 9.643515174353947e-07 2.138484610497750e-05 -7.013806716276480e-06
-1.355986047887614e-06 1.682335516637484e-06 2.129065445773602e-05 -3.969267741982174e-06
-1.689610079986084e-06 1.323275686900550e-06 2.010224753461314e-05 -5.367997227774176e-06
-1.999823826772861e-06 1.002448500280597e-06 1.849550850118505e-05 -6.805824821501260e-06
-2.000020272124146e-06 1.643173398837669e-06 1.861227511935612e-05 -4.078748012017611e-06
-2.295628557805410e-06 1.322765374506629e-06 1.764110727690890e-05 -5.369985606826030e-06
-2.558744111862217e-06 1.054686235217053e-06 1.612583218808474e-05 -6.561225658425286e-06
-2.558255336275092e-06 1.589711840030403e-06 1.630063884270758e-05 -4.194619264064212e-06
-2.802712735939308e-06 1.322021749425910e-06 1.543341122996902e-05 -5.379222845668901e-06
-3.005934422807430e-06 1.120775422819667e-06 1.416166128013030e-05 -6.391102343122122e-06
-3.005291252781623e-06 1.521829739763497e-06 1.422420854181069e-05 -4.239077372952304e-06
-3.179813649002944e-06 1.321505943109991e-06 1.342090235827224e-05 -5.358843765070898e-06
-3.307642849121970e-06 1.197548779374919e-06 1.237404722013018e-05 -6.382161636486768e-06
-3.307442524516936e-06 1.440342328438245e-06 1.230335027988485e-05 -4.139593362634348e-06
-3.389942906587611e-06 1.315082330094100e-06 1.162259019412056e-05 -5.412115917222236e-06
-3.428691847239367e-06 1.268356798904444e-06 1.079599033704920e-05 -6.455655024067066e-06
-3.430161103065637e-06 1.365412774880683e-06 1.076172954514330e-05 -4.084278734095055e-06
-3.448062607350104e-06 1.329255818099111e-06 9.598430896749754e-06 -6.459698646803790e-06
-3.464054470104811e-06 1.315480917258431e-06 9.851432885339637e-06 -5.667695411892189e-06
-3.450403669007487e-06 1.317950414340278e-06 9.610381459290268e-06 -3.984502201933808e-06
-3.426496574905830e-06 1.268329485241946e-06 8.693441566405835e-06 -3.954802142924598e-06
8.617799058293746e-07 -3.814112468482177e-07 -1.329909599792718e-06 -2.184358426607606e-07
8.789385994244224e-07 -4.224980790571007e-07 -1.354757643121508e-06 -1.479661963910992e-07
8.789141501503719e-07 -5.762313726024270e-07 -1.360625439305526e-06 9.644601788686761e-08
8.618138042570091e-07 -6.170702103703271e-07 -1.340093914119624e-06 1.589750111916984e-07
-3.432088098960935e-06 1.371245753855575e-06 8.651189693022894e-06 -6.427501489772887e-06
-3.377848618471693e-06 1.405859458085528e-06 7.876590780098194e-06 -6.342827731812621e-06
-3.438984661779242e-06 1.304519755280904e-06 8.508368583379906e-06 -4.952061714964838e-06
-3.393025637135001e-06 1.213012742210709e-06 7.847324721067912e-06 -3.862593626458919e-06
8.208275555827418e-07 -3.645361915452466e-07 -1.268524690275878e-06 -2.499080456673524e-07
7.792924981342176e-07 -5.332551828446922e-07 -1.213464207691885e-06 1.882577508173798e-08
8.209704833873114e-07 -6.342925325929780e-07 -1.283846875439267e-06 1.837340255794709e-07
-3.372141798350753e-06 1.364324914374357e-06 7.628638608037576e-06 -5.599347663623334e-06
-3.302760998275933e-06 1.440215368411615e-06 7.076952262296742e-06 -6.213380463439911e-06
-3.197419459405678e-06 1.447158204633507e-06 6.320949196062104e-06 -5.990783953142179e-06
-3.354493345655413e-06 1.263944346561382e-06 7.363135615159467e-06 -4.567781706645547e-06
-3.319308228772810e-06 1.134031296425621e-06 7.104023148703762e-06 -3.697199747947180e-06
5.425078715054872e-07 -3.613162103771515e-07 -8.110497760048524e-07 -3.155739299326921e-07
5.419295688909129e-07 -6.403613848356950e-07 -8.149769866848583e-07 1.736724971312426e-07
3.977804313926344e-07 -5.014488243339139e-07 -6.097274014169791e-07 -6.906497426205181e-08
-3.064855776041120e-06 1.444336800676943e-06 5.659574619721990e-06 -5.654965344986307e-06
-3.194221655798089e-06 1.355684839614192e-06 6.230439815619308e-06 -5.201554506150597e-06
-3.235001340744575e-06 1.200645732569094e-06 6.474326214905247e-06 -4.254667940144028e-06
-3.222762890981882e-06 1.025183695791246e-06 6.353210520828741e-06 -3.407922047227497e-06
2.413973694453364e-07 -3.367398853083280e-07 -3.471127467699560e-07 -3.586153904541134e-07
2.411575240019078e-07 -6.671593517815176e-07 -3.639679039148296e-07 1.878306511554145e-07
6.334833105693401e-08 -5.023771626659621e-07 -5.145542924972280e-08 -9.727458738788476e-08
-2.918955684394459e-06 1.405954294243362e-06 5.033023115380386e-06 -5.224400506833620e-06
-2.751502350747622e-06 1.332354759650814e-06 4.432903465060881e-06 -4.767185386982914e-06
-3.067122501263702e-06 1.163622096830329e-06 5.602135697199955e-06 -4.106353299519130e-06
-3.112575297439589e-06 8.894185122843198e-07 5.744970790576377e-06 -3.018817010635147e-06
-1.405139448240356e-07 -2.822022041346025e-07 2.894684534897438e-07 -4.610768206714767e-07
-1.406399654415148e-07 -7.231943237103527e-07 2.797386524096495e-07 2.141130700620968e-07
-2.791056579647444e-06 1.181396462349603e-06 4.575123584131883e-06 -4.107824343255684e-06
-2.573625044337842e-06 1.233614718890629e-06 3.917529885907369e-06 -4.267290445738230e-06
-2.865729023362984e-06 9.704128407992959e-07 4.818727991054461e-06 -3.397423122449571e-06
-2.999734667048155e-06 7.078987501248734e-07 5.263041053241305e-06 -2.626485908557791e-06
-3.648268325340546e-07 -5.028912661039460e-07 6.056929278267984e-07 -1.631924175723568e-07
-6.306839858428579e-07 -2.031201907824975e-07 1.004138019514214e-06 -7.064142328218512e-07
-6.305962459890686e-07 -8.034228476831483e-07 9.622701886982645e-07 2.452732282986972e-07
-2.404262022143027e-06 1.095269788922863e-06 3.468240383315304e-06 -3.751756462053849e-06
-2.228565955957846e-06 9.058787024536449e-07 3.111518925455619e-06 -3.167793845267584e-06
-2.059703068959016e-06 6.875710083839920e-07 2.878150054888704e-06 -2.563579392203842e-06
-2.701208436967740e-06 7.489612871657656e-07 4.300076520225905e-06 -2.748900018470186e-06
-2.897419685169460e-06 4.765017989043643e-07 4.787333171830584e-06 -2.047650472925058e-06
-8.443955017819653e-07 -5.026675793336912e-07 1.302640578456686e-06 -2.702450432339220e-07
-1.106261743270613e-06 -1.246325510371472e-07 1.682926142306569e-06 -8.358752393635788e-07
-1.105712294234070e-06 -8.843067710148469e-07 1.669852183021860e-06 2.319893057308057e-07
-2.345387692459291e-06 6.966227032980021e-07 3.426839850559419e-06 -2.569581391634100e-06
-1.918233458780567e-06 4.271426876981381e-07 2.718494227964035e-06 -1.955498805088109e-06
-1.554777803898877e-06 -5.698813718103593e-08 2.271933215322003e-06 -9.601875385398550e-07
-1.697393255802936e-06 5.335527755168775e-09 2.490135681023786e-06 -1.093638840673613e-06
-1.787839742252150e-06 1.248638640118301e-07 2.609056549674984e-06 -1.337854544821897e-06
-2.576724952740047e-06 4.384245845961371e-07 3.946203171294153e-06 -1.971343414722028e-06
-2.825866351941959e-06 1.987630700165231e-07 4.458892987588576e-06 -1.533319651187326e-06
-1.342480305080687e-06 -4.485500265851555e-07 2.007895870463724e-06 -4.141858180510482e-07
-1.518501030641111e-06 -9.397425528901744e-07 2.309588390550372e-06 2.846387552328341e-07
-2.111378313703781e-06 2.343378100605459e-07 3.103174696787792e-06 -1.542548324352881e-06
-1.688123576761818e-06 -2.531800225077566e-07 2.497085342622523e-06 -6.686983917871479e-07
-1.856001499383205e-06 -3.818255808168991e-08 2.740079262064033e-06 -1.035086400677112e-06
-2.469676458159563e-06 1.091146124718677e-07 3.703712871177363e-06 -1.333828286578336e-06
-2.795466437883877e-06 -1.212659130275030e-07 4.240582989596676e-06 -8.979023244698147e-07
-1.664895446083559e-06 -6.802822120646237e-07 2.528679393208725e-06 -8.890940605741585e-08
-1.621537114223411e-06 -1.005796608254955e-06 2.507414445135434e-06 3.615922142112889e-07
-2.155205047609313e-06 -3.117546467643007e-07 3.198205876925720e-06 -5.732799833775104e-07
-2.803673264870778e-06 -4.683155293381505e-07 4.140785947360018e-06 -3.971245260909427e-07
-2.911851085553865e-06 -8.429208496981826e-07 4.132042386161622e-06 8.688119513432716e-08
-1.900823668015085e-06 -9.066253976550099e-07 2.927194892615340e-06 2.225211554818196e-07
-1.673880258198904e-06 -1.161495012286327e-06 2.622584358906636e-06 5.258296261421120e-07
-1.724646040582266e-06 -1.618712406245974e-06 2.758494872439498e-06 9.709185498228353e-07
-2.512839570250343e-06 -8.713844869052008e-07 3.668056829202443e-06 1.725117548145608e-07
-1.831329296458727e-06 -2.110170920950402e-06 2.947087786144442e-06 1.394665498663649e-06
-3.103940180646039e-06 -1.236596291234063e-06 4.225819526801765e-06 5.577399035959026e-07
-2.118280324935388e-06 -1.619436100880225e-06 3.246672470910242e-06 9.640363613958205e-07
-2.750669333389281e-06 -1.656428570942120e-06 3.849597749014481e-06 9.869642329422986e-07
-2.024028483163145e-06 -2.599904394085013e-06 3.154288011876317e-06 1.783818221446351e-06
-3.396730892432311e-06 -1.657334051183733e-06 4.448500838752141e-06 1.024044989917239e-06
-3.207984854152953e-06 -2.113929588745018e-06 4.243490579683159e-06 1.404664078826529e-06
-2.706512551786234e-06 -2.418338456129911e-06 3.789402868472956e-06 1.614883868772729e-06
-2.287080042897055e-06 -3.112095498960396e-06 3.447735831823687e-06 2.190685958146047e-06
-2.650227914034848e-06 -3.622199801484375e-06 3.767330073285944e-06 2.538379054118507e-06
-3.808048097876389e-06 -2.070849174528586e-06 4.689475421612008e-06 1.395521042171167e-06
-3.543358721560600e-06 -2.675404174579310e-06 4.471180501602606e-06 1.815194510915417e-06
-3.222260654082774e-06 -3.428527007741247e-06 4.210731308108850e-06 2.384720494522892e-06
-3.082644751393967e-06 -4.121876259531375e-06 4.112009066356574e-06 2.881649188897388e-06
-4.323643440808020e-06 -2.460895619946054e-06 5.006657694249588e-06 1.683175968514162e-06
-4.178753085637803e-06 -3.434042245547781e-06 4.899616571546518e-06 2.325708535551725e-06
-3.607356803226036e-06 -4.575091484399232e-06 4.469868057359775e-06 3.189856771953461e-06
-4.226438302604746e-06 -4.989821102349043e-06 4.896671599145340e-06 3.430996727619181e-06
-4.913155016149595e-06 -5.358263745891476e-06 5.366160750891199e-06 3.626118865371917e-06
-4.957974973648955e-06 -3.654669785213338e-06 5.402063980287218e-06 2.471586533496039e-06
-4.946804457457658e-06 -2.805677264200821e-06 5.382902842450384e-06 1.913677836885227e-06
-4.797371055442072e-06 -4.543209574698504e-06 5.305036685132360e-06 3.098272645550262e-06
-5.678026785917063e-06 -5.637754241847800e-06 5.893117357086953e-06 3.768262323314697e-06
-6.507190047743976e-06 -5.840346922155207e-06 6.416476067432354e-06 3.877672554731883e-06
-5.611276188361401e-06 -3.847354804221052e-06 5.853716222544876e-06 2.626600027588772e-06
-5.677820995649818e-06 -3.055706845346914e-06 5.866744759307443e-06 2.101794744431340e-06
-7.372937727279771e-06 -5.943274498072636e-06 6.935997491486673e-06 3.933167237428862e-06
-6.381814437275583e-06 -4.618805284287175e-06 6.366433810435832e-06 3.136004121896552e-06
-6.490142808791624e-06 -3.190951342429731e-06 6.411519739780630e-06 2.242396421725147e-06
-7.558961281748488e-06 -4.760085842612349e-06 7.102779725006620e-06 3.210898243288265e-06
-8.382834626554054e-06 -6.006851161478317e-06 7.575596743549421e-06 3.925194603088961e-06
-7.355785877293143e-06 -3.213844952418577e-06 6.984144117463097e-06 2.280505223536101e-06
-9.826322876786826e-06 -6.070938656431309e-06 8.420414172271738e-06 3.930471497332339e-06
-8.659960019719534e-06 -4.070545290946155e-06 7.795156709548948e-06 2.796852800589497e-06
-8.379456542361086e-06 -3.150888921433607e-06 7.624665009808944e-06 2.245258919089318e-06
-1.194096148679097e-05 -6.170230750139439e-06 9.535271697604020e-06 3.855626299264463e-06
-1.086598919833188e-05 -4.454603350057115e-06 9.026774868550707e-06 3.007853561317628e-06
-9.828253063872747e-06 -3.067858524147986e-06 8.445202999267084e-06 2.228807548929828e-06
-1.491851412382903e-05 -6.278185370112768e-06 1.092868327248976e-05 3.751274277289170e-06
-1.339892475918283e-05 -4.573747912084474e-06 1.022580641203712e-05 3.052855571165918e-06
-1.194154331981324e-05 -2.971790008551412e-06 9.547930947361780e-06 2.308303542433835e-06
-1.819988381188623e-05 -6.370339545679736e-06 1.226465093348283e-05 3.695977664726937e-06
-1.653070410110912e-05 -4.572803666674342e-06 1.160097825823721e-05 3.003110979409402e-06
-1.491845216645867e-05 -2.867155281111157e-06 1.089031054739381e-05 2.304302895706793e-06
-2.163884207215515e-05 -6.449215981286812e-06 1.353984440946442e-05 3.641718604874323e-06
-1.989469258112860e-05 -4.572590557063687e-06 1.292583723902718e-05 2.960343858554614e-06
-1.819968994618530e-05 -2.774708719220887e-06 1.223403413609242e-05 2.259086524698797e-06
-2.521320891034460e-05 -6.516276471909235e-06 1.483862436318962e-05 3.622557243181538e-06
-2.340515906043616e-05 -4.572630340122896e-06 1.420950910205301e-05 2.936855584392209e-06
-2.163891796941743e-05 -2.695806408239959e-06 1.352593799663394e-05 2.225326766898859e-06
-2.890114090052790e-05 -6.571997029969625e-06 1.620766402323876e-05 3.638364771393874e-06
-2.703988055556758e-05 -4.573068529881541e-06 1.553267830244935e-05 2.920495486580148e-06
-2.521322296372151e-05 -2.629370582673449e-06 1.485095957109124e-05 2.241923731699705e-06
-3.268126508758295e-05 -6.616774186042327e-06 1.757751924954619e-05 3.642127916385936e-06
-3.077722035047014e-05 -4.573693637811553e-06 1.689060329509308e-05 2.906147202557668e-06
-2.890086680389627e-05 -2.574921811383769e-06 1.621609742657198e-05 2.205346764609891e-06
-3.653371347344158e-05 -6.651296476288649e-06 1.893647947735384e-05 3.603135314786010e-06
-3.459665552842622e-05 -4.574309720468548e-06 1.825372267763903e-05 2.882657393252677e-06
-3.268077042312319e-05 -2.531303447401941e-06 1.752393899723490e-05 2.158752753319197e-06
-4.044005503732779e-05 -6.676299976912095e-06 2.034520244920011e-05 3.688253942905523e-06
-3.847906195472204e-05 -4.574988368107369e-06 1.959365933658297e-05 2.865406394506385e-06
-3.653319286735486e-05 -2.497953364454012e-06 1.885353349343659e-05 2.129508140864092e-06
-4.438304450438837e-05 -6.692507336780333e-06 2.187840099878049e-05 3.748152531313817e-06
-4.240669462734160e-05 -4.575589130769568e-06 2.105991572593076e-05 2.862470868518145e-06
-4.043971794766440e-05 -2.474208443470916e-06 2.026593260211711e-05 2.037662978624299e-06
-5.288060917372711e-05 -6.468903604737329e-06 2.554383900600925e-05 3.715490439683461e-06
-5.231691878948185e-05 -6.702349288984976e-06 2.529234401542818e-05 3.818389173288926e-06
-4.615633993337693e-05 -4.576092958372198e-06 2.260385783375811e-05 2.865389528500153e-06
-4.834661008723109e-05 -6.700567677253005e-06 2.356887951499231e-05 3.773928885239139e-06
-4.438285640991804e-05 -2.459244709519237e-06 2.182978611656085e-05 1.982027281431673e-06
-5.311410200086991e-05 -5.905277632131200e-06 2.564690286939900e-05 3.465220814787580e-06
-5.177981844222577e-05 -4.576553054623892e-06 2.503923428454621e-05 2.862457071890566e-06
-4.834645374621171e-05 -2.452063475605393e-06 2.355713321690755e-05 1.944596721647495e-06
-5.311404877868176e-05 -3.247869993184800e-06 2.562166556899030e-05 2.274490204699385e-06
-5.231682594826430e-05 -2.450751201893187e-06 2.526758914481802e-05 1.926130295133172e-06
-5.288054287618964e-05 -2.684213672890377e-06 2.551703949866111e-05 2.027266710774850e-06
