8.004047606980943e-05 -1.230621075166495e-05 1.364654178884651e-07 -6.763446306404170e-07
8.032974678821124e-05 -1.160804195290997e-05 1.365905657914802e-07 -6.828783308501723e-07
8.033004542588270e-05 -8.316541070520261e-06 1.644198559831640e-07 -8.750138600750195e-07
8.004081361550766e-05 -7.618404762877618e-06 1.710151524498408e-07 -8.941714579685282e-07
7.934217281591642e-05 -1.259537708603234e-05 1.416400235341294e-07 -6.744905385085395e-07
7.803233556670175e-05 -9.962378724022541e-06 2.552393465902381e-07 -7.806337667262360e-07
7.934256484075295e-05 -7.329255344366605e-06 1.889753041739527e-07 -9.011582212170687e-07
7.442512556755400e-05 -1.259382968394759e-05 2.891173088253490e-07 -7.192807006524389e-07
7.442565991995412e-05 -7.331173737477081e-06 3.416836760282522e-07 -8.235002753400088e-07
7.171267514379338e-05 -9.962492334430268e-06 3.035436348042323e-07 -7.588003740443116e-07
6.951501785081688e-05 -1.258671503773710e-05 4.763793382985829e-07 -6.966285499725389e-07
6.951556825444850e-05 -7.338148141833196e-06 5.700310568975150e-07 -7.916972717148067e-07
6.706543921825960e-05 -9.962600350135914e-06 3.341329374636654e-07 -7.901060657556667e-07
6.462410935698851e-05 -1.257354991954044e-05 5.050121452060442e-07 -6.814606564850307e-07
6.462425919122160e-05 -7.351772188113119e-06 5.975749055100817e-07 -8.119284162567824e-07
6.218778922622053e-05 -9.962735828153262e-06 4.378957954380145e-07 -7.598116098618052e-07
5.976389338128285e-05 -1.255485599853003e-05 5.656739516543293e-07 -7.352969739454575e-07
5.976407905034912e-05 -7.371106434486688e-06 7.504974026455180e-07 -8.060045701664314e-07
5.734665842602155e-05 -9.963103207930335e-06 5.871398377211589e-07 -7.269096980249893e-07
5.494447669579392e-05 -1.253230415540588e-05 7.383805837501650e-07 -6.211579320611553e-07
5.494478278006102e-05 -7.394504589786099e-06 1.087164989027218e-06 -9.503353289706639e-07
5.254987551741332e-05 -9.963373907951223e-06 8.332111659783270e-07 -6.960842707621256e-07
5.017075502560057e-05 -1.250825708174995e-05 9.855914386123159e-07 -5.371697914678970e-07
5.017139853814263e-05 -7.418743404783987e-06 1.467207814086295e-06 -9.773602530858409e-07
4.779949857523770e-05 -9.963542003645168e-06 1.170652887503221e-06 -7.127015012322762e-07
4.544237908844490e-05 -1.248544183985982e-05 1.410508854609105e-06 -5.311963423718519e-07
4.544296204123550e-05 -7.441590934727771e-06 1.772078044155658e-06 -8.289521714806148e-07
4.309234938910856e-05 -9.963539672340676e-06 1.599368956401481e-06 -7.381437858677089e-07
4.075461453215441e-05 -1.246493304705941e-05 1.841471197352766e-06 -5.727614071427955e-07
4.075493540984500e-05 -7.461886432446872e-06 1.864602166141047e-06 -7.181370129293236e-07
3.842290996491021e-05 -9.963378237640087e-06 1.875447369506154e-06 -7.290429320003020e-07
3.610221355037967e-05 -1.244615483976512e-05 2.001264454327285e-06 -6.148746210952174e-07
3.610264356913127e-05 -7.480476972099328e-06 1.696591768394796e-06 -6.608125642218255e-07
3.378740518357488e-05 -9.963184191242085e-06 1.886270324185570e-06 -6.870904763817031e-07
3.148343803332718e-05 -1.242719359767150e-05 1.816511581289075e-06 -8.073428962547659e-07
3.148383996793999e-05 -7.498850175342178e-06 1.466531825357913e-06 -5.360627509542720e-07
2.927825217117251e-05 -9.962618579202528e-06 1.646190467167041e-06 -6.594924089017442e-07
2.708439096262371e-05 -1.240679501874595e-05 1.604415511365300e-06 -7.820327919673802e-07
2.708430881362945e-05 -7.518708581870625e-06 1.323013960533831e-06 -5.313667586667927e-07
2.544269248836059e-05 -1.015205457303595e-05 1.414938028782960e-06 -6.322159160008670e-07
2.377760088645787e-05 -1.238815334737751e-05 1.424262591182562e-06 -7.339060432213027e-07
2.377684174897659e-05 -7.536917129130139e-06 1.269460435876959e-06 -6.256249847063714e-07
2.138804510862961e-05 -1.237155703091495e-05 1.287849044982237e-06 -7.008465596175641e-07
2.185046180645313e-05 -1.078587080954558e-05 1.299105275754906e-06 -6.290621902559196e-07
2.138668283952530e-05 -7.548603052840315e-06 1.283866868603270e-06 -6.392349496742189e-07
1.965875494678337e-05 -7.561724691446852e-06 1.270421744109351e-06 -5.695282390654293e-07
-3.288922322372925e-06 2.772448829838134e-07 -2.857071213013012e-07 4.208450333834475e-07
-3.354577245495418e-06 4.348871271013537e-07 -2.796615509472872e-07 4.117947445040831e-07
-3.354321730752116e-06 1.023207236744592e-06 -2.800148481187242e-07 3.668216835606888e-07
-3.288948264246698e-06 1.179192927074637e-06 -2.876481042246525e-07 3.511862268178906e-07
1.965823509218985e-05 -1.235936538781616e-05 1.214141783648427e-06 -6.636858355683792e-07
1.809677867291182e-05 -1.225904343352113e-05 1.174939446735535e-06 -6.635853328364917e-07
1.930562932691844e-05 -9.362147242197978e-06 1.277778834899292e-06 -5.916224092722305e-07
1.809474146119978e-05 -7.439963892481137e-06 1.248751312439045e-06 -4.945334524735153e-07
-3.131903935328758e-06 2.122197389671054e-07 -2.991852435053090e-07 4.240104993292416e-07
-2.973164600651674e-06 8.575879508690876e-07 -3.221865541358643e-07 3.770512584458237e-07
-3.132882576157650e-06 1.244601152672931e-06 -3.056990680754397e-07 3.426052371312938e-07
1.759884649991719e-05 -1.078126688972226e-05 1.179625415376942e-06 -6.221880144343389e-07
1.656260282477236e-05 -1.197951383460950e-05 1.137355454456861e-06 -6.695753540557107e-07
1.507815155773858e-05 -1.153226801825841e-05 1.153536425184026e-06 -6.467950134598478e-07
1.712935231328689e-05 -8.746920037209272e-06 1.206904397259679e-06 -5.455498652408675e-07
1.658955270384607e-05 -7.056109890379006e-06 1.226260043307284e-06 -4.701558168556780e-07
-2.065953214073721e-06 1.974691616974919e-07 -4.074101182117097e-07 3.885454007955529e-07
-2.064322809139679e-06 1.265634060885308e-06 -4.173070260326832e-07 3.342527449015031e-07
-1.512478217947382e-06 7.330478015771741e-07 -4.060320915540962e-07 3.570775804788619e-07
1.366516857540709e-05 -1.091791325352449e-05 1.180815952048764e-06 -6.110165831840049e-07
1.488047610102595e-05 -9.993163808549117e-06 1.157739837869911e-06 -6.196657641494228e-07
1.539323029146291e-05 -8.055579797868245e-06 1.176595021070744e-06 -5.444161753244942e-07
1.518549469090366e-05 -6.425950929531785e-06 1.167452250399555e-06 -4.176518802656754e-07
-9.143661392142988e-07 1.027029495098001e-07 -3.721731513736231e-07 3.373240119951990e-07
-9.137192889272665e-07 1.365989949950863e-06 -3.681380384962634e-07 3.775757032677055e-07
-2.341649215726090e-07 7.356967954174534e-07 -3.360974808317726e-07 3.725734422204435e-07
1.233611981375016e-05 -1.015321968735934e-05 1.175333523490599e-06 -5.705784707246615e-07
1.111435088367636e-05 -9.250021012335511e-06 1.032642341728550e-06 -5.534938728630947e-07
1.359416834294176e-05 -7.749280922857049e-06 1.095865216408379e-06 -5.458487929692805e-07
1.392413690745276e-05 -5.568752871962958e-06 1.058553511586403e-06 -3.205365216010582e-07
5.445340277578853e-07 -1.059191259123420e-07 -2.243461308359408e-07 2.445237294181337e-07
5.454108760038240e-07 1.580104183863287e-06 -2.252652069417336e-07 4.945706495434438e-07
1.142303590562450e-05 -7.849354311259608e-06 1.009426530669971e-06 -5.278589354880539e-07
1.001416378003570e-05 -8.216856140361480e-06 9.385344217758912e-07 -5.524357236944746e-07
1.194077878128153e-05 -6.261304174915833e-06 9.830508908225184e-07 -4.083386971806927e-07
1.284127231603056e-05 -4.520683490370165e-06 9.978120792308623e-07 -2.239062050012313e-07
1.401750382881704e-06 7.381245014495748e-07 -1.017579573870695e-07 3.602182478570152e-07
2.418873730757315e-06 -4.090451559726748e-07 -1.450648885809518e-08 2.506258854276732e-07
2.418127868933417e-06 1.889894676847593e-06 -8.543240409370282e-09 4.653562861172112e-07
9.040536880072563e-06 -7.073659014664683e-06 8.577940860301392e-07 -5.707021894521680e-07
8.214896697943506e-06 -5.844199625492043e-06 6.832705582165083e-07 -4.061606340817782e-07
7.540349890905670e-06 -4.532270559790486e-06 5.660727154783588e-07 -2.207350032238795e-07
1.088112092380698e-05 -4.824618591494175e-06 9.384549847094449e-07 -2.645764990676138e-07
1.196655294892643e-05 -3.320546475472864e-06 9.898813468193053e-07 -1.250489360193446e-07
3.236545921571259e-06 7.371192932790875e-07 6.824727016549358e-08 3.934916349954674e-07
4.238362028495950e-06 -7.084730392349711e-07 2.097675394044864e-07 2.428296359714437e-07
4.238968227095874e-06 2.205122384478089e-06 1.629419261457655e-07 5.395615667115566e-07
8.920191166836024e-06 -4.535739712291679e-06 7.726620646186981e-07 -2.239511803348394e-07
7.019436735831184e-06 -3.158620180851298e-06 4.917871032435467e-07 -3.764004187140758e-08
5.901750195206336e-06 -9.634421774715409e-07 3.781162054491820e-07 1.882799532005630e-07
6.394435380634324e-06 -1.216025515151346e-06 4.378891389519649e-07 1.524846356552276e-07
6.666960642304081e-06 -1.726942064541600e-06 4.681380962728652e-07 9.852533862326974e-08
1.013677461480052e-05 -3.142724890099880e-06 8.959488585209162e-07 -1.049083894392168e-07
1.132028417380623e-05 -2.016257592386562e-06 1.011792046370991e-06 -3.774437311173384e-08
5.139954363160454e-06 5.272862878590114e-07 2.838674508883279e-07 3.596966659061780e-07
5.881430477577221e-06 2.430893415528254e-06 3.644937660424631e-07 6.055582945509368e-07
7.971907924827846e-06 -2.181282698660171e-06 6.148109861497261e-07 4.723705194274602e-08
6.414896300182314e-06 -1.985466985281933e-07 4.364784034875059e-07 2.635927243884040e-07
6.998147790052823e-06 -1.037174299276916e-06 5.085609637973118e-07 1.663332585579489e-07
9.591755629535299e-06 -1.610127593460805e-06 8.217685298585187e-07 4.769834102221291e-08
1.092895313486391e-05 -6.570095548834754e-07 1.038817118300330e-06 1.752686489286555e-07
6.425929562451102e-06 1.449178426787290e-06 4.363581889237559e-07 4.770523753151953e-07
6.339086190909277e-06 2.680393390242129e-06 4.143137042525015e-07 6.461117171815106e-07
8.250199206297836e-06 1.234388827722868e-07 6.679883097678802e-07 2.748909472598294e-07
1.080860790312674e-05 7.231884242009930e-07 1.072521507938688e-06 3.708076375819520e-07
1.100235585703191e-05 2.108394818015610e-06 1.098357338311084e-06 5.907923783387635e-07
7.389225917723860e-06 2.339660567866413e-06 5.687998786962767e-07 6.053199514495569e-07
6.599447290007703e-06 3.226384246581883e-06 4.303438566887669e-07 7.036355279118997e-07
6.907671358595651e-06 4.754741874812686e-06 4.206618902108793e-07 8.972290350826064e-07
9.594450303341573e-06 2.268947274876036e-06 8.903020350928259e-07 6.153057775146980e-07
7.395723018299107e-06 6.278239969672640e-06 4.502442434964551e-07 1.203913337834902e-06
1.149372864112974e-05 3.521583119135355e-06 1.162319690316404e-06 7.345555210083698e-07
8.267979649737419e-06 4.794577061652892e-06 6.630773917402175e-07 8.701953771285332e-07
1.031944240959716e-05 4.913225412506766e-06 9.815825732166675e-07 8.914856132136465e-07
8.090604031592914e-06 7.750845169964800e-06 5.832108611844904e-07 1.530818352616935e-06
1.227479114925614e-05 4.916484320706900e-06 1.373302243408027e-06 8.977479461449593e-07
1.166929091321943e-05 6.329848152622140e-06 1.272932265775592e-06 1.170751403698668e-06
1.019311471250425e-05 7.230885572308874e-06 9.905392746946895e-07 1.385127485841443e-06
8.968236726946337e-06 9.195364115114568e-06 8.021456508302532e-07 1.884572160131087e-06
1.006176699958933e-05 1.057154688099997e-05 1.062576290465080e-06 2.190520536655099e-06
1.335360780306154e-05 6.227454079596552e-06 1.721394622448986e-06 1.109599482176980e-06
1.260048839373394e-05 7.962183777503697e-06 1.535248510717264e-06 1.537429083062707e-06
1.170595460015584e-05 1.003393431882635e-05 1.399824887327328e-06 2.069917968114584e-06
1.132220535299324e-05 1.185805482042931e-05 1.347283534071950e-06 2.549398091374486e-06
1.469269423784581e-05 7.403951468838225e-06 2.208455365709539e-06 1.320456857028336e-06
1.429661173382711e-05 1.003163416176934e-05 2.088915058495296e-06 2.056964391843388e-06
1.277075181652127e-05 1.300052268574940e-05 1.679081962193216e-06 2.912954723530283e-06
1.439903953151256e-05 1.400151489916916e-05 2.144011866062602e-06 3.313404517770940e-06
1.616151709751131e-05 1.484459436692141e-05 2.662165217020350e-06 3.655032908749897e-06
1.629539902611142e-05 1.060706106272211e-05 2.789452191410582e-06 2.205500434954401e-06
1.627610050084092e-05 8.395820256032908e-06 2.786150303666290e-06 1.515738265770884e-06
1.589339784676924e-05 1.285093939517399e-05 2.581895628687711e-06 2.967045204039688e-06
1.806047257610784e-05 1.547093207970219e-05 3.305828968224065e-06 3.904033632275414e-06
2.006503147623777e-05 1.589206667843206e-05 4.078469773217850e-06 4.088779759512719e-06
1.792308159595426e-05 1.110431900206024e-05 3.383790160967376e-06 2.354454335718972e-06
1.808034804687112e-05 9.122135829709109e-06 3.460430710437574e-06 1.699991717115733e-06
2.212845474457426e-05 1.607741736477040e-05 4.841626873286406e-06 4.164295996724874e-06
1.980010987204898e-05 1.298454879913588e-05 4.007446286267404e-06 2.994618203644090e-06
2.004508384856651e-05 9.545107117288044e-06 4.112801402758662e-06 1.823680165278377e-06
2.257809327217205e-05 1.330753284248091e-05 5.027655761925866e-06 3.130872807377401e-06
2.447065188655141e-05 1.615736801568139e-05 5.698648156337135e-06 4.148894564343692e-06
2.210632337518400e-05 9.659753213217993e-06 4.826648842651855e-06 1.860802597028523e-06
2.776030497912567e-05 1.623785496741860e-05 6.946018782273797e-06 4.166552622662353e-06
2.513037505459579e-05 1.171321077764004e-05 5.886631789766592e-06 2.576696700049236e-06
2.446599913300200e-05 9.581828214484862e-06 5.638658111062264e-06 1.837851453031254e-06
3.244198050906527e-05 1.636137428261756e-05 8.651927663993090e-06 4.148557798209425e-06
3.009021529518320e-05 1.259884779084489e-05 7.752090183486311e-06 2.824667181486841e-06
2.776214309765035e-05 9.479894255241409e-06 6.827825117254597e-06 1.743856667026691e-06
3.884828717765808e-05 1.649382263971394e-05 1.082994390481193e-05 4.105755455870964e-06
3.560790880716146e-05 1.286683091548339e-05 9.660045671447580e-06 2.888983012725136e-06
3.244256004946180e-05 9.363510525094337e-06 8.522244318558044e-06 1.653136501387291e-06
4.573722959671501e-05 1.660440292887420e-05 1.321643892363918e-05 3.969435080751238e-06
4.225912549863772e-05 1.286772697348860e-05 1.200169424368884e-05 2.829907956530332e-06
3.884809025256617e-05 9.239322684000340e-06 1.078230081813259e-05 1.557089638394892e-06
5.280839191787536e-05 1.669597467608299e-05 1.551141378371046e-05 3.876545352194620e-06
4.924453777537250e-05 1.286956596626499e-05 1.439680286092698e-05 2.773644899397508e-06
4.573663179914796e-05 9.132787627895576e-06 1.323645873314917e-05 1.558565917290111e-06
6.002947211192637e-05 1.677040333526493e-05 1.758446065854154e-05 3.757952033435541e-06
5.639595905653137e-05 1.287171970375743e-05 1.660529105192865e-05 2.709195688603685e-06
5.280761482163195e-05 9.045382882220802e-06 1.557254380036056e-05 1.544454899984101e-06
6.736939174108328e-05 1.682858243822964e-05 1.939447197847832e-05 3.643272264587572e-06
6.368158722355829e-05 1.287393315776567e-05 1.851342589049777e-05 2.700992336191191e-06
6.002864471659507e-05 8.975282003028510e-06 1.762408461519416e-05 1.645728540387180e-06
7.479869523664172e-05 1.687185860998947e-05 2.118482189381352e-05 3.679615935183390e-06
7.107091038527356e-05 1.287610941270941e-05 2.026996507927857e-05 2.669671397413956e-06
6.736856617036167e-05 8.921487342815623e-06 1.943978586243558e-05 1.746552371529693e-06
8.229134922703689e-05 1.690260040984810e-05 2.308949399371772e-05 3.785406990980627e-06
7.853582430090937e-05 1.287818434114572e-05 2.207944185159858e-05 2.658670490744154e-06
7.479785539144449e-05 8.882460707296200e-06 2.119091020180375e-05 1.694229413568357e-06
8.982678979110336e-05 1.692336222785852e-05 2.525413307554531e-05 3.797905634326065e-06
8.605290390344620e-05 1.288005922717829e-05 2.415227232847032e-05 2.635542106758233e-06
8.229055004561096e-05 8.855663864379971e-06 2.311075471770277e-05 1.536863301796941e-06
9.738985578454577e-05 1.693634859751441e-05 2.761160754827132e-05 3.878198816951598e-06
9.360455752580121e-05 1.288147269341802e-05 2.642677727209263e-05 2.645230018413880e-06
8.982626015530605e-05 8.838192656031044e-06 2.530130345573614e-05 1.484353299037720e-06
1.136275144456854e-04 1.649813084179340e-05 3.210648088166281e-05 3.626917236550680e-06
1.125507015106319e-04 1.694413493539543e-05 3.182131104463705e-05 3.750201180227263e-06
1.007826524380981e-04 1.288253336031520e-05 2.863487217331419e-05 2.669431243053093e-06
1.049678892275151e-04 1.694276474507904e-05 2.979919905807835e-05 3.862632060576755e-06
9.738934628380366e-05 8.827759848660180e-06 2.763770010549840e-05 1.417353719764644e-06
1.140735467740123e-04 1.542135647189686e-05 3.222502143162597e-05 3.335203990543899e-06
1.115251956988892e-04 1.288317787879983e-05 3.158071892346338e-05 2.677572343064248e-06
1.049676881033068e-04 8.822970966594166e-06 2.981252524997802e-05 1.505786827997673e-06
1.140734761912667e-04 1.034504851827342e-05 3.224529632456719e-05 2.005530554672855e-06
1.125505816876192e-04 8.822212255599959e-06 3.184281920269930e-05 1.588928741265311e-06
1.136274274181896e-04 9.268237027735567e-06 3.212820459199914e-05 1.712634282256108e-06
