-1.405526774881353e-04 1.968463243071591e-05 7.111959567718914e-06 -1.222098771254761e-06
-1.411140511658424e-04 1.832937334371819e-05 7.225226011832064e-06 -9.612728559840654e-07
-1.411139332458127e-04 1.194031004583703e-05 7.351119186290258e-06 1.881916328098686e-07
-1.405525394294519e-04 1.058500337109838e-05 7.259736131933678e-06 4.176880586750065e-07
-1.391974001207278e-04 2.024599465484749e-05 6.846582284830179e-06 -1.331016555258723e-06
-1.366551431207952e-04 1.513478892823148e-05 6.478652329583622e-06 -4.204614737551166e-07
-1.391972227166760e-04 1.002361567407901e-05 7.032400905808535e-06 5.117963873810823e-07
-1.296542084473186e-04 2.024534759813092e-05 5.074762985261777e-06 -1.360919576224835e-06
-1.296538835482389e-04 1.002369992326119e-05 5.337981225697309e-06 4.708783159541993e-07
-1.243852714559924e-04 1.513426944398891e-05 4.284150942982206e-06 -3.692342533185075e-07
-1.201116907117740e-04 2.024133404543781e-05 3.426277367389861e-06 -1.258099552253431e-06
-1.201111833557564e-04 1.002663897706945e-05 3.697780853472773e-06 4.360291078941795e-07
-1.153422834793490e-04 1.513367792990827e-05 2.721691514335212e-06 -4.344882535255643e-07
-1.105796126064986e-04 2.022953848322543e-05 2.106880354826131e-06 -1.174140152773315e-06
-1.105790411517529e-04 1.003719337447490e-05 2.044211221710109e-06 2.498915642228502e-07
-1.058208263902781e-04 1.513305427488345e-05 1.289251291164861e-06 -4.181501035021974e-07
-1.010770355824502e-04 2.020559063298908e-05 9.457591043728261e-07 -1.062868797618907e-06
-1.010765165672336e-04 1.006005894158722e-05 8.644128920606062e-07 1.041192410235693e-07
-9.634147182562582e-05 1.513246647114754e-05 1.195109908169590e-07 -4.547189160358693e-07
-9.163073965791928e-05 2.016607882468890e-05 1.909219587447480e-08 -8.877773483610565e-07
-9.163054642516820e-05 1.009858948242008e-05 9.854451408286162e-08 -2.046436998726287e-07
-8.693389359089838e-05 1.513209509930256e-05 -5.388625629164645e-07 -5.005333985703397e-07
-8.227259224494826e-05 2.010902837955697e-05 -6.062241974416867e-07 -6.546318089773948e-07
-8.227247677520177e-05 1.015485930471573e-05 -1.268628876346508e-07 -4.253631230769252e-07
-7.763107368494403e-05 1.513185171875402e-05 -6.357040992166998e-07 -5.248381698119029e-07
-7.303686469292877e-05 2.003301837951962e-05 -7.570429956558875e-07 -4.453149126808198e-07
-7.303657498068674e-05 1.023040202661514e-05 -1.689156921882439e-07 -5.199562089059594e-07
-6.846828864269455e-05 1.513172278460073e-05 -3.377804350971815e-07 -5.611713508247619e-07
-6.396105600318964e-05 1.993535144586711e-05 -3.944183066454823e-07 -2.861311530009578e-07
-6.396055141462543e-05 1.032807218787530e-05 8.600096963408430e-08 -7.022999490471959e-07
-5.948609224327846e-05 1.513176064894954e-05 1.293088974223760e-07 -5.718056980326565e-07
-5.508853092674193e-05 1.981276843322911e-05 1.469242459118157e-07 -2.666236291880480e-07
-5.508795450417495e-05 1.045082210155856e-05 3.733320406021026e-07 -7.886245091462044e-07
-5.073094029707672e-05 1.513173527794187e-05 5.725899212597551e-07 -5.751797603051462e-07
-4.646764825944293e-05 1.966171208968965e-05 7.215784485719061e-07 -2.930697539297709e-07
-4.646657656624084e-05 1.060240916101956e-05 7.896672614659246e-07 -7.671817579362210e-07
-4.242121199346213e-05 1.513037163645259e-05 9.647958892657150e-07 -5.402294453413179e-07
-3.848187538361479e-05 1.948361117277208e-05 1.091013482100000e-06 -3.738726486648829e-07
-3.847994877100827e-05 1.078668147442514e-05 1.096552087267380e-06 -6.694838579411976e-07
-3.555695755297339e-05 1.546019373835838e-05 1.218661245896309e-06 -5.301770717244497e-07
-3.267757868317084e-05 1.931504142126649e-05 1.248178494470939e-06 -5.132411509924576e-07
-3.267235538139370e-05 1.095972129961838e-05 1.254111905574744e-06 -6.000891915775079e-07
-2.861509059563883e-05 1.916652143145466e-05 1.262129482451877e-06 -6.079397260354629e-07
-2.936206381290348e-05 1.652456445435827e-05 1.290696473775665e-06 -5.587370939930188e-07
-2.860712796367105e-05 1.107095124552399e-05 1.238209036625934e-06 -5.404933935065393e-07
-2.574415901179627e-05 1.119011867628093e-05 1.211543213329209e-06 -4.917643023136529e-07
3.658033967119039e-06 1.445359998868377e-06 -2.949130727616037e-07 -1.671542659634339e-07
3.730588924949444e-06 1.270481548494932e-06 -3.086895524756008e-07 -1.330649598226684e-07
3.730063131612033e-06 6.205448233415546e-07 -3.129539505329731e-07 -8.581525894263077e-09
3.657936890275706e-06 4.487487217728165e-07 -3.006580506079399e-07 2.320066283661278e-08
-2.573320386820469e-05 1.906153966693314e-05 1.213365890614471e-06 -6.723735824622243e-07
-2.321128184717698e-05 1.882216479410708e-05 1.092178657630334e-06 -7.172427889949148e-07
-2.512490130780949e-05 1.414838434749043e-05 1.224559409879488e-06 -5.322532311117093e-07
-2.317601043484843e-05 1.109490111425831e-05 1.134780771788371e-06 -4.265514229237580e-07
3.484038966549665e-06 1.517909010721848e-06 -2.616886797422337e-07 -1.815175588984337e-07
3.309354040129859e-06 8.053012086383613e-07 -2.322029159379900e-07 -4.731706474356788e-08
3.485953003896528e-06 3.773648792739805e-07 -2.689984748765394e-07 3.480062629220038e-08
-2.238347950758622e-05 1.641640424495656e-05 1.076277042898818e-06 -6.293019859750201e-07
-2.077843575270360e-05 1.828039155453213e-05 9.791365296192771e-07 -7.344981083741566e-07
-1.849070840654646e-05 1.751060704600262e-05 8.788034675701891e-07 -7.138174016448770e-07
-2.162679841710681e-05 1.319273204976623e-05 1.067163865428466e-06 -4.836445410268423e-07
-2.078720974795892e-05 1.060801778835985e-05 1.029972831082899e-06 -3.606558434417283e-07
2.306570322203949e-06 1.539679842336175e-06 -4.832798332374580e-08 -1.816658778263870e-07
2.306339246389850e-06 3.587473294867029e-07 -5.804653027692016e-08 9.208144798851702e-09
1.695523112078516e-06 9.501622990326236e-07 3.386795210802751e-08 -9.209022363288110e-08
-1.638111815700181e-05 1.647843331654646e-05 7.681905970074405e-07 -6.830165019003055e-07
-1.816305348394167e-05 1.510284870343788e-05 8.736985308324546e-07 -6.007955943947882e-07
-1.894242940895322e-05 1.215537519262726e-05 9.302603308893813e-07 -4.362453361116798e-07
-1.861515314206075e-05 9.769645065682398e-06 9.008068898611288e-07 -3.018520001664935e-07
1.032653077411400e-06 1.651507057374990e-06 7.718711946710655e-08 -1.178221689261472e-07
1.033355477312442e-06 2.509895930276079e-07 9.021400174804864e-08 -7.112942072131145e-08
2.787348608480153e-07 9.522548223670634e-07 7.739461634532347e-08 -8.648112808814873e-08
-1.444071141777702e-05 1.526511392196097e-05 6.515391343426206e-07 -6.389002429069534e-07
-1.272834045946010e-05 1.389155106187017e-05 5.363956645613969e-07 -5.760994559871580e-07
-1.625285395360277e-05 1.171322395520096e-05 7.420827015587615e-07 -4.344535557347186e-07
-1.671164361797055e-05 8.606242995780959e-06 7.272156258308364e-07 -2.480589041591564e-07
-5.871156139115408e-07 1.890514993609373e-06 1.125041516694573e-07 -1.344639277074159e-07
-5.867325664538812e-07 1.563370341376451e-08 1.015853639320476e-07 -5.492314672310282e-08
-1.316562953636765e-05 1.184185838671228e-05 5.537628214962176e-07 -4.649682827309082e-07
-1.124707200673666e-05 1.235143109333182e-05 4.470150793886664e-07 -4.970963438239292e-07
-1.388019492183015e-05 9.603985625849440e-06 5.628025931734625e-07 -3.285715653182396e-07
-1.511526971398721e-05 7.219587783043163e-06 6.020502506902568e-07 -2.159606414160689e-07
-1.539963314526997e-06 9.540145154145868e-07 1.358661926524393e-07 -9.356072723406962e-08
-2.673374028999330e-06 2.233898506657199e-06 1.111508806368499e-07 -7.380396709148226e-08
-2.670955515630178e-06 -3.275767821092367e-07 1.282423613497615e-07 -7.193588417720877e-08
-9.962610049398308e-06 1.070881843364896e-05 3.655605403319529e-07 -3.966752220554035e-07
-8.945361397218807e-06 9.032364208194893e-06 2.768089960248662e-07 -3.096421094033144e-07
-8.173053478287927e-06 7.280478425799476e-06 2.227522608863007e-07 -2.212997388909087e-07
-1.243748089020225e-05 7.644365742921248e-06 4.502470393882795e-07 -2.349882275315861e-07
-1.384912099073237e-05 5.686608326132428e-06 4.882589349291354e-07 -1.146915430533699e-07
-3.583370945200484e-06 9.592473928001317e-07 1.171201001485207e-07 -5.104382430710447e-08
-4.700365643846161e-06 2.571345512411649e-06 1.412987051576691e-07 -6.689392173672089e-08
-4.701193547647947e-06 -6.792861270478807e-07 1.694525795938373e-07 -1.312278118393312e-08
-9.887451126600328e-06 7.266281101263508e-06 3.142493806588918e-07 -2.186759442814712e-07
-7.602497177177424e-06 5.517618220565884e-06 1.967984365153574e-07 -1.179776094038767e-07
-6.521667231150197e-06 2.856342779442411e-06 1.954316818394337e-07 -4.931158019428532e-08
-7.038480751516268e-06 3.147705927987576e-06 2.165578600609601e-07 -5.497625195776208e-08
-7.297609741069933e-06 3.751444184502850e-06 2.213585310087660e-07 -6.281706571412879e-08
-1.144373790015500e-05 5.466595046280360e-06 3.836928427762633e-07 -1.103936748118300e-07
-1.290282747320524e-05 4.082089029366259e-06 4.242034176462351e-07 -7.976122559863816e-08
-5.703100049570193e-06 1.198087452276266e-06 1.845139539895608e-07 -2.551582242368526e-08
-6.570871784500970e-06 -9.367694917339121e-07 1.973754225668892e-07 1.322144061163433e-08
-8.794874161835589e-06 4.281096447750099e-06 2.507881051132811e-07 -6.440922575281877e-08
-7.095293396174602e-06 1.995335370614961e-06 2.151200807774874e-07 -2.833758708240708e-08
-7.709858560952183e-06 2.941216766498036e-06 2.349806785164975e-07 -4.932575964584182e-08
-1.075241366257606e-05 3.588940922869686e-06 3.307608545729584e-07 -5.958143997093672e-08
-1.229828493059687e-05 2.482133305692555e-06 3.651314354572384e-07 -4.765984405288176e-08
-7.168368076079102e-06 1.506860261027236e-07 2.090530391939067e-07 -4.096930686095218e-09
-7.119855474102277e-06 -1.211968039164087e-06 1.989772649668217e-07 2.178170214486913e-08
-9.170880204568991e-06 1.577919164528959e-06 2.539705973895694e-07 -2.908559617355200e-08
-1.207002973582054e-05 9.102758142087751e-07 3.193975681384934e-07 -1.971380389213620e-08
-1.214990711469980e-05 -6.036200002281173e-07 2.685446981756429e-07 2.431985810647177e-08
-8.278705081457478e-06 -8.554752783331798e-07 2.337897118696347e-07 1.785005197162676e-08
-7.446600739093264e-06 -1.788901988773212e-06 2.017696386740013e-07 3.066267403400511e-08
-7.858944600034778e-06 -3.355181763011853e-06 2.167267198447702e-07 4.946932011899103e-08
-1.065345857035190e-05 -8.145966992988363e-07 2.533202814630831e-07 4.009514836463124e-08
-8.450169339774388e-06 -4.835036188646255e-06 2.481504487448172e-07 5.314393104277622e-08
-1.254787768347739e-05 -2.119853529912416e-06 2.242763384774417e-07 4.034431060674045e-08
-9.285136855895116e-06 -3.421685958565850e-06 2.642137577467067e-07 4.504569011358512e-08
-1.134710120646909e-05 -3.538610765581664e-06 2.111028822226681e-07 3.566681960272121e-08
-9.197118021463462e-06 -6.231427017804962e-06 2.534074400281350e-07 4.394005505608234e-08
-1.321197366121301e-05 -3.541057814180412e-06 1.908098199463921e-07 3.338454456437965e-08
-1.260807841418410e-05 -4.912255013992485e-06 1.683388650289376e-07 2.652027136803295e-08
-1.123075955418315e-05 -5.757207864487704e-06 1.835093002558026e-07 3.067120265442454e-08
-1.009541610280533e-05 -7.529283491258598e-06 2.299945914351292e-07 3.517864132542305e-08
-1.113351096229680e-05 -8.715531044307270e-06 2.041832124976574e-07 2.190643689004439e-08
-1.411568149215668e-05 -4.834467270198972e-06 1.577510658214852e-07 1.022468281080131e-08
-1.343264977780395e-05 -6.417430722517340e-06 1.334659163268529e-07 2.166531209318079e-08
-1.263637657669738e-05 -8.238524826824831e-06 1.476096731135310e-07 4.024789646678393e-08
-1.229903486973813e-05 -9.774609546545567e-06 1.709369660919854e-07 2.331039123144916e-08
-1.522769302635383e-05 -5.951194033338328e-06 1.755508919295060e-07 -5.202976177378019e-09
-1.488058916090851e-05 -8.220912826401831e-06 1.469517491734196e-07 4.472662274334635e-08
-1.357590535073023e-05 -1.069422180610760e-05 1.458859101064521e-07 4.332187568556011e-08
-1.494673165770197e-05 -1.146164060248030e-05 1.367112045293118e-07 9.787835424161973e-08
-1.639425373696569e-05 -1.206655624477666e-05 1.331640993296967e-07 1.556043151785244e-07
-1.652118444287726e-05 -8.700479822246439e-06 1.778613144281149e-07 4.088638450142017e-08
-1.651395766016794e-05 -6.856635551998489e-06 1.980603629276172e-07 -7.887149559076311e-09
-1.619898577917840e-05 -1.051260430479548e-05 1.323721527310091e-07 9.952040042253799e-08
-1.789894328816994e-05 -1.250353595045870e-05 1.589871179398200e-07 2.018928586552054e-07
-1.944093624414713e-05 -1.276588932496069e-05 2.273690517017482e-07 2.329427791419821e-07
-1.781602368574300e-05 -9.110586140052485e-06 2.022905800387198e-07 4.268907777396207e-08
-1.793423520222501e-05 -7.524612051476690e-06 2.249290518004699e-07 -7.103108166636256e-09
-2.100141336577293e-05 -1.285175413172106e-05 3.177204026939087e-07 2.382523026588541e-07
-1.927152562137427e-05 -1.056979395789778e-05 2.264459012126591e-07 1.179547397750468e-07
-1.944553252403506e-05 -7.935452599746572e-06 2.333507849580033e-07 -1.999603719558857e-08
-2.134705638786495e-05 -1.080111418628618e-05 3.635191702183507e-07 1.231209471126042e-07
-2.271443587475817e-05 -1.284826852158599e-05 4.591572059371429e-07 2.087524833888138e-07
-2.100208278155189e-05 -8.075791363376921e-06 3.162318523125393e-07 -2.453167020959187e-08
-2.506677956680028e-05 -1.284516811364128e-05 6.881791981711020e-07 2.139795965183167e-07
-2.321214680540998e-05 -9.638312796288215e-06 4.959155200817144e-07 6.528107528003688e-08
-2.271400990110257e-05 -8.080620251967690e-06 4.512404989607310e-07 -3.404159609326312e-08
-2.829123629289601e-05 -1.284135594539825e-05 8.929023662523050e-07 1.796603956177471e-07
-2.669690936321832e-05 -1.028024272974647e-05 7.850732022960993e-07 8.114335707884336e-08
-2.506596930458765e-05 -8.086667641946895e-06 6.326934530577217e-07 -5.137168348811960e-08
-3.253986059572795e-05 -1.283957861790377e-05 1.002530410815814e-06 9.691003200030019e-08
-3.041593734290926e-05 -1.046757030214497e-05 9.894033587877624e-07 6.705798944869081e-08
-2.829037672103763e-05 -8.092556827118868e-06 8.726897705578961e-07 -7.170290697280808e-08
-3.696514427166742e-05 -1.284026919112388e-05 9.069745939677806e-07 -1.345261393021737e-08
-3.475226702358686e-05 -1.046911366282147e-05 9.936925701470380e-07 3.205908601359091e-08
-3.253917587342261e-05 -8.097118430149745e-06 1.050118206368619e-06 1.173255817620921e-08
-4.139034855949232e-05 -1.284144947733022e-05 8.234628550239518e-07 3.753096626494068e-08
-3.917741611584725e-05 -1.047063940520390e-05 8.606036640990925e-07 3.458538231376885e-08
-3.696451243709905e-05 -8.099445026561004e-06 9.243845348743727e-07 1.055433471197176e-07
-4.581483706086796e-05 -1.284190761233878e-05 7.498978722122364e-07 1.189081258185842e-07
-4.360267693150737e-05 -1.047210748392087e-05 7.909176694952280e-07 8.699923237794363e-08
-4.138990719967013e-05 -8.101175641038620e-06 8.271379082324796e-07 8.662565291463686e-08
-5.023670897822713e-05 -1.284139088830059e-05 7.944085585210871e-07 1.435048967221578e-07
-4.802627043856160e-05 -1.047352930205434e-05 8.078635319989720e-07 1.110313456863478e-07
-4.581462369563004e-05 -8.103684153903647e-06 8.079832747062690e-07 1.990532256606338e-08
-5.465435821703351e-05 -1.283979160644179e-05 8.639245474434993e-07 1.578917062756816e-07
-5.244629585610283e-05 -1.047468195054266e-05 9.023553592287208e-07 1.556052459986284e-07
-5.023662086358190e-05 -8.106900711101869e-06 9.219960362011384e-07 7.126035599387136e-08
-5.906656182746267e-05 -1.283695438529589e-05 8.972946815354565e-07 1.890236811963953e-07
-5.686134408980837e-05 -1.047537326928395e-05 9.197633602069366e-07 1.543590485385966e-07
-5.465424272470380e-05 -8.110513438715830e-06 9.681921214199115e-07 1.275211136668735e-07
-6.347198767992651e-05 -1.283324600562459e-05 9.366805869800643e-07 1.957692899132396e-07
-6.127033036440269e-05 -1.047575087285480e-05 9.304598800503596e-07 1.677661421196967e-07
-5.906624788177526e-05 -8.114255703440578e-06 9.422447925997199e-07 1.376817817675320e-07
-6.786900645965128e-05 -1.282891660416121e-05 9.822848362348784e-07 2.710546106426320e-07
-6.567188122197616e-05 -1.047597593364384e-05 9.470917160010276e-07 2.115289047804273e-07
-6.347166440516618e-05 -8.118430064177756e-06 9.019907449647771e-07 1.866796047286919e-07
-7.726407937302619e-05 -1.256659780114466e-05 1.583202859867086e-06 3.603965186093174e-07
-7.664137383465293e-05 -1.282455401699937e-05 1.540245780228504e-06 3.768213067220092e-07
-6.983599844774970e-05 -1.047606703426719e-05 1.065816388996933e-06 2.262195348253253e-07
-7.225762761136340e-05 -1.282549804709047e-05 1.179944505858019e-06 4.193887237998760e-07
-6.786902057864741e-05 -8.122987943990972e-06 1.055967813497090e-06 1.598562823783607e-07
-7.752201292481430e-05 -1.194385968246235e-05 1.603165997617677e-06 3.242745450969870e-07
-7.604882696186623e-05 -1.047618584546688e-05 1.536956264662314e-06 2.679271650782364e-07
-7.225770950893100e-05 -8.126827156035251e-06 1.218346145469206e-06 1.016246362957715e-07
-7.752214526354332e-05 -9.008437915271937e-06 1.668417783145402e-06 1.770812721747546e-07
-7.664151263712210e-05 -8.127725572122589e-06 1.606657829598668e-06 1.135418630842234e-07
-7.726421931493372e-05 -8.385686308267367e-06 1.650832102105734e-06 1.320341497828815e-07
