-1.336104700305846e-04 1.805280469088985e-05 1.981315284805201e-05 -1.979481859988094e-06
-1.341458134779784e-04 1.676050719766500e-05 1.989315712862354e-05 -1.785040984911269e-06
-1.341456713604491e-04 1.066813908850027e-05 1.994709060240937e-05 -8.205748115927414e-07
-1.336103070457827e-04 9.375806638201186e-06 1.987524205850521e-05 -6.314202786039641e-07
-1.323180640111452e-04 1.858806600562475e-05 1.962067683906040e-05 -2.060596063923902e-06
-1.298936049712967e-04 1.371426321414605e-05 1.926385420201919e-05 -1.309228026591389e-06
-1.323178659517728e-04 8.840525472164735e-06 1.969401319950645e-05 -5.523740027551296e-07
-1.232178576560978e-04 1.858607893522954e-05 1.820000345107633e-05 -2.075773016976528e-06
-1.232174801858849e-04 8.841916759222686e-06 1.831519691999635e-05 -5.612176689545417e-07
-1.181954233287907e-04 1.371374709995062e-05 1.754041739196327e-05 -1.307960450156749e-06
-1.141243036970809e-04 1.857834977710981e-05 1.656222080199892e-05 -2.167206326513976e-06
-1.141236142192030e-04 8.848410739433333e-06 1.681046813071518e-05 -4.752813360042948e-07
-1.095819542007984e-04 1.371292418835735e-05 1.606992062199277e-05 -1.304993365373128e-06
-1.050485738864347e-04 1.856323571883993e-05 1.481559036694770e-05 -2.267646974277557e-06
-1.050479407798927e-04 8.861853912234971e-06 1.523048134264588e-05 -4.070069085024745e-07
-1.005198973673588e-04 1.371199223514601e-05 1.428231015550923e-05 -1.312440802217003e-06
-9.600636916930385e-05 1.853761412412739e-05 1.298153403551480e-05 -2.258571898868540e-06
-9.600585622944067e-05 8.885546381230453e-06 1.355797606770832e-05 -3.549520937830103e-07
-9.150171264442422e-05 1.371086750964256e-05 1.244050812186138e-05 -1.328526823557911e-06
-8.702122256996698e-05 1.849696313703615e-05 1.117736728136189e-05 -2.205678733108154e-06
-8.702122315746761e-05 8.923935512002370e-06 1.177936175235612e-05 -3.732878523737395e-07
-8.255543303226148e-05 1.370978373794253e-05 1.067654101927750e-05 -1.318559798547124e-06
-7.812521293423272e-05 1.843779658509199e-05 9.529615283361392e-06 -2.133650358776507e-06
-7.812545154948361e-05 8.980764748485203e-06 1.000905201138802e-05 -3.933629230738407e-07
-7.371617299865258e-05 1.370884459419082e-05 8.994405962656673e-06 -1.318892781507448e-06
-6.935563618106515e-05 1.835843777510859e-05 8.136553104453922e-06 -2.055117191549918e-06
-6.935551764603301e-05 9.058011983899286e-06 8.326457346200060e-06 -4.332530347397151e-07
-6.502258825695981e-05 1.370781106970159e-05 7.403790198444405e-06 -1.322360721988039e-06
-6.075159055560012e-05 1.825780796962629e-05 6.895539898893123e-06 -2.023441824781777e-06
-6.075109611423417e-05 9.156621704049887e-06 6.761855232272093e-06 -5.124199929520804e-07
-5.651427665216446e-05 1.370671917560742e-05 5.913362446031498e-06 -1.288255626862239e-06
-5.235324911503311e-05 1.813479090013887e-05 5.555573968004361e-06 -1.975988168932001e-06
-5.235251953286062e-05 9.277363825134798e-06 5.377118659816282e-06 -6.020397406072489e-07
-4.823213449232846e-05 1.370544927487382e-05 4.630629309921341e-06 -1.335108388806900e-06
-4.420175316238121e-05 1.798783617150133e-05 4.229680407905291e-06 -1.846351958320274e-06
-4.420057835548384e-05 9.422485763649061e-06 4.233846170247825e-06 -7.442590991850284e-07
-4.037687667727994e-05 1.370313428280009e-05 3.634205964861708e-06 -1.327257987095152e-06
-3.665342455921389e-05 1.781823242298945e-05 3.287120116053654e-06 -1.588537329428131e-06
-3.665149890860482e-05 9.596007980779409e-06 3.378900424159304e-06 -9.194398207419929e-07
-3.388865455375205e-05 1.401444612666295e-05 3.089113692073751e-06 -1.351029087341415e-06
-3.116627397865742e-05 1.765975700666281e-05 2.951737845143476e-06 -1.495103129030921e-06
-3.116125467652506e-05 9.757876692139103e-06 2.999975387002501e-06 -9.913575554045218e-07
-2.732417432750297e-05 1.752121142982673e-05 2.784657375122996e-06 -1.512482945396808e-06
-2.803137776798022e-05 1.502109650120079e-05 2.818504845052058e-06 -1.408606697082408e-06
-2.731687482278480e-05 9.861319305459822e-06 2.787055699173772e-06 -1.015740002081298e-06
-2.460797877943723e-05 9.971830120161616e-06 2.631023303891174e-06 -1.016993006432690e-06
3.513178274018695e-06 6.251988144266738e-07 -1.646243585998464e-07 2.569698889974403e-07
3.582844105080205e-06 4.575515998892559e-07 -1.638231428426655e-07 2.550936166618780e-07
3.582458771667518e-06 -1.665167314189382e-07 -1.540435389545245e-07 2.452908146833345e-07
3.513170713068080e-06 -3.316805722643167e-07 -1.546338199111549e-07 2.384418105862197e-07
-2.459760173288741e-05 1.742380221423118e-05 2.670250783003429e-06 -1.525417856363236e-06
-2.220968431560994e-05 1.719925322579832e-05 2.514701097767608e-06 -1.556615577948833e-06
-2.402285053734082e-05 1.277249728640512e-05 2.601781110528370e-06 -1.205386425671985e-06
-2.217745843843565e-05 9.878678338486614e-06 2.506098503801363e-06 -9.977847811506496e-07
3.346317417157239e-06 6.945730132384050e-07 -1.661116900127333e-07 2.583249553206138e-07
3.178422249170854e-06 1.012659845552670e-08 -1.640252195909214e-07 2.529130644842068e-07
3.347874879708335e-06 -4.005767720384625e-07 -1.590230635988680e-07 2.352354610449583e-07
-2.142657920004020e-05 1.492139160355723e-05 2.465257597265583e-06 -1.407549362812964e-06
-1.990432270720680e-05 1.668914989243502e-05 2.332216775882423e-06 -1.576005426887590e-06
-1.773428608751871e-05 1.596201059384125e-05 2.088995832255558e-06 -1.530172061150530e-06
-2.071024509230050e-05 1.186610109598316e-05 2.397361675241993e-06 -1.155015559510023e-06
-1.991434661777659e-05 9.413001793746551e-06 2.313027385209228e-06 -8.918366550286223e-07
2.215986571138380e-06 7.137451625378686e-07 -1.824104655845460e-07 2.824615363491272e-07
2.215267224121206e-06 -4.202171260913187e-07 -1.968822452114860e-07 2.438184865517776e-07
1.629077192153092e-06 1.469744308651942e-07 -2.138124330824297e-07 2.547620831180892e-07
-1.573029088854657e-05 1.498625205752576e-05 1.855659021492291e-06 -1.449197182285632e-06
-1.742449811951727e-05 1.367909434337056e-05 2.045900628612964e-06 -1.330428541356816e-06
-1.816441552798979e-05 1.088096372434927e-05 2.136739410370503e-06 -1.028594407635384e-06
-1.785445633353092e-05 8.612219665429567e-06 2.125042175075810e-06 -7.709035550554104e-07
9.925672499725826e-07 8.203437261356814e-07 -2.069482503640209e-07 1.985066998958812e-07
9.930079393298462e-07 -5.253237202866425e-07 -2.099611705571513e-07 2.562876048531364e-07
2.682568126013461e-07 1.480621792465959e-07 -1.707653783106800e-07 2.118679770185778e-07
-1.388513504320315e-05 1.383668524137242e-05 1.635392709360384e-06 -1.341577138153716e-06
-1.225317822362559e-05 1.253273051318691e-05 1.420793665887058e-06 -1.201357831935492e-06
-1.560976439627331e-05 1.046036063818184e-05 1.820885741236252e-06 -9.830011537087411e-07
-1.604726482713081e-05 7.501611261850037e-06 1.898906884973741e-06 -6.383673653965001e-07
-5.639630539111537e-07 1.050503631868271e-06 -8.714214171048926e-08 8.861312925347548e-08
-5.636728699721155e-07 -7.531873823563486e-07 -8.051151654117612e-08 3.155249443030606e-07
-1.266973984690592e-05 1.058342530056177e-05 1.462321221858367e-06 -9.850388880929794e-07
-1.083860593665615e-05 1.106931305175045e-05 1.226918875543862e-06 -1.041099629238325e-06
-1.335134894671061e-05 8.451203386629366e-06 1.543705798695296e-06 -7.509495650010063e-07
-1.452981784750746e-05 6.176010873281578e-06 1.698043277395807e-06 -4.571869698290468e-07
-1.480789344164512e-06 1.495140096340166e-07 2.127064936962530e-08 2.034402865551861e-07
-2.572254302857146e-06 1.382714726782849e-06 1.335171423072640e-07 7.090250648782952e-08
-2.569918826188644e-06 -1.085187624786583e-06 1.319074786934453e-07 3.636590069263976e-07
-9.610666116975348e-06 9.505764140557680e-06 1.058876635460003e-06 -8.733040226729013e-07
-8.634362918671151e-06 7.905664028368742e-06 9.331962282927410e-07 -6.939198501472030e-07
-7.889774144630594e-06 6.231666429792671e-06 8.310599776567487e-07 -4.963794937804537e-07
-1.197438544892972e-05 6.580852731831483e-06 1.368635144624938e-06 -5.200617498878773e-07
-1.332511702064608e-05 4.707532205432166e-06 1.541364500842321e-06 -2.744720327452462e-07
-3.448885793509070e-06 1.546002458283136e-07 2.331070543314441e-07 2.185870398067187e-07
-4.525889676378315e-06 1.709422040716431e-06 3.614101600748910e-07 3.628814300592008e-08
-4.526513591389336e-06 -1.425377169867944e-06 4.011951293721958e-07 4.202915746253361e-07
-9.534524007987584e-06 6.219112778790208e-06 1.040993585142358e-06 -4.926498916219008e-07
-7.338159485362337e-06 4.543432036742591e-06 7.497348352596947e-07 -2.610460595884605e-07
-6.284660748060889e-06 1.985774794464383e-06 6.144927012742397e-07 2.048042311003455e-08
-6.785498677506105e-06 2.266935510498995e-06 6.733836224232401e-07 5.057144222332147e-10
-7.038418318024965e-06 2.848134048756005e-06 7.037707372285330e-07 -5.140243745173494e-08
-1.102498408113779e-05 4.496400244672997e-06 1.218378319159327e-06 -2.466022442453152e-07
-1.242533007864485e-05 3.167452270319464e-06 1.381208465293623e-06 -7.210820130952719e-08
-5.492796007222907e-06 3.849902820293238e-07 5.147137073991464e-07 2.105096664393222e-07
-6.327409313429758e-06 -1.674277548772738e-06 6.196809664886414e-07 4.485771517231209e-07
-8.481613505072747e-06 3.358334678320384e-06 8.759246314849145e-07 -1.044578100839031e-07
-6.838107719460846e-06 1.155491992558940e-06 6.813042196594583e-07 1.195764780951446e-07
-7.433825194013615e-06 2.068269443251592e-06 7.458895173653306e-07 2.750359297080683e-08
-1.036247247393710e-05 2.693638880160206e-06 1.097462698147209e-06 -1.129919119822506e-08
-1.185188911091118e-05 1.627703076406989e-06 1.250176283537150e-06 1.074416212035353e-07
-6.904612456420737e-06 -6.245027656403062e-07 6.907679674469728e-07 3.244120137470011e-07
-6.854412481435786e-06 -1.940339239072851e-06 6.695622498007633e-07 4.639337250831876e-07
-8.840414803826387e-06 7.566350303949993e-07 9.073920794795438e-07 1.758632620305389e-07
-1.163727222381772e-05 1.123888488365040e-07 1.189583641343119e-06 2.375932635442914e-07
-1.172345372098429e-05 -1.350974305164750e-06 1.167997155906986e-06 3.762756223493180e-07
-7.974052975293196e-06 -1.594732600518150e-06 7.993942397747229e-07 4.100511495859069e-07
-7.167178592755157e-06 -2.499678570887004e-06 6.981079419119212e-07 5.122717391725626e-07
-7.559956677591189e-06 -4.021643888286322e-06 7.623029007844758e-07 6.629517794984924e-07
-1.027320446508128e-05 -1.552503637211777e-06 1.026223439041520e-06 4.027042269141362e-07
-8.126893320046004e-06 -5.466552325979645e-06 8.565980661437170e-07 7.683341332514873e-07
-1.211832105310945e-05 -2.818606650281195e-06 1.187522962198605e-06 5.304834156022298e-07
-8.943504230026587e-06 -4.084051889123629e-06 9.225251144815136e-07 6.687664983845545e-07
-1.095087489388790e-05 -4.197714915848022e-06 1.070507284282444e-06 6.736125195305618e-07
-8.849560518113086e-06 -6.832879179436373e-06 9.346582503047258e-07 8.525112481996913e-07
-1.277493762135835e-05 -4.199929221124297e-06 1.207997167647172e-06 6.742821885655807e-07
-1.218648932769729e-05 -5.538759596205199e-06 1.138130070713075e-06 7.739534218846459e-07
-1.083616980789999e-05 -6.366765376412981e-06 1.057673247859787e-06 8.199577903901099e-07
-9.722354765693137e-06 -8.109841297154066e-06 1.013696477840922e-06 9.374848494022987e-07
-1.073784716762316e-05 -9.282054209266289e-06 1.081004535798416e-06 9.840788594495334e-07
-1.367042608435526e-05 -5.460503036456045e-06 1.217582187368624e-06 7.696494933672721e-07
-1.299869094076751e-05 -7.015516482097019e-06 1.170341404099247e-06 8.745872601017084e-07
-1.221395051538514e-05 -8.811881050040761e-06 1.145021193089956e-06 9.708707160623685e-07
-1.188107966958716e-05 -1.033459138849847e-05 1.146474167635021e-06 1.015584911508785e-06
-1.477390367390004e-05 -6.552645606015256e-06 1.295154612827624e-06 8.794061849953712e-07
-1.443100209755555e-05 -8.795783018016838e-06 1.291799661665463e-06 9.914821402947333e-07
-1.313980088964148e-05 -1.125109414684252e-05 1.232821478546691e-06 1.046220260565349e-06
-1.449841937044436e-05 -1.202079847571777e-05 1.288988189715288e-06 1.053531612570977e-06
-1.593765486518117e-05 -1.263344346678741e-05 1.319707410920566e-06 1.019154209468649e-06
-1.606203414018731e-05 -9.271471229215335e-06 1.328857022385220e-06 1.017137104531416e-06
-1.605407234232648e-05 -7.441543805430687e-06 1.323461201378108e-06 9.596133239954886e-07
-1.574040647229697e-05 -1.107746523496658e-05 1.333288460415069e-06 1.034975932196096e-06
-1.744057258106263e-05 -1.307799748321402e-05 1.318039732692939e-06 9.919754064548030e-07
-1.898749290188779e-05 -1.335010802331595e-05 1.307576294503183e-06 1.000410191325281e-06
-1.735459284387487e-05 -9.678801884988003e-06 1.337094166659363e-06 1.028813293492869e-06
-1.747377227714593e-05 -8.096351925542395e-06 1.331377080988020e-06 1.019634753638139e-06
-2.055680318020508e-05 -1.344454777937975e-05 1.255248884628799e-06 1.009161637052147e-06
-1.881261704831000e-05 -1.114076415440222e-05 1.313577013340101e-06 1.020328593950346e-06
-1.898953661722393e-05 -8.495988537448287e-06 1.286023801448300e-06 1.045365564372652e-06
-2.090367130356457e-05 -1.137510659747434e-05 1.261859655939159e-06 1.027710823974131e-06
-2.228863756248408e-05 -1.345070628403310e-05 1.207143872655433e-06 9.781987993177358e-07
-2.055506591348125e-05 -8.628731129976566e-06 1.238627373330979e-06 1.054935855163713e-06
-2.467624432063697e-05 -1.345711501803282e-05 1.160358447429766e-06 9.971834491356688e-07
-2.278962549410601e-05 -1.019855203696067e-05 1.198592531825358e-06 1.064260281206368e-06
-2.228800568346070e-05 -8.623433376095881e-06 1.198528730410443e-06 1.086060558297743e-06
-2.796958722566748e-05 -1.346666189716232e-05 1.088352197384813e-06 1.050615021615505e-06
-2.633720822319349e-05 -1.084798501619606e-05 1.103045141098998e-06 1.075239416723443e-06
-2.467604001399662e-05 -8.616193052983737e-06 1.121253786559672e-06 1.109397057471900e-06
-3.233220040291153e-05 -1.347460707176688e-05 1.111874200368849e-06 1.022610747393342e-06
-3.014856588280217e-05 -1.103818016601194e-05 1.122711476175339e-06 1.064460920217143e-06
-2.796924592134318e-05 -8.608202258213415e-06 1.110184224554638e-06 1.072666699825447e-06
-3.688603563205845e-05 -1.347565227904027e-05 1.002654812154459e-06 9.184076986356654e-07
-3.460887801543594e-05 -1.103894423663289e-05 1.101476499008838e-06 1.022904465230765e-06
-3.233191821795395e-05 -8.602310318028837e-06 1.144614556740791e-06 1.060245294926416e-06
-4.143272860184625e-05 -1.346878911179049e-05 7.404030649135948e-07 8.317772846816503e-07
-3.916176474192808e-05 -1.103979232248154e-05 9.078658346535709e-07 9.852286713629329e-07
-3.688578507878712e-05 -8.603040134007939e-06 1.022496207177779e-06 1.134860452995412e-06
-4.595694199295639e-05 -1.345434789873370e-05 3.149008047806659e-07 7.590548613910836e-07
-4.369964608362682e-05 -1.104065789167947e-05 5.460031972960680e-07 9.818375379223466e-07
-4.143245363126181e-05 -8.611786840290195e-06 7.391638224956758e-07 1.204987620232328e-06
-5.044620569995517e-05 -1.343476206501222e-05 -1.742369079100822e-07 7.729511377451567e-07
-4.820805598873514e-05 -1.104148061246175e-05 5.078862430031110e-08 9.930044382067826e-07
-4.595667496915069e-05 -8.627847163692115e-06 2.896864298717486e-07 1.214286280340773e-06
-5.489342499331233e-05 -1.341273594681456e-05 -5.338847693962010e-07 8.393663860908378e-07
-5.267701883450584e-05 -1.104212186277565e-05 -3.763941055405156e-07 1.001488234468473e-06
-5.044598060964042e-05 -8.648842916760814e-06 -1.668133407505216e-07 1.161259847742502e-06
-5.929706676382502e-05 -1.339078689280416e-05 -6.687913728473022e-07 9.654045417567189e-07
-5.710236508087345e-05 -1.104254023487972e-05 -6.377350551445516e-07 9.944095448010906e-07
-5.489326698281262e-05 -8.671926472218962e-06 -5.188380171952671e-07 1.099709192011518e-06
-6.366009277910902e-05 -1.337127777607496e-05 -5.702162509151897e-07 1.020536640624588e-06
-6.148491506321675e-05 -1.104268791139094e-05 -6.406776863878510e-07 9.610211145992745e-07
-5.929703003721964e-05 -8.694492950254892e-06 -6.524215215721012e-07 9.992320737150534e-07
-6.798972227036147e-05 -1.335657953898910e-05 -3.696031159666380e-07 1.009867450281603e-06
-6.582960536887425e-05 -1.104280802090544e-05 -4.894070386813723e-07 9.120806484662319e-07
-6.366008427461888e-05 -8.714226962492294e-06 -5.863645137138493e-07 8.845658031543456e-07
-7.720614577751958e-05 -1.309329290036489e-05 2.100217938387051e-07 1.012550342795835e-06
-7.659542004016974e-05 -1.334631350483313e-05 1.711640689646283e-07 1.028661591988929e-06
-6.992153643040117e-05 -1.104297404920526e-05 -2.726770540420183e-07 9.041194454207524e-07
-7.229698819009369e-05 -1.334818764286295e-05 -1.255986906808523e-07 1.039636555241436e-06
-6.798968493130441e-05 -8.729268074823398e-06 -3.793936215732760e-07 8.111410715225387e-07
-7.745910946112664e-05 -1.248248936973985e-05 2.264319956299409e-07 9.745300834623143e-07
-7.601446110301377e-05 -1.104304498914594e-05 1.408928095427043e-07 8.925090967125059e-07
-7.229696430228494e-05 -8.737852847551384e-06 -1.091420798339200e-07 7.684321868683249e-07
-7.745910047061444e-05 -9.603603328374616e-06 2.374383993378741e-07 8.037017986272722e-07
-7.659540568443354e-05 -8.739774060948331e-06 1.860799428377338e-07 7.524080171716650e-07
-7.720613486124505e-05 -8.992796375257299e-06 2.224564162228350e-07 7.673504080686240e-07
