-1.395788780537267e-04 1.951973079118166e-05 7.627402188807958e-06 -1.369209150940223e-06
-1.401296962120383e-04 1.818987936862021e-05 7.687489979493939e-06 -1.241505145412121e-06
-1.401298035327169e-04 1.192104366712173e-05 7.848972909908285e-06 -6.820594923540959e-07
-1.395790005544715e-04 1.059119786600470e-05 7.808190118265427e-06 -5.615235716832259e-07
-1.382490772330206e-04 2.007058647833329e-05 7.493632406900176e-06 -1.423060646998126e-06
-1.357551168773930e-04 1.505546059622599e-05 7.365138157292254e-06 -9.876165151502363e-07
-1.382492198629274e-04 1.004034190964777e-05 7.698438262388741e-06 -5.106170604584995e-07
-1.288858517052897e-04 2.007113043361664e-05 6.521774395054263e-06 -1.452169222786590e-06
-1.288859892539161e-04 1.003947224601048e-05 6.824846299879847e-06 -5.214404742547658e-07
-1.237157264978852e-04 1.505512440797141e-05 6.200464546922898e-06 -9.546690611082517e-07
-1.195199868320754e-04 2.007176034912905e-05 5.669189996821662e-06 -1.359773917508003e-06
-1.195195983552972e-04 1.003773102474857e-05 5.924438395258434e-06 -4.384655579608503e-07
-1.148354669836350e-04 1.505456125322545e-05 5.316753028342892e-06 -9.951106211656795e-07
-1.101512658621369e-04 2.007035790591793e-05 5.065869072984108e-06 -1.351888371529564e-06
-1.101504842264729e-04 1.003779543033455e-05 4.923216838687769e-06 -4.851544719898855e-07
-1.054665529234944e-04 1.505367747992797e-05 4.423258505972272e-06 -9.040920973016745e-07
-1.007859642488157e-04 2.006240106456471e-05 4.319974182401016e-06 -1.274876915806858e-06
-1.007854406043482e-04 1.004415424739095e-05 4.288231444807431e-06 -4.967258529181412e-07
-9.610788958423782e-05 1.505274059356107e-05 3.690341868956540e-06 -8.389551918083574e-07
-9.144113357786616e-05 2.004192501219139e-05 3.553399584963033e-06 -1.244857966610929e-06
-9.144086636375215e-05 1.006256552970217e-05 3.688868205339296e-06 -5.224432418030409e-07
-8.678214214769529e-05 1.505166374400008e-05 3.071532785233132e-06 -7.621289779735391e-07
-8.214597636069959e-05 2.000276861302884e-05 2.722457005440411e-06 -1.136462670658577e-06
-8.214570935898246e-05 1.009925638330267e-05 3.152123748364638e-06 -4.922316404523729e-07
-7.752428115640152e-05 1.505029350344387e-05 2.520198476065409e-06 -7.094847319522234e-07
-7.294051048879929e-05 1.994021607399182e-05 1.994612023799800e-06 -1.093344494749685e-06
-7.294015054472481e-05 1.015898845124968e-05 2.560596204624989e-06 -4.279774244658734e-07
-6.837855875782132e-05 1.504881079296344e-05 1.894037253216161e-06 -7.335278493928456e-07
-6.387209957682527e-05 1.985048391822115e-05 1.363833698224244e-06 -1.110327238690697e-06
-6.387155183942875e-05 1.024552606264365e-05 1.871737410547797e-06 -3.859860669824701e-07
-5.939567942353947e-05 1.504723963496700e-05 1.180192906996589e-06 -7.870146922389446e-07
-5.499444323404660e-05 1.973026182301139e-05 8.441894353013187e-07 -1.037626308859286e-06
-5.499351314337056e-05 1.036226360194977e-05 1.170720369473399e-06 -4.390068849728315e-07
-5.063247759589714e-05 1.504538063703294e-05 5.555366202578351e-07 -8.255456034158954e-07
-4.636562042617228e-05 1.957728495918622e-05 3.721452559154132e-07 -9.459335870588355e-07
-4.636388434172142e-05 1.051197725743797e-05 5.233650225290880e-07 -5.311811282250569e-07
-4.231589560284127e-05 1.504221519625111e-05 1.507326271463375e-07 -8.434903599555875e-07
-3.837555604942498e-05 1.939500815544522e-05 1.916783520469827e-07 -8.046359722387726e-07
-3.837314929343913e-05 1.069742414927806e-05 1.660471197411497e-07 -7.620915781377909e-07
-3.545021318524179e-05 1.537072109509527e-05 1.678213647230434e-07 -8.412837463981309e-07
-3.257257260451834e-05 1.922295474147752e-05 2.547984283899794e-07 -6.874363688225416e-07
-3.256701490916263e-05 1.087216253906885e-05 2.691121872678782e-07 -9.375247251359432e-07
-2.851342793325775e-05 1.907237006735740e-05 4.090314278226529e-07 -6.505694520355246e-07
-2.925920949277786e-05 1.643324134203933e-05 3.684149829919670e-07 -7.879687569673494e-07
-2.850547449200172e-05 1.098426874984558e-05 4.151492439013907e-07 -9.764903454841320e-07
-2.564585044334042e-05 1.110420751162734e-05 5.764755694642475e-07 -9.614944566733595e-07
3.641091010612492e-06 1.394711455903581e-06 -1.484170619228238e-07 -7.763410051039013e-07
3.713461269811347e-06 1.220314919745054e-06 -1.478260410060843e-07 -7.785458239153469e-07
3.712947958643512e-06 5.721142682729127e-07 -1.545005493509779e-07 -7.800727478878545e-07
3.641010880638194e-06 4.007735125428993e-07 -1.545873123217503e-07 -7.756418285185240e-07
-2.563480379850041e-05 1.896626700533492e-05 5.639502910511153e-07 -6.484366658824306e-07
-2.311662987530136e-05 1.872632137402168e-05 6.667193111243037e-07 -6.910819428335876e-07
-2.502697525933323e-05 1.405910754978369e-05 6.079396843647415e-07 -8.296515488673665e-07
-2.308099429222197e-05 1.100993802091529e-05 7.494167135325065e-07 -9.331903125896472e-07
3.467552316427417e-06 1.467047436327428e-06 -1.503057228439500e-07 -7.758246720189206e-07
3.293262924420114e-06 7.563697699024051e-07 -1.500030423222500e-07 -7.839743228851108e-07
3.469473094538794e-06 3.296008632596770e-07 -1.518802838957029e-07 -7.723101434718972e-07
-2.228979064298256e-05 1.632368244595636e-05 7.133865212994608e-07 -7.972711676984424e-07
-2.068758668357725e-05 1.818447697708317e-05 7.588630307555832e-07 -7.386997740621639e-07
-1.840386319396578e-05 1.741528958019735e-05 8.127148553297808e-07 -7.702907495547002e-07
-2.153414281242225e-05 1.310480983178969e-05 7.863501240170335e-07 -8.721777827519895e-07
-2.069594171588639e-05 1.052462662224549e-05 7.998365775461949e-07 -8.637625338368377e-07
2.293037476241961e-06 1.488734585804629e-06 -1.439990812594067e-07 -7.637306834193421e-07
2.293061918278250e-06 3.118882303275315e-07 -1.147804369410715e-07 -7.439289820567301e-07
1.684361111203132e-06 9.017778030747883e-07 -1.289001973570602e-07 -7.192929093665696e-07
-1.629850674012381e-05 1.638411570252738e-05 8.414148333907845e-07 -8.223139824154058e-07
-1.807657121028568e-05 1.501138319453629e-05 8.194614909661108e-07 -8.532067258646005e-07
-1.885440423107193e-05 1.206929746013919e-05 8.261970455005190e-07 -8.351516054205411e-07
-1.852755666607789e-05 9.688717735503727e-06 8.504565023293107e-07 -8.324034678763952e-07
1.024402773632801e-06 1.600065220127004e-06 -1.377811111956554e-07 -7.080714919456956e-07
1.025550758466340e-06 2.070803778003963e-07 -1.350069229724540e-07 -6.849931257366516e-07
2.753304198519397e-07 9.054093331291175e-07 -8.433506295273225e-08 -6.545085033575441e-07
-1.436232785503419e-05 1.517242905267965e-05 8.634034787247243e-07 -8.904796507316312e-07
-1.265428342773419e-05 1.380120391515039e-05 8.106457167559240e-07 -8.947427035360712e-07
-1.617013581568589e-05 1.162798087845858e-05 8.469610332205962e-07 -8.403946732809239e-07
-1.662751682403004e-05 8.528647218934010e-06 8.514176258558703e-07 -7.993992989788844e-07
-5.850635205248968e-07 1.838498762491191e-06 -1.168894480521012e-08 -6.808733264138422e-07
-5.841145369969933e-07 -2.412764127475008e-08 2.795128908242243e-08 -5.092018547854466e-07
-1.309042384347172e-05 1.175591094811761e-05 8.140723994856992e-07 -8.621978283639915e-07
-1.117758894795843e-05 1.226402002797239e-05 7.403574013807449e-07 -8.861809693567561e-07
-1.380284971883090e-05 9.523871038006186e-06 8.184302269638741e-07 -8.037612983340894e-07
-1.503418196874789e-05 7.146479494943638e-06 8.312628067405638e-07 -7.241361744110021e-07
-1.531230779802718e-06 9.090655770011129e-07 8.883597462836615e-08 -5.427078971065243e-07
-2.657257775485379e-06 2.181306038706185e-06 1.638390242588634e-07 -6.125494694865961e-07
-2.654232989851114e-06 -3.628862065481116e-07 1.935776185163187e-07 -3.770212403568350e-07
-9.897448669766384e-06 1.062515011506463e-05 6.720858280763427e-07 -8.658569600207485e-07
-8.884693392220123e-06 8.953681314513172e-06 5.769799614105048e-07 -7.831115924909862e-07
-8.116781827611896e-06 7.207546256265337e-06 5.244872809268333e-07 -6.979707873178014e-07
-1.236430517789245e-05 7.569977828081399e-06 7.653591109976962e-07 -7.298641162747767e-07
-1.377061375670557e-05 5.619469755971436e-06 8.146269667971953e-07 -6.498337047632459e-07
-3.560749773716140e-06 9.160052698929616e-07 2.431454253473140e-07 -4.510316432897971e-07
-4.670469319049150e-06 2.518059691042152e-06 3.104128398831825e-07 -5.472592395961157e-07
-4.670733976502209e-06 -7.108497980723970e-07 3.069316236401903e-07 -3.251059850583159e-07
-9.823646475782778e-06 7.193142596225467e-06 6.168166074732725e-07 -6.989426200207780e-07
-7.549926807102952e-06 5.451498482312002e-06 4.882817409430582e-07 -6.166190800711214e-07
-6.478929005446253e-06 2.802412718877401e-06 4.359263805876728e-07 -5.078763009526201e-07
-6.991803605433787e-06 3.092462052703954e-06 4.513593524016097e-07 -5.041275760135628e-07
-7.248513568709238e-06 3.693221925646381e-06 4.586755465067774e-07 -5.249927413010597e-07
-1.137366893832457e-05 5.400339035656142e-06 7.004585233020011e-07 -6.185949910832370e-07
-1.282597243141022e-05 4.022350747526093e-06 7.774676708156638e-07 -5.491047274914941e-07
-5.666138097655982e-06 1.154595230649325e-06 3.812661306337415e-07 -4.258696583466693e-07
-6.528455916361725e-06 -9.657314009398215e-07 4.226806676865561e-07 -2.844970136054342e-07
-8.737168089154289e-06 4.220069077831022e-06 5.546123290687316e-07 -5.613511601118134e-07
-7.048700870064749e-06 1.947066417504054e-06 4.614949568399918e-07 -4.585197135741065e-07
-7.658910693015880e-06 2.887376944050289e-06 4.834996067355602e-07 -4.886891474314729e-07
-1.068502175984018e-05 3.531554567554122e-06 6.832920600041191e-07 -5.369549173613827e-07
-1.222200757096173e-05 2.431293606444393e-06 7.845273497068513e-07 -4.795260873143177e-07
-7.121988182348369e-06 1.144940254920502e-07 4.658134966626841e-07 -3.500121537477588e-07
-7.074102541723338e-06 -1.238674641866007e-06 4.621671041505383e-07 -2.515769240338440e-07
-9.111735014912042e-06 1.532059980307372e-06 5.942461083722331e-07 -4.174525639430773e-07
-1.199343128616068e-05 8.695177868875771e-07 7.880836555460231e-07 -3.279118939550569e-07
-1.207128463559214e-05 -6.333991899512088e-07 7.871050336174814e-07 -2.314683469187730e-07
-8.225290057671112e-06 -8.844352947398012e-07 5.478056101006892e-07 -2.623374932036515e-07
-7.398852427833690e-06 -1.811049178875385e-06 4.889240540203757e-07 -1.947915923436969e-07
-7.808415600803355e-06 -3.365328234192848e-06 5.224394176932470e-07 -6.469860647480087e-08
-1.058475250487218e-05 -8.433264243482601e-07 7.070440807485630e-07 -2.255909708115332e-07
-8.395155770965349e-06 -4.834837452964291e-06 5.728494148517239e-07 3.884459260379201e-08
-1.246607981839491e-05 -2.138064253045803e-06 8.041735836760636e-07 -1.299737115577370e-07
-9.224709844951902e-06 -3.431103469229452e-06 6.240095270247092e-07 -5.245128271497505e-08
-1.127318100774740e-05 -3.546414900072346e-06 7.407864968489352e-07 -3.150932186917421e-08
-9.136298645178815e-06 -6.221580687438111e-06 6.310841596541407e-07 1.316733564623541e-07
-1.312634103460067e-05 -3.548279036622530e-06 8.545524263774517e-07 -2.577291477324424e-08
-1.252638009939244e-05 -4.909968873993553e-06 8.359421954801383e-07 6.063418984162772e-08
-1.115690685596510e-05 -5.749917825884456e-06 7.692506303246634e-07 1.037663037697176e-07
-1.002807311568403e-05 -7.512095937800690e-06 7.074783427271466e-07 2.135956241009528e-07
-1.105956202986112e-05 -8.692668475365949e-06 7.914457013616348e-07 2.811384885852469e-07
-1.402613537574664e-05 -4.831936299941833e-06 9.495014422312733e-07 5.844174895011893e-08
-1.334663779004353e-05 -6.405723349865856e-06 9.270164198656422e-07 1.389478978915152e-07
-1.255408471056328e-05 -8.217888627220032e-06 8.980209210761810e-07 2.469354293811957e-07
-1.221829138031126e-05 -9.748194510158010e-06 8.756246419490542e-07 3.336018152179544e-07
-1.513420593998523e-05 -5.940759369310397e-06 1.043929105230856e-06 1.140156025696365e-07
-1.478852647139817e-05 -8.200265538181561e-06 1.038328461541229e-06 2.363458965835713e-07
-1.348896063479104e-05 -1.066528816849817e-05 9.480395111428578e-07 3.712910466332086e-07
-1.485478277549288e-05 -1.143175543352566e-05 1.013330414017401e-06 3.627477346746704e-07
-1.629812504068529e-05 -1.203734221891272e-05 1.079414395765575e-06 3.456674417389435e-07
-1.642434022260856e-05 -8.677811343197821e-06 1.113195849557537e-06 2.572033182105062e-07
-1.641700515255618e-05 -6.840424167448942e-06 1.112153799684500e-06 1.744594821376457e-07
-1.610270137599756e-05 -1.048549702519519e-05 1.085990148676174e-06 3.153670443749197e-07
-1.780011247344970e-05 -1.247522959891860e-05 1.134122576664447e-06 3.250403854463835e-07
-1.934105582615149e-05 -1.273932281664492e-05 1.153912132344449e-06 2.781255170532177e-07
-1.771667381640144e-05 -9.086332964153762e-06 1.168597800956018e-06 2.795026943402242e-07
-1.783502050902327e-05 -7.503788645343409e-06 1.167121701225520e-06 2.435728364813969e-07
-2.090154919384925e-05 -1.282683990863256e-05 1.125977389232097e-06 2.273962821704447e-07
-1.917060491779699e-05 -1.054358757364873e-05 1.188097343031172e-06 2.876288164650575e-07
-1.934520038543448e-05 -7.910871373012452e-06 1.174146834387179e-06 3.214262630614380e-07
-2.124715004641470e-05 -1.077490995745950e-05 1.115656260655204e-06 2.757072896494805e-07
-2.261681925824101e-05 -1.282514542389744e-05 1.041807868420274e-06 1.772026646029301e-07
-2.090181094782801e-05 -8.048809905376227e-06 1.132505090656844e-06 3.736492337785660e-07
-2.497455820376336e-05 -1.282322876140748e-05 8.638877127888578e-07 1.611140057672948e-07
-2.311506751989970e-05 -9.610322416083606e-06 9.942372238314100e-07 3.353446595806332e-07
-2.261673432245393e-05 -8.050880810541812e-06 1.014074324015498e-06 4.315570817064241e-07
-2.820935179780172e-05 -1.281965211475847e-05 6.043324710952019e-07 1.886524082970095e-07
-2.660984599760633e-05 -1.025222844768568e-05 7.001244666552459e-07 3.353543057806902e-07
-2.497427158640719e-05 -8.053915407285661e-06 8.056317304976140e-07 4.819664078053857e-07
-3.247001639243689e-05 -1.281444879307853e-05 3.228198645753368e-07 2.370414195296453e-07
-3.034110471884205e-05 -1.043892532477421e-05 4.658021394168105e-07 3.362339607412559e-07
-2.820891756030384e-05 -8.058093947146583e-06 6.175680406718054e-07 4.417923228833543e-07
-3.689901309603181e-05 -1.280869823824688e-05 3.416919614200155e-07 3.364164685459604e-07
-3.468629645930906e-05 -1.043930169783615e-05 2.996239766835281e-07 3.290227371445518e-07
-3.246960433057703e-05 -8.063828437623932e-06 4.035320387757149e-07 4.069909889626078e-07
-4.131613061592101e-05 -1.280331557768988e-05 4.805937978516473e-07 3.948262135010614e-07
-3.910938584154307e-05 -1.043979435703294e-05 3.802646521908331e-07 3.111924701783207e-07
-3.689871977823608e-05 -8.070280919131795e-06 3.724565487217610e-07 3.125084884211599e-07
-4.572262565465195e-05 -1.279931661409454e-05 7.163932971740416e-07 4.164722736333268e-07
-4.352089625031234e-05 -1.044035472492101e-05 5.545603053573004e-07 3.158513654296839e-07
-4.131610344466190e-05 -8.076689452480708e-06 4.737673457987893e-07 2.445896746234378e-07
-5.012265334534099e-05 -1.279758805103262e-05 9.336814234689475e-07 4.420124485394018e-07
-4.792338642959998e-05 -1.044085644849940e-05 8.437745938067239e-07 3.321518060183462e-07
-4.572279931651809e-05 -8.081816035295575e-06 7.175725622781529e-07 1.901631112618393e-07
-5.452105710056140e-05 -1.279767614538835e-05 1.110823053134343e-06 4.422158156863326e-07
-5.232184952236406e-05 -1.044122876720772e-05 1.070718717345898e-06 3.377951627678457e-07
-5.012284262681620e-05 -8.084535292514515e-06 1.028531340538127e-06 2.267512994581299e-07
-5.892052956591510e-05 -1.279822777987900e-05 1.222436446931372e-06 3.879413304786092e-07
-5.672051854526369e-05 -1.044146965549711e-05 1.220779374751259e-06 3.302162998335741e-07
-5.452106507245839e-05 -8.085090741054581e-06 1.223766680416296e-06 2.638616602684607e-07
-6.332094897998713e-05 -1.279842243172312e-05 1.256304639282583e-06 2.968573417489319e-07
-6.112057847700550e-05 -1.044152648047656e-05 1.265594368879503e-06 3.350192925140863e-07
-5.892043142733085e-05 -8.084857053185472e-06 1.294751968452548e-06 3.212285884600354e-07
-6.772084781657849e-05 -1.279833939964091e-05 1.101337929909550e-06 2.619554001060567e-07
-6.552092520465976e-05 -1.044166141617069e-05 1.194788422054568e-06 3.428077252776780e-07
-6.332067768886473e-05 -8.084721709025889e-06 1.230788119432420e-06 3.534666629447379e-07
-7.714546744191396e-05 -1.253972902688900e-05 7.667169552828763e-07 2.400025158138142e-07
-7.652057439994738e-05 -1.279856262185581e-05 7.859016530944096e-07 2.289044539343773e-07
-6.969172697849919e-05 -1.044175907076545e-05 1.069063283324688e-06 3.135303734963741e-07
-7.212062705095663e-05 -1.279854072778767e-05 9.530853171108845e-07 2.422061446094175e-07
-6.772090099740481e-05 -8.084933830691747e-06 1.172309793722469e-06 3.591617461228334e-07
-7.740431278193804e-05 -1.191485045642032e-05 7.614144281467933e-07 2.648362432490613e-07
-7.592572189538444e-05 -1.044201875225804e-05 8.328166891521107e-07 3.298409461896219e-07
-7.212069259032901e-05 -8.085286543863813e-06 9.817144807342519e-07 3.998387630781630e-07
-7.740448073090367e-05 -8.969104529949211e-06 8.167064714476529e-07 3.687732335290947e-07
-7.652073663377703e-05 -8.085348974747128e-06 8.391264716072108e-07 3.916659991994371e-07
-7.714564127252200e-05 -8.344195331538569e-06 8.245613625432185e-07 3.848456426023554e-07
