-3.951717006987392e-05 7.023683877172169e-06 4.794163776755467e-05 -6.684631663373619e-06
-3.965184435822074e-05 6.698511079910003e-06 4.814573100856475e-05 -6.205433934068925e-06
-3.965177379302147e-05 5.165679133194873e-06 4.812814297163398e-05 -3.905583074229607e-06
-3.951708509867131e-05 4.840479960210736e-06 4.791815091027714e-05 -3.408923629315516e-06
-3.919202620606710e-05 7.158381722004845e-06 4.745184625500659e-05 -6.880531777623997e-06
-3.858216216818394e-05 5.932071354639623e-06 4.652406408346452e-05 -5.053254174913294e-06
-3.919191386222009e-05 4.705769541947313e-06 4.741443602778903e-05 -3.205757728023685e-06
-3.690254880099379e-05 7.158689883629485e-06 4.410139922312926e-05 -6.801084062236491e-06
-3.690235615199988e-05 4.705347200059393e-06 4.405262763054211e-05 -3.314322425846342e-06
-3.563820882503110e-05 5.932028944870563e-06 4.227228346756877e-05 -5.081855499071036e-06
-3.461180307636443e-05 7.159625235690315e-06 4.087985680827181e-05 -6.811002480460144e-06
-3.461170130720045e-05 4.704545926369558e-06 4.074874193398590e-05 -3.356431901317649e-06
-3.346564582293545e-05 5.932002489765916e-06 3.927283403083635e-05 -5.067274394939923e-06
-3.231838253681932e-05 7.160634003883231e-06 3.771563889736042e-05 -6.823614052607950e-06
-3.231841478367513e-05 4.703693045172273e-06 3.751151568264855e-05 -3.390177643108259e-06
-3.117115398736389e-05 5.932085736235919e-06 3.621917203001681e-05 -5.056368543353593e-06
-3.002368102537566e-05 7.160199681964630e-06 3.446749409397179e-05 -6.839974776013397e-06
-3.002391158905189e-05 4.704374639850349e-06 3.421743254578881e-05 -3.323093023274378e-06
-2.887738221473230e-05 5.932201438491389e-06 3.298054652557003e-05 -5.073269509993850e-06
-2.773234487315602e-05 7.157275862927648e-06 3.109210855776687e-05 -6.918703304982414e-06
-2.773297965602052e-05 4.707607532261937e-06 3.073749233889712e-05 -3.182905854509177e-06
-2.658967849550871e-05 5.932439081182765e-06 2.935193998676490e-05 -5.067754790698300e-06
-2.544905980863466e-05 7.152787165510523e-06 2.758787401600431e-05 -6.952822600428630e-06
-2.545023846392177e-05 4.712526237670634e-06 2.716240554593377e-05 -3.153197338328335e-06
-2.431160576559329e-05 5.932880085208756e-06 2.563397902602076e-05 -5.072972354637980e-06
-2.317606234617568e-05 7.148203707130060e-06 2.404545812756934e-05 -6.944867880681106e-06
-2.317713521673778e-05 4.717721367857298e-06 2.382570899425238e-05 -3.354839279590249e-06
-2.204329969268035e-05 5.933431038274533e-06 2.214768013871518e-05 -5.082687666444995e-06
-2.091198508365850e-05 7.144587027600727e-06 2.070928121639505e-05 -6.831869592499730e-06
-2.091246550894337e-05 4.722356319747485e-06 2.081152641369587e-05 -3.589597586558732e-06
-1.978256385886926e-05 5.934042577978614e-06 1.917858292819399e-05 -5.123064052439687e-06
-1.865474628436320e-05 7.141663208363815e-06 1.771820514401610e-05 -6.759941069679985e-06
-1.865445244686950e-05 4.726506575036721e-06 1.805484650793207e-05 -3.671575885415340e-06
-1.752795382952333e-05 5.934537337425321e-06 1.639740046681775e-05 -5.182243431991774e-06
-1.640334444778555e-05 7.138961246186397e-06 1.492375117952848e-05 -6.658094516767590e-06
-1.640296298865856e-05 4.730713621691095e-06 1.518194772409852e-05 -3.720362880972609e-06
-1.532512390511519e-05 5.935043027507576e-06 1.371994040892033e-05 -5.183699174758498e-06
-1.424946295352594e-05 7.135598330134432e-06 1.235863195791419e-05 -6.607047953226239e-06
-1.424930289055912e-05 4.735102580107919e-06 1.253750408545247e-05 -3.789533750634191e-06
-1.344366634327520e-05 6.029086812019393e-06 1.147023415326805e-05 -5.289766417866850e-06
-1.262278343025813e-05 7.133034057952408e-06 1.053025854198952e-05 -6.514529124826399e-06
-1.262274761899509e-05 4.738117620721024e-06 1.056683392285563e-05 -3.811634043732661e-06
-1.144119720144383e-05 7.131895635346258e-06 9.256398558471859e-06 -6.459204435660463e-06
-1.167223193417532e-05 6.343940697982272e-06 9.487163499476159e-06 -5.609188740599795e-06
-1.144140973417639e-05 4.739169314715372e-06 9.254161343718616e-06 -3.857447662648409e-06
-1.058313390997529e-05 4.739537909235903e-06 8.362527180828911e-06 -3.900542022634348e-06
1.858716430023414e-06 4.812978362806355e-07 -9.634941418084531e-07 -1.967156818156850e-07
1.896264754205536e-06 3.909146686820078e-07 -9.797692994099058e-07 -1.612791498360478e-07
1.895997302342480e-06 5.439298290571071e-08 -9.755246683965229e-07 -2.619713411361192e-08
1.858634958081293e-06 -3.464239382257708e-08 -9.588289851091832e-07 8.828908522223554e-09
-1.058282271380966e-05 7.131669784996159e-06 8.373718762478444e-06 -6.428827503788613e-06
-9.802732730623538e-06 7.087401473777545e-06 7.589517324426809e-06 -6.341826559838177e-06
-1.040992631268273e-05 5.637075326970520e-06 8.167192238601318e-06 -4.819832395584669e-06
-9.805078120751254e-06 4.671207710419549e-06 7.565579974832126e-06 -3.867011102591787e-06
1.768732459038404e-06 5.187254913822760e-07 -9.248526693230299e-07 -2.107259217274296e-07
1.677981580859378e-06 1.497861909845897e-07 -8.804173096048792e-07 -6.175642171552193e-08
1.769501087809820e-06 -7.172562388775380e-08 -9.190429989511673e-07 2.442476729933284e-08
-9.555905362820159e-06 6.349702232295953e-06 7.320349541505091e-06 -5.561261332230461e-06
-9.032175986249591e-06 6.955254117683614e-06 6.815995463312928e-06 -6.160341705062942e-06
-8.281247828849137e-06 6.736526096043370e-06 6.033058735075975e-06 -5.911947691537445e-06
-9.322079778650029e-06 5.326439207593344e-06 7.056103065608376e-06 -4.532609230671124e-06
-9.050506818747994e-06 4.467850864106913e-06 6.747431826702237e-06 -3.650458534409352e-06
1.158751329900935e-06 5.284301082533354e-07 -6.618985488349748e-07 -1.853990624651105e-07
1.158365968932554e-06 -8.174858182114561e-08 -6.566465486590540e-07 5.841480615572277e-08
8.429410101547872e-07 2.232108564328451e-07 -5.444778615461920e-07 -5.139202786771095e-08
-7.558903358411387e-06 6.434158156691422e-06 5.293089380632355e-06 -5.584689189446143e-06
-8.183767030898013e-06 5.960263887544973e-06 5.918281831792688e-06 -5.110823132242288e-06
-8.445226778502152e-06 4.974150689822483e-06 6.157635316238296e-06 -4.138583286728681e-06
-8.341854423362713e-06 4.135357729243301e-06 6.067974609678664e-06 -3.336374069506169e-06
5.017934163800710e-07 5.826489964618180e-07 -3.561138847180746e-07 -2.836673604443295e-07
5.016450230220262e-07 -1.366405164565507e-07 -3.665416691496465e-07 1.602137642937490e-07
1.147822161856326e-07 2.226431735298835e-07 -1.336406072321313e-07 -5.862616424827842e-08
-6.875117601734129e-06 6.051372171875499e-06 4.631164029220354e-06 -5.212059968717285e-06
-6.237915945434887e-06 5.592803185186280e-06 4.073187277751980e-06 -4.732494235455078e-06
-7.526604093452252e-06 4.816842434013219e-06 5.309106528629442e-06 -3.971434939735682e-06
-7.700557082450432e-06 3.683914291899354e-06 5.506275165734780e-06 -2.936407814231396e-06
-3.278556430192867e-07 7.006941988086604e-07 1.179070909335524e-07 -3.192046849393768e-07
-3.281592676988507e-07 -2.563098581564825e-07 1.357947805269493e-07 2.075939658826606e-07
-6.398905609449865e-06 4.871660039081224e-06 4.245356264265444e-06 -4.011096380655188e-06
-5.655860149413265e-06 5.064671451345267e-06 3.566329894801047e-06 -4.178492306989650e-06
-6.671572215152094e-06 4.043288709654810e-06 4.537472217568001e-06 -3.248115852422083e-06
-7.146350903261980e-06 3.126452367024918e-06 4.993381388549217e-06 -2.414463599056475e-06
-8.141828865159252e-07 2.218470034110142e-07 4.367674715059925e-07 -5.186957570493634e-08
-1.390217729313637e-06 8.711162193905505e-07 8.039504487616097e-07 -4.415306850104468e-07
-1.389807261608240e-06 -4.297317168371763e-07 7.938922465574638e-07 3.507678252092286e-07
-5.137331310911337e-06 4.473362232016574e-06 3.122264760841765e-06 -3.579822738971346e-06
-4.687505889550316e-06 3.825080016667711e-06 2.774310447158508e-06 -3.000377239711923e-06
-4.311174420216737e-06 3.127924512479679e-06 2.499050866026290e-06 -2.389298490041622e-06
-6.113698520562229e-06 3.286187214270912e-06 4.042063344850010e-06 -2.539411035762057e-06
-6.696441727178434e-06 2.479630461000103e-06 4.562036052789617e-06 -1.809598992219398e-06
-1.852981179316500e-06 2.224517565096048e-07 1.093406464811639e-06 -4.704496727923270e-08
-2.418994387923820e-06 1.039098717399315e-06 1.472765297156178e-06 -5.837082437076113e-07
-2.419207181988261e-06 -6.063303680401494e-07 1.459745843392712e-06 4.842411666502589e-07
-5.062614333835955e-06 3.132321740692625e-06 3.110790626575772e-06 -2.386633963228121e-06
-4.016780421991829e-06 2.387983340014431e-06 2.299713030387829e-06 -1.715570591900027e-06
-3.362786481441448e-06 1.182304363106834e-06 2.038373000941832e-06 -7.112148702935456e-07
-3.645391604549168e-06 1.323154604746927e-06 2.182538815894735e-06 -8.215497763179648e-07
-3.805509876023217e-06 1.606102122139151e-06 2.239151284054846e-06 -1.045460391974561e-06
-5.719572969495830e-06 2.383301343252078e-06 3.668595223431229e-06 -1.701358197291028e-06
-6.366517931202615e-06 1.767283754810627e-06 4.196446843296049e-06 -1.177511100644045e-06
-2.928510854220780e-06 3.405222713195364e-07 1.786512095049155e-06 -1.466102156913440e-07
-3.340960393503030e-06 -7.324041914552485e-07 2.082393349807930e-06 5.834296237538974e-07
-4.534609677491677e-06 1.858721877916697e-06 2.728333521837330e-06 -1.237636215418617e-06
-3.652083337701494e-06 7.518471487203050e-07 2.222873862913344e-06 -4.270113140779657e-07
-3.986022201924212e-06 1.223223100963023e-06 2.393630776039819e-06 -7.551333254654582e-07
-5.425638558274166e-06 1.544636926813111e-06 3.402209159401581e-06 -9.760882369129433e-07
-6.172005940558958e-06 1.013392613927963e-06 3.936599814629430e-06 -5.657994180662724e-07
-3.649646030570575e-06 -1.770141665018023e-07 2.285245203936753e-06 2.066297997852290e-07
-3.593706070393162e-06 -8.736417688198212e-07 2.278177744037279e-06 6.672098341102296e-07
-4.682728367063845e-06 5.786225467324778e-07 2.892735658913534e-06 -2.716502214152012e-07
-6.119029913471991e-06 2.394959802037474e-07 3.835032700719067e-06 -5.507716227826890e-08
-6.249107575056507e-06 -5.472034394555482e-07 3.788791228904168e-06 4.769229369368585e-07
-4.188073061895626e-06 -6.778876158536562e-07 2.674311481991211e-06 5.462722611292485e-07
-3.735494604323577e-06 -1.186486437810021e-06 2.400294304648186e-06 8.301620407108203e-07
-3.900406121258179e-06 -2.069288275824448e-06 2.596556027603862e-06 1.270350571445501e-06
-5.444147442841521e-06 -6.329604075780165e-07 3.353649806963289e-06 5.706635076153511e-07
-4.170327250307720e-06 -2.959897719604345e-06 2.855732652869336e-06 1.594036901778881e-06
-6.548354935842182e-06 -1.354321213255884e-06 3.824620413502058e-06 9.509400305964495e-07
-4.681337403474918e-06 -2.088978461855789e-06 3.066377997215644e-06 1.290411760299012e-06
-5.870785215243647e-06 -2.159088153662432e-06 3.530405314678775e-06 1.313428378328953e-06
-4.568046943293427e-06 -3.825513208476528e-06 3.081635171471256e-06 1.849983709071031e-06
-7.017950595068974e-06 -2.161934466021878e-06 3.946444713299862e-06 1.342856257499752e-06
-6.666619088518131e-06 -2.988651447561159e-06 3.791647332842245e-06 1.606800349076665e-06
-5.797711334443540e-06 -3.518352120321316e-06 3.517570848357114e-06 1.738467956871315e-06
-5.076006193768738e-06 -4.682591303916242e-06 3.325763238414898e-06 2.033909222577054e-06
-5.718958806817252e-06 -5.504793455927721e-06 3.524202123022161e-06 2.133061672722948e-06
-7.666365148042532e-06 -2.927111059295290e-06 3.992810688838486e-06 1.621382330661181e-06
-7.221187193877707e-06 -3.953332556201676e-06 3.875785882920691e-06 1.855205731565420e-06
-6.691137676243725e-06 -5.185826407247321e-06 3.743726951530697e-06 2.077832074525860e-06
-6.463237494563887e-06 -6.277603799416857e-06 3.710549055643121e-06 2.202461234413549e-06
-8.470745512692285e-06 -3.619727572927202e-06 4.063038924918259e-06 1.871206099189772e-06
-8.236003880817819e-06 -5.187305003374920e-06 4.024265570384135e-06 2.066587299241407e-06
-7.325445946815809e-06 -6.965799887726430e-06 3.869974739276881e-06 2.254646060853124e-06
-8.300284317023778e-06 -7.571885773958913e-06 3.966468831436437e-06 2.246111407004549e-06
-9.358004030519724e-06 -8.085010761763405e-06 4.055696321815167e-06 2.213354918833740e-06
-9.436377647791444e-06 -5.533076229009071e-06 4.054511538811302e-06 2.097613678206246e-06
-9.423406223315581e-06 -4.207994392413992e-06 4.052461359512143e-06 2.007693343670467e-06
-9.195029825644607e-06 -6.882102623846899e-06 4.066672950253140e-06 2.165270559746137e-06
-1.050201209247141e-05 -8.467078321554107e-06 4.112720726167462e-06 2.187566182829471e-06
-1.171259158589632e-05 -8.726106674024173e-06 4.124020915297998e-06 2.215420565062623e-06
-1.041690973270923e-05 -5.832145083075340e-06 4.088144806806668e-06 2.113074520861305e-06
-1.051169308696486e-05 -4.639255691244722e-06 4.078767014037395e-06 2.072843666590378e-06
-1.296037711069269e-05 -8.842404444789746e-06 4.105205976349772e-06 2.253045180830079e-06
-1.155012119048638e-05 -6.967395052445806e-06 4.115825563782415e-06 2.142632553737567e-06
-1.169857331115798e-05 -4.889688931336811e-06 4.086546174418502e-06 2.066280202176244e-06
-1.323162948175233e-05 -7.164455616610686e-06 4.137732330951163e-06 2.153445349604254e-06
-1.438036768939450e-05 -8.895841115936119e-06 4.130801033028711e-06 2.257608734467878e-06
-1.294528766042565e-05 -4.956296535427168e-06 4.095047000627118e-06 2.035794787467037e-06
-1.637797639653908e-05 -8.950568806545809e-06 4.201377449130472e-06 2.349887809085799e-06
-1.477858938316966e-05 -6.198306872826264e-06 4.144125695735772e-06 2.126219893550997e-06
-1.437653984612777e-05 -4.905711533100962e-06 4.129574207346276e-06 2.045627651858639e-06
-1.923122854179248e-05 -9.036228386420086e-06 4.488076820589481e-06 2.481028154918910e-06
-1.779493717497474e-05 -6.737377808346773e-06 4.345354354363231e-06 2.199000571654836e-06
-1.637839536405497e-05 -4.838912453920723e-06 4.216705877831973e-06 2.028602985456811e-06
-2.315511653762607e-05 -9.132022436620400e-06 5.145102971025692e-06 2.667890006722534e-06
-2.116611878620925e-05 -6.902567257179147e-06 4.833364943598054e-06 2.251431965440204e-06
-1.923054191018466e-05 -4.761056316351755e-06 4.601848224548435e-06 1.922529305890612e-06
-2.739988724343697e-05 -9.216699422882698e-06 6.062095596851294e-06 2.813827492253883e-06
-2.525173774701847e-05 -6.905118156009443e-06 5.605871063513356e-06 2.284892113796059e-06
-2.315393006183114e-05 -4.674672525449622e-06 5.246029937757823e-06 1.851320511299455e-06
-3.178639724161268e-05 -9.291159640753182e-06 6.993023404056066e-06 2.893725607602111e-06
-2.957022758331298e-05 -6.908173641672951e-06 6.546391912353870e-06 2.313857173273540e-06
-2.739868919845726e-05 -4.596469529675500e-06 6.112627177876402e-06 1.802596215219501e-06
-3.629703711244809e-05 -9.355366070314965e-06 8.034717826976048e-06 2.900678966556964e-06
-3.402208537012076e-05 -6.911122166564777e-06 7.497469225966180e-06 2.336226446972134e-06
-3.178554331155981e-05 -4.528120295215506e-06 6.996073342267945e-06 1.861864740196865e-06
-4.091253137324896e-05 -9.408532062334167e-06 9.020273337698335e-06 2.912914116655533e-06
-3.858846495921795e-05 -6.913948192599738e-06 8.476276048977517e-06 2.360915343133865e-06
-3.629623842446924e-05 -4.469825965213850e-06 7.960140027202436e-06 1.871205315453139e-06
-4.561239065107964e-05 -9.450454901814056e-06 9.960093877474714e-06 2.876149284499540e-06
-4.324959108682335e-05 -6.916462835657102e-06 9.460021316867826e-06 2.387992915993629e-06
-4.091165414239899e-05 -4.422052602836242e-06 8.942884386494610e-06 1.793907990878851e-06
-5.037554927519419e-05 -9.481076571615044e-06 1.087319980240809e-05 2.823117894039059e-06
-4.798460375809719e-05 -6.918525795911634e-06 1.045261324624769e-05 2.383344553946331e-06
-4.561144279870322e-05 -4.384685500686625e-06 9.962758360236606e-06 1.828225461370035e-06
-5.518202395779904e-05 -9.501085853788582e-06 1.174686683811773e-05 2.774229693677456e-06
-5.277278542562308e-05 -6.920140171789219e-06 1.138794239586559e-05 2.349832942623183e-06
-5.037478539354978e-05 -4.357595210094130e-06 1.096996385689460e-05 1.882295700856396e-06
-6.001402184864931e-05 -9.512496166482874e-06 1.255054016149478e-05 2.677723270377057e-06
-5.759482421693952e-05 -6.921429261063744e-06 1.219416750716663e-05 2.288945473289883e-06
-5.518149704629437e-05 -4.340473119006484e-06 1.185448770118636e-05 1.911612203083816e-06
-7.039325694410129e-05 -9.233410494386749e-06 1.383875734734466e-05 2.593903063626454e-06
-6.970499574999104e-05 -9.518485904765481e-06 1.375248682464367e-05 2.627952892773430e-06
-6.218255894643904e-05 -6.922278723214227e-06 1.282192800521010e-05 2.291194733799026e-06
-6.485793736478523e-05 -9.517558031138600e-06 1.317700449426453e-05 2.583631845942666e-06
-6.001370312604604e-05 -4.331301092706030e-06 1.253446921063835e-05 1.959244062752765e-06
-7.067834518330927e-05 -8.545168906474050e-06 1.387379214624995e-05 2.507556967869984e-06
-6.904949833064142e-05 -6.922851396689444e-06 1.364720843577506e-05 2.288055510318244e-06
-6.485777357957180e-05 -4.327587589688020e-06 1.314771340243508e-05 1.979990492644022e-06
-7.067829699841211e-05 -5.300572976275303e-06 1.383228047666214e-05 2.092272937455194e-06
-6.970490401413990e-05 -4.327201896206448e-06 1.370828489072866e-05 1.975902725388191e-06
-7.039319478831149e-05 -4.612296382093560e-06 1.379535764326357e-05 2.009796192785152e-06
