-1.080418668061200e-04 1.516150335787125e-05 -3.626893579890047e-05 4.531163312829531e-06
-1.084674597832898e-04 1.413407033284823e-05 -3.644125645971013e-05 4.122906677654829e-06
-1.084674162645261e-04 9.290621800967167e-06 -3.639526699069962e-05 2.169403148291781e-06
-1.080418236735576e-04 8.263206417693136e-06 -3.621185740730551e-05 1.740445314045242e-06
-1.070144026848396e-04 1.558707517827322e-05 -3.585360429677712e-05 4.697776587348734e-06
-1.050871107424069e-04 1.171234282290243e-05 -3.506522904495358e-05 3.138239634253593e-06
-1.070143690199382e-04 7.837642152598480e-06 -3.577479167307053e-05 1.565272037636917e-06
-9.977946957544093e-05 1.558647607553296e-05 -3.309068568441166e-05 4.636754159457461e-06
-9.977941957934721e-05 7.838127374877019e-06 -3.296595331900623e-05 1.652438555537977e-06
-9.578536109633333e-05 1.171215775514625e-05 -3.141560342364301e-05 3.191750002970155e-06
-9.254630315848609e-05 1.558220935940438e-05 -3.030989755209668e-05 4.678552723545646e-06
-9.254626915608458e-05 7.841838197768970e-06 -3.027097819072006e-05 1.777971590574249e-06
-8.893217181000089e-05 1.171184730408552e-05 -2.882409982931643e-05 3.206274199828368e-06
-8.532468347631770e-05 1.557062729859202e-05 -2.755391180673249e-05 4.674589258715062e-06
-8.532433818600672e-05 7.852535787751141e-06 -2.768684583428529e-05 1.841003595147794e-06
-8.172120440794641e-05 1.171139612468891e-05 -2.624668573041815e-05 3.225354039435065e-06
-7.813207214706215e-05 1.554796894176922e-05 -2.499260906760318e-05 4.583885932606357e-06
-7.813099195988458e-05 7.873818121785542e-06 -2.512399680594460e-05 1.953101975381165e-06
-7.455030279892565e-05 1.171056325677285e-05 -2.380136265755196e-05 3.261371057468402e-06
-7.099205528196877e-05 1.551156719915964e-05 -2.253612287197158e-05 4.570685497954099e-06
-7.099071600909724e-05 7.908560445374153e-06 -2.267903548550178e-05 2.043614975855325e-06
-6.744542335639238e-05 1.170947371846767e-05 -2.150566097663989e-05 3.305718078258942e-06
-6.393096148638697e-05 1.546098049679336e-05 -2.016564507088567e-05 4.614491961326333e-06
-6.392979965763620e-05 7.956645218957642e-06 -2.036088987576133e-05 2.106637108271194e-06
-6.043258557859607e-05 1.170807522906356e-05 -1.926308189082784e-05 3.311272723970199e-06
-5.697457093706862e-05 1.539666809441771e-05 -1.767829796902831e-05 4.585024939373771e-06
-5.697349866538012e-05 8.017624770597577e-06 -1.805428459434774e-05 2.137455590182141e-06
-5.353663621456602e-05 1.170623670901066e-05 -1.701081009617077e-05 3.355960887122746e-06
-5.014794952512147e-05 1.531807448180151e-05 -1.538593953642173e-05 4.539255559363668e-06
-5.014665924683285e-05 8.092152632165672e-06 -1.580129965034037e-05 2.203858765030406e-06
-4.678315983736844e-05 1.170396265023150e-05 -1.481127579933755e-05 3.406102740023635e-06
-4.347735531922673e-05 1.522451553452005e-05 -1.324907509936254e-05 4.558279882137357e-06
-4.347591238277420e-05 8.181080224741306e-06 -1.362128926553550e-05 2.179581950509154e-06
-4.019983596788934e-05 1.170133866747792e-05 -1.258089794478716e-05 3.456760618444627e-06
-3.698989822220225e-05 1.511583882409251e-05 -1.116480429480395e-05 4.580204092664166e-06
-3.698835013159094e-05 8.285023730942336e-06 -1.140189290306551e-05 2.180384551283490e-06
-3.393962857192577e-05 1.169797436821980e-05 -1.029048656955203e-05 3.448428659951740e-06
-3.096172389760855e-05 1.499470840645342e-05 -8.941009392423074e-06 4.751336965570358e-06
-3.095976237522211e-05 8.405208569854701e-06 -9.152380787648849e-06 2.126363403245934e-06
-2.874734186351378e-05 1.194716755832328e-05 -8.171942757683401e-06 3.603574627455857e-06
-2.655531744685404e-05 1.488524201536562e-05 -7.121048444216160e-06 4.905779401418692e-06
-2.655128423521455e-05 8.514052969203493e-06 -7.243492829487772e-06 2.098617701840145e-06
-2.345018373680015e-05 1.479160544249385e-05 -5.772117871295297e-06 4.891043251676415e-06
-2.402791548032058e-05 1.276191835364753e-05 -6.037411599831344e-06 4.004264763822904e-06
-2.344477153767762e-05 8.582493057927840e-06 -5.777927079312397e-06 2.106859493571495e-06
-2.124326764805242e-05 8.655156296668586e-06 -4.793214238777200e-06 2.210010711119807e-06
3.181251153368969e-06 5.105642439009406e-07 3.588961265159714e-07 7.401115601256077e-07
3.245559451692568e-06 3.558709211959381e-07 3.578024509777336e-07 7.357915949421252e-07
3.245187198320559e-06 -2.203469564844516e-07 3.580072984855919e-07 7.370003078095671e-07
3.181203037845955e-06 -3.728850299944322e-07 3.624008816579086e-07 7.392817634909105e-07
-2.123713792292847e-05 1.472626145130432e-05 -4.790693295435581e-06 4.871174539286152e-06
-1.928497515294113e-05 1.455588716855325e-05 -3.918990036074660e-06 4.776230654702143e-06
-2.077376409864898e-05 1.093589992687345e-05 -4.565901629160776e-06 3.250351707767728e-06
-1.926388203177404e-05 8.560430031544790e-06 -3.839608657947652e-06 2.242089730500509e-06
3.027223266244675e-06 5.745560674056681e-07 3.597857474593944e-07 7.438120744246292e-07
2.871874287112252e-06 -5.730406826326217e-08 3.638643042917973e-07 7.387108731879464e-07
3.028524984082812e-06 -4.365232997259189e-07 3.684809917012785e-07 7.392656867038152e-07
-1.864882077869977e-05 1.269665231025787e-05 -3.623019401510251e-06 3.966062541025508e-06
-1.739235784444950e-05 1.415434910803441e-05 -3.077248797306354e-06 4.578696289377634e-06
-1.559878727254055e-05 1.356781091066786e-05 -2.332413678753568e-06 4.310835349657822e-06
-1.806281045095188e-05 1.018731704325887e-05 -3.318608548416111e-06 2.944912678806956e-06
-1.740629135820532e-05 8.155290107261997e-06 -3.043628926903906e-06 2.206578913026294e-06
1.982869567455723e-06 5.911704705041162e-07 2.951450268112836e-07 7.924256531903376e-07
1.982167319079745e-06 -4.542058619760884e-07 3.052352106549521e-07 7.276660888823407e-07
1.441577727506152e-06 6.849925495147381e-08 2.609155723719385e-07 7.773464002493757e-07
-1.392965174276842e-05 1.277674949085117e-05 -1.745987180326485e-06 3.934484772264248e-06
-1.534690178915912e-05 1.168722739833927e-05 -2.226356300085807e-06 3.530247647168899e-06
-1.596029864746778e-05 9.367001865172913e-06 -2.464409580405790e-06 2.693408637511184e-06
-1.570526061286270e-05 7.467962707783929e-06 -2.352479410002265e-06 2.081987185115314e-06
8.563169024797675e-07 6.856934604753186e-07 1.881689375982090e-07 8.551025911706113e-07
8.565422236044841e-07 -5.481708379853921e-07 1.906810499350677e-07 7.640655502300826e-07
1.924591918604468e-07 6.904435164663376e-08 1.493170521861184e-07 8.320460801943444e-07
-1.238437993455135e-05 1.183252325240153e-05 -1.248583682588332e-06 3.531263839643805e-06
-1.100388377229580e-05 1.075070668600269e-05 -8.681526911685224e-07 3.125885655080591e-06
-1.383313184033872e-05 9.013080812110050e-06 -1.734208010206342e-06 2.591407596546605e-06
-1.420359888536085e-05 6.520130584251313e-06 -1.839828642515610e-06 1.886148898348733e-06
-5.673642882921359e-07 8.903269490995268e-07 1.120057433521671e-07 8.711642970220589e-07
-5.672424154431553e-07 -7.516006790398159e-07 1.393147296762888e-07 8.691948376425615e-07
-1.135521994813392e-05 9.118897958568260e-06 -9.842806529134642e-07 2.601011697560373e-06
-9.795380037622108e-06 9.530806984027218e-06 -6.146770927011326e-07 2.708757722906871e-06
-1.193362974334594e-05 7.317445796193585e-06 -1.173169411609572e-06 2.149137130135386e-06
-1.293534126341758e-05 5.381703674221280e-06 -1.469376364202547e-06 1.743005181193912e-06
-1.401573977848687e-06 6.994184835212311e-08 1.134451485060654e-07 9.052314568050742e-07
-2.390870693558211e-06 1.185280326933023e-06 8.966188265326183e-08 1.002836111495197e-06
-2.388888385481172e-06 -1.046795047706472e-06 1.099491636119025e-07 8.917258385612051e-07
-8.740941496523993e-06 8.215581820488201e-06 -4.205594533419580e-07 2.364472061403113e-06
-7.887867117294305e-06 6.852473891723881e-06 -3.141223958713550e-07 2.078036241651284e-06
-7.225016893459806e-06 5.419303564262239e-06 -2.762601516671726e-07 1.807721241133507e-06
-1.076040921173865e-05 5.723957049729341e-06 -8.988597097964416e-07 1.845744295794086e-06
-1.192393494810386e-05 4.109994366400376e-06 -1.151389717442491e-06 1.516461148773315e-06
-3.184502277324068e-06 7.420036247985624e-08 7.739441734982711e-08 9.708365647708021e-07
-4.155610011515654e-06 1.474699151747064e-06 -1.708402438093458e-08 1.145151396182214e-06
-4.155863534111677e-06 -1.347453314833766e-06 -5.984389833296168e-10 8.791581809350038e-07
-8.658312469838443e-06 5.412328750329870e-06 -4.663966690871997e-07 1.791001581045773e-06
-6.728191307246794e-06 3.959693741695813e-06 -2.603607904741564e-07 1.593724140228427e-06
-5.745465124851935e-06 1.718943566828827e-06 -1.515037172882564e-07 1.216228668616970e-06
-6.202312475275121e-06 1.967648896992934e-06 -2.205931587404862e-07 1.273805416374125e-06
-6.439288684903102e-06 2.479970213162468e-06 -2.557984148482310e-07 1.368658236672971e-06
-9.947545503337490e-06 3.925384744257438e-06 -7.124394979623349e-07 1.518071275015621e-06
-1.117013240294491e-05 2.763650323139596e-06 -9.246536435417097e-07 1.363203322554716e-06
-5.027439526799904e-06 2.809002982190284e-07 -8.941892431386954e-08 1.049605519296090e-06
-5.768000740438447e-06 -1.565231791812894e-06 -1.680441032557050e-07 8.537004583357686e-07
-7.722766224078973e-06 2.931547244293868e-06 -4.065748954991839e-07 1.428344332496449e-06
-6.242167594367470e-06 9.748788314314095e-07 -2.223991680058706e-07 1.124237632055142e-06
-6.783916537331033e-06 1.790454886869999e-06 -3.043214668516456e-07 1.257818433336801e-06
-9.373357725987539e-06 2.348086749419802e-06 -6.196438937264306e-07 1.330206872305335e-06
-1.069500805826532e-05 1.402649407504520e-06 -7.901631847898978e-07 1.193468972051547e-06
-6.288644860959979e-06 -6.205197810232903e-07 -2.253146805399381e-07 9.543844793674374e-07
-6.233289401314332e-06 -1.802950184914302e-06 -2.001134890084287e-07 8.309283848676691e-07
-8.029809058955489e-06 6.296297108658442e-07 -4.378672418715027e-07 1.101456987177288e-06
-1.052394494501555e-05 5.165836424838249e-08 -7.283385465706302e-07 1.077411787765157e-06
-1.063048193361959e-05 -1.266409228287464e-06 -7.320125349104994e-07 9.073371737661503e-07
-7.239255351732248e-06 -1.487065526444802e-06 -3.294224075312769e-07 8.736435287636856e-07
-6.506117216135454e-06 -2.309304467823328e-06 -2.197293076246709e-07 7.782433817143646e-07
-6.844228132680609e-06 -3.699791799581454e-06 -2.691962300876510e-07 6.210098772947775e-07
-9.316333531582744e-06 -1.440280120275316e-06 -5.635753367806412e-07 8.809454366915421e-07
-7.342378505859118e-06 -5.039021823502802e-06 -3.542109704328943e-07 4.965114603531277e-07
-1.101574509534441e-05 -2.592888387776792e-06 -7.757859850574963e-07 7.394160698002561e-07
-8.102188543827799e-06 -3.750988353533057e-06 -4.557240662014288e-07 6.260611886915416e-07
-9.947562235174712e-06 -3.855547003057814e-06 -6.466152497222391e-07 6.162236093081229e-07
-7.995487804605183e-06 -6.313550901386091e-06 -4.258752052968588e-07 3.929289115206517e-07
-1.164734450580108e-05 -3.857466995893202e-06 -8.282459234439449e-07 6.093246686731437e-07
-1.110552108823786e-05 -5.098937294702020e-06 -7.423699154003694e-07 5.062867835596530e-07
-9.839754305756976e-06 -5.874010679759763e-06 -5.985442579655391e-07 4.480587252592747e-07
-8.793981778300059e-06 -7.522481545014759e-06 -5.059817785523466e-07 2.691049625915363e-07
-9.741456480989171e-06 -8.645149793876475e-06 -5.815094038345527e-07 1.579062783748069e-07
-1.251252317316253e-05 -5.020871840728724e-06 -8.670196705050141e-07 5.087121655124388e-07
-1.187799252414265e-05 -6.486927870379446e-06 -7.803579046994408e-07 3.635412737664934e-07
-1.113286422598446e-05 -8.198235447822367e-06 -6.871510853584977e-07 1.903838402892139e-07
-1.081574137892557e-05 -9.666632963380082e-06 -6.635203253391241e-07 3.124886386701025e-08
-1.358149913538280e-05 -6.039001307639158e-06 -9.609393559485121e-07 3.813562114015780e-07
-1.325443853548517e-05 -8.186522093671834e-06 -9.101068128790438e-07 1.788968900244329e-07
-1.201433268725941e-05 -1.056191167184736e-05 -7.693289504516705e-07 -9.271158549910358e-08
-1.332508171483380e-05 -1.132488914365914e-05 -9.031510843611728e-07 -1.967067458285829e-07
-1.472365618872268e-05 -1.194465272646232e-05 -1.057029030797078e-06 -2.784490997092567e-07
-1.483984654639984e-05 -8.646108865754321e-06 -1.039364226828960e-06 1.152971457015821e-07
-1.482972921146562e-05 -6.876310397114458e-06 -1.034049835763810e-06 2.966315280709113e-07
-1.452492768241229e-05 -1.040936342147812e-05 -1.028697319142489e-06 -9.285865923870892e-08
-1.619972441593421e-05 -1.239819208883412e-05 -1.244218201850040e-06 -3.375973608877092e-07
-1.773258854178909e-05 -1.268575617300735e-05 -1.402446510466032e-06 -3.904346562187762e-07
-1.610789910389529e-05 -9.040903749887155e-06 -1.177129472326637e-06 5.407983538529792e-08
-1.622694708786494e-05 -7.491598213713488e-06 -1.172090805776359e-06 2.379106567625153e-07
-1.929579060048385e-05 -1.279568648087979e-05 -1.575984862475940e-06 -4.213012665398764e-07
-1.754920020611227e-05 -1.048492475671441e-05 -1.370413432846187e-06 -1.496232452168101e-07
-1.772902336175756e-05 -7.861363595897183e-06 -1.358934560637997e-06 2.046087742769226e-07
-1.963979808388141e-05 -1.072159658127573e-05 -1.648705696543792e-06 -1.826780398150586e-07
-2.103826684533367e-05 -1.282031452470015e-05 -1.793661456413621e-06 -3.931195063008867e-07
-1.928916084990637e-05 -7.976935049286571e-06 -1.580489784718504e-06 1.876804987775813e-07
-2.345648197900751e-05 -1.284491516406249e-05 -2.085152952022118e-06 -3.909310193434943e-07
-2.153780634478767e-05 -9.536768812027436e-06 -1.895929060601896e-06 -5.686937438741562e-08
-2.103696326808557e-05 -7.952187124195046e-06 -1.818312819504356e-06 1.569860799097696e-07
-2.682944942634999e-05 -1.288186102116352e-05 -2.383263408185178e-06 -3.684377054824349e-07
-2.514985448478788e-05 -1.019093696668926e-05 -2.283706983864502e-06 -1.564578571440855e-07
-2.345722444069355e-05 -7.919968306202669e-06 -2.097388326807815e-06 8.956388885870579e-08
-3.134804816960577e-05 -1.291873165086743e-05 -2.623481519330698e-06 -3.212267671503743e-07
-2.907817852213586e-05 -1.038411224427759e-05 -2.554293605522673e-06 -1.914592375259656e-07
-2.682956275436271e-05 -7.884242810703534e-06 -2.432304851754863e-06 -7.653980524209784e-09
-3.611261329675284e-05 -1.294445629221859e-05 -2.689842965164063e-06 -2.868774993218555e-07
-3.372238085187971e-05 -1.038376359359790e-05 -2.666350264758927e-06 -2.073193477332667e-07
-3.134796056333787e-05 -7.848697927919429e-06 -2.603572234150602e-06 -1.161850180334926e-07
-4.091494137899950e-05 -1.296065748864371e-05 -2.701533247480588e-06 -2.522778653989581e-07
-3.850880978677932e-05 -1.038360092462345e-05 -2.716387928881485e-06 -2.346531966303093e-07
-3.611256083529338e-05 -7.822787313193948e-06 -2.632876829361959e-06 -2.026778854473018e-07
-4.573928044372886e-05 -1.296940776950310e-05 -2.608976303309712e-06 -2.002450662721804e-07
-4.332441597584985e-05 -1.038353098047276e-05 -2.678002540976141e-06 -2.708475036116548e-07
-4.091488644208818e-05 -7.806426729121329e-06 -2.658800691053048e-06 -3.155854280427624e-07
-5.057345645768538e-05 -1.297210070933508e-05 -2.400131031136904e-06 -1.107598444192645e-07
-4.815546264869074e-05 -1.038353960116851e-05 -2.531162498426164e-06 -2.969196355663157e-07
-4.573911443926261e-05 -7.797690970134870e-06 -2.595739549212392e-06 -3.755667005251998e-07
-5.540740255358603e-05 -1.297018713912280e-05 -1.963561016850446e-06 -2.833412511334181e-08
-5.299097090742234e-05 -1.038350367216552e-05 -2.209520029639147e-06 -3.457858347453901e-07
-5.057316118831497e-05 -7.794957602042379e-06 -2.367599619021572e-06 -5.139849385601837e-07
-6.023334676156090e-05 -1.296515968567751e-05 -1.372031755888818e-06 -3.308701840613380e-08
-5.782195730854914e-05 -1.038355568772314e-05 -1.686318724968353e-06 -3.436469722751029e-07
-5.540704497345272e-05 -7.796832417328754e-06 -1.940004608496043e-06 -6.123409490272829e-07
-6.504722606124247e-05 -1.295926453187842e-05 -7.316260845011730e-07 -4.158301916613603e-08
-6.264220216183706e-05 -1.038371433138521e-05 -1.043918528239845e-06 -3.547698118703759e-07
-6.023302887340001e-05 -7.801958038380324e-06 -1.323766133701210e-06 -6.838335212001151e-07
-6.985047695828094e-05 -1.295484943726763e-05 -1.117980610694147e-07 -8.057088828860660e-08
-6.745025698306185e-05 -1.038382357420522e-05 -3.935959987075988e-07 -3.778986926478185e-07
-6.504712563791927e-05 -7.808147197430320e-06 -6.644609702671773e-07 -7.096858526027208e-07
-8.012026552296632e-05 -1.266989085728044e-05 1.118572821247239e-06 -1.412787799650331e-07
-7.943942748927901e-05 -1.295192105230979e-05 1.035071514844199e-06 -1.073646168297477e-07
-7.199933874841578e-05 -1.038412305740208e-05 1.734492336657376e-07 -3.979361508749124e-07
-7.464623429983465e-05 -1.295239810987274e-05 4.920257365595894e-07 -1.036457358506248e-07
-6.985016347042917e-05 -7.813129271215431e-06 -7.782764297478329e-08 -7.075672204882140e-07
-8.040227125848789e-05 -1.198902110175676e-05 1.153611407428237e-06 -2.250668509227524e-07
-7.879131383046519e-05 -1.038423450816193e-05 9.583616780268591e-07 -4.233867817702914e-07
-7.464608669536550e-05 -7.815915502321617e-06 5.012530857753534e-07 -7.069795488884410e-07
-8.040212361027000e-05 -8.779527778850144e-06 1.156026177434293e-06 -6.261845375519398e-07
-7.943925814947297e-05 -7.816627126452757e-06 1.040144974021813e-06 -7.401047727540452e-07
-8.012010551088617e-05 -8.098659372546563e-06 1.122376090149589e-06 -7.070296910245402e-07
