6.817897999569609e-05 -9.390379840384140e-06 1.589081323332611e-05 -2.675104096315992e-06
6.845691610896795e-05 -8.719415182553345e-06 1.594630828648407e-05 -2.557785411676828e-06
6.845678363864419e-05 -5.556343175085207e-06 1.607800798424696e-05 -2.070035157625415e-06
6.817882849656004e-05 -4.885354536171933e-06 1.603875202486820e-05 -1.960709085969154e-06
6.750798639648802e-05 -9.668294398284096e-06 1.576764297363613e-05 -2.723889082104767e-06
6.624930495660398e-05 -7.137842999002789e-06 1.566770364236663e-05 -2.340717579660523e-06
6.750780546910335e-05 -4.607427068504409e-06 1.593593430193017e-05 -1.914982245692053e-06
6.278339035192481e-05 -9.667679958300535e-06 1.501472687125585e-05 -2.730146703990094e-06
6.278302930864331e-05 -4.607715177729902e-06 1.520438528624369e-05 -1.941645753078399e-06
6.017476163821199e-05 -7.137550681373832e-06 1.473167839059056e-05 -2.288569521289284e-06
5.805944050113012e-05 -9.665063654766582e-06 1.426211923038354e-05 -2.679415314315550e-06
5.805914166481416e-05 -4.609719088707237e-06 1.453906694050877e-05 -1.923181192931735e-06
5.569867090164794e-05 -7.137083684488345e-06 1.406530434940017e-05 -2.307945656621355e-06
5.334225712201161e-05 -9.657299013041484e-06 1.335904102519175e-05 -2.747226743230999e-06
5.334249541887427e-05 -4.616403512851234e-06 1.374182983892187e-05 -1.888363242431394e-06
5.098880891971438e-05 -7.136682503228947e-06 1.330050621852113e-05 -2.275470856329140e-06
4.864443387410239e-05 -9.642011155318684e-06 1.238903140658440e-05 -2.710968234032927e-06
4.864485793118869e-05 -4.630922105359234e-06 1.296170080735228e-05 -1.857228008355350e-06
4.630595320396941e-05 -7.136286030341331e-06 1.251404415266946e-05 -2.272817541722047e-06
4.398230694270494e-05 -9.617584788517662e-06 1.171492440431858e-05 -2.570699667828677e-06
4.398278257471898e-05 -4.654682311577655e-06 1.223393750776097e-05 -1.894164019349505e-06
4.166777744961919e-05 -7.135867851976654e-06 1.184090948059527e-05 -2.281826046218484e-06
3.937412820690239e-05 -9.583457899538249e-06 1.133877916979966e-05 -2.512875600254299e-06
3.937455481402731e-05 -4.687937450442192e-06 1.164599331587072e-05 -1.904245903504340e-06
3.709249936478432e-05 -7.135374020929096e-06 1.122916744062980e-05 -2.309731722425500e-06
3.483770261127390e-05 -9.539510959649582e-06 1.095506949611143e-05 -2.632421070110837e-06
3.483796694723488e-05 -4.730701400110541e-06 1.102385373908515e-05 -1.885836009174975e-06
3.259748527703333e-05 -7.134849451938965e-06 1.054775116087881e-05 -2.303233818628990e-06
3.039112756380127e-05 -9.484851878919981e-06 1.033408012801345e-05 -2.732575343000191e-06
3.039128937168872e-05 -4.784504186506105e-06 1.025455075373372e-05 -1.792931367516452e-06
2.820253472101808e-05 -7.134475718512337e-06 9.663845629228971e-06 -2.292684892610603e-06
2.605598072306743e-05 -9.417497866633640e-06 9.315851187921813e-06 -2.769494497217078e-06
2.605633499342294e-05 -4.851303403365308e-06 9.257614837021117e-06 -1.726418160284839e-06
2.393158078384492e-05 -7.134226495156494e-06 8.644181237814362e-06 -2.264117324760029e-06
2.185834353563178e-05 -9.334651282646136e-06 8.181119884892944e-06 -2.808135719267630e-06
2.185849300580595e-05 -4.933826457277791e-06 8.137480499424519e-06 -1.643597243255316e-06
1.989383789251739e-05 -7.133173403274741e-06 7.574221026333264e-06 -2.245567549618145e-06
1.798717671432330e-05 -9.237165163680336e-06 7.066498683691644e-06 -2.805412941727059e-06
1.798680460978354e-05 -5.033701404697385e-06 7.052831886465110e-06 -1.648894017019491e-06
1.657378813534136e-05 -7.291807713724145e-06 6.625602136487983e-06 -2.268103203222108e-06
1.518821673535427e-05 -9.145967854943259e-06 6.283225584711986e-06 -2.730667747768519e-06
1.518557415780396e-05 -5.126816668924032e-06 6.263254645187719e-06 -1.674053273406078e-06
1.323808154207441e-05 -9.066526154603160e-06 5.776625386801670e-06 -2.699670904558406e-06
1.359408984050947e-05 -7.801703382062166e-06 5.860143795647778e-06 -2.374211142926528e-06
1.323389966406143e-05 -5.186177621676492e-06 5.765765564324859e-06 -1.681206370891894e-06
1.186410701247439e-05 -5.249545669580627e-06 5.419021153984457e-06 -1.677078213026247e-06
-1.637495139881392e-06 -8.317884284184787e-07 -1.033273230473782e-06 6.821935977408095e-07
-1.670531951136928e-06 -7.521044305739442e-07 -1.050357863220552e-06 7.244593390629282e-07
-1.670224457226923e-06 -4.560998356362280e-07 -1.053966777175364e-06 8.757492090913595e-07
-1.637381970261078e-06 -3.779098082351750e-07 -1.037721825948815e-06 9.178126606641251e-07
1.185842927513607e-05 -9.010585272087324e-06 5.447715235615033e-06 -2.698526094810009e-06
1.065611542057319e-05 -8.891216319522043e-06 5.154821145001872e-06 -2.667667382777851e-06
1.156561538651951e-05 -6.663428650627826e-06 5.358499965250943e-06 -2.074260783315615e-06
1.063675869349868e-05 -5.210901972004564e-06 5.131109006406985e-06 -1.633163273841564e-06
-1.558209984177367e-06 -8.648837339500083e-07 -9.924202025978854e-07 6.640619336577300e-07
-1.478546787284742e-06 -5.404136765503889e-07 -9.568614463453087e-07 8.321653807461722e-07
-1.559084720067660e-06 -3.454923759648353e-07 -9.979254883720695e-07 9.363522015242727e-07
1.025980873038021e-05 -7.742947005987032e-06 5.054364254524709e-06 -2.362457723159564e-06
9.499142491033678e-06 -8.626837807772351e-06 4.837648040653068e-06 -2.608498149648142e-06
8.415479759633161e-06 -8.256382414473462e-06 4.524095889839581e-06 -2.512749934530304e-06
9.898798521126269e-06 -6.210177240002670e-06 4.960731389264904e-06 -1.911479215680131e-06
9.500361602345662e-06 -4.987621907669072e-06 4.877276028982970e-06 -1.538238016531825e-06
-1.021550717066492e-06 -8.748938515022570e-07 -7.010286777658006e-07 6.174795582986712e-07
-1.021640243055067e-06 -3.377918948617335e-07 -7.018907121401203e-07 9.465801015868727e-07
-7.435768107312885e-07 -6.070663628543367e-07 -5.108456645014962e-07 7.792162075272651e-07
7.421390554989237e-06 -7.761140664935375e-06 4.224614240054154e-06 -2.387948978215646e-06
8.258521884496975e-06 -7.113515101128036e-06 4.489174156506697e-06 -2.187783975423997e-06
8.626589907398618e-06 -5.720674499543769e-06 4.622019333022380e-06 -1.764571605457897e-06
8.470791283368226e-06 -4.600232787189551e-06 4.599893112255255e-06 -1.355680969476006e-06
-4.426413672688505e-07 -9.246318697005630e-07 -3.057903483268897e-07 5.846464266860576e-07
-4.431049998106078e-07 -2.910316765981127e-07 -2.836437429550079e-07 1.035139389045206e-06
-1.019752993022255e-07 -6.084935694154442e-07 -4.972353400442602e-08 8.407673120853865e-07
6.510329828074059e-06 -7.183542667236763e-06 3.942806588364112e-06 -2.247809800661920e-06
5.712122160168477e-06 -6.533908847311433e-06 3.601055725664416e-06 -2.022048129737851e-06
7.358772873455522e-06 -5.513065374040516e-06 4.233115365335776e-06 -1.687396938781381e-06
7.571832604924531e-06 -4.061093146905656e-06 4.312793074042096e-06 -1.077561750961148e-06
2.878236597484919e-07 -1.029728906663867e-06 2.675863741415723e-07 5.111108790196605e-07
2.875769294915430e-07 -1.883793901672702e-07 2.310903292904116e-07 1.161176347649525e-06
5.916146090278798e-06 -5.571296268012283e-06 3.671541284490112e-06 -1.673871375751645e-06
5.027482182864800e-06 -5.808018844529335e-06 3.322999991993631e-06 -1.759766743589530e-06
6.247808128343578e-06 -4.527850900399388e-06 3.790658946063981e-06 -1.251049708176310e-06
6.820473607645503e-06 -3.422124320065077e-06 4.040041310991683e-06 -7.615654592507373e-07
7.150773308374634e-07 -6.096916286488949e-07 6.024074103598319e-07 8.224451670195142e-07
1.221383080588353e-06 -1.180265647722781e-06 9.565976136398464e-07 4.313996175057987e-07
1.220138977880960e-06 -3.887298790506204e-08 9.876043858880609e-07 1.224256488343672e-06
4.436363294642488e-06 -5.038921765351703e-06 3.076958706003762e-06 -1.468884041359248e-06
3.975429107187104e-06 -4.262124786554808e-06 2.815271709065556e-06 -1.120489464907184e-06
3.632133090839853e-06 -3.454114178455823e-06 2.606969023992668e-06 -7.500185862741007e-07
5.579236958961249e-06 -3.619606314478198e-06 3.524005614524035e-06 -8.547336308216892e-07
6.226284096711181e-06 -2.721663081003651e-06 3.831053824548938e-06 -3.938648048984861e-07
1.627150289310680e-06 -6.124628601048872e-07 1.245249647435691e-06 8.313168490257997e-07
2.123119964119748e-06 -1.327329906375741e-06 1.583716585857236e-06 3.404188909754526e-07
2.123448428262525e-06 1.139271471407253e-07 1.575449675134865e-06 1.310763168399853e-06
4.409811576395247e-06 -3.445686297355367e-06 2.999477361520692e-06 -7.564549239892805e-07
3.381620906431013e-06 -2.648253985468650e-06 2.452689581784959e-06 -3.522420547783732e-07
2.925344207821189e-06 -1.450485020395821e-06 2.115348731637375e-06 3.129012376485193e-07
3.149437715576058e-06 -1.579317614276057e-06 2.264337982537901e-06 2.429750081906264e-07
3.258135568379369e-06 -1.849066068372191e-06 2.346059109655891e-06 8.450369312019572e-08
5.120350608207618e-06 -2.621698891930666e-06 3.327668400440166e-06 -3.400155740255842e-07
5.780626651104887e-06 -1.995278465484368e-06 3.671885873262331e-06 -1.274494055974307e-10
2.567741416393274e-06 -7.187793813838830e-07 1.891058276970238e-06 7.715698518760524e-07
2.956543862129332e-06 2.258230679091520e-07 2.130203138926402e-06 1.370065812955291e-06
3.923273389597624e-06 -2.085028572664281e-06 2.733046367569390e-06 -5.782495080669480e-08
3.179037910177027e-06 -1.068782290548167e-06 2.275809079867433e-06 5.635545470951169e-07
3.445243325594039e-06 -1.486875507176288e-06 2.446264772397686e-06 3.029335957877385e-07
4.804850225261268e-06 -1.772693980127808e-06 3.191719005523558e-06 1.100103289009602e-07
5.492387374867703e-06 -1.279345808815829e-06 3.588983280119423e-06 3.967308683603597e-07
3.219344222231584e-06 -2.538494672979726e-07 2.279001057641039e-06 1.075544222132110e-06
3.204383171818318e-06 3.457937072417825e-07 2.241375872804079e-06 1.435716066619133e-06
4.097294121104377e-06 -8.766050601557676e-07 2.799665796199564e-06 6.593618203196563e-07
5.379302644154352e-06 -5.825585993384889e-07 3.563834025164242e-06 8.371593045561186e-07
5.395814738705543e-06 8.016105865823474e-08 3.632276563474652e-06 1.251268507850101e-06
3.713325352313564e-06 1.911313286073971e-07 2.523243625955491e-06 1.331042128777984e-06
3.353384364863971e-06 5.945293511303150e-07 2.292531334087954e-06 1.588686045162899e-06
3.544575811872200e-06 1.263941490946408e-06 2.349123258844016e-06 2.051210709747484e-06
4.747267511893558e-06 1.775773883860097e-07 3.204183413345373e-06 1.297000897026274e-06
3.811200747508085e-06 1.884796847541016e-06 2.470881243088351e-06 2.540210888964615e-06
5.550269176716171e-06 7.389732492582752e-07 3.789931899056959e-06 1.651637860747788e-06
4.159801894574384e-06 1.296083380713933e-06 2.748935279082406e-06 2.056201644302614e-06
5.036605199309426e-06 1.344919211999538e-06 3.420164702074612e-06 2.070516906192456e-06
4.135831987971627e-06 2.465290052092403e-06 2.694393196567324e-06 3.028595590161680e-06
5.814344425602694e-06 1.345535535666186e-06 4.041478548974454e-06 2.046314771663178e-06
5.558263586110766e-06 1.920620539971149e-06 3.850348724276262e-06 2.515791187603677e-06
4.988401327514033e-06 2.270799792848581e-06 3.361952335746227e-06 2.852456751910083e-06
4.519949360164830e-06 2.993911638632260e-06 2.967602977238113e-06 3.507816105685245e-06
4.952002114106592e-06 3.468875566329516e-06 3.305966997860282e-06 3.998538781469792e-06
6.171705773670982e-06 1.891020530235936e-06 4.440928101750831e-06 2.458972654736230e-06
5.892201522283126e-06 2.539859270347418e-06 4.174182872676540e-06 3.076770568832649e-06
5.568650121170218e-06 3.275367954313284e-06 3.849435013413287e-06 3.810640002930459e-06
5.432342161270202e-06 3.884713342637100e-06 3.706987352024319e-06 4.497264087807369e-06
6.610205678137774e-06 2.355388886520819e-06 4.959252406240527e-06 2.847865858904668e-06
6.470069839824583e-06 3.265361088548782e-06 4.801723510721550e-06 3.797051903882899e-06
5.948770391027727e-06 4.242132419481364e-06 4.200330190841956e-06 4.949162872243018e-06
6.492639180845268e-06 4.533542259237156e-06 4.821418980058300e-06 5.361153313938825e-06
7.060892774267315e-06 4.755668552978954e-06 5.528641452313465e-06 5.743587534367027e-06
7.113758767757526e-06 3.454401018553134e-06 5.590953893329450e-06 3.999444699156572e-06
7.112521445755063e-06 2.726227184352579e-06 5.583666800300509e-06 3.165994160777906e-06
6.988573979293076e-06 4.160187891266167e-06 5.410441393257701e-06 4.893215157548521e-06
7.642111422742549e-06 4.913642827979114e-06 6.334080295379283e-06 6.026787164605266e-06
8.229471856194070e-06 5.002078301501012e-06 7.190384788033285e-06 6.206281695847973e-06
7.614706582642055e-06 3.615318316509895e-06 6.268429593793276e-06 4.183528151379828e-06
7.659309461690032e-06 3.000254440485601e-06 6.334554250841997e-06 3.397780664675344e-06
8.819063941836509e-06 5.024100730301218e-06 8.062949471092943e-06 6.274633369779333e-06
8.171273191653661e-06 4.173142691370786e-06 7.072055927670745e-06 4.956537853025505e-06
8.234959670102734e-06 3.171861544525237e-06 7.170415598117777e-06 3.533645666988142e-06
8.950869782016902e-06 4.257731573166512e-06 8.240287494802327e-06 5.090751337745513e-06
9.455300006000680e-06 5.010223921717875e-06 9.038945881670149e-06 6.272579751226885e-06
8.822758576974320e-06 3.234516199737748e-06 8.032624214020834e-06 3.563412818827376e-06
1.031870333116960e-05 4.996115467380192e-06 1.038458685564920e-05 6.206480052706539e-06
9.643545068379091e-06 3.826219044186690e-06 9.335889370327448e-06 4.394460185678035e-06
9.456130601390053e-06 3.248027515976081e-06 9.048153813145647e-06 3.527829485445550e-06
1.147606061033627e-05 4.974435452260131e-06 1.220758947996120e-05 6.195722095105540e-06
1.090985465497738e-05 4.062732206366824e-06 1.130451144147516e-05 4.718178513099590e-06
1.031838761042277e-05 3.265942644915896e-06 1.038458423231397e-05 3.525226756136010e-06
1.296317776089385e-05 4.952428824521078e-06 1.462708019076501e-05 6.211189009909951e-06
1.222603073653983e-05 4.129813209485565e-06 1.341259068630223e-05 4.810667753605373e-06
1.147607029548498e-05 3.286534452857218e-06 1.223793608020293e-05 3.475306827413731e-06
1.447919841502710e-05 4.937636126248558e-06 1.733432339750308e-05 6.261584094059326e-06
1.372591834955032e-05 4.129922706518084e-06 1.593196062823051e-05 4.793808670254382e-06
1.296329375627650e-05 3.307475452949821e-06 1.465138721328298e-05 3.389601641154429e-06
1.597528902411102e-05 4.931465242898415e-06 2.025944404347894e-05 6.371252900505996e-06
1.522927019163306e-05 4.129892128295477e-06 1.875022126036497e-05 4.777834906666633e-06
1.447939369479887e-05 3.322248558889959e-06 1.734397626769907e-05 3.303482132289606e-06
1.746849797075968e-05 4.934643103567529e-06 2.324123360717637e-05 6.393215106685330e-06
1.672080801739462e-05 4.129870872773991e-06 2.172971971436429e-05 4.768842089388949e-06
1.597529020199344e-05 3.328427433353989e-06 2.024548908686768e-05 3.199375487302867e-06
1.897634764355263e-05 4.946274764017109e-06 2.623843474906483e-05 6.369256941416203e-06
1.821843580999582e-05 4.129877564935463e-06 2.475540222756922e-05 4.754467721505377e-06
1.746830046939072e-05 3.325233509331188e-06 2.327239006989586e-05 3.128872774787563e-06
2.051437519564639e-05 4.964198654133823e-06 2.933836108600450e-05 6.469182090716918e-06
1.973924322164091e-05 4.129690718972003e-06 2.776872485155263e-05 4.726437922905770e-06
1.897615367777429e-05 3.313265495740385e-06 2.629908585370572e-05 3.136294706959001e-06
2.209191692326854e-05 4.984505887537316e-06 3.274940250643216e-05 6.707579245173770e-06
2.129633802554871e-05 4.129383033317264e-06 3.097753530800580e-05 4.730542708650217e-06
2.051440968181032e-05 3.294796760502581e-06 2.941253777325727e-05 3.019398716604182e-06
2.370850465342150e-05 5.002724689909985e-06 3.660254277670956e-05 6.784426084563587e-06
2.289426910254471e-05 4.129223063678595e-06 3.460970376081127e-05 4.709422724128135e-06
2.209199905731643e-05 3.274019073252194e-06 3.279451516814073e-05 2.785519621760738e-06
2.535597269595218e-05 5.015758551086849e-06 4.066024681180130e-05 6.820786413953004e-06
2.452814245839733e-05 4.129000314743407e-06 3.861335322516939e-05 4.700951887113917e-06
2.370872472054696e-05 3.255534250004625e-06 3.658854155357269e-05 2.597670090942211e-06
2.893218013473303e-05 4.925818325479659e-06 4.915488975215933e-05 6.524244677761275e-06
2.869478523425281e-05 5.024112204355829e-06 4.859624199875212e-05 6.756197750784094e-06
2.610027132361918e-05 4.128912118409149e-06 4.249182497435289e-05 4.687020201391665e-06
2.702201763254593e-05 5.022558307838001e-06 4.468008363534190e-05 6.831747753587368e-06
2.535590981551143e-05 3.242226378078658e-06 4.068899608395883e-05 2.518113228679695e-06
2.903051412984455e-05 4.688479792653547e-06 4.938840319099122e-05 5.965931157277932e-06
2.846833246809222e-05 4.128851716321198e-06 4.810279302382152e-05 4.673602125116317e-06
2.702192612369915e-05 3.235132751535843e-06 4.471675680272357e-05 2.544458485394761e-06
2.903038829004020e-05 3.569295073681450e-06 4.944051254333620e-05 3.351756019667481e-06
2.869464998940666e-05 3.233674416997625e-06 4.865134656154645e-05 2.556210523599890e-06
2.893204629904168e-05 3.331965986551614e-06 4.921064682796207e-05 2.789732185194914e-06
