-8.476194629986149e-05 1.271787105804326e-05 4.477235249649158e-05 -5.033924302983103e-06
-8.509149496624827e-05 1.192242542859723e-05 4.498261193957183e-05 -4.521915673450895e-06
-8.509134314894665e-05 8.172339854756612e-06 4.484657057044018e-05 -2.119374776830094e-06
-8.476177818010804e-05 7.376894146504753e-06 4.461419384465730e-05 -1.578524160179007e-06
-8.396637707125871e-05 1.304732719901415e-05 4.426060246369828e-05 -5.244041422564267e-06
-8.247381160732554e-05 1.004736344681430e-05 4.325270749118552e-05 -3.288891404325555e-06
-8.396619222986220e-05 7.047438558979725e-06 4.406536079597721e-05 -1.355432209166803e-06
-7.836456225855522e-05 1.304547011700148e-05 4.078184644611656e-05 -5.161637978878667e-06
-7.836433369268131e-05 7.049310403962709e-06 4.053426523108200e-05 -1.403088535311321e-06
-7.527394121872843e-05 1.004740432826073e-05 3.858017582231292e-05 -3.343746330620679e-06
-7.276992182669027e-05 1.303873576171671e-05 3.734211237627447e-05 -5.202624014772034e-06
-7.277002130620350e-05 7.056581664660783e-06 3.698209880876341e-05 -1.516115347737043e-06
-6.997782954017517e-05 1.004749175709241e-05 3.526613377309471e-05 -3.293627371880340e-06
-6.719355431467533e-05 1.302580002446398e-05 3.389303635593430e-05 -5.203507316636290e-06
-6.719387798585374e-05 7.069418234805854e-06 3.368850315735341e-05 -1.539974335920278e-06
-6.441436371440905e-05 1.004751711553672e-05 3.185963921665630e-05 -3.390195120051902e-06
-6.164646478091784e-05 1.300688616548927e-05 3.054105354096080e-05 -5.126925007687098e-06
-6.164670442704222e-05 7.088031273708728e-06 3.032465516909746e-05 -1.752940996293356e-06
-5.888538659664562e-05 1.004734521039193e-05 2.862903519348185e-05 -3.464384981967253e-06
-5.613963802082455e-05 1.298105545331909e-05 2.745430085844643e-05 -5.118552188419985e-06
-5.613974366055046e-05 7.113141528635138e-06 2.714900905272675e-05 -1.813285347976852e-06
-5.340291170601620e-05 1.004685918975953e-05 2.558240766019056e-05 -3.549457653437425e-06
-5.068703298762091e-05 1.294623692280693e-05 2.457977113956086e-05 -5.130359061422683e-06
-5.068705858263271e-05 7.146525290795590e-06 2.409397143630520e-05 -1.905329999730157e-06
-4.798311447065914e-05 1.004598904890953e-05 2.266890124599383e-05 -3.553935778128723e-06
-4.530683114954555e-05 1.290065446143507e-05 2.161844711646748e-05 -5.141030054501302e-06
-4.530672178677689e-05 7.190082333908712e-06 2.122415433365227e-05 -2.092824902868763e-06
-4.264616717636747e-05 1.004487973480581e-05 1.985252911746996e-05 -3.567898246238276e-06
-4.002055490833185e-05 1.284347073252199e-05 1.850164860668492e-05 -5.178901329092620e-06
-4.002024245521364e-05 7.245059579619087e-06 1.850175638128418e-05 -2.192318885714043e-06
-3.741405702828387e-05 1.004369701957756e-05 1.708351714432357e-05 -3.613459250831094e-06
-3.484958865041057e-05 1.277538257099064e-05 1.546678270288953e-05 -5.196807766241602e-06
-3.484934671450669e-05 7.310888311315264e-06 1.583877199454792e-05 -2.231712583252781e-06
-3.230727010530301e-05 1.004247297760784e-05 1.443864335089605e-05 -3.690134892408682e-06
-2.981277259685053e-05 1.269732466317338e-05 1.279466476639116e-05 -5.137379965163050e-06
-2.981245479257552e-05 7.386807279551966e-06 1.318538903373325e-05 -2.322701082730194e-06
-2.744156389023889e-05 1.004083487482737e-05 1.186174312202473e-05 -3.751865379760061e-06
-2.512112165146905e-05 1.261185604481549e-05 1.032004586396325e-05 -5.174910181233336e-06
-2.512048635189859e-05 7.473081093546049e-06 1.061052108442094e-05 -2.365625157995201e-06
-2.339508001567518e-05 1.023662409477601e-05 9.545350779671532e-06 -3.921907570583787e-06
-2.168067772076282e-05 1.253557924247816e-05 8.521386189221317e-06 -5.189249170291754e-06
-2.167838992406807e-05 7.550341453332374e-06 8.635918035246785e-06 -2.352660676514215e-06
-1.924807798388535e-05 1.247110848666220e-05 7.195487363232644e-06 -5.130701656774573e-06
-1.970356885511258e-05 1.087683597508305e-05 7.437464328640966e-06 -4.297806713199221e-06
-1.924485710462180e-05 7.598420187674635e-06 7.181575123288514e-06 -2.407019660037195e-06
-1.751535534245087e-05 7.649012999052073e-06 6.210027119038578e-06 -2.560326031614051e-06
2.724797372437473e-06 8.823971005976665e-07 -8.437157311783579e-07 -1.071316704883011e-06
2.779990025037823e-06 7.494521046763270e-07 -8.572645813681465e-07 -1.038049174234709e-06
2.779618974927904e-06 2.549115564759215e-07 -8.600213944913069e-07 -9.140638263128974e-07
2.724738432366041e-06 1.241322667242773e-07 -8.474205892260950e-07 -8.792933890627418e-07
-1.751051913434886e-05 1.242666284777570e-05 6.251191981086986e-06 -5.076590305716784e-06
-1.597199068667232e-05 1.229903800139243e-05 5.436175177816493e-06 -4.981840414038673e-06
-1.714884083570720e-05 9.443690956923288e-06 5.970847474375394e-06 -3.531597420183549e-06
-1.595883783825589e-05 7.566775851675177e-06 5.357182874260782e-06 -2.663552069191657e-06
2.592476128887926e-06 9.374994575187291e-07 -8.111666004679935e-07 -1.085875551333102e-06
2.459297196266867e-06 3.953087640445906e-07 -7.746993516059593e-07 -9.506368648078501e-07
2.593815921769618e-06 6.974112982569176e-08 -8.141049834337022e-07 -8.633498467902824e-07
-1.547272928176115e-05 1.083489822115597e-05 5.150145163013692e-06 -4.222716838859041e-06
-1.447623830313378e-05 1.199074732554782e-05 4.680279932831899e-06 -4.777609115042468e-06
-1.305314334666608e-05 1.153353572218662e-05 3.996018549504425e-06 -4.528803704031446e-06
-1.501145226039666e-05 8.850997684511237e-06 4.884842596700518e-06 -3.307495205615894e-06
-1.449204935753553e-05 7.236349128677305e-06 4.627354149773135e-06 -2.613956399823421e-06
1.696090754650408e-06 9.530954213300102e-07 -5.364600012452811e-07 -1.088109366868975e-06
1.695904315096588e-06 5.579733634111632e-08 -5.326852180967637e-07 -8.465798927701945e-07
1.231723125857721e-06 5.050925114816832e-07 -4.374397905563788e-07 -9.488517637271581e-07
-1.172133538078844e-05 1.091486399617934e-05 3.393581983807144e-06 -4.200312192656482e-06
-1.285590389425979e-05 1.004431839636495e-05 3.892283833346204e-06 -3.808493116947412e-06
-1.334471969909531e-05 8.198245962635023e-06 4.114297374348206e-06 -3.026751332262109e-06
-1.314419165549542e-05 6.677853342627894e-06 4.027779032892524e-06 -2.458092206536681e-06
7.290771747632420e-07 1.035649737736022e-06 -3.439346169814573e-07 -1.043758719123255e-06
7.295928095295122e-07 -2.382077401250557e-08 -3.273968274740774e-07 -7.788342681183559e-07
1.591695498363798e-07 5.066699727208395e-07 -1.941878538336637e-07 -8.660340647936857e-07
-1.048393639472352e-05 1.017036641080107e-05 2.881750444706865e-06 -3.849596914142639e-06
-9.369677764710593e-06 9.311132690388128e-06 2.560299887030045e-06 -3.489994372460102e-06
-1.164876036863731e-05 7.915635989143265e-06 3.429875237341268e-06 -2.902813100806833e-06
-1.195003634313771e-05 5.908693495833191e-06 3.596743720107217e-06 -2.252868048684125e-06
-4.934911898847437e-07 1.212365720436501e-06 -6.442329198395415e-08 -9.828657468316690e-07
-4.931131325905013e-07 -1.975631505819730e-07 -1.893842244104525e-08 -6.512777665314245e-07
-9.653373498050564e-06 8.004410953937783e-06 2.702973911095190e-06 -2.954046054199326e-06
-8.384962726280289e-06 8.338516719981981e-06 2.222080247826090e-06 -3.069634900385202e-06
-1.012346284268325e-05 6.550556539949335e-06 2.918472949807212e-06 -2.455942450093241e-06
-1.093799830665738e-05 4.978708148472016e-06 3.228286556617332e-06 -1.976626351121647e-06
-1.209896904512190e-06 5.082243947620741e-07 1.610030586743588e-07 -8.022151840575014e-07
-2.059457257784908e-06 1.465949241066143e-06 4.136134827672235e-07 -1.074054988856399e-06
-2.057770852680161e-06 -4.503037374337692e-07 4.196476313758932e-07 -5.268626851714710e-07
-7.521815682171726e-06 7.282809432363805e-06 1.922867875384290e-06 -2.585157800729894e-06
-6.811662842650156e-06 6.175269654526540e-06 1.805730475823916e-06 -2.310695047694155e-06
-6.248660059707620e-06 5.004479093837521e-06 1.675381364833616e-06 -2.025812473623952e-06
-9.170550061351748e-06 5.256576531526709e-06 2.545259278724247e-06 -2.046381005208864e-06
-1.012848159051921e-05 3.929423525479840e-06 2.876726414573302e-06 -1.640223114973916e-06
-2.740990157395510e-06 5.118790687625559e-07 6.174761156785986e-07 -7.744075699670532e-07
-3.574623782985182e-06 1.713876866600917e-06 8.694362217072780e-07 -1.115698154870507e-06
-3.574783439001480e-06 -7.077184984966235e-07 8.983233296452417e-07 -3.347352984841666e-07
-7.441516235678619e-06 5.001776159433564e-06 1.986299661020122e-06 -2.012145488286792e-06
-5.821514584066566e-06 3.800297507426540e-06 1.556661644436032e-06 -1.700687225294483e-06
-4.945621082979419e-06 1.922904326818953e-06 1.270608051885584e-06 -1.114122526087596e-06
-5.344089234279408e-06 2.134057931830695e-06 1.375058795805521e-06 -1.170719458285409e-06
-5.556321181054286e-06 2.566308427478116e-06 1.445029480994756e-06 -1.302998631855710e-06
-8.507420167897286e-06 3.776553496652945e-06 2.316135993795657e-06 -1.607704255821113e-06
-9.527804081513245e-06 2.806779971431621e-06 2.624333477655152e-06 -1.276472270143250e-06
-4.323442735169289e-06 6.885372312251684e-07 1.108856096512336e-06 -7.522935695953905e-07
-4.950740539800780e-06 -8.931389781315987e-07 1.268298256578956e-06 -2.626902022399254e-07
-6.647922579317927e-06 2.948588567965193e-06 1.791695253617762e-06 -1.417083407482304e-06
-5.371499460688078e-06 1.286208120986958e-06 1.379370755365018e-06 -9.156911643816139e-07
-5.843190074651661e-06 1.983418092237170e-06 1.526629012147788e-06 -1.122607563797760e-06
-8.032636707632512e-06 2.459169040237576e-06 2.182774649664303e-06 -1.204911906604446e-06
-9.154949893143112e-06 1.657256185386229e-06 2.484547635169295e-06 -9.627439418716621e-07
-5.399380620063720e-06 -8.097604290871995e-08 1.389410073071592e-06 -5.052716852097333e-07
-5.342432602701328e-06 -1.097695158031564e-06 1.376462317325854e-06 -1.916171286371297e-07
-6.898565524253772e-06 1.001681038780385e-06 1.858759119599269e-06 -8.016856620345770e-07
-9.027812366858174e-06 5.052397423562077e-07 2.453769157115905e-06 -6.466825455230204e-07
-9.146775816267683e-06 -6.321377511656545e-07 2.550227341898246e-06 -3.137309414471985e-07
-6.207863040850230e-06 -8.220186725451449e-07 1.648491171182535e-06 -2.734956295523770e-07
-5.569503505434759e-06 -1.538515804562554e-06 1.454742054130200e-06 -3.085259643600819e-08
-5.847033699202243e-06 -2.758782129273410e-06 1.561053237506050e-06 3.855572974552160e-07
-8.005364961114695e-06 -7.748539105893495e-07 2.194053470249290e-06 -2.894999155045110e-07
-6.266528090979778e-06 -3.949438248598245e-06 1.713405049473726e-06 7.364258534165335e-07
-9.506624122844262e-06 -1.783027847499702e-06 2.727266122082763e-06 7.650812607408633e-08
-6.944002947016502e-06 -2.798825701836543e-06 1.902258152944075e-06 4.094522624111919e-07
-8.569910133504412e-06 -2.892526101257464e-06 2.435371799989603e-06 4.575941416892446e-07
-6.833697319485050e-06 -5.089596873118798e-06 1.889195056149132e-06 1.060945712315541e-06
-1.008738281862951e-05 -2.895335838369535e-06 2.941009049386407e-06 4.774954112125223e-07
-9.609325458877014e-06 -3.999672306663912e-06 2.794880123098361e-06 7.901824744534423e-07
-8.474302993975149e-06 -4.693606907208005e-06 2.419814539995695e-06 9.590925283551675e-07
-7.535292825353302e-06 -6.184039302394007e-06 2.095058849839019e-06 1.386475183862600e-06
-8.382848380850719e-06 -7.209928345933212e-06 2.341055905967876e-06 1.701140771575573e-06
-1.088369839064897e-05 -3.927292245731962e-06 3.150896093169095e-06 7.882117340081571e-07
-1.031146703820404e-05 -5.249561931117746e-06 2.990891581385294e-06 1.127454775736960e-06
-9.637031123626748e-06 -6.805009438569617e-06 2.729547996720178e-06 1.579717760901506e-06
-9.349174143565794e-06 -8.151448989153730e-06 2.617651210753132e-06 1.935733258771014e-06
-1.186783794439982e-05 -4.839359299386243e-06 3.353724303730501e-06 1.051639707151190e-06
-1.157143590613586e-05 -6.798693304136491e-06 3.268001156827182e-06 1.567452995363041e-06
-1.043868833299706e-05 -8.980301591512620e-06 2.909308575031298e-06 2.120458515087834e-06
-1.164082870572034e-05 -9.692947450299234e-06 3.229090982063068e-06 2.248671919261954e-06
-1.292889403523954e-05 -1.027794752739544e-05 3.584481664890561e-06 2.345515494233327e-06
-1.303225983718705e-05 -7.222219996910556e-06 3.557292177969726e-06 1.681483492441943e-06
-1.302072941910976e-05 -5.596437956693913e-06 3.564168060095093e-06 1.292273904446753e-06
-1.274175463176745e-05 -8.850902800357680e-06 3.529732286007852e-06 2.028726473460365e-06
-1.429717363181776e-05 -1.070800093801341e-05 3.949503363046959e-06 2.398852627358001e-06
-1.572445526609806e-05 -1.098569138002026e-05 4.191435087316009e-06 2.412859404360365e-06
-1.420708016485641e-05 -7.586608282309888e-06 3.787012488718741e-06 1.762680360454479e-06
-1.431779117907325e-05 -6.153105678370122e-06 3.797653192930348e-06 1.438159888514899e-06
-1.718388935991934e-05 -1.109724462670942e-05 4.419441261914717e-06 2.421204479246049e-06
-1.554820402936956e-05 -8.930298062915896e-06 4.134284953240023e-06 2.076283141602263e-06
-1.571703961411122e-05 -6.485585856084803e-06 4.111902996079380e-06 1.500305107432913e-06
-1.750385181524230e-05 -9.154414026333763e-06 4.479005370912465e-06 2.097034054336610e-06
-1.881903007410762e-05 -1.113072694808179e-05 4.686792579155615e-06 2.407638640857800e-06
-1.717422318229011e-05 -6.586562024441637e-06 4.427339470843941e-06 1.532825938745794e-06
-2.109605264048413e-05 -1.116495936747353e-05 5.065130725323902e-06 2.352803462818231e-06
-1.928494960472340e-05 -8.042932421438646e-06 4.851634229619856e-06 1.880514924288140e-06
-1.881654807693608e-05 -6.555123551472754e-06 4.750300082108897e-06 1.583971233509012e-06
-2.429199121722444e-05 -1.121774115144528e-05 5.373205821862273e-06 2.233019520882119e-06
-2.269569564555727e-05 -8.659802314551799e-06 5.319245432276251e-06 2.052378314264366e-06
-2.109633675422010e-05 -6.513790202582982e-06 5.126819131428432e-06 1.734045351311526e-06
-2.860626941015979e-05 -1.127545758622315e-05 5.530368576360045e-06 2.118988164209916e-06
-2.643302406281807e-05 -8.844366541603742e-06 5.568386542491955e-06 2.071883161461010e-06
-2.429182158500571e-05 -6.466066524829110e-06 5.519576368712501e-06 1.919132497771630e-06
-3.319412047535180e-05 -1.132480637835784e-05 5.345487000154908e-06 1.995021276199959e-06
-3.088543705344713e-05 -8.845692351716962e-06 5.512282284961944e-06 2.122049073140578e-06
-2.860594712236777e-05 -6.414064834988303e-06 5.638409055118544e-06 2.159651445113672e-06
-3.786365129200552e-05 -1.136751597099393e-05 4.872310337598657e-06 1.887480015905114e-06
-3.551581601347160e-05 -8.847087280539811e-06 5.147025505696844e-06 2.152289114802161e-06
-3.319380639764550e-05 -6.368105625749700e-06 5.371569617386453e-06 2.324030245553228e-06
-4.260579192539117e-05 -1.140448333242924e-05 4.297222285591893e-06 1.901390777836296e-06
-4.022319843322956e-05 -8.848141126631622e-06 4.545648960674090e-06 2.201179163969670e-06
-3.786341888999645e-05 -6.327990403131337e-06 4.837878896482040e-06 2.504581315822033e-06
-4.741026140950383e-05 -1.143515320370106e-05 3.773371261910750e-06 2.026398215484261e-06
-4.499834062638203e-05 -8.848921779121669e-06 3.991796503383859e-06 2.204148195221131e-06
-4.260545646283761e-05 -6.292740293013440e-06 4.249614474755462e-06 2.504279129119271e-06
-5.226454380784318e-05 -1.145911038495715e-05 3.431898979002943e-06 2.101028245134036e-06
-4.982990003230535e-05 -8.849646498761720e-06 3.585986076400273e-06 2.219295877595238e-06
-4.740979730049911e-05 -6.263326709843536e-06 3.801867291403574e-06 2.418439350272709e-06
-5.715551405131102e-05 -1.147663188341631e-05 3.225816117871583e-06 2.155488425547962e-06
-5.470477169773374e-05 -8.850326704345580e-06 3.342329291331263e-06 2.240669249580416e-06
-5.226418158336320e-05 -6.240684515926754e-06 3.472922024901618e-06 2.386598524652077e-06
-6.207301320863667e-05 -1.148920870960567e-05 3.121285816778330e-06 2.293042122627025e-06
-5.961055444017856e-05 -8.850672627550292e-06 3.163790427496442e-06 2.269209284049914e-06
-5.715554969448210e-05 -6.224286703173994e-06 3.289890820333601e-06 2.378001414776019e-06
-6.700943943050077e-05 -1.149754447936750e-05 3.169885149391566e-06 2.392882118566298e-06
-6.453874442579526e-05 -8.850717574655491e-06 3.113873036537463e-06 2.279976040714667e-06
-6.207321485964300e-05 -6.212273186946864e-06 3.147212563458238e-06 2.273979786796775e-06
-7.761395684833345e-05 -1.121181842737660e-05 3.752775166748775e-06 2.469702435572625e-06
-7.691061151602858e-05 -1.150312211569567e-05 3.709333245410493e-06 2.484534290024243e-06
-6.922459567584475e-05 -8.850692049713622e-06 3.260426505861586e-06 2.304221332105548e-06
-7.195756685251038e-05 -1.150198905389587e-05 3.420060662044312e-06 2.440565555450833e-06
-6.700946400052628e-05 -6.204007883566758e-06 3.164051793848115e-06 2.200533357959905e-06
-7.790529404285882e-05 -1.050851959604772e-05 3.771134146351709e-06 2.430292506686471e-06
-7.624068450159195e-05 -8.850670940048469e-06 3.657313408407862e-06 2.328815473811567e-06
-7.195750078136725e-05 -6.199331573759104e-06 3.408391923758963e-06 2.186407425744311e-06
-7.790520205474164e-05 -7.192875320217097e-06 3.759789641941204e-06 2.235537203618519e-06
-7.691051289948480e-05 -6.198281324908925e-06 3.695360787673908e-06 2.179507263013458e-06
-7.761385921408254e-05 -6.489583521343630e-06 3.740558352913203e-06 2.195436430935584e-06
