8.002442502236827e-05 -1.228540796853047e-05 1.117602862347485e-06 -8.812000664949862e-07
8.031352544375250e-05 -1.158759818354135e-05 1.123475609749960e-06 -8.351059832778789e-07
8.031371235520736e-05 -8.297912174298650e-06 1.010961009467996e-06 -6.012095744404356e-07
8.002464436615773e-05 -7.600161196473073e-06 9.976331826960051e-07 -5.748135301924693e-07
7.932651590488883e-05 -1.257443204431178e-05 1.089701326000497e-06 -9.028400428599632e-07
7.801738447701572e-05 -9.942809321645024e-06 9.198189119913878e-07 -6.997980381584815e-07
7.932679431621402e-05 -7.311166045357995e-06 9.706243756492813e-07 -5.624626414443153e-07
7.441214777551419e-05 -1.257305569647612e-05 7.279862705992372e-07 -9.129898918415196e-07
7.441262506138371e-05 -7.312883310036458e-06 5.994713859526701e-07 -5.411431231732313e-07
7.170112874735526e-05 -9.942987304283663e-06 5.973650867449052e-07 -7.127326552130973e-07
6.950427515537779e-05 -1.256650528728045e-05 3.881343805511565e-07 -8.876089111278992e-07
6.950480541870843e-05 -7.319666586954642e-06 2.444523900480123e-07 -6.918785156493790e-07
6.705559345936799e-05 -9.943188042436022e-06 4.252372083894007e-07 -6.730227030358205e-07
6.461427077151307e-05 -1.255422355341375e-05 1.155252710567499e-07 -7.907720054617164e-07
6.461453138293822e-05 -7.332434094592261e-06 1.761602856005510e-07 -7.772140178765156e-07
6.217828839383583e-05 -9.943337604667070e-06 3.194519600640409e-07 -7.260829261994924e-07
5.975290258619945e-05 -1.253716710345512e-05 1.218260063119389e-07 -7.469329907076041e-07
5.975332697830414e-05 -7.349973492400671e-06 1.702474043428202e-07 -8.129753140720549e-07
5.733443875905949e-05 -9.943631801124841e-06 4.064407856292659e-07 -7.415284357332020e-07
5.492819279451833e-05 -1.251677511246359e-05 3.218151942339069e-07 -5.786899024384339e-07
5.492902080289228e-05 -7.371004337328857e-06 3.878849205903078e-07 -9.202014697704762e-07
5.252990196452127e-05 -9.943875864513584e-06 8.059733802265357e-07 -7.411303973194404e-07
5.014434966883367e-05 -1.249460444119336e-05 7.488813029773271e-07 -4.493841266808671e-07
5.014567015226242e-05 -7.393419630063835e-06 8.226498224660919e-07 -9.920460695715299e-07
4.776736926473361e-05 -9.944206780612999e-06 1.321235977970259e-06 -7.793622284674005e-07
4.540352613542667e-05 -1.247194703127151e-05 1.338626097311333e-06 -5.077166775740094e-07
4.540459665030222e-05 -7.416271624683270e-06 1.347900684158490e-06 -9.736379066029320e-07
4.304801410177735e-05 -9.944467624219320e-06 1.763161798113908e-06 -8.191461799095798e-07
4.070643587253176e-05 -1.244904195949112e-05 1.876280995639170e-06 -5.748584476835969e-07
4.070674537972122e-05 -7.439502751377212e-06 1.738957031394001e-06 -8.696629383813191e-07
3.837214337192575e-05 -9.944626845150592e-06 1.949550013980699e-06 -7.781748875505680e-07
3.605181490694091e-05 -1.242709667640886e-05 2.185703665015837e-06 -6.821307051902923e-07
3.605159584657218e-05 -7.461970567372675e-06 1.824573767768479e-06 -7.884968891870612e-07
3.373776897075577e-05 -9.944610926446799e-06 1.904478049584467e-06 -7.342427890118611e-07
3.143654652158736e-05 -1.240671781960346e-05 2.185341503424449e-06 -7.787611384377804e-07
3.143620234502652e-05 -7.482470887424919e-06 1.810613318113888e-06 -7.233629020514976e-07
2.923338331055547e-05 -9.944431917873110e-06 1.856645793086328e-06 -7.004548142679470e-07
2.704196554075638e-05 -1.238706351855087e-05 2.055680649184566e-06 -8.258837041264410e-07
2.704149574015932e-05 -7.502759113685936e-06 1.766359244763659e-06 -6.936591800680745e-07
2.540135177293691e-05 -1.013417594241605e-05 1.864013981804049e-06 -6.611077848001214e-07
2.373678083306934e-05 -1.236960126002768e-05 1.886331651772242e-06 -7.624172309182963e-07
2.373603615443329e-05 -7.520726525813831e-06 1.813197421146813e-06 -7.166149033511115e-07
2.134764116203361e-05 -1.235333177448212e-05 1.820893427873435e-06 -7.930375986773680e-07
2.180995874822816e-05 -1.076823128383452e-05 1.844744594002284e-06 -6.853915823511034e-07
2.134633517033961e-05 -7.532830469070431e-06 1.814295693687952e-06 -6.830425441802599e-07
1.961904717681084e-05 -7.546663178658273e-06 1.807627495615902e-06 -6.062607238520117e-07
-3.278982738647251e-06 2.686876395212408e-07 -5.281275942911379e-07 2.417578279077299e-07
-3.344663675657084e-06 4.263882163829189e-07 -5.407201742825383e-07 2.627017914702146e-07
-3.344366397699765e-06 1.014980009255558e-06 -5.382853872807821e-07 3.525598695081835e-07
-3.278957693357414e-06 1.171009703676429e-06 -5.235401398001082e-07 3.772443859611830e-07
1.961816964324169e-05 -1.234101400382111e-05 1.768959992994714e-06 -8.412117792989003e-07
1.805771074783751e-05 -1.224034577523185e-05 1.658064311662789e-06 -8.490662381819481e-07
1.926577156537652e-05 -9.345779024475346e-06 1.820498735482732e-06 -6.241938512188849e-07
1.805582665609973e-05 -7.425942291985009e-06 1.760862130386410e-06 -5.224795275154475e-07
-3.121892210392665e-06 2.036420660466499e-07 -4.994706254585717e-07 2.350499664893964e-07
-2.963008821116504e-06 8.492664348547072e-07 -4.658380314081510e-07 3.276223518968038e-07
-3.122825289474304e-06 1.236400606523569e-06 -4.930774301222011e-07 3.847181130519904e-07
1.756000880125933e-05 -1.076367681475372e-05 1.637337997666783e-06 -7.570134312326484e-07
1.652520646209646e-05 -1.196030270419954e-05 1.582638318583976e-06 -8.086985745469382e-07
1.504327849215466e-05 -1.151317775099948e-05 1.505837264929176e-06 -7.748748378745377e-07
1.709115738107802e-05 -8.731707949258002e-06 1.650767037408545e-06 -6.011948178379860e-07
1.655229451704056e-05 -7.043889161213350e-06 1.593617494543184e-06 -4.402072530122745e-07
-2.055685576857974e-06 1.891098507831669e-07 -3.496909096321837e-07 2.752942534257438e-07
-2.054218487989393e-06 1.256816667809899e-06 -3.607106325781508e-07 3.410688946339496e-07
-1.502780784531566e-06 7.242321042493456e-07 -3.005839776064240e-07 3.057368081819351e-07
1.363319962084238e-05 -1.089925465984919e-05 1.380547578471411e-06 -7.596362726640487e-07
1.484581726523281e-05 -9.976265826247771e-06 1.483965353865003e-06 -6.950811941598222e-07
1.535784319903868e-05 -8.042019263815554e-06 1.492280198363525e-06 -5.190752111851916e-07
1.515053635961869e-05 -6.416046083866983e-06 1.451950968718310e-06 -3.533791096974298e-07
-9.054547539915383e-07 9.468607185992668e-08 -2.907407044609378e-07 3.055764878428682e-07
-9.049368258997609e-07 1.355855160934468e-06 -2.767203771337460e-07 3.390867379327664e-07
-2.266750425111424e-07 7.263718868403792e-07 -2.811281248181163e-07 3.316226959416527e-07
1.230726891089486e-05 -1.013583845328588e-05 1.240747179278162e-06 -7.320334892093038e-07
1.108881156522540e-05 -9.234580451370529e-06 1.058769040930875e-06 -6.509123331651839e-07
1.356249204055209e-05 -7.736826551428940e-06 1.302598799500718e-06 -4.894274959046594e-07
1.389176942489873e-05 -5.561463721066232e-06 1.274704456506036e-06 -2.310521674479298e-07
5.503381318313920e-07 -1.135001803453845e-07 -2.503778773807780e-07 2.639781341969699e-07
5.510969484845108e-07 1.568674750476699e-06 -2.447266539336204e-07 4.208457241009774e-07
1.139681174068722e-05 -7.837079720677354e-06 1.064973252479256e-06 -5.047151845731091e-07
9.991597719342234e-06 -8.203773827498677e-06 9.227115732457356e-07 -5.467855024779511e-07
1.191334107787497e-05 -6.252737512230872e-06 1.053615227300951e-06 -3.005691376535644e-07
1.281160069161048e-05 -4.516344005929014e-06 1.099733539605079e-06 -1.078472523277834e-07
1.405525245252390e-06 7.285772189729766e-07 -1.758517869366140e-07 3.455947334156562e-07
2.420060375909081e-06 -4.154796783111726e-07 -6.964398004965284e-08 2.264485685087191e-07
2.419358747171773e-06 1.877326257056517e-06 -7.201296592893386e-08 4.529626702418580e-07
9.020615206068404e-06 -7.063459987270480e-06 8.061969457067600e-07 -4.087305666363530e-07
8.196974255371709e-06 -5.836840930439933e-06 7.098801027238124e-07 -2.831961104678798e-07
7.524155963570406e-06 -4.527916459516851e-06 6.166043976743063e-07 -1.424762294967522e-07
1.085649994155502e-05 -4.819602450943212e-06 9.272255471635289e-07 -1.566071556557336e-07
1.193911341669436e-05 -3.319045916068702e-06 1.007980700835152e-06 -4.423973196677940e-08
3.235645578317660e-06 7.276102488961575e-07 2.246517660552843e-08 3.376962205348188e-07
4.234452827940204e-06 -7.135974886180067e-07 1.799610313978799e-07 1.517464250962171e-07
4.235138836245613e-06 2.191128437915877e-06 1.572781884157393e-07 5.313075163508788e-07
8.900621333876308e-06 -4.531382852967767e-06 7.721011098826168e-07 -1.465734866466851e-07
7.004778859102602e-06 -3.157199973369671e-06 5.430671248936398e-07 -7.651320487253840e-09
5.892169006122524e-06 -9.675099472850969e-07 4.194197364420104e-07 1.444585036066329e-07
6.382869093378541e-06 -1.219331253178252e-06 4.653296016391163e-07 1.382804415008433e-07
6.654080976091203e-06 -1.728905080813960e-06 4.926753744319337e-07 1.108741619385061e-07
1.011413622001694e-05 -3.141548203466531e-06 8.720702338397237e-07 -4.235081435136313e-08
1.129446492940628e-05 -2.017934654112706e-06 9.789862826533367e-07 4.176027418729887e-08
5.133243142299280e-06 5.183734816611014e-07 3.064749451200830e-07 3.099319672188580e-07
5.872568419149314e-06 2.416095183262617e-06 3.668726444886191e-07 5.383024052705488e-07
7.954995797994512e-06 -2.182071056992781e-06 6.428596996319590e-07 6.428408545612105e-08
6.403577166957306e-06 -2.050075722694936e-07 4.608027010667981e-07 2.196063085675515e-07
6.984495055916228e-06 -1.041001522103710e-06 5.246159278795295e-07 1.578671417578313e-07
9.570437246724186e-06 -1.612569910553937e-06 8.354225540423307e-07 6.826030346141592e-08
1.090368081226492e-05 -6.620644606773944e-07 1.005225574275243e-06 1.255342046434847e-07
6.415074946590917e-06 1.437571179186517e-06 4.296962164876167e-07 4.166893997330999e-07
6.328987832857815e-06 2.664823177909734e-06 4.061835730930424e-07 5.732504788190899e-07
8.232657883146587e-06 1.164138297922063e-07 6.705410869187804e-07 2.365458898065858e-07
1.078301988641239e-05 7.143650130847436e-07 1.033662196904569e-06 3.331234004009864e-07
1.097451507406533e-05 2.095263678975419e-06 1.084871566450679e-06 5.038592930860827e-07
7.375399283731765e-06 2.325523560985613e-06 5.214553881778226e-07 5.335396203224066e-07
6.588811138080487e-06 3.208788218676384e-06 4.177103945726552e-07 6.498842950624859e-07
6.896892946297605e-06 4.730817880104687e-06 3.949416762718294e-07 8.898515611874254e-07
9.572130633009925e-06 2.255743275023330e-06 8.774281797352115e-07 5.130247110447791e-07
7.384157638772998e-06 6.246447234791120e-06 3.947735012979047e-07 1.246152301679102e-06
1.146204740076559e-05 3.503599040760952e-06 1.192323279722888e-06 6.799285072067295e-07
8.251639333040930e-06 4.770911838846855e-06 5.863976881267706e-07 8.836641579646282e-07
1.029301310282793e-05 4.889171590988020e-06 1.012712693012129e-06 9.066638458341696e-07
8.076603973707436e-06 7.710912582779207e-06 5.251140834734596e-07 1.634666476812859e-06
1.223713796446581e-05 4.892511307490236e-06 1.408630409277443e-06 9.057378948644141e-07
1.163449632152015e-05 6.298580631986232e-06 1.335667920670323e-06 1.235327546663804e-06
1.016745407898139e-05 7.194314309013946e-06 1.031644404855160e-06 1.489058712561948e-06
8.950322723669437e-06 9.145914848439779e-06 7.117124207021403e-07 2.005085818356961e-06
1.003744204868104e-05 1.051206270884434e-05 9.590307433121775e-07 2.342294737084397e-06
1.330726120025590e-05 6.197214367861918e-06 1.765125757531266e-06 1.189803698497584e-06
1.255900180615041e-05 7.921100218959255e-06 1.603518034349181e-06 1.616770781779060e-06
1.167083519946652e-05 9.978299022404677e-06 1.387929525535512e-06 2.176246166306551e-06
1.128989322059916e-05 1.178829576458456e-05 1.272490956954977e-06 2.708767100305137e-06
1.463541662189554e-05 7.367351238769895e-06 2.189634784845207e-06 1.427147931067472e-06
1.424205833305465e-05 9.976038633170961e-06 2.099495147943408e-06 2.176023040439073e-06
1.272804797869923e-05 1.292132842304242e-05 1.672206064706247e-06 3.050959820122753e-06
1.434329803365210e-05 1.391350558540933e-05 2.142871517296748e-06 3.386536162939141e-06
1.609103861075173e-05 1.474861626942506e-05 2.660109963341633e-06 3.695273701621736e-06
1.622422023560395e-05 1.054719867252364e-05 2.755258702911496e-06 2.338341033937048e-06
1.620533630216268e-05 8.353165455299744e-06 2.759158622472508e-06 1.679903351962740e-06
1.582558086926322e-05 1.277243604314095e-05 2.577246969209331e-06 3.045768629045594e-06
1.797308547114332e-05 1.536905098468023e-05 3.230263129122756e-06 3.935943019568100e-06
1.995950804285584e-05 1.578610597337001e-05 3.941828425590995e-06 4.095686673445814e-06
1.783755840079209e-05 1.104074862868485e-05 3.277095940522487e-06 2.469545979727656e-06
1.799337284357100e-05 9.075284549900485e-06 3.360655145937981e-06 1.851495373559605e-06
2.200396591433609e-05 1.596963944293575e-05 4.707332874031335e-06 4.153397545156032e-06
1.969734572272215e-05 1.290478700476065e-05 3.859252820498989e-06 3.048862592172192e-06
1.993984842781674e-05 9.496301354787119e-06 4.021264022381732e-06 1.928867127689040e-06
2.244934002677605e-05 1.322539821666114e-05 4.863101864801191e-06 3.142227436589466e-06
2.432423467862940e-05 1.604895880522858e-05 5.606627554200531e-06 4.183326419988363e-06
2.198175935543087e-05 9.611075334983909e-06 4.721363968616531e-06 1.917718373236187e-06
2.758272728546191e-05 1.612942000091368e-05 6.805816112467665e-06 4.185674269188174e-06
2.497728053161990e-05 1.164669009488914e-05 5.769300118174149e-06 2.562194840848685e-06
2.431890236362323e-05 9.535074467317242e-06 5.546488784251477e-06 1.831181497290546e-06
3.221978806361582e-05 1.625303218340615e-05 8.659600128675984e-06 4.184754629359740e-06
2.989001481224516e-05 1.252539578597123e-05 7.670868109172964e-06 2.812236303110556e-06
2.758373843986338e-05 9.435304402193761e-06 6.765339092539250e-06 1.683227372599251e-06
3.856521933754884e-05 1.638665067379195e-05 1.098847031751445e-05 4.137085704947613e-06
3.535499370260210e-05 1.279245624728863e-05 9.818472787443088e-06 2.880557941036761e-06
3.221940939589727e-05 9.321427958553180e-06 8.552835396862151e-06 1.541803743652023e-06
4.539134059651400e-05 1.649975688276176e-05 1.337645440509211e-05 4.003780203581032e-06
4.194401178682650e-05 1.279478591403916e-05 1.221231971764911e-05 2.834956557654560e-06
3.856440799105616e-05 9.199134136347725e-06 1.094708270063569e-05 1.548719893484990e-06
5.240377605926039e-05 1.659475823238259e-05 1.553055991669131e-05 3.933522882717951e-06
4.886825333607072e-05 1.279788301692030e-05 1.451260105573985e-05 2.802975627493087e-06
4.539032315472006e-05 9.092812960960756e-06 1.336799943392270e-05 1.589044848664501e-06
5.957122600872260e-05 1.667187701987438e-05 1.759277036744528e-05 3.859067796432996e-06
5.596376407419333e-05 1.280076092265780e-05 1.661868220049563e-05 2.778333733958951e-06
5.240287522871451e-05 9.003931929438706e-06 1.559411805817899e-05 1.639594662948504e-06
6.686130100263667e-05 1.673144582721610e-05 1.961689067380615e-05 3.823422201934110e-06
6.319797716269477e-05 1.280334876362098e-05 1.867482225129514e-05 2.757235481185008e-06
5.957042707397300e-05 8.932304709168278e-06 1.766143728700157e-05 1.674605110029557e-06
7.424194314013051e-05 1.677451936310178e-05 2.163050027177713e-05 3.850327550228017e-06
7.053861176745647e-05 1.280554265816305e-05 2.068299872538721e-05 2.781221352626836e-06
6.686059407330735e-05 8.877525297300107e-06 1.969863646870131e-05 1.711624019612535e-06
8.168413108960416e-05 1.680347737750703e-05 2.358875096253257e-05 3.908885763326954e-06
7.795445312839489e-05 1.280730389999940e-05 2.264706783760117e-05 2.817003165424475e-06
7.424129943449255e-05 8.838383619297411e-06 2.167666719480635e-05 1.729396354710633e-06
8.916543910785241e-05 1.682175874952110e-05 2.558749001701496e-05 3.945437003801749e-06
8.541946734749304e-05 1.280864967142941e-05 2.462857067596735e-05 2.830915976322708e-06
8.168364781018998e-05 8.812465444572805e-06 2.365531103083730e-05 1.709852322800973e-06
9.667051219390279e-05 1.683306056025161e-05 2.768428600468865e-05 4.062341020538675e-06
9.291477132174572e-05 1.280978986134414e-05 2.663686772884630e-05 2.851516497848178e-06
8.916504249946127e-05 8.796672582596236e-06 2.563255401242018e-05 1.749440917021813e-06
1.127817275933713e-04 1.639791356470009e-05 3.293085646395500e-05 4.059045737157556e-06
1.117132891147061e-04 1.684044543153105e-05 3.256704358916974e-05 4.208250984602971e-06
1.000368634115421e-04 1.281049400853120e-05 2.872666026833821e-05 2.858190464969622e-06
1.041892050838288e-04 1.683905991016981e-05 3.002133403579949e-05 4.202076492943542e-06
9.667029459316394e-05 8.787280427457608e-06 2.775501086353469e-05 1.666528888283445e-06
1.132242936775372e-04 1.532952345348817e-05 3.308286170228924e-05 3.698469306566302e-06
1.106957524912098e-04 1.281112130756303e-05 3.223593404614900e-05 2.857194311075637e-06
1.041890327580221e-04 8.782520718331304e-06 3.005381000006311e-05 1.548704651958464e-06
1.132242674094460e-04 1.029275864227349e-05 3.311905800326926e-05 1.992418065097218e-06
1.117132104745513e-04 8.781764752677674e-06 3.260852188311028e-05 1.483182246807365e-06
1.127816858626151e-04 9.224321478670417e-06 3.297022012821374e-05 1.631859907956446e-06
