7.171567644399586e-05 -9.969975592932359e-06 1.313382942671385e-05 -2.415291657305102e-06
7.200210874108170e-05 -9.278490877043272e-06 1.317680159912677e-05 -2.302333760501444e-06
7.200224419153243e-05 -6.018915738261181e-06 1.309657481465138e-05 -1.886079982393185e-06
7.171583000221506e-05 -5.327446947003082e-06 1.304624478509460e-05 -1.781737449285764e-06
7.102418279867620e-05 -1.025640111167129e-05 1.302649642298303e-05 -2.462552128532447e-06
6.972728128783117e-05 -7.648730510093055e-06 1.284134548021066e-05 -2.079231503561875e-06
7.102436193764739e-05 -5.041028653457870e-06 1.293426290225891e-05 -1.738849638426972e-06
6.615493730810201e-05 -1.025638201546436e-05 1.240435567341993e-05 -2.456857003501089e-06
6.615515467608828e-05 -5.041178959245139e-06 1.229105943308322e-05 -1.739549758108480e-06
6.346671793408559e-05 -7.648863659000025e-06 1.192959198865316e-05 -2.116495975756679e-06
6.128626615246954e-05 -1.025424211373957e-05 1.188969045502649e-05 -2.435620500575406e-06
6.128647246060945e-05 -5.043495734745773e-06 1.161459773980405e-05 -1.753113863721015e-06
5.885343970963182e-05 -7.649164464449128e-06 1.133235745347574e-05 -2.068650418940053e-06
5.642490667027512e-05 -1.024731736463678e-05 1.142540172775753e-05 -2.334351005894751e-06
5.642438551920954e-05 -5.050641261670948e-06 1.107943855540116e-05 -1.776552831126297e-06
5.399876048687792e-05 -7.649172614552559e-06 1.082662019748657e-05 -2.063841639360626e-06
5.158177699928389e-05 -1.023384366566581e-05 1.103236880987853e-05 -2.307291467569365e-06
5.158086515510766e-05 -5.064270531695679e-06 1.056249225793816e-05 -1.846072547417582e-06
4.916909513134369e-05 -7.649047788183049e-06 1.042145477391973e-05 -2.024379969671161e-06
4.677049875647309e-05 -1.021273777034830e-05 1.053245392168940e-05 -2.297663778678878e-06
4.676939918161172e-05 -5.085236332942420e-06 1.011309442786835e-05 -1.787634165444871e-06
4.437823293906415e-05 -7.648733948463154e-06 1.003971076799234e-05 -1.988638344041518e-06
4.200438244979231e-05 -1.018408570242325e-05 9.901203406239764e-06 -2.289845247546705e-06
4.200374651365442e-05 -5.113466343747210e-06 9.635518285763880e-06 -1.702499909047052e-06
3.963981983323568e-05 -7.648456128352579e-06 9.528560944461256e-06 -1.939977190162774e-06
3.729842913677295e-05 -1.014645268614765e-05 9.259805225309630e-06 -2.247323782488573e-06
3.729807144266107e-05 -5.150344799320324e-06 9.134155458299907e-06 -1.683659626275588e-06
3.496989822487064e-05 -7.648161251009915e-06 8.926621467622066e-06 -1.920269875054182e-06
3.267150841219591e-05 -1.009701726836253e-05 8.586867598058860e-06 -2.247576709927049e-06
3.267089246543721e-05 -5.198795289530914e-06 8.614041592326491e-06 -1.600667748766477e-06
3.039003835435777e-05 -7.647637660514419e-06 8.272006020608467e-06 -1.871250029920044e-06
2.814772833913910e-05 -1.003364372852128e-05 7.901472537081542e-06 -2.267874091269405e-06
2.814678257491693e-05 -5.260794171696112e-06 8.082354152149377e-06 -1.535442643605617e-06
2.592644756102991e-05 -7.646801013044347e-06 7.633496460212802e-06 -1.828541149564831e-06
2.375360457469251e-05 -9.955393966433780e-06 7.196670131990039e-06 -2.266986446378386e-06
2.375256018712734e-05 -5.337698253263206e-06 7.385446376550065e-06 -1.415516006323087e-06
2.169142129598528e-05 -7.645208597129533e-06 6.914337105546414e-06 -1.822165395446111e-06
1.968367103541434e-05 -9.864235254256142e-06 6.407143205114182e-06 -2.353355429674709e-06
1.968251921921874e-05 -5.430123707224811e-06 6.481834851117579e-06 -1.261235300603743e-06
1.819275137165067e-05 -7.812811120592810e-06 6.060780589669032e-06 -1.839175133892371e-06
1.672390361629510e-05 -9.779496888928541e-06 5.643015081297259e-06 -2.378119822542852e-06
1.672118239995309e-05 -5.516120250252800e-06 5.648170640538714e-06 -1.153248110285746e-06
1.465017642717126e-05 -9.705488253538682e-06 5.017941796403484e-06 -2.391479067468722e-06
1.503217195169307e-05 -8.355903486447131e-06 5.134658959696670e-06 -1.990281658286658e-06
1.464603374028383e-05 -5.570962996031748e-06 4.975703096068471e-06 -1.142896438911678e-06
1.318287542337035e-05 -5.629898937468977e-06 4.522774087873482e-06 -1.169621813755490e-06
-1.850481914917350e-06 -6.559935789444681e-07 -7.326092687998301e-07 9.757812381053205e-07
-1.887869828143941e-06 -5.658953458594734e-07 -7.423709278712488e-07 1.001826354234088e-06
-1.887586509310727e-06 -2.308339486152126e-07 -7.378547580549836e-07 1.106885538343704e-06
-1.850407413169428e-06 -1.422461482602581e-07 -7.265672462954404e-07 1.133228095660773e-06
1.317774541236892e-05 -9.653194684015581e-06 4.569252071886319e-06 -2.389350924503027e-06
1.188769784302300e-05 -9.532010409488238e-06 4.136107356258325e-06 -2.351453073454535e-06
1.286710278963221e-05 -7.141965859810098e-06 4.428489214804470e-06 -1.612888641180080e-06
1.186960908037006e-05 -5.579334265627330e-06 4.117609753401729e-06 -1.163374347559648e-06
-1.760827813993099e-06 -6.933524787636631e-07 -7.088640484198458e-07 9.654173378356359e-07
-1.670646186889115e-06 -3.259784476889909e-07 -6.795899935450703e-07 1.082360389360583e-06
-1.761732265873655e-06 -1.054017026392755e-07 -7.011432480543013e-07 1.145593125638703e-06
1.146458088151271e-05 -8.301881758325798e-06 3.993544450538194e-06 -1.951415646039582e-06
1.064252487588509e-05 -9.256218352677360e-06 3.744141099008487e-06 -2.246379148229995e-06
9.470474812070599e-06 -8.862685999199636e-06 3.413953394576432e-06 -2.124261308880940e-06
1.107693596658074e-05 -6.652315707794233e-06 3.883764956831284e-06 -1.467320028562708e-06
1.064659422010723e-05 -5.328606435933195e-06 3.765370675783326e-06 -1.081933097773532e-06
-1.153587888358358e-06 -7.040740385671613e-07 -5.523336669277425e-07 9.868777972641409e-07
-1.153402548002057e-06 -9.563923973322226e-08 -5.429090602447315e-07 1.176453730604157e-06
-8.385502659827596e-07 -4.002059547531015e-07 -4.615070320742975e-07 1.093495869539058e-06
8.389564479041657e-06 -8.334509821291078e-06 3.093976128107279e-06 -1.973112217636511e-06
9.302697613793664e-06 -7.629930007376957e-06 3.376123939152465e-06 -1.747080477606519e-06
9.701591716323072e-06 -6.120673849310887e-06 3.505263707482851e-06 -1.297280126457975e-06
9.533444622022778e-06 -4.898369699886258e-06 3.468057218918938e-06 -9.177556407573465e-07
-4.974452230052275e-07 -7.603109059972956e-07 -3.619095676949505e-07 9.946280926932393e-07
-4.977150752569901e-07 -4.095522863420551e-08 -3.392933079760698e-07 1.232012972087496e-06
-1.103669434330489e-07 -4.010346359618022e-07 -2.179739345019860e-07 1.128302248846286e-06
7.394938711084825e-06 -7.712771984408150e-06 2.803455830431739e-06 -1.807402683982125e-06
6.517160320409269e-06 -7.008791595049581e-06 2.531656161492104e-06 -1.584966120686943e-06
8.322998035899329e-06 -5.893677335173501e-06 3.128119200469470e-06 -1.210367094710359e-06
8.557175607419331e-06 -4.302098847131226e-06 3.219484861913986e-06 -7.026835985499813e-07
3.331673045480155e-07 -8.808591943777119e-07 -6.622353756906434e-08 9.590816000333685e-07
3.329776625524391e-07 7.804050054868448e-08 -7.178899245201603e-08 1.310577621635010e-06
6.740886379380420e-06 -5.958764543717906e-06 2.619735028816836e-06 -1.236988941857799e-06
5.758689930418640e-06 -6.219479824374575e-06 2.280075743206667e-06 -1.328048843616058e-06
7.106176813271589e-06 -4.812785186750219e-06 2.770005340660995e-06 -8.528284313720448e-07
7.737940879366216e-06 -3.592324364445846e-06 2.994711843522604e-06 -4.256029753545973e-07
8.203544500905865e-07 -4.018991603228624e-07 1.136175741210408e-07 1.146487540909358e-06
1.398647174433936e-06 -1.054224493481282e-06 3.681041884584918e-07 8.524457610592566e-07
1.397329222938496e-06 2.510394205586087e-07 3.527793138579220e-07 1.434316527450910e-06
5.101236029658957e-06 -5.377564054657639e-06 2.056433363821657e-06 -1.056139296999726e-06
4.581590565663173e-06 -4.519279486542681e-06 1.853289527699114e-06 -7.524292998275756e-07
4.188535719172449e-06 -3.623126626102490e-06 1.663741405257633e-06 -4.121161205019588e-07
6.366820585707541e-06 -3.809410335621132e-06 2.527814697368547e-06 -4.879334614180736e-07
7.087751225579192e-06 -2.808899050541878e-06 2.803659891854050e-06 -6.429812724153112e-08
1.862544598626914e-06 -4.047724434638401e-07 5.640210271133706e-07 1.136347459938659e-06
2.430696632859082e-06 -1.224346086183778e-06 8.112926064779098e-07 7.676741479605059e-07
2.431086349542442e-06 4.278537810806567e-07 8.118793754463244e-07 1.500935267602147e-06
5.063206697472539e-06 -3.615612453049515e-06 2.040917224321569e-06 -4.159149308177263e-07
3.898781870333265e-06 -2.722551484518448e-06 1.521179769644139e-06 -8.830418729901942e-09
3.354834801885304e-06 -1.367554484042184e-06 1.242773189842570e-06 6.539924147211449e-07
3.616084468837652e-06 -1.515206632087781e-06 1.374252884207196e-06 5.688195619118187e-07
3.746279309543921e-06 -1.822159080906889e-06 1.442149906442237e-06 4.145577288382454e-07
5.857348822952115e-06 -2.696211147522797e-06 2.363447502043435e-06 -7.208922188214838e-09
6.600736172922196e-06 -1.990470337145013e-06 2.674373635402039e-06 3.127393371989746e-07
2.940502240302357e-06 -5.263044203218153e-07 1.035457082124383e-06 1.063430788594834e-06
3.382148586498548e-06 5.571234174896695e-07 1.235130731640250e-06 1.566081107082242e-06
4.506924386098071e-06 -2.091394453190975e-06 1.791840198354834e-06 2.819953672686023e-07
3.646011439553861e-06 -9.301606538988647e-07 1.378709771108107e-06 8.525282386572129e-07
3.956487474824390e-06 -1.410029401604023e-06 1.535945575820953e-06 6.113627564600013e-07
5.503523669512236e-06 -1.738788482117249e-06 2.223118215864683e-06 4.377054910207417e-07
6.287975231438649e-06 -1.176391385548049e-06 2.593625257985140e-06 7.148511780988913e-07
3.684962537441105e-06 5.601317802333119e-09 1.379685154417000e-06 1.302225294660291e-06
3.661990005637290e-06 6.958986829784358e-07 1.355986641971388e-06 1.641099851959077e-06
4.698582149298012e-06 -7.163779005072949e-07 1.868985313582868e-06 9.317310892920420e-07
6.168000727522419e-06 -3.784792838691270e-07 2.575780580853085e-06 1.111976066862893e-06
6.201895666205280e-06 3.873486656499321e-07 2.643526817064949e-06 1.493301701142770e-06
4.248394351060024e-06 5.157551539817918e-07 1.642689991296182e-06 1.551148452633407e-06
3.828764607214599e-06 9.862567710616093e-07 1.424579371194787e-06 1.799975199471853e-06
4.039776367053583e-06 1.773094859383818e-06 1.501323096065986e-06 2.237637625275123e-06
5.447332961280413e-06 4.958915832340257e-07 2.255945242233877e-06 1.532886761106678e-06
4.340200000757597e-06 2.513288926420667e-06 1.629646442184970e-06 2.680416691464557e-06
6.396103972250853e-06 1.152418545322571e-06 2.796980786876703e-06 1.875844702681851e-06
4.757736954766950e-06 1.807450088758154e-06 1.886436144659723e-06 2.244561795485472e-06
5.792073324623594e-06 1.865303383739625e-06 2.470065713799072e-06 2.267346499966238e-06
4.715949471357842e-06 3.210120995878958e-06 1.818689695729792e-06 3.111162484010747e-06
6.723005453373506e-06 1.865910580655949e-06 3.038291241882920e-06 2.266166545909816e-06
6.419587673541946e-06 2.551671668113509e-06 2.858001902572117e-06 2.671174140891759e-06
5.732518235001252e-06 2.973735340967573e-06 2.414137395773780e-06 2.951307266436209e-06
5.166200135479043e-06 3.855528185721882e-06 2.046647078724988e-06 3.538891607592316e-06
5.683112159567216e-06 4.443607120725748e-06 2.332297523030096e-06 3.969583965980652e-06
7.168419017253093e-06 2.512872373516183e-06 3.357537348273580e-06 2.617486264219123e-06
6.827675484826955e-06 3.301051277333330e-06 3.110209314183491e-06 3.140926347491309e-06
6.430792523886271e-06 4.206208909447793e-06 2.809154357761464e-06 3.799186061861052e-06
6.262739337806837e-06 4.968481368015718e-06 2.683102864705401e-06 4.423594436132764e-06
7.717481673503835e-06 3.068989809794879e-06 3.805576204465027e-06 2.926351807934944e-06
7.543520176562827e-06 4.196024744411611e-06 3.661496187424676e-06 3.783074397372915e-06
6.895555796811619e-06 5.424119004652599e-06 3.129395206718138e-06 4.841490938376823e-06
7.574207937780680e-06 5.804635271711262e-06 3.682804011069871e-06 5.239475113562618e-06
8.291792543162106e-06 6.106512115206533e-06 4.336688377377045e-06 5.650508056788785e-06
8.355666931573795e-06 4.433070865243775e-06 4.386940015506397e-06 3.952098182779498e-06
8.353359423058671e-06 3.518072983126738e-06 4.392582244228945e-06 3.188153275847705e-06
8.194823490910910e-06 5.333388516735659e-06 4.211568794551435e-06 4.804818619796491e-06
9.037839628063380e-06 6.325657661119196e-06 5.098496201476987e-06 5.976599447007166e-06
9.805376903427685e-06 6.459921794637369e-06 5.958224407732550e-06 6.236076486456615e-06
8.997014287160246e-06 4.635921187502758e-06 5.012592672618967e-06 4.111643202675469e-06
9.056732576803116e-06 3.847890817532649e-06 5.095077012224531e-06 3.344859223099398e-06
1.058319805517283e-05 6.506662597994599e-06 6.902827057773991e-06 6.381499774100507e-06
9.719255360139018e-06 5.362598451527722e-06 5.798926533855000e-06 4.908225825014658e-06
9.807327983668343e-06 4.048502150267485e-06 5.927985973856268e-06 3.394154974770588e-06
1.075500386240673e-05 5.478813787946004e-06 7.107735279306022e-06 5.061350109454621e-06
1.144192830950983e-05 6.510943466537723e-06 8.065539838471715e-06 6.473981020021648e-06
1.058268085048740e-05 4.114819899252732e-06 6.866614613754928e-06 3.361479999939481e-06
1.262724173215999e-05 6.516663055048225e-06 9.722035422970271e-06 6.551099100501753e-06
1.168979120214392e-05 4.893967561672855e-06 8.372041284271605e-06 4.277900304990672e-06
1.144145149760050e-05 4.111681913817610e-06 8.054951235443015e-06 3.242437752230919e-06
1.426961279772942e-05 6.528541834907698e-06 1.214369108862405e-05 6.637597621199439e-06
1.345340909378464e-05 5.216993495158171e-06 1.093418065620812e-05 4.708465204029045e-06
1.262722594532453e-05 4.105320781103678e-06 9.725393545492084e-06 3.125776421446769e-06
1.646339782292585e-05 6.545283667105063e-06 1.539182624463658e-05 6.635726082846759e-06
1.536146153626943e-05 5.312347489079484e-06 1.380871873916870e-05 4.832978669748629e-06
1.426923826672358e-05 4.094866030856887e-06 1.218354888707921e-05 3.056671437169023e-06
1.878062735342928e-05 6.562522755030245e-06 1.874934323561508e-05 6.575104931035919e-06
1.761645003241381e-05 5.313261708313941e-06 1.712950525174422e-05 4.829341552765060e-06
1.646282112641245e-05 4.080162992276212e-06 1.546715136173969e-05 3.041142212396756e-06
2.112769932703102e-05 6.577072459659795e-06 2.203520932597609e-05 6.511040641652931e-06
1.994954320367116e-05 5.314151377311385e-06 2.042789224414712e-05 4.815134512727887e-06
1.878018030564257e-05 4.064790021059844e-06 1.880466440116364e-05 3.069335202685285e-06
2.349730196967531e-05 6.587170839111820e-06 2.522160596191330e-05 6.462620113055350e-06
2.230948746954015e-05 5.314973917260924e-06 2.362767644266713e-05 4.794150333982498e-06
2.112754848849202e-05 4.051854190962849e-06 2.201704165969607e-05 3.080257779516709e-06
2.587862750674211e-05 6.591021582596532e-06 2.834094351120254e-05 6.362606687127262e-06
2.468701784581023e-05 5.315916230883429e-06 2.677212417656728e-05 4.706484824018794e-06
2.349720397870940e-05 4.043678605869966e-06 2.515532699394373e-05 3.072295639494374e-06
2.825910438064042e-05 6.589307990651980e-06 3.141035976726928e-05 6.248982484671453e-06
2.706981857028733e-05 5.316809562988440e-06 2.988047506803230e-05 4.633931627073761e-06
2.587842663976449e-05 4.041712570457747e-06 2.828317226327205e-05 3.030654482508415e-06
3.062992832382145e-05 6.584673131825766e-06 3.437502572232186e-05 6.175835645649506e-06
2.944634526478841e-05 5.317571378251445e-06 3.291677985682629e-05 4.606207117373387e-06
2.825885327763295e-05 4.045135472506750e-06 3.137410759645394e-05 3.008517666784791e-06
3.298931184510050e-05 6.579963703784866e-06 3.724523477949443e-05 6.066610767942476e-06
3.181129354067292e-05 5.318122877721274e-06 3.586034111404208e-05 4.606512209840629e-06
3.062975754886771e-05 4.051040359978188e-06 3.437759441816905e-05 3.031678534082973e-06
3.534062006822745e-05 6.577172589481636e-06 4.008384351435877e-05 5.994887564029556e-06
3.416586858290531e-05 5.318478997905781e-06 3.868755852148466e-05 4.545025034388052e-06
3.298917070404828e-05 4.056633808433733e-06 3.731107834575062e-05 3.047791137280782e-06
4.036739517952553e-05 6.437362569960449e-06 4.594446199623438e-05 5.811574950969170e-06
4.003414540268581e-05 6.575415600820269e-06 4.554582727896918e-05 5.973281672965438e-06
3.639256033838099e-05 5.318570051251183e-06 4.129977190581499e-05 4.524658932425505e-06
3.768809365765165e-05 6.575882540075636e-06 4.280437746212493e-05 5.930266363847680e-06
3.534068397543649e-05 4.059847244578958e-06 4.004153191843084e-05 3.057858657430442e-06
4.050543241643541e-05 6.104090753321080e-06 4.610832612054893e-05 5.417360192619490e-06
3.971703954995121e-05 5.318644142163368e-06 4.513832181571652e-05 4.471559535243611e-06
3.768813469456613e-05 4.061353719262310e-06 4.277386498969046e-05 3.037741979504175e-06
4.050552100729819e-05 4.533152846691635e-06 4.606236220434552e-05 3.549965259640898e-06
4.003423094449612e-05 4.061807129005394e-06 4.549637276916482e-05 2.999495664396166e-06
4.036748680119138e-05 4.199865953728834e-06 4.589505288904960e-05 3.159356139564633e-06
