-3.928258155640404e-05 6.138119527860844e-06 -4.812980451180690e-05 5.917583125854911e-06
-3.941630571971040e-05 5.815327977807456e-06 -4.835509354409774e-05 5.378878492235465e-06
-3.941593825670902e-05 4.293336094671241e-06 -4.833019913665657e-05 2.974460352404773e-06
-3.928215793440584e-05 3.970478152286828e-06 -4.810109041565897e-05 2.433851740823470e-06
-3.895973820455534e-05 6.271809054297416e-06 -4.758901087851674e-05 6.140527733359840e-06
-3.835374424589123e-05 5.054255048979633e-06 -4.664255305749074e-05 4.164516748233877e-06
-3.895922518719910e-05 3.836759210896528e-06 -4.755528992138694e-05 2.209800892101635e-06
-3.668636480996805e-05 6.271030324482241e-06 -4.393710185923542e-05 6.107528299906123e-06
-3.668570026662225e-05 3.837449517322298e-06 -4.389758926035498e-05 2.186529597058058e-06
-3.543195960089291e-05 5.054359413710569e-06 -4.184030750456220e-05 4.149399541525410e-06
-3.441587794657316e-05 6.269146776765426e-06 -4.048157592714510e-05 5.979012806000451e-06
-3.441520825355880e-05 3.839535092406048e-06 -4.038167647724497e-05 2.219988531149757e-06
-3.328184541272332e-05 5.054117912110114e-06 -3.845421176030106e-05 4.137841972119448e-06
-3.214976138351644e-05 6.266152526985526e-06 -3.708681393275433e-05 5.910150866690179e-06
-3.214991475911371e-05 3.842041305490337e-06 -3.681099294250204e-05 2.286326568086714e-06
-3.101908747868296e-05 5.054119898146321e-06 -3.509433609193713e-05 4.132580048000672e-06
-2.988986725373192e-05 6.263083532576713e-06 -3.380180010131419e-05 5.939959635903164e-06
-2.988990724356219e-05 3.844881782519786e-06 -3.342930933040352e-05 2.329321303316359e-06
-2.876203024941086e-05 5.054123880458553e-06 -3.179217386514079e-05 4.092912209819156e-06
-2.763536104263397e-05 6.260880010260955e-06 -3.048820280095596e-05 5.909578362655688e-06
-2.763493733532081e-05 3.846950382309108e-06 -3.024368739803845e-05 2.448805375885141e-06
-2.650922772772584e-05 5.054179794753582e-06 -2.848601274924817e-05 4.057633196273428e-06
-2.538419005571787e-05 6.260274559938491e-06 -2.706681820118749e-05 5.869837311303910e-06
-2.538309545279118e-05 3.848115875669380e-06 -2.720023038465759e-05 2.445371843575100e-06
-2.425815299058626e-05 5.054361089182311e-06 -2.523273100706734e-05 4.087477884293252e-06
-2.313259530510921e-05 6.261454099818685e-06 -2.369329733338501e-05 5.882106630083933e-06
-2.313161279472684e-05 3.847815431017148e-06 -2.399292106042869e-05 2.369150394296063e-06
-2.200547007854691e-05 5.054806653509791e-06 -2.203734562156465e-05 4.129658879079134e-06
-2.087799514389890e-05 6.263840502349240e-06 -2.049470467664154e-05 5.767244715293849e-06
-2.087740324307299e-05 3.846684268931525e-06 -2.064781683623262e-05 2.390571366804789e-06
-1.974912945540958e-05 5.055506991595388e-06 -1.895864557481144e-05 4.137318526816475e-06
-1.861960018991003e-05 6.266371399511062e-06 -1.740294142559253e-05 5.698346645220837e-06
-1.861935951203640e-05 3.845588613624009e-06 -1.740972024581829e-05 2.512111060983392e-06
-1.748916614713781e-05 5.056437606459184e-06 -1.597274422300423e-05 4.114419250664635e-06
-1.635810158253881e-05 6.268558778691849e-06 -1.448213756436087e-05 5.694957698238869e-06
-1.635807000701367e-05 3.845338805899899e-06 -1.446016405125998e-05 2.602445933708285e-06
-1.527235062694426e-05 5.057444273132699e-06 -1.317663280938011e-05 4.104884093619249e-06
-1.418636945824175e-05 6.269715646695770e-06 -1.182397112502875e-05 5.615290223324468e-06
-1.418663638943747e-05 3.846326367966016e-06 -1.181191135874777e-05 2.667516045116772e-06
-1.337235183297589e-05 5.153087676284902e-06 -1.084168182340692e-05 4.214328089232257e-06
-1.254130289378845e-05 6.269790662866931e-06 -9.857515874491954e-06 5.525093492404674e-06
-1.254173074328585e-05 3.848212937415517e-06 -9.830352567909799e-06 2.716870141244635e-06
-1.134525807094822e-05 6.269133859210934e-06 -8.484810772721003e-06 5.475945037601360e-06
-1.157905192077458e-05 5.472381171543047e-06 -8.737406564458579e-06 4.576574299372510e-06
-1.134565167933932e-05 3.849948197131193e-06 -8.461331422283727e-06 2.732324046111949e-06
-1.047713192892367e-05 3.851676449009200e-06 -7.481918237481255e-06 2.751299996361418e-06
1.813486335058868e-06 -3.953793738863852e-07 9.244998791478099e-07 3.984272123099830e-07
1.848736391380166e-06 -4.799322171731215e-07 9.411015929498169e-07 3.571951618853844e-07
1.848600151706200e-06 -7.956540099603734e-07 9.263944311644080e-07 2.108644127903613e-07
1.813489880263690e-06 -8.794147367503583e-07 9.078344740806979e-07 1.750881810966662e-07
-1.047654034907906e-05 6.268528873487246e-06 -7.513117800417770e-06 5.451858262215708e-06
-9.688134734465197e-06 6.223115387563770e-06 -6.631214594002810e-06 5.358866625710518e-06
-1.030136727982398e-05 4.758540631539767e-06 -7.278878910469777e-06 3.746545359581131e-06
-9.690062057710147e-06 3.784661376233732e-06 -6.617635057138816e-06 2.724692466022263e-06
1.729266000166718e-06 -3.605619151976713e-07 8.839297830984258e-07 4.151245148138696e-07
1.644192558942983e-06 -7.070688047911697e-07 8.419971069943336e-07 2.432437864236387e-07
1.729693103791347e-06 -9.146461926023226e-07 8.708681865467171e-07 1.581604104874625e-07
-9.438380724216617e-06 5.477991134341780e-06 -6.337986668576509e-06 4.526977678745666e-06
-8.910426133197076e-06 6.088373693796711e-06 -5.826890128482260e-06 5.127599494078206e-06
-8.153733619525769e-06 5.866723899797697e-06 -5.099873364632357e-06 4.835548570954031e-06
-9.201970514032470e-06 4.446185425180885e-06 -6.093432829882166e-06 3.433129567330738e-06
-8.928028809939916e-06 3.582386843816587e-06 -5.835682087534912e-06 2.599197226876638e-06
1.157861603501014e-06 -3.528181603836563e-07 6.360015056820449e-07 4.119471452032567e-07
1.156751256027745e-06 -9.272199322479040e-07 6.399405611954679e-07 1.156739514692706e-07
8.603843539389147e-07 -6.411488055941560e-07 4.730264748442552e-07 2.626361991227907e-07
-7.427582951344350e-06 5.560607617471762e-06 -4.423776842336455e-06 4.469775945871843e-06
-8.055011607353181e-06 5.084361107069787e-06 -4.981117242972259e-06 4.044418530147193e-06
-8.318152294612538e-06 4.092430029550508e-06 -5.238681242219469e-06 3.103074369249300e-06
-8.213833388929895e-06 3.251027060236613e-06 -5.128844979906487e-06 2.362188670260873e-06
5.375257388111414e-07 -2.991916513118588e-07 3.019501568949498e-07 4.458762253831383e-07
5.370305419225792e-07 -9.850622928224412e-07 2.833230624188061e-07 4.053033469873496e-08
1.676290636217260e-07 -6.430914657590007e-07 7.261170100595447e-08 2.327665255858198e-07
-6.741227346960173e-06 5.174634971416605e-06 -3.813028360362552e-06 4.063722803299930e-06
-6.103408736721078e-06 4.713636265829943e-06 -3.336394090896290e-06 3.630854490483343e-06
-7.394727496025484e-06 3.935053043523313e-06 -4.353245512113480e-06 2.971779287069592e-06
-7.568944858546007e-06 2.800542121609378e-06 -4.483855858924420e-06 2.033402340956505e-06
-2.583396568250999e-07 -1.807141278196935e-07 -1.998082167478395e-07 5.334608376087108e-07
-2.588814508651874e-07 -1.107361412591312e-06 -1.951509520009933e-07 -7.704456459833738e-08
-6.264725326004745e-06 3.990129290110021e-06 -3.453164662931339e-06 3.014177750576516e-06
-5.521905202180900e-06 4.183369776712307e-06 -2.934155923294583e-06 3.155468517998852e-06
-6.537700606993494e-06 3.161002524602343e-06 -3.626510599035778e-06 2.349994361929363e-06
-7.012649900916731e-06 2.244803466940248e-06 -3.963883009068283e-06 1.638977039841204e-06
-7.303563316848218e-07 -6.447635609402897e-07 -4.883336420848505e-07 2.147322509080413e-07
-1.293308380130178e-06 -8.516563203887182e-09 -8.022996173663702e-07 5.603214800154691e-07
-1.293002518753717e-06 -1.283824428905901e-06 -8.351940528108376e-07 -1.726884817651191e-07
-5.004351531272781e-06 3.591202366489901e-06 -2.586857880745870e-06 2.665930414956473e-06
-4.556610760314447e-06 2.943811946488971e-06 -2.322979535424395e-06 2.199895607051666e-06
-4.182380819994601e-06 2.248017021203448e-06 -2.136415775973505e-06 1.719061101798776e-06
-5.980234124416132e-06 2.405034871663872e-06 -3.219460898396891e-06 1.788224081187166e-06
-6.561894738913572e-06 1.600859902703456e-06 -3.595662425025262e-06 1.257235975008609e-06
-1.746730414377080e-06 -6.444550844615596e-07 -1.077458510621527e-06 1.853016633497001e-07
-2.304860653475025e-06 1.619720978449307e-07 -1.354537040776638e-06 5.799552266289932e-07
-2.305078252303943e-06 -1.463253530559783e-06 -1.349544642388809e-06 -2.049417303019730e-07
-4.931238065961330e-06 2.252079593599330e-06 -2.573643635951977e-06 1.709873962812934e-06
-3.889687072310489e-06 1.510674373774336e-06 -2.010284438536485e-06 1.244181243345797e-06
-3.239295506317060e-06 3.083555623548964e-07 -1.819770737479776e-06 6.232824375673349e-07
-3.520305690808473e-06 4.496335954912828e-07 -1.930019412357800e-06 6.769802681236139e-07
-3.679730947395277e-06 7.318134322976617e-07 -1.971922244775819e-06 8.046630232136871e-07
-5.586820100933863e-06 1.505396284135856e-06 -2.978385987563946e-06 1.226269566874033e-06
-6.231689293289862e-06 8.922384788012361e-07 -3.354213579394916e-06 8.797129929667306e-07
-2.807660807371844e-06 -5.276433223722780e-07 -1.606955435056868e-06 2.277554527231746e-07
-3.215950398170080e-06 -1.591731649715828e-06 -1.820249148608265e-06 -2.804037361570967e-07
-4.405785496696150e-06 9.833674765187716e-07 -2.317237070639758e-06 9.272919107539441e-07
-3.526277886964923e-06 -1.183074954986158e-07 -1.950828006506636e-06 4.158385856698251e-07
-3.859368420217904e-06 3.509563355836537e-07 -2.077770179986924e-06 6.227207604973022e-07
-5.293754232118610e-06 6.711145253027154e-07 -2.825060575206544e-06 7.729661667771229e-07
-6.037631513871313e-06 1.430287448743109e-07 -3.219852941257353e-06 5.293583232119353e-07
-3.522465450602601e-06 -1.040994777169488e-06 -1.962544443805639e-06 -3.265959376875143e-08
-3.465290810404176e-06 -1.733256047423298e-06 -1.950171277756397e-06 -3.491701096029566e-07
-4.553156177381784e-06 -2.890466154204388e-07 -2.436417000397976e-06 3.051607921122140e-07
-5.985560685329381e-06 -6.257465762858961e-07 -3.167307816965751e-06 1.484055291083939e-07
-6.118858543770664e-06 -1.408230866767040e-06 -3.171998347211408e-06 -1.970820434199627e-07
-4.057491807373313e-06 -1.538504875869169e-06 -2.213477834945551e-06 -2.702024202745115e-07
-3.604901126800741e-06 -2.046655049685327e-06 -2.024344531116184e-06 -4.876472426761492e-07
-3.765177689724298e-06 -2.931712136032666e-06 -2.117606618964632e-06 -8.630261136408830e-07
-5.313452391544460e-06 -1.492451763288345e-06 -2.808554468964112e-06 -2.520781990085230e-07
-4.030513593451908e-06 -3.829480475328939e-06 -2.251602548202027e-06 -1.236704329508995e-06
-6.423432906427957e-06 -2.212669363740487e-06 -3.264897703806146e-06 -5.426484422355683e-07
-4.546983598609448e-06 -2.949880198507351e-06 -2.452360896767571e-06 -8.789606736231902e-07
-5.742904751493407e-06 -3.019224776445937e-06 -2.972327787902887e-06 -8.902764542301822e-07
-4.426068814670927e-06 -4.703658416263098e-06 -2.435609277998473e-06 -1.598404547022230e-06
-6.902215078903586e-06 -3.021029437453650e-06 -3.428858924498687e-06 -8.771378978995980e-07
-6.548418255915402e-06 -3.853982757083123e-06 -3.283437474623655e-06 -1.239425767998977e-06
-5.667053353203192e-06 -4.391064196390418e-06 -2.938660551328979e-06 -1.477148693789780e-06
-4.934353645996789e-06 -5.575482477015128e-06 -2.644749623074345e-06 -1.942535522428018e-06
-5.583568425820264e-06 -6.416056301583071e-06 -2.903584445732276e-06 -2.289776715959482e-06
-7.566615507115225e-06 -3.789068015174817e-06 -3.690937146989861e-06 -1.204307842951874e-06
-7.113048566524119e-06 -4.831376229851104e-06 -3.513962141426949e-06 -1.637107721201082e-06
-6.571273196239343e-06 -6.090145019384532e-06 -3.308277752635513e-06 -2.150735388796772e-06
-6.338072749356000e-06 -7.212018663164653e-06 -3.212959764605202e-06 -2.618731344348387e-06
-8.393518574612089e-06 -4.486872542197902e-06 -4.055045324239199e-06 -1.474412488065980e-06
-8.152462316980686e-06 -6.091405303808551e-06 -3.980744902546525e-06 -2.130660574624094e-06
-7.217682584356337e-06 -7.923060836801941e-06 -3.593857294647005e-06 -2.904597548576618e-06
-8.219465189764988e-06 -8.553903032026993e-06 -4.013647698855270e-06 -3.153687317493857e-06
-9.311270310479586e-06 -9.093826341523400e-06 -4.480604807334113e-06 -3.394054858451686e-06
-9.390859494295869e-06 -6.445864574065427e-06 -4.535651014045997e-06 -2.257424589653168e-06
-9.377259729637596e-06 -5.082187947646648e-06 -4.516582028088576e-06 -1.696217808054134e-06
-9.140087377401688e-06 -7.841923702036990e-06 -4.410685766927537e-06 -2.841426021319336e-06
-1.049889068790235e-05 -9.497439729689702e-06 -4.999160392381835e-06 -3.569948565634858e-06
-1.176215576596380e-05 -9.775180255414575e-06 -5.546822269705398e-06 -3.638047696343136e-06
-1.040776646213684e-05 -6.753109615089150e-06 -5.003988067452297e-06 -2.381797393200388e-06
-1.050755109194715e-05 -5.516830667918911e-06 -5.044889250278210e-06 -1.874971421808162e-06
-1.306805855973916e-05 -9.903291657621863e-06 -6.115503391225604e-06 -3.622001046436435e-06
-1.158823179051248e-05 -7.934816958906887e-06 -5.510990811180758e-06 -2.861702871818216e-06
-1.174574183358464e-05 -5.765223701082922e-06 -5.575891919166972e-06 -2.018367663972449e-06
-1.335158317003389e-05 -8.141345091573112e-06 -6.231708115112322e-06 -2.948075044143903e-06
-1.456227245948629e-05 -9.966605448777672e-06 -6.685890884135078e-06 -3.555423457375658e-06
-1.305074321024373e-05 -5.826283370963239e-06 -6.104251108324704e-06 -2.090281299192928e-06
-1.667188640457442e-05 -1.003003164609806e-05 -7.400270231143021e-06 -3.444259274728790e-06
-1.498023996564572e-05 -7.123126513341237e-06 -6.853964824947133e-06 -2.601955675583561e-06
-1.455903456016189e-05 -5.763308048356122e-06 -6.674454896836839e-06 -2.130937481093632e-06
-1.969971881921430e-05 -1.012693720199421e-05 -8.108357760949715e-06 -3.236869302547522e-06
-1.817380438595411e-05 -7.688299848962030e-06 -7.798270988155127e-06 -2.774978211937292e-06
-1.667402664739023e-05 -5.681067578566889e-06 -7.365244762203355e-06 -2.224960752620161e-06
-2.387594503107971e-05 -1.022883313346100e-05 -8.717116507846134e-06 -3.043117462552653e-06
-2.175886371167191e-05 -7.860045975428364e-06 -8.439059261078539e-06 -2.794216102132778e-06
-1.970067433291941e-05 -5.587755556296679e-06 -8.081983647687648e-06 -2.383914283605905e-06
-2.839094017481632e-05 -1.030894888392749e-05 -9.110775565484023e-06 -2.933178579088280e-06
-2.610875434609396e-05 -7.859157021334092e-06 -8.916893254540241e-06 -2.775780544406441e-06
-2.387619639905845e-05 -5.489356628751174e-06 -8.696336969670597e-06 -2.483305703944989e-06
-3.303427992740111e-05 -1.036745340639793e-05 -9.403488122544212e-06 -2.839726745637724e-06
-3.069429164972094e-05 -7.858820788034946e-06 -9.234626639089473e-06 -2.741334215167296e-06
-2.839098876782734e-05 -5.409057064593885e-06 -9.086432650630519e-06 -2.593201495769011e-06
-3.776786854297549e-05 -1.040669474677533e-05 -9.547761601891619e-06 -2.768105088430331e-06
-3.538896407021257e-05 -7.858336589227031e-06 -9.450645520034337e-06 -2.693868792565525e-06
-3.303432316825803e-05 -5.349710894689803e-06 -9.352951154940881e-06 -2.623490532049452e-06
-4.255833614293621e-05 -1.043011639172491e-05 -9.638193624088315e-06 -2.719057472111163e-06
-4.015601718304524e-05 -7.857667204924298e-06 -9.536459513587024e-06 -2.670107450639481e-06
-3.776809526319839e-05 -5.309318233827702e-06 -9.462607100576263e-06 -2.628285687034480e-06
-4.738071624527337e-05 -1.044262295875819e-05 -9.769894068234567e-06 -2.778256600380422e-06
-4.496572136690197e-05 -7.857095895633295e-06 -9.594325130781327e-06 -2.648165456070383e-06
-4.255840865279215e-05 -5.284604529184392e-06 -9.531387183188105e-06 -2.620382129229841e-06
-5.221761604586875e-05 -1.044675357139132e-05 -1.007854664837208e-05 -2.913220033444138e-06
-4.979798267194414e-05 -7.856868149376673e-06 -9.781944650520728e-06 -2.644703068429825e-06
-4.738068069118545e-05 -5.271243478204561e-06 -9.632038969854765e-06 -2.497522940382679e-06
-5.705450749814117e-05 -1.044446566869811e-05 -1.067428223474943e-05 -2.985029900231378e-06
-5.463697409223698e-05 -7.856776355400715e-06 -1.027533410597685e-05 -2.635026827734368e-06
-5.221750511603933e-05 -5.266884280696237e-06 -9.959817122705081e-06 -2.349950752115319e-06
-6.188185651218323e-05 -1.043876247965659e-05 -1.157923892004007e-05 -3.059691365855876e-06
-5.947022665993613e-05 -7.856640080481133e-06 -1.105912480204695e-05 -2.588352938425556e-06
-5.705453507298936e-05 -5.268900795528765e-06 -1.062844704369754e-05 -2.220975310223036e-06
-7.218705452700892e-05 -1.014923430524405e-05 -1.329678775574077e-05 -2.913026391647318e-06
-7.150410432342406e-05 -1.043216846152633e-05 -1.318915827344619e-05 -2.959813409778258e-06
-6.404016472361954e-05 -7.856607894454412e-06 -1.195030464474932e-05 -2.579904340386833e-06
-6.669651728812596e-05 -1.043360847664955e-05 -1.242428058501128e-05 -2.984131774218305e-06
-6.188177953766256e-05 -5.274483460947524e-06 -1.150070995896931e-05 -2.130348448974235e-06
-7.246993442419264e-05 -9.466211037981504e-06 -1.334004307735647e-05 -2.800479957029097e-06
-7.085424745253219e-05 -7.856487934141080e-06 -1.306686247145052e-05 -2.535780829403065e-06
-6.669651346302030e-05 -5.279477341676541e-06 -1.239110181374355e-05 -2.102251484288892e-06
-7.246991903845447e-05 -6.246766788933672e-06 -1.328750325411337e-05 -2.300167291451854e-06
-7.150409144778436e-05 -5.280818402946135e-06 -1.313441739443684e-05 -2.148276518342516e-06
-7.218703903033003e-05 -5.563749346291294e-06 -1.324180528473241e-05 -2.193662744289842e-06
