-4.786474854272057e-05 8.186327450402006e-06 4.783913767361598e-05 -6.328946227329557e-06
-4.803431081738205e-05 7.776969732245777e-06 4.804227038585992e-05 -5.842052251238447e-06
-4.803412758727775e-05 5.847029624278466e-06 4.811586837350066e-05 -3.564310950294227e-06
-4.786453996160931e-05 5.437630695861897e-06 4.791993061599605e-05 -3.079219984815374e-06
-4.745538001139602e-05 8.355882779311582e-06 4.735308813603319e-05 -6.531791354586129e-06
-4.668734985392367e-05 6.811924638606314e-06 4.648900712384484e-05 -4.708943932012681e-06
-4.745513004390393e-05 5.268051841783434e-06 4.744148606846020e-05 -2.876976282076867e-06
-4.457289291989424e-05 8.355355352837242e-06 4.388160688287254e-05 -6.562288320137594e-06
-4.457247652593297e-05 5.267797149491036e-06 4.398968240563499e-05 -2.845591439629353e-06
-4.298118700735031e-05 6.811174666965443e-06 4.203396196661023e-05 -4.707109127773704e-06
-4.169035591883878e-05 8.353731973071144e-06 4.036338449414231e-05 -6.510064658201686e-06
-4.168986477111614e-05 5.267638837275071e-06 4.051720028933039e-05 -2.772856848016739e-06
-4.024924832351876e-05 6.810057384596470e-06 3.872313393346474e-05 -4.693250064674001e-06
-3.881032690144741e-05 8.349602194340445e-06 3.688635476086634e-05 -6.447134974688226e-06
-3.880966372153777e-05 5.268741722922623e-06 3.698401424709557e-05 -2.712964807791191e-06
-3.737146575493107e-05 6.808384981505108e-06 3.522146498629529e-05 -4.614456560283968e-06
-3.593779599471853e-05 8.341725568333975e-06 3.355285620343725e-05 -6.271684259904146e-06
-3.593639849196887e-05 5.272329878227104e-06 3.357122692445721e-05 -2.777064235920524e-06
-3.450423331688820e-05 6.805995860932551e-06 3.196549711993963e-05 -4.566719636766369e-06
-3.307892520508504e-05 8.330336271812167e-06 3.054964635872240e-05 -6.054654506332281e-06
-3.307690498066732e-05 5.278609961313908e-06 3.045041982486969e-05 -2.925980129392555e-06
-3.165418614101668e-05 6.803056542712428e-06 2.908643921534615e-05 -4.512196181999463e-06
-3.023970602213601e-05 8.315931683980759e-06 2.778757599676849e-05 -5.989676408118733e-06
-3.023740413454048e-05 5.286992778672085e-06 2.765676282222128e-05 -3.038866768384968e-06
-2.882644968733583e-05 6.799619450783561e-06 2.637086791290723e-05 -4.490971971546133e-06
-2.742368361080071e-05 8.299868399842036e-06 2.498759820986436e-05 -6.017600741473617e-06
-2.742157754718180e-05 5.296067163332945e-06 2.491346717944407e-05 -3.017211408007048e-06
-2.602274484589584e-05 6.795797027022797e-06 2.361359150291231e-05 -4.523164405946617e-06
-2.463125630216054e-05 8.283921535096609e-06 2.211289323281954e-05 -6.112043290846826e-06
-2.462987988825793e-05 5.304278992128131e-06 2.199728083621916e-05 -2.955962851515404e-06
-2.324213041154084e-05 6.791766358492974e-06 2.069358335922669e-05 -4.553207063957239e-06
-2.186061099817945e-05 8.269221365926786e-06 1.906166755054307e-05 -6.224128720686642e-06
-2.185993513411334e-05 5.310655669692437e-06 1.894089115492066e-05 -2.922328757479628e-06
-2.048125502355830e-05 6.787684760129054e-06 1.761220772628921e-05 -4.583530283919862e-06
-1.910790278388720e-05 8.255871939222837e-06 1.594116959386327e-05 -6.276786287793066e-06
-1.910745936888914e-05 5.315172960319923e-06 1.593507771148812e-05 -2.910091219916582e-06
-1.779182383703116e-05 6.783481788130180e-06 1.452342820814637e-05 -4.603306409285521e-06
-1.648118953304039e-05 8.243456142343944e-06 1.289974137537999e-05 -6.247259915498807e-06
-1.648032346007944e-05 5.319223501717483e-06 1.297991998238541e-05 -2.929969483810772e-06
-1.549902641770042e-05 6.893728920172509e-06 1.180007183430111e-05 -4.740452545963884e-06
-1.450106091723119e-05 8.233749417825282e-06 1.062428223196888e-05 -6.225537970640163e-06
-1.449963009939909e-05 5.322543376897028e-06 1.067063056775765e-05 -2.954560936818359e-06
-1.306573372984544e-05 8.226311360495140e-06 9.058461091990976e-06 -6.220107952852089e-06
-1.334464066107774e-05 7.271873605832422e-06 9.367637065364839e-06 -5.185385061049235e-06
-1.306404426903734e-05 5.323993277055437e-06 9.063417364548789e-06 -2.976728929078577e-06
-1.202323111265330e-05 5.326235071026387e-06 7.868010922271190e-06 -3.049329483851179e-06
2.027393026314186e-06 4.501610296830307e-07 -8.348132221943974e-07 -3.932839148810699e-07
2.067854114371418e-06 3.527991727574074e-07 -8.415816024454829e-07 -3.756500617271035e-07
2.067597197465554e-06 -9.583055879171948e-09 -8.355064249451757e-07 -3.153567228164609e-07
2.027356890835731e-06 -1.054615511070584e-07 -8.287534363194408e-07 -2.983876459174018e-07
-1.202459738121861e-05 8.221153141999698e-06 7.882597423226077e-06 -6.206468900829768e-06
-1.108123031179840e-05 8.162788703858504e-06 6.883973366560620e-06 -6.123184862092065e-06
-1.181249713190081e-05 6.412282354040014e-06 7.613776019260099e-06 -4.285545030195825e-06
-1.108021225342956e-05 5.246545745645129e-06 6.803488082306978e-06 -3.036181310907058e-06
1.930459441571348e-06 4.904639230997129e-07 -8.185148417630312e-07 -4.010032755740620e-07
1.832853836246307e-06 9.310367050448916e-08 -7.971509571785054e-07 -3.262914996409129e-07
1.931372770278471e-06 -1.453889805595218e-07 -8.131207434849193e-07 -2.866711230652768e-07
-1.078115432766375e-05 7.269890454236736e-06 6.554228423685076e-06 -5.166635963170068e-06
-1.015210975706032e-05 7.996963914468422e-06 5.874050933963316e-06 -5.947173306397922e-06
-9.249865650173275e-06 7.727784116391170e-06 4.908740973759056e-06 -5.657145550144304e-06
-1.049694940066470e-05 6.036542169889051e-06 6.218164627712836e-06 -3.876942717488596e-06
-1.016899415336020e-05 5.006649513470067e-06 5.885223113632657e-06 -2.860557481551059e-06
1.273777497055790e-06 5.015725214234561e-07 -6.429979525172892e-07 -3.980700902818897e-07
1.273658643940598e-06 -1.556647667021089e-07 -6.310102741259168e-07 -2.168260770840274e-07
9.338171660104131e-07 1.735708130375190e-07 -5.329912605148246e-07 -2.831578071539644e-07
-8.388047034655134e-06 7.357188825079998e-06 4.054564058799360e-06 -5.232913976332295e-06
-9.130605126384345e-06 6.793191657805891e-06 4.783178815955954e-06 -4.666336041641859e-06
-9.442316524439301e-06 5.613240950917868e-06 5.116106044423510e-06 -3.490294426332633e-06
-9.316099900963728e-06 4.615760170081386e-06 4.965824456796393e-06 -2.519774777218834e-06
5.657282591144501e-07 5.624987014164334e-07 -4.289988139657553e-07 -3.770961831529814e-07
5.663206184183328e-07 -2.135122380812238e-07 -4.147575211020695e-07 -1.178588159027620e-07
1.486354471815847e-07 1.755699896291354e-07 -2.887226959032355e-07 -2.059715135274016e-07
-7.575413997833123e-06 6.892540262073439e-06 3.261946761007672e-06 -4.700548272344003e-06
-6.825492275365047e-06 6.341147804728180e-06 2.563389649497616e-06 -4.099572760801418e-06
-8.345141484350981e-06 5.423969882503687e-06 3.978639090718293e-06 -3.299582661697788e-06
-8.547360302861710e-06 4.086096270202607e-06 4.135265499588128e-06 -2.040714878961483e-06
-3.296024745610468e-07 6.938208195987299e-07 -1.301512223371440e-07 -3.363334522027825e-07
-3.288263391293881e-07 -3.401251248350957e-07 -1.239949124385703e-07 1.748412632683010e-08
-7.014662679187781e-06 5.484065048495714e-06 2.720872155884820e-06 -3.276297452117447e-06
-6.148602416271071e-06 5.709275714667132e-06 2.030827851916196e-06 -3.449974302189358e-06
-7.332322569525252e-06 4.509097012709126e-06 2.983087516669788e-06 -2.431911988987373e-06
-7.885305474261315e-06 3.437911124667509e-06 3.465083960359911e-06 -1.540717962907081e-06
-8.543655842878260e-07 1.782982267101494e-07 5.637255422689104e-08 -1.225576023419708e-07
-1.478730313875762e-06 8.843145783233813e-07 2.457821308330186e-07 -3.228115540508313e-07
-1.476837680175165e-06 -5.260496156026109e-07 2.850013787208011e-07 1.468358838387407e-07
-5.548892099236901e-06 5.007285523702857e-06 1.592081147057355e-06 -2.816585716659730e-06
-5.038830005997338e-06 4.249667015386801e-06 1.286753843573245e-06 -2.200530257938658e-06
-4.622119234317007e-06 3.440810020635752e-06 1.114119268115195e-06 -1.595829022921836e-06
-6.680544916042779e-06 3.623257173072706e-06 2.466956527453826e-06 -1.712216625582001e-06
-7.348871564081578e-06 2.695119194957126e-06 2.948203799731307e-06 -1.033207708370114e-06
-1.979391263134691e-06 1.829398247622665e-07 4.275955904364479e-07 -5.682461222673421e-08
-2.594843065812335e-06 1.072482729543021e-06 6.210414047405806e-07 -3.499301515468954e-07
-2.593827411873766e-06 -7.167430183208672e-07 6.530000698003080e-07 2.730157795376801e-07
-5.473117194270871e-06 3.443530837488989e-06 1.612360213462842e-06 -1.570991528046288e-06
-4.300704211346873e-06 2.591910039417131e-06 1.009179097134781e-06 -1.062291955450912e-06
-3.615443356041429e-06 1.233138655828282e-06 9.630138616939969e-07 -3.831456120138152e-07
-3.917609205120498e-06 1.390144156231585e-06 1.032972684274830e-06 -4.370178835086666e-07
-4.084516932771249e-06 1.706635998026232e-06 1.039708710359650e-06 -5.749413466910953e-07
-6.222048061717592e-06 2.583822088946224e-06 2.101424503200920e-06 -9.699877394624674e-07
-6.951358581679821e-06 1.888054038514419e-06 2.514414955265276e-06 -5.825234545404426e-07
-3.147495369643331e-06 3.152142476788384e-07 8.277914796082381e-07 -6.132883203296786e-08
-3.603348866783755e-06 -8.536732023648460e-07 1.021698271837065e-06 3.544976195552082e-07
-4.888432402928201e-06 1.987952314956698e-06 1.364672719591744e-06 -6.770153778017980e-07
-3.930565151648741e-06 7.631371263415481e-07 1.074205605116815e-06 -1.948483192730768e-07
-4.288951622418345e-06 1.280641121006317e-06 1.159405909021831e-06 -3.806883284298164e-07
-5.885955149312779e-06 1.636237780890604e-06 1.870479741006818e-06 -4.677976794361712e-07
-6.709382768898600e-06 1.048285486970494e-06 2.218314646268986e-06 -2.107692037918684e-07
-3.937984969740377e-06 -2.501874865360081e-07 1.120180913545738e-06 1.678726947407687e-07
-3.885230618746552e-06 -1.006423291602128e-06 1.124673481372110e-06 4.096427567816415e-07
-5.059634115913162e-06 5.657499708928319e-07 1.478178673464426e-06 -4.311946881855470e-08
-6.633953696917168e-06 1.976844438114155e-07 2.111139030804137e-06 9.070299731578230e-08
-6.751410321247166e-06 -6.535261968411916e-07 2.090159306276162e-06 3.425459616942340e-07
-4.530607252358784e-06 -7.968891517392966e-07 1.327988827694571e-06 3.605570602026666e-07
-4.045694508421715e-06 -1.340955022596264e-06 1.191970708832741e-06 5.174628544907953e-07
-4.235712863763194e-06 -2.277800970404636e-06 1.296058134140649e-06 7.998068566976018e-07
-5.886319673624929e-06 -7.527878758456150e-07 1.804008214092066e-06 3.865983549997484e-07
-4.535449797865886e-06 -3.212276653080639e-06 1.426877469075926e-06 1.022021655767410e-06
-7.052234323790070e-06 -1.520314779905016e-06 2.145339422062195e-06 6.012409208933010e-07
-5.070890207657233e-06 -2.302123792299193e-06 1.547623742032842e-06 8.248263593199611e-07
-6.330929171112842e-06 -2.373844327252410e-06 1.918772869849763e-06 8.288904989739106e-07
-4.961251914827074e-06 -4.115370616905225e-06 1.545220329272211e-06 1.214623937924000e-06
-7.531682912852848e-06 -2.374939341032648e-06 2.216583945216845e-06 7.952644912882695e-07
-7.159732166629661e-06 -3.241718326757134e-06 2.098354743616210e-06 1.005597017582327e-06
-6.252291950531067e-06 -3.795548746461995e-06 1.858592260007377e-06 1.155853884794206e-06
-5.499277809202562e-06 -5.002930749378529e-06 1.684104062600070e-06 1.419896077815006e-06
-6.170144741921266e-06 -5.849411258127996e-06 1.837601567872067e-06 1.633594815368480e-06
-8.195464251519088e-06 -3.177641724147058e-06 2.356948320442992e-06 9.742144584534575e-07
-7.731898497180733e-06 -4.243340684811530e-06 2.223559147473775e-06 1.259257595776885e-06
-7.180698403593567e-06 -5.518236537701849e-06 2.073411519521988e-06 1.557540311902992e-06
-6.944226602823756e-06 -6.643038445770130e-06 2.015667843822052e-06 1.835712936143326e-06
-9.020890709484429e-06 -3.897976014579740e-06 2.565946866644199e-06 1.156117336512690e-06
-8.776193709758149e-06 -5.515942411536447e-06 2.485375793206054e-06 1.533315608949697e-06
-7.835189132677681e-06 -7.348604146604573e-06 2.231343649430783e-06 2.009896896950397e-06
-8.839191038501393e-06 -7.968716558566498e-06 2.518358142554567e-06 2.171579255177980e-06
-9.928032433542994e-06 -8.493841822856129e-06 2.844365584387669e-06 2.329708364777895e-06
-1.001053177560369e-05 -5.869825360024318e-06 2.837104105016480e-06 1.596285063464876e-06
-9.998904161979862e-06 -4.505609250099508e-06 2.834584959100364e-06 1.269028624845741e-06
-9.761228786088973e-06 -7.257661002695735e-06 2.781021285326780e-06 1.963399016790534e-06
-1.110364266688314e-05 -8.884898763455036e-06 3.204580994479581e-06 2.449164224451893e-06
-1.234817011025489e-05 -9.150292533612162e-06 3.551190150994984e-06 2.507484142723996e-06
-1.101768824421408e-05 -6.175901271600806e-06 3.121255051515162e-06 1.669460182806273e-06
-1.111605615994387e-05 -4.949218335429736e-06 3.136836244727933e-06 1.338361218749745e-06
-1.363089074439180e-05 -9.269235814526860e-06 3.924746819787069e-06 2.511602840338872e-06
-1.218145843767989e-05 -7.341746673479917e-06 3.500348114271972e-06 2.012557651496689e-06
-1.233525095353859e-05 -5.204946208508254e-06 3.523529420623670e-06 1.395635304792721e-06
-1.391012636579642e-05 -7.542485476866334e-06 4.009364680897224e-06 2.047324871086519e-06
-1.509184488281607e-05 -9.324077957476672e-06 4.309684011345848e-06 2.467576740782578e-06
-1.361655185365183e-05 -5.271068967805255e-06 3.936711525925356e-06 1.426683916091023e-06
-1.714894853135147e-05 -9.379575772783973e-06 4.813119176887808e-06 2.386858580871668e-06
-1.550221237657308e-05 -6.545893623144343e-06 4.468063690976649e-06 1.762160202809536e-06
-1.508933645204474e-05 -5.215900020799357e-06 4.348054198223358e-06 1.433226451071729e-06
-2.009120369796189e-05 -9.466743307473586e-06 5.387005779501013e-06 2.344348966287038e-06
-1.861036217837776e-05 -7.097385495692078e-06 5.141753468420654e-06 1.866005685191583e-06
-1.715120554187563e-05 -5.142540044112051e-06 4.854542706465989e-06 1.491513287423769e-06
-2.414171665961104e-05 -9.562260221162575e-06 6.120880158622382e-06 2.286794964258434e-06
-2.208938585447965e-05 -7.263689109228332e-06 5.765505442062096e-06 1.870923902889928e-06
-2.009271062462942e-05 -5.056740423295526e-06 5.424719284608926e-06 1.524095795481543e-06
-2.852275832257563e-05 -9.643797399216251e-06 6.808430220118208e-06 2.224656842760315e-06
-2.630726352265489e-05 -7.261823309202465e-06 6.473561628861840e-06 1.906404859339905e-06
-2.414281078245552e-05 -4.962308255313022e-06 6.083391854922103e-06 1.505104867103919e-06
-3.304470022190843e-05 -9.712687526088798e-06 7.448792659317177e-06 2.165976951228006e-06
-3.076200259026328e-05 -7.260492644185187e-06 7.148765701638573e-06 1.912781655243225e-06
-2.852348069850047e-05 -4.878682597198938e-06 6.790629381135078e-06 1.549088351201911e-06
-3.768700364558762e-05 -9.770532813552588e-06 7.931821907979970e-06 2.157032875573840e-06
-3.534737623004809e-05 -7.259216418890545e-06 7.736622197199795e-06 1.895924307152988e-06
-3.304501439280259e-05 -4.807206402888253e-06 7.461740604447225e-06 1.577418818153961e-06
-4.242996465738594e-05 -9.817894993900739e-06 8.319504736402626e-06 2.119216445246243e-06
-4.004332837376839e-05 -7.258064027460382e-06 8.173391481321459e-06 1.871551274698893e-06
-3.768714060339990e-05 -4.746677222669234e-06 7.982315963256729e-06 1.602307941758879e-06
-4.725283560357558e-05 -9.853864423825507e-06 8.695086590678965e-06 2.116580396474852e-06
-4.483004546556964e-05 -7.257113598734399e-06 8.538982701175058e-06 1.869590278204748e-06
-4.243024729667629e-05 -4.697061943184020e-06 8.355775262999163e-06 1.685475116124670e-06
-5.213338271080890e-05 -9.878411979661563e-06 9.123868583640144e-06 2.172799548509203e-06
-4.968555226682285e-05 -7.256137243817035e-06 8.925629034121522e-06 1.864593448323458e-06
-4.725341092160172e-05 -4.659199900422684e-06 8.747129338656058e-06 1.688922203972431e-06
-5.705026411135712e-05 -9.893289565211759e-06 9.648541463714843e-06 2.153450315690314e-06
-5.458740632333858e-05 -7.255474889712524e-06 9.391095803713690e-06 1.885695351115979e-06
-5.213384717831797e-05 -4.633121177101037e-06 9.161935621583155e-06 1.635968962866188e-06
-6.198683651022833e-05 -9.900817103967258e-06 1.025112130736796e-05 2.132218810638970e-06
-5.951639365991119e-05 -7.255019374568940e-06 9.961273103464715e-06 1.904592651479117e-06
-5.705053488112163e-05 -4.617228914867192e-06 9.659706489799036e-06 1.601515950924078e-06
-7.258333657615874e-05 -9.613174914175692e-06 1.133000156501188e-05 2.048999311722487e-06
-7.188065889323829e-05 -9.904221811983298e-06 1.127342239025235e-05 2.077048235508873e-06
-6.420148018599439e-05 -7.254607399344437e-06 1.051593117836683e-05 1.881908248307027e-06
-6.693268933701247e-05 -9.903690098069120e-06 1.078926777696459e-05 2.142100466152390e-06
-6.198700673226069e-05 -4.608847562524034e-06 1.027455249070444e-05 1.584070711829227e-06
-7.287439477324400e-05 -8.910512754834768e-06 1.135359228946422e-05 1.987425852441934e-06
-7.121151867011159e-05 -7.254240011007124e-06 1.123757282163432e-05 1.852908718093669e-06
-6.693274485711662e-05 -4.605119995679940e-06 1.081326722329245e-05 1.589862446795778e-06
-7.287434657396928e-05 -5.597988536552666e-06 1.139205592084032e-05 1.697638661104377e-06
-7.188063246028390e-05 -4.604321289512102e-06 1.131147458682140e-05 1.601479810581395e-06
-7.258329235326243e-05 -4.895354715444392e-06 1.136958343969733e-05 1.630648599090695e-06
