5.979341992292432e-05 -7.276184476925763e-06 -1.927104699945402e-05 3.847767791260138e-06
6.004058900061562e-05 -6.679486452477315e-06 -1.932236461815711e-05 3.730582742545381e-06
6.004089039542570e-05 -3.866742383865867e-06 -1.932654470263454e-05 3.107341989981231e-06
5.979376176860708e-05 -3.270076233905836e-06 -1.927392371587710e-05 2.978926281006982e-06
5.919672054107989e-05 -7.523349563795405e-06 -1.914863352836953e-05 3.895250611566022e-06
5.807777592598082e-05 -5.273166271597834e-06 -1.887842956332789e-05 3.410534214362663e-06
5.919711922745435e-05 -3.022924543653257e-06 -1.914528387300895e-05 2.925800180272299e-06
5.499515039338564e-05 -7.523361539561438e-06 -1.818574603893974e-05 3.870140820634481e-06
5.499565577770212e-05 -3.022909095583648e-06 -1.820101501145212e-05 2.927305544265228e-06
5.267569204022923e-05 -5.273007381486954e-06 -1.772140784083934e-05 3.400827915378779e-06
5.079366872279175e-05 -7.521728802520685e-06 -1.727465964169359e-05 3.891329561020844e-06
5.079403162020744e-05 -3.023890855445145e-06 -1.728168729771150e-05 2.928339008543425e-06
4.869391705494441e-05 -5.272729054339154e-06 -1.682065994162910e-05 3.338410737607154e-06
4.659628656994791e-05 -7.516818032727821e-06 -1.634615467023311e-05 3.895286669041337e-06
4.659602865844161e-05 -3.027884438597982e-06 -1.635949546776331e-05 2.891649267793454e-06
4.450059689355787e-05 -5.272024344711354e-06 -1.578177493437605e-05 3.301790997387275e-06
4.241020853348139e-05 -7.506633656517603e-06 -1.538174927246121e-05 3.832049527179845e-06
4.241005027449078e-05 -3.036705237551553e-06 -1.556673680443347e-05 2.929471209682090e-06
4.032388491339575e-05 -5.271416076360991e-06 -1.483865669014154e-05 3.283430735361977e-06
3.824730150339721e-05 -7.488714994898992e-06 -1.447064553302334e-05 3.766410009833980e-06
3.824727625195725e-05 -3.053452593093079e-06 -1.482286738925028e-05 2.894391104053912e-06
3.617772782269524e-05 -5.270685280584154e-06 -1.408819702521192e-05 3.321818264346859e-06
3.412449802228846e-05 -7.460111916914098e-06 -1.367592628177076e-05 3.729247229120935e-06
3.412488329308946e-05 -3.080704698365172e-06 -1.404371517552631e-05 2.818649761354030e-06
3.208241244400524e-05 -5.270078254495624e-06 -1.340906253609655e-05 3.300136504741409e-06
3.006498271455879e-05 -7.418748300885774e-06 -1.266821093966743e-05 3.796448707045414e-06
3.006536088007490e-05 -3.120728117725072e-06 -1.304357904809887e-05 2.664065409174387e-06
2.806271035563815e-05 -5.269556799804996e-06 -1.239363273696383e-05 3.270989255684517e-06
2.609461908824822e-05 -7.363143775993198e-06 -1.144827301720610e-05 3.910613069361198e-06
2.609436905246384e-05 -3.175071287391787e-06 -1.184370624546378e-05 2.536699778403752e-06
2.414511712676120e-05 -5.268962570787853e-06 -1.105299684853616e-05 3.280076906226093e-06
2.223965764061638e-05 -7.293260128922531e-06 -1.007795662189168e-05 4.004816128339853e-06
2.223876423303067e-05 -3.243949767901881e-06 -1.046953559058077e-05 2.465869295784866e-06
2.035668133316161e-05 -5.268275446274902e-06 -9.577939323225555e-06 3.263319386318639e-06
1.852677539566731e-05 -7.208578016315541e-06 -8.815440571169761e-06 3.943033930618954e-06
1.852552079384090e-05 -3.327581860994607e-06 -9.048950288102542e-06 2.506579658186669e-06
1.679511561155525e-05 -5.266775688362821e-06 -8.227327778723684e-06 3.268660664408630e-06
1.512203874684252e-05 -7.111064435093006e-06 -7.609237004733286e-06 3.923810375996564e-06
1.512075130881877e-05 -3.426925835055580e-06 -7.695117360312651e-06 2.619998507792252e-06
1.388308196060525e-05 -5.404865493055145e-06 -7.214651052794083e-06 3.317684043190432e-06
1.267526464618881e-05 -7.020756671241352e-06 -6.778998404552678e-06 3.896549889882986e-06
1.267228395476244e-05 -3.518450947189290e-06 -6.853563187831639e-06 2.676292221942226e-06
1.097993635286202e-05 -6.942475447398509e-06 -6.256730731136477e-06 3.886662459242717e-06
1.128649285053958e-05 -5.846768006028739e-06 -6.365468875530773e-06 3.497946705402884e-06
1.097567912090412e-05 -3.576542695103004e-06 -6.247767456905320e-06 2.678833177465980e-06
9.790471085944826e-06 -3.638518075769078e-06 -5.847555842312281e-06 2.701226592554809e-06
-1.272476851548595e-06 -8.300140744544795e-08 9.987171392070897e-07 3.117718883495418e-07
-1.299007808314892e-06 -1.918908394722637e-08 1.010386257776631e-06 2.833015567487307e-07
-1.298880693871628e-06 2.187241284457757e-07 1.024883958360702e-06 1.824634583785459e-07
-1.272476548241602e-06 2.817376343768202e-07 1.015808415753066e-06 1.523523668117852e-07
9.784873844305074e-06 -6.887507023066296e-06 -5.851177199888334e-06 3.903177084424692e-06
8.749371070944261e-06 -6.778532979114822e-06 -5.431227877853089e-06 3.891568264862693e-06
9.529679119878834e-06 -4.860127197611143e-06 -5.761945941304947e-06 3.148668249084259e-06
8.730264260279813e-06 -3.612859220637583e-06 -5.465593077415389e-06 2.659765840089093e-06
-1.208942779739253e-06 -1.093760972705683e-07 9.715234571388594e-07 3.245440627571870e-07
-1.144738146526485e-06 1.515333400053616e-07 9.573900034167518e-07 2.167527681487073e-07
-1.209435776194238e-06 3.080748494416228e-07 9.881007081972258e-07 1.388603286524917e-07
8.406211637174095e-06 -5.787971024521537e-06 -5.308107302761452e-06 3.509272052792491e-06
7.756480610141996e-06 -6.543625644658233e-06 -5.020711326197733e-06 3.828834050189147e-06
6.831830359237059e-06 -6.220685782694048e-06 -4.622411438217232e-06 3.739348408041154e-06
8.095501445923851e-06 -4.472447262213869e-06 -5.213950498456974e-06 2.987898708480441e-06
7.754865268150136e-06 -3.430656923132927e-06 -5.052401274293323e-06 2.497164765591470e-06
-7.777058505687764e-07 -1.158673738039083e-07 7.848112871810809e-07 3.617262464628808e-07
-7.773299808897590e-07 3.156628764870331e-07 7.776321814161392e-07 1.270319634740912e-07
-5.539152919365379e-07 1.000489418742710e-07 6.701844884912631e-07 2.340824544357008e-07
5.989139815269900e-06 -5.790882399518760e-06 -4.176390244884372e-06 3.618454401061428e-06
6.695972900401604e-06 -5.242369461458797e-06 -4.584083907554307e-06 3.323044923635373e-06
7.009114629622654e-06 -4.056778503857957e-06 -4.715491775115410e-06 2.756021752548232e-06
6.875442522780686e-06 -3.110720802247692e-06 -4.624791375212310e-06 2.257253778072291e-06
-3.126131366205994e-07 -1.533914953446192e-07 5.492714393084806e-07 3.605056173784271e-07
-3.126346896414678e-07 3.535947785913529e-07 5.433953380067909e-07 6.220392793415314e-08
-3.972550087876029e-08 1.001376337306462e-07 3.716093616515690e-07 1.826432172569961e-07
5.220529887584759e-06 -5.294882190944864e-06 -3.724615812390786e-06 3.402784213617085e-06
4.553482380094959e-06 -4.741770899796227e-06 -3.350374032907068e-06 3.129648230428027e-06
5.933846224404845e-06 -3.881841909708807e-06 -4.157912499129921e-06 2.628446605291315e-06
6.111238022216359e-06 -2.663354952730706e-06 -4.228507063073602e-06 1.973767502433204e-06
2.710626551678881e-07 -2.339546307681560e-07 1.587711398760215e-07 3.957598151753598e-07
2.710698272450154e-07 4.342313376274494e-07 1.465095993606142e-07 -1.005089735526299e-07
4.724306807333353e-06 -3.929133689330720e-06 -3.462319041797749e-06 2.674496774067518e-06
3.987099173945263e-06 -4.126298578970438e-06 -2.990728962262853e-06 2.794650482375419e-06
4.999990428308375e-06 -3.055758602584803e-06 -3.623953106997381e-06 2.153338921429937e-06
5.475508782976938e-06 -2.136756331475405e-06 -3.878661556743494e-06 1.635091995250994e-06
6.103480543653805e-07 9.996677840584525e-08 -1.025082253920327e-07 1.175561478057803e-07
1.009881472232236e-06 -3.484924939381366e-07 -4.363342792759562e-07 4.856423531275575e-07
1.009043959423013e-06 5.492546530689930e-07 -4.412751022085483e-07 -2.980266709293949e-07
3.500718517809054e-06 -3.479114699513511e-06 -2.662475187982427e-06 2.365984663869546e-06
3.129153010422095e-06 -2.833993349050277e-06 -2.413676830458131e-06 1.990970034851774e-06
2.859753282468747e-06 -2.166911941325182e-06 -2.219183894536105e-06 1.601691256219112e-06
4.444943328613537e-06 -2.301248270039115e-06 -3.242226324285465e-06 1.689137337140606e-06
4.974415298706668e-06 -1.565462494591071e-06 -3.571587194441017e-06 1.221228904191543e-06
1.329540569080889e-06 9.820733386585876e-08 -7.219399520209880e-07 9.791143812479688e-08
1.717513623463240e-06 -4.597352362859257e-07 -1.056837655892912e-06 5.611650502583798e-07
1.718200555091139e-06 6.659530203150891e-07 -1.100642372303113e-06 -4.223369902120170e-07
3.487522630254461e-06 -2.158017369971729e-06 -2.624339162177734e-06 1.600316343426686e-06
2.666778133740281e-06 -1.509061963012261e-06 -2.071402347004819e-06 1.204956097090090e-06
2.337634641817973e-06 -5.517060831960450e-07 -1.664220986421595e-06 5.828899253951746e-07
2.506435535980770e-06 -6.519353182941570e-07 -1.855841623384930e-06 6.483054151047463e-07
2.583871741130150e-06 -8.653943814152853e-07 -1.961702261351208e-06 7.924128089721484e-07
4.065858496892526e-06 -1.484329323392325e-06 -3.020501251367273e-06 1.173714659642616e-06
4.596978633868966e-06 -9.801129387896472e-07 -3.398117515904827e-06 8.193599320372901e-07
2.064996623370057e-06 1.540323898240680e-08 -1.404214749706752e-06 1.227307318259439e-07
2.373947473614137e-06 7.514600857905858e-07 -1.658750427303422e-06 -4.995253700407767e-07
3.104998263298093e-06 -1.051501297551559e-06 -2.361281888951492e-06 9.152804685371854e-07
2.534990571499241e-06 -2.535441356141804e-07 -1.853453902053554e-06 3.203261271957704e-07
2.735132581952551e-06 -5.786432899089980e-07 -2.061606609883540e-06 5.822271713571176e-07
3.809220877073398e-06 -8.011773795451729e-07 -2.883046430566243e-06 7.175364362762442e-07
4.348674485687747e-06 -4.121514585652983e-07 -3.309681963879132e-06 4.198832371781550e-07
2.576367131161114e-06 3.798034610985883e-07 -1.841979460296123e-06 -1.884733354787307e-07
2.573243875338741e-06 8.431871879854822e-07 -1.803765196725081e-06 -5.819744146171284e-07
3.249221384751081e-06 -9.450320759689765e-08 -2.461901219884762e-06 2.055360406807887e-07
4.246048393433360e-06 1.334931167149752e-07 -3.282209577427059e-06 1.066115225406934e-08
4.234657673946684e-06 6.420772043363000e-07 -3.389528816677556e-06 -4.062649510661918e-07
2.964615482185362e-06 7.270729193995559e-07 -2.149527157166955e-06 -4.723803027028332e-07
2.695147826304443e-06 1.029350947919019e-06 -1.884063565402391e-06 -7.667745205889992e-07
2.856055277631328e-06 1.521524281906420e-06 -1.969050915275416e-06 -1.286353117677873e-06
3.747311467109151e-06 7.233314474717405e-07 -2.906077861004209e-06 -4.403017445747523e-07
3.071512065381686e-06 1.960036167079743e-06 -2.108009044405922e-06 -1.849895378807493e-06
4.325688330504384e-06 1.141833259107839e-06 -3.628518279097618e-06 -8.404463324053930e-07
3.314512823107421e-06 1.550797187935216e-06 -2.434369730656328e-06 -1.289336399760820e-06
3.949190010459485e-06 1.586235356104932e-06 -3.207371596862700e-06 -1.312833563507148e-06
3.317896187600564e-06 2.362225090294385e-06 -2.324814074303817e-06 -2.407486704178909e-06
4.489527588782113e-06 1.586932467984027e-06 -4.002914230129848e-06 -1.298610669503927e-06
4.305126882382549e-06 1.992963773809754e-06 -3.787411565049368e-06 -1.824492814194151e-06
3.917149570153274e-06 2.232644116494931e-06 -3.147160868028731e-06 -2.185673793662745e-06
3.599999914303247e-06 2.710006501853684e-06 -2.614687992091511e-06 -3.027518120117917e-06
3.899033445208199e-06 3.008772465195836e-06 -3.080652767893979e-06 -3.687918231064301e-06
4.706470767152447e-06 1.977766431972324e-06 -4.553748856279238e-06 -1.774532069975457e-06
4.521250135769775e-06 2.411122723360725e-06 -4.235680497319931e-06 -2.498773528501284e-06
4.311049141562987e-06 2.883460933680647e-06 -3.818561123700058e-06 -3.442449386767256e-06
4.223562572752707e-06 3.255513805503409e-06 -3.637782403966206e-06 -4.293269941490773e-06
4.969133438869051e-06 2.300060517314979e-06 -5.190139896660512e-06 -2.227607595879009e-06
4.879572498025379e-06 2.873181258528889e-06 -5.019107653292669e-06 -3.439138925795803e-06
4.555811445459365e-06 3.461065737550263e-06 -4.305855032928136e-06 -4.825938628530801e-06
4.887210454251313e-06 3.616236448595126e-06 -5.105805344752051e-06 -5.303876206721174e-06
5.222318687437988e-06 3.720044774626091e-06 -5.976786531217448e-06 -5.709736130013218e-06
5.258887612124273e-06 2.987598906536896e-06 -6.007723254253790e-06 -3.715473504421278e-06
5.260914202209864e-06 2.548451042395426e-06 -5.978847750035814e-06 -2.661181166641300e-06
5.187581842242429e-06 3.394765808019958e-06 -5.830778775545770e-06 -4.765829880099892e-06
5.547445243477320e-06 3.789286570906637e-06 -6.928576614263165e-06 -6.003351530742496e-06
5.860779416143935e-06 3.815860983773045e-06 -7.883930041131403e-06 -6.153643879577756e-06
5.540823534863097e-06 3.083599368651181e-06 -6.831943191866983e-06 -3.954634860576251e-06
5.563681894501745e-06 2.733603850753199e-06 -6.901184771917000e-06 -2.996060432310323e-06
6.165765645454870e-06 3.808967747984519e-06 -8.846037568865358e-06 -6.187070475042343e-06
5.841425641387852e-06 3.386638869683744e-06 -7.776454782495198e-06 -4.838137933442103e-06
5.870385341456242e-06 2.855507347690025e-06 -7.888051666463862e-06 -3.212408444153931e-06
6.235586175030512e-06 3.426673909115340e-06 -9.059217243445475e-06 -4.938946797243384e-06
6.474906171226682e-06 3.780980535600652e-06 -9.935199381223527e-06 -6.176678564608576e-06
6.173422560815177e-06 2.907302409639652e-06 -8.859327067116227e-06 -3.274059230170069e-06
6.875555344782319e-06 3.753939698489008e-06 -1.140965349780609e-05 -6.154958896284245e-06
6.571134089195943e-06 3.217996578253356e-06 -1.023903669064362e-05 -4.192477463527075e-06
6.475737156036993e-06 2.936638411551568e-06 -9.937320648842452e-06 -3.227889707758055e-06
7.371119954130153e-06 3.715035691032393e-06 -1.338116745738487e-05 -6.087408926740450e-06
7.136945478461633e-06 3.332490220544845e-06 -1.242475946572768e-05 -4.551159755383539e-06
6.874011413860541e-06 2.973651639741532e-06 -1.142268781194816e-05 -3.181330818166335e-06
7.955150078112173e-06 3.678079365999253e-06 -1.598696962572346e-05 -6.050101056364636e-06
7.673447679097739e-06 3.363701104786294e-06 -1.470909948662451e-05 -4.610325691947934e-06
7.369905687904945e-06 3.013141808809289e-06 -1.343112954529413e-05 -3.158383780516282e-06
8.507080270578724e-06 3.652420249843108e-06 -1.866578211717071e-05 -5.994630060930592e-06
8.238858713910764e-06 3.365556014900849e-06 -1.735755998380097e-05 -4.573888239371602e-06
7.954238857799813e-06 3.051622451087086e-06 -1.605450696486025e-05 -3.171653243895387e-06
9.018848223001465e-06 3.635579446713246e-06 -2.123508876545110e-05 -5.889917892523882e-06
8.768261246931102e-06 3.366975874209928e-06 -1.994168665738257e-05 -4.516748875575168e-06
8.506428491708184e-06 3.080036621085242e-06 -1.871710988614576e-05 -3.166160049945831e-06
9.504466555078504e-06 3.625413830574620e-06 -2.376201027336578e-05 -5.854698729747723e-06
9.264992840119515e-06 3.367909983895378e-06 -2.244093716615093e-05 -4.498484054493150e-06
9.018619432729033e-06 3.099237829205892e-06 -2.119448292120649e-05 -3.177992699530135e-06
9.976275167399023e-06 3.621399305749626e-06 -2.635461709086472e-05 -5.878951263893432e-06
9.741898036815417e-06 3.368500317345880e-06 -2.502757110630276e-05 -4.446341654947786e-06
9.504621288966340e-06 3.110875747810134e-06 -2.375772801645409e-05 -3.082568696409863e-06
1.044555919816665e-05 3.622962630095921e-06 -2.920554199036307e-05 -5.982798991617994e-06
1.021058127471842e-05 3.369053552103149e-06 -2.771531240549965e-05 -4.398387034891374e-06
9.976500477844947e-06 3.116248158019288e-06 -2.641050882157765e-05 -2.960403125602310e-06
1.092192645183563e-05 3.628143669109155e-06 -3.239018680038069e-05 -6.088508666974979e-06
1.068199595849671e-05 3.369481831276915e-06 -3.074095776106626e-05 -4.351748131838439e-06
1.044564813000536e-05 3.115795232999165e-06 -2.922418549083444e-05 -2.766630260375200e-06
1.140985935541290e-05 3.633712826942704e-06 -3.584735146062166e-05 -6.280422629754950e-06
1.116385502754710e-05 3.369697383012003e-06 -3.403156719952539e-05 -4.344533240757246e-06
1.092181084934122e-05 3.111256023754916e-06 -3.236527490962865e-05 -2.618535583895504e-06
1.190735517923942e-05 3.637553130727491e-06 -3.957609563145880e-05 -6.413176482828024e-06
1.165731890351104e-05 3.369852191761922e-06 -3.764931682077355e-05 -4.319965724849986e-06
1.140952454914301e-05 3.105884374751043e-06 -3.580673516553416e-05 -2.396611617227401e-06
1.298601932800936e-05 3.609628854272728e-06 -4.838253517277464e-05 -6.273382252272293e-06
1.291448437836226e-05 3.639262208166464e-06 -4.778782238362137e-05 -6.517213590120182e-06
1.213232155868857e-05 3.369667191698712e-06 -4.134048133694726e-05 -4.300751718664938e-06
1.241031938668342e-05 3.639262999324941e-06 -4.360600714739995e-05 -6.468986145126849e-06
1.190759193994816e-05 3.101830096153382e-06 -3.957935358397723e-05 -2.234508826648953e-06
1.301565656382275e-05 3.538099331866796e-06 -4.862866740266536e-05 -5.682601551523540e-06
1.284644504680152e-05 3.369563304048054e-06 -4.720876497466695e-05 -4.279331016240114e-06
1.241053736062993e-05 3.100071336555047e-06 -4.360555293115671e-05 -2.105018470729725e-06
1.301588339549788e-05 3.200898421478053e-06 -4.861892595522162e-05 -2.882425766073797e-06
1.291474359224207e-05 3.099735740106892e-06 -4.777880407898917e-05 -2.050720966911535e-06
1.298626485092682e-05 3.129366163253003e-06 -4.837218204363269e-05 -2.293332289361939e-06
