7.757165683641121e-05 -1.240263128027429e-05 -2.311508943128117e-06 1.545491145018623e-06
7.785635372797852e-05 -1.171535983539324e-05 -2.309724666483375e-06 1.549785993334973e-06
7.785648252664540e-05 -8.475630981578950e-06 -2.381974312676617e-06 1.599811900956319e-06
7.757180287044319e-05 -7.788377141854703e-06 -2.396592593387143e-06 1.625662153898589e-06
7.688435769483263e-05 -1.268730480815744e-05 -2.318313313219004e-06 1.544302849781751e-06
7.559540300906980e-05 -1.009552946313395e-05 -2.403407250497703e-06 1.587597378822666e-06
7.688452909551819e-05 -7.503712142860107e-06 -2.426697264860228e-06 1.636260001212295e-06
7.204518442288314e-05 -1.268705400829292e-05 -2.409384314053692e-06 1.550352514280322e-06
7.204539208120921e-05 -7.504097517122583e-06 -2.577607731790037e-06 1.630171861225111e-06
6.937389051999429e-05 -1.009549403280169e-05 -2.540057004648643e-06 1.549278407606753e-06
6.720698475338617e-05 -1.268560245807510e-05 -2.430918587269849e-06 1.576720291322200e-06
6.720751580432033e-05 -7.505550646144476e-06 -2.530124664836727e-06 1.504577714864261e-06
6.478910330720622e-05 -1.009540218333911e-05 -2.417547374209647e-06 1.562901712992171e-06
6.237294152804599e-05 -1.268178777405986e-05 -2.420662735786003e-06 1.581314758873363e-06
6.237353475533883e-05 -7.509147562494997e-06 -2.215005525175571e-06 1.492551137935988e-06
5.995852656630739e-05 -1.009520799053133e-05 -2.329455707609899e-06 1.510749456644526e-06
5.754817392042330e-05 -1.267371089990097e-05 -2.356594460692645e-06 1.536780055206380e-06
5.754871969145654e-05 -7.516542254012804e-06 -2.081161448940698e-06 1.523292135543460e-06
5.514130529877184e-05 -1.009478651408370e-05 -2.385211737327554e-06 1.495847005730887e-06
5.274197745819545e-05 -1.265995509118124e-05 -2.362665801567376e-06 1.486688216107030e-06
5.274260406859809e-05 -7.529119774414808e-06 -2.086365526909290e-06 1.580156390995035e-06
5.034816085335412e-05 -1.009409953947977e-05 -2.530084546113617e-06 1.500297467716791e-06
4.796582364619346e-05 -1.263956844160233e-05 -2.421631755620588e-06 1.449229906900164e-06
4.796658837168670e-05 -7.547722175074044e-06 -2.300802618119097e-06 1.646237339592004e-06
4.559129558733216e-05 -1.009323058507626e-05 -2.725038925053204e-06 1.527933197252915e-06
4.323243839972366e-05 -1.261234677847724e-05 -2.492481201432928e-06 1.502377931506818e-06
4.323291868856851e-05 -7.572787131047124e-06 -2.649593644462736e-06 1.656736370140552e-06
4.088329327116498e-05 -1.009217282495889e-05 -2.817600135192618e-06 1.556389566368308e-06
3.855412746767518e-05 -1.257854232843222e-05 -2.646930340370265e-06 1.495805141719333e-06
3.855403113917950e-05 -7.604144825064836e-06 -2.935738269962989e-06 1.687712144477050e-06
3.623637072109648e-05 -1.009067155687277e-05 -2.934173805644164e-06 1.609754576037177e-06
3.394256887925691e-05 -1.253854877183588e-05 -2.861287598633496e-06 1.530979766497678e-06
3.394240251151885e-05 -7.641140346558980e-06 -3.155117925049674e-06 1.723070093522136e-06
3.166193184790355e-05 -1.008884085347708e-05 -3.080746699574764e-06 1.672030732179985e-06
2.940826086727384e-05 -1.249281398409140e-05 -3.163418711742617e-06 1.553634486782603e-06
2.940803694224334e-05 -7.683082295719565e-06 -3.297927682354095e-06 1.846788349191334e-06
2.725888859612941e-05 -1.008653821068631e-05 -3.321984565350179e-06 1.719155660152587e-06
2.513747900591494e-05 -1.244412983238772e-05 -3.464702017268615e-06 1.639262990693340e-06
2.513686102893226e-05 -7.728874482542226e-06 -3.507284552357618e-06 1.838946119730064e-06
2.355460763714765e-05 -1.026669541025267e-05 -3.542276796618132e-06 1.753765991255951e-06
2.196400443420800e-05 -1.240253705670164e-05 -3.556477430458796e-06 1.776913676571772e-06
2.196239230349605e-05 -7.767955342133790e-06 -3.565986862945524e-06 1.772245826762853e-06
1.969114552603301e-05 -1.236923816801703e-05 -3.541375387173102e-06 1.840778667152726e-06
2.012566902875810e-05 -1.086693657964264e-05 -3.566543375416277e-06 1.778883619150419e-06
1.968907386980626e-05 -7.790978392351747e-06 -3.535724698177896e-06 1.701707395474829e-06
1.805581213239179e-05 -7.814764291188094e-06 -3.481838385458088e-06 1.627432055319549e-06
-2.972693494549382e-06 -6.450819495731015e-07 7.013644519691089e-07 4.225372626487091e-07
-3.032208642315186e-06 -5.018425518679620e-07 7.171500737533853e-07 3.828232119298771e-07
-3.031835933123469e-06 3.145341288010604e-08 7.207764063381486e-07 2.227416488241700e-07
-2.972627527736245e-06 1.725873051283564e-07 7.047205624992250e-07 1.803961709768077e-07
1.805416918125565e-05 -1.234693585845946e-05 -3.484747561434659e-06 1.894354865410177e-06
1.658557491426106e-05 -1.224350546158421e-05 -3.380132718295869e-06 1.946818128680490e-06
1.771811162831147e-05 -9.516105524808171e-06 -3.501460865715967e-06 1.741818342129108e-06
1.658039587745182e-05 -7.710536741327305e-06 -3.378325677418598e-06 1.528944678129062e-06
-2.830107605440514e-06 -7.043772068891457e-07 6.630038674045818e-07 4.392406026446722e-07
-2.686440534372285e-06 -1.195904927814921e-07 6.213176977147908e-07 2.667415937422805e-07
-2.831367980764006e-06 2.314349456988133e-07 6.635853666778509e-07 1.612060647366703e-07
1.611466764793117e-05 -1.084990925052795e-05 -3.366114168418049e-06 1.860622582962220e-06
1.514647737445390e-05 -1.197099635555683e-05 -3.245989798481953e-06 1.998868630328600e-06
1.376052865385975e-05 -1.154563668346502e-05 -3.058223457250382e-06 1.975196198206550e-06
1.567375797780495e-05 -8.939727627271798e-06 -3.306940556276578e-06 1.636531017533028e-06
1.516967136295032e-05 -7.361005351817969e-06 -3.252059034265163e-06 1.435239292637852e-06
-1.863605376043697e-06 -7.201316844297738e-07 3.867887338093757e-07 4.055230862960052e-07
-1.862873831613885e-06 2.480705874218250e-07 3.722123902446864e-07 1.153434858439013e-07
-1.362280482483460e-06 -2.358474984421410e-07 2.267878531480376e-07 2.255927162414158e-07
1.244616550773455e-05 -1.096419686420581e-05 -2.863770564251091e-06 1.918987040463738e-06
1.357418906421569e-05 -1.010393242481486e-05 -3.042852534590937e-06 1.791134844888697e-06
1.405269057338367e-05 -8.295684368094392e-06 -3.110779590508578e-06 1.553568471338263e-06
1.385885382262851e-05 -6.782214980107256e-06 -3.086066658148991e-06 1.305138225588998e-06
-8.199272526193004e-07 -8.079911759166229e-07 6.217120608721360e-08 3.524250720168056e-07
-8.199409236016709e-07 3.364430553420247e-07 4.807002227527335e-08 3.053251939766711e-08
-2.040531011394657e-07 -2.355754402273390e-07 -1.511388029825586e-07 1.529448664652976e-07
1.121353702463261e-05 -1.024693953115020e-05 -2.659866038181966e-06 1.815462818471775e-06
1.008538461000802e-05 -9.404337743965401e-06 -2.445493609449192e-06 1.707685524989525e-06
1.237965302227996e-05 -8.011687922271312e-06 -2.852698778004465e-06 1.503308641465324e-06
1.268509676226059e-05 -5.992361999070645e-06 -2.901247390555949e-06 1.128315798326915e-06
5.012684606016773e-07 -9.982729481109208e-07 -3.626041335584520e-07 3.152643329132549e-07
5.015785909782634e-07 5.278550074211803e-07 -3.817870659300535e-07 -9.042097668879108e-08
1.037127011832343e-05 -8.103462536104500e-06 -2.493032242992452e-06 1.512856933446020e-06
9.073091367865218e-06 -8.442762410168577e-06 -2.238101352352593e-06 1.574025640571209e-06
1.084950746812338e-05 -6.634338697856643e-06 -2.577902479018733e-06 1.240693460085863e-06
1.168031036480871e-05 -5.028510636985542e-06 -2.741247388057467e-06 9.424562015159287e-07
1.276729090415310e-06 -2.349971489379179e-07 -5.748411351906648e-07 7.479053078538418e-08
2.197020363073826e-06 -1.273474009338130e-06 -7.943833729131387e-07 2.760628256128177e-07
2.195903392243143e-06 8.064118519902847e-07 -8.077624201502854e-07 -2.101336672654209e-07
8.178990523756575e-06 -7.383078578706135e-06 -2.048740894083379e-06 1.377648268459890e-06
7.425304721186230e-06 -6.249179388982420e-06 -1.901584419290799e-06 1.152390532623428e-06
6.813424552649567e-06 -5.041597898369292e-06 -1.782955611260669e-06 9.110715704955926e-07
9.873677267183286e-06 -5.309204267967538e-06 -2.379668110092637e-06 9.885298615266037e-07
1.087011272006405e-05 -3.927852857578893e-06 -2.590175842893900e-06 7.259629426932271e-07
2.936321906204217e-06 -2.370727398801217e-07 -9.785914238108199e-07 2.521933355347399e-08
3.842451286260386e-06 -1.545300633519604e-06 -1.136215106016072e-06 2.637052325380901e-07
3.842724754459736e-06 1.090836748156215e-06 -1.180449397136317e-06 -2.718379608774156e-07
8.074548215614832e-06 -5.043609713872710e-06 -2.023384651779263e-06 9.197672881983264e-07
6.342863836540103e-06 -3.781436167123846e-06 -1.687517315537532e-06 6.658082060969674e-07
5.344277378064432e-06 -1.777217143030283e-06 -1.436734868267056e-06 2.969490086823614e-07
5.787427242192345e-06 -2.007039448232445e-06 -1.546136427483044e-06 3.449479848401269e-07
6.030545043343250e-06 -2.472552396942721e-06 -1.612718882000717e-06 4.330439653951400e-07
9.189638057327840e-06 -3.765057691387611e-06 -2.234881908437140e-06 6.923752245625936e-07
1.027082659371207e-05 -2.735780845998136e-06 -2.472507240843821e-06 4.737906561741935e-07
4.657400533311062e-06 -4.280486561564108e-07 -1.302344497014471e-06 2.534101428253808e-08
5.331101329246839e-06 1.295527733386072e-06 -1.432767866593869e-06 -3.430727094755744e-07
7.214423984596440e-06 -2.885919137716167e-06 -1.840758463058222e-06 5.075543992550997e-07
5.808498981527893e-06 -1.084570663560893e-06 -1.538474896557843e-06 1.517886423201199e-07
6.333519105792191e-06 -1.844862540818426e-06 -1.665132264581250e-06 3.124199857989748e-07
8.691069650031607e-06 -2.364938655537794e-06 -2.128078936843219e-06 3.945723653388360e-07
9.905664622496882e-06 -1.498413257909422e-06 -2.390162265744768e-06 1.990211740780309e-07
5.823012587580988e-06 4.075005211636246e-07 -1.528834016787595e-06 -1.609771042657230e-07
5.748031543984338e-06 1.521314376734846e-06 -1.501340734166055e-06 -4.006049248329933e-07
7.471295253480171e-06 -7.891569215255055e-07 -1.894099615402383e-06 9.532074136423413e-08
9.790517444686424e-06 -2.460364046578736e-07 -2.382191696958673e-06 -2.507355911505527e-08
9.956451336359089e-06 1.006251290059998e-06 -2.445811709412042e-06 -2.798136667104748e-07
6.697624786750062e-06 1.214719376685608e-06 -1.709254745644303e-06 -3.334879996955240e-07
5.986414883525108e-06 2.013475615666276e-06 -1.540803193611499e-06 -5.211371885153486e-07
6.270927672860321e-06 3.387328599044603e-06 -1.577550429361751e-06 -8.449967521406320e-07
8.687341868344108e-06 1.153866485551885e-06 -2.164001534812240e-06 -3.039009194692484e-07
6.716873245125110e-06 4.749915852058502e-06 -1.654244138059755e-06 -1.173698552031624e-06
1.039034564503535e-05 2.281793929437138e-06 -2.567812121528407e-06 -5.585487111130970e-07
7.495783353752220e-06 3.425243651295250e-06 -1.858676529421325e-06 -8.435402475589351e-07
9.335645910303549e-06 3.531928712935267e-06 -2.304664067477182e-06 -8.579873776709591e-07
7.344419999909268e-06 6.064291723357400e-06 -1.774121131861250e-06 -1.495246231859105e-06
1.108155348473373e-05 3.535112628807041e-06 -2.764009988981726e-06 -8.506290649073570e-07
1.053889444654737e-05 4.799081380444026e-06 -2.626028208612779e-06 -1.152792420459732e-06
9.223737974187989e-06 5.602065896059425e-06 -2.257287430871355e-06 -1.360755297757134e-06
8.133204348486159e-06 7.347302551312987e-06 -1.952140403805065e-06 -1.868283836145259e-06
9.109316305161468e-06 8.565305438745007e-06 -2.213402776976323e-06 -2.243376024774794e-06
1.203424908542637e-05 4.709647265684564e-06 -3.068967114340105e-06 -1.119383630515658e-06
1.136503481303540e-05 6.252407706652957e-06 -2.877065579315739e-06 -1.545046773357971e-06
1.057161508844866e-05 8.088597124992094e-06 -2.632386561505497e-06 -2.097173305375948e-06
1.023162467765872e-05 9.699108499417824e-06 -2.527206629646084e-06 -2.617974581411972e-06
1.321540249071639e-05 5.760162030882665e-06 -3.460190791906686e-06 -1.391765696497984e-06
1.286464454236645e-05 8.085543145101863e-06 -3.349747385029826e-06 -2.094328547654559e-06
1.151589791028208e-05 1.070402727839767e-05 -2.912564234517780e-06 -2.961888166350216e-06
1.295341980206275e-05 1.158089015545429e-05 -3.380996588289980e-06 -3.286797058398586e-06
1.450595895512627e-05 1.231547393922497e-05 -3.911266599129727e-06 -3.582458744120073e-06
1.462531095174839e-05 8.593337957803832e-06 -3.937831041688769e-06 -2.254199543143288e-06
1.460903878672146e-05 6.642698002682443e-06 -3.926658696442616e-06 -1.631818901188616e-06
1.427208181289687e-05 1.056707872329230e-05 -3.816306997153406e-06 -2.939689938150635e-06
1.617353984274294e-05 1.286007383150648e-05 -4.523297538052540e-06 -3.800090162563228e-06
1.792930292760972e-05 1.322336313409720e-05 -5.166801051530474e-06 -3.938396701658983e-06
1.605512264466868e-05 9.031734806893782e-06 -4.448795316202676e-06 -2.400871559950193e-06
1.619253913381284e-05 7.289528075578886e-06 -4.489225766546906e-06 -1.801404468198059e-06
1.973392735480137e-05 1.338067761014460e-05 -5.847488867971923e-06 -4.002277503778204e-06
1.770041967366959e-05 1.068028899551574e-05 -5.073028643395509e-06 -3.008130764346268e-06
1.791341094713334e-05 7.668429645606072e-06 -5.130776105532795e-06 -1.912282059013423e-06
2.012757247189742e-05 1.096190448583129e-05 -5.987772385431905e-06 -3.127947699783789e-06
2.177694223666090e-05 1.344517254306045e-05 -6.604970166395983e-06 -4.053531096747269e-06
1.971594867339184e-05 7.774053853148504e-06 -5.820349072519422e-06 -1.961587963377348e-06
2.464151934179878e-05 1.351079548700301e-05 -7.650247117666771e-06 -4.138081795887581e-06
2.235345008312086e-05 9.571511811761945e-06 -6.819367510432894e-06 -2.645132197190523e-06
2.177281307437450e-05 7.712021519778120e-06 -6.601132564666748e-06 -1.950309696158023e-06
2.870854714916556e-05 1.361279373021899e-05 -9.216140919049463e-06 -4.306239308481495e-06
2.666718192597948e-05 1.034444695836038e-05 -8.405699082699435e-06 -2.961984646419891e-06
2.464263466457194e-05 7.630300291601157e-06 -7.664811277678225e-06 -1.934255780428561e-06
3.426538791850907e-05 1.372540772632102e-05 -1.161474762625058e-05 -4.567198507341556e-06
3.145544590748826e-05 1.057849702585214e-05 -1.032505041045726e-05 -3.089713374781020e-06
2.870876923132459e-05 7.535844601178052e-06 -9.186850357981167e-06 -1.835199876697812e-06
4.023960417449105e-05 1.382331985770304e-05 -1.455153957945524e-05 -4.806272870379987e-06
3.722291853059008e-05 1.058032149848701e-05 -1.298765896750553e-05 -3.124805143850019e-06
3.426514192283120e-05 7.432329435541884e-06 -1.154109865707126e-05 -1.661423743403921e-06
4.637754647876260e-05 1.390702236883711e-05 -1.778392562126504e-05 -4.933670787042752e-06
4.328272706641365e-05 1.058268005228518e-05 -1.611890335449764e-05 -3.181142860989403e-06
4.023908200492394e-05 7.339836918243366e-06 -1.445937681073832e-05 -1.512980276808674e-06
5.265502440668033e-05 1.397700511997100e-05 -2.104261821995729e-05 -4.931905798449386e-06
4.949459256017160e-05 1.058495758375005e-05 -1.942295147331555e-05 -3.219326349292681e-06
4.637673415748229e-05 7.260750948864250e-06 -1.772903740292098e-05 -1.475034106063477e-06
5.904613195014924e-05 1.403260692776563e-05 -2.407720786975588e-05 -4.821478152175410e-06
5.583343854800147e-05 1.058689115544756e-05 -2.257336398888252e-05 -3.272017429647645e-06
5.265427285489795e-05 7.194845030633821e-06 -2.099604297684755e-05 -1.587976426402070e-06
6.552384045574771e-05 1.407396398618208e-05 -2.676927869425471e-05 -4.709130741142484e-06
6.227248811233876e-05 1.058873848108261e-05 -2.542309950138614e-05 -3.321565839433716e-06
5.904559436316561e-05 7.142914574708467e-06 -2.396157556286162e-05 -1.781450293022916e-06
7.206204618382397e-05 1.410232352718886e-05 -2.915484603065948e-05 -4.608239957972573e-06
6.878462266133677e-05 1.059060748431402e-05 -2.794372754715907e-05 -3.369045641548536e-06
6.552341516603160e-05 7.105391275332571e-06 -2.663655521300450e-05 -1.997176200584324e-06
7.863830181559399e-05 1.411982309206285e-05 -3.124803125813527e-05 -4.471749628059053e-06
7.534518907842789e-05 1.059224248521255e-05 -3.017761787316092e-05 -3.402045082947517e-06
7.206163718886190e-05 7.080673751321862e-06 -2.898777664593827e-05 -2.159385808692671e-06
8.523510907736843e-05 1.412878191317189e-05 -3.312154868293712e-05 -4.330516994565427e-06
8.193430442252047e-05 1.059336281329213e-05 -3.217086748523180e-05 -3.403711474754818e-06
7.863798559162174e-05 7.065944103616330e-06 -3.112067163045692e-05 -2.329247647810752e-06
9.938522479947238e-05 1.374408328053889e-05 -3.638968265394151e-05 -4.082087030703300e-06
9.844700579855874e-05 1.413270120495848e-05 -3.619337184787588e-05 -4.166938494335004e-06
8.819312610308818e-05 1.059405065802700e-05 -3.383576026711764e-05 -3.386519175025297e-06
9.184042776167146e-05 1.413218657042094e-05 -3.471584223812821e-05 -4.178561010594614e-06
8.523490098870925e-05 7.058712570187002e-06 -3.302435293821914e-05 -2.446178033719920e-06
9.977384975612816e-05 1.280587358939245e-05 -3.646887974472032e-05 -3.880025114666022e-06
9.755368053819012e-05 1.059442759441272e-05 -3.598060323801742e-05 -3.400003590835108e-06
9.184039827317543e-05 7.056383014339738e-06 -3.467392227246085e-05 -2.564144415726614e-06
9.977389732841006e-05 8.382956306300106e-06 -3.641378357959194e-05 -2.955678663470822e-06
9.844703939882215e-05 7.056097569800493e-06 -3.613339445175229e-05 -2.671216449367178e-06
9.938527065264266e-05 7.444725590850830e-06 -3.633060167869534e-05 -2.755876100889199e-06
