-9.309579060180012e-05 1.372028491291740e-05 4.027075019328218e-05 -5.056945944049368e-06
-9.345917262526821e-05 1.284311227839658e-05 4.042834223318177e-05 -4.676818046337927e-06
-9.345928541333942e-05 8.707673598609560e-06 4.023258210044866e-05 -2.952671539411845e-06
-9.309590299882514e-05 7.830433532099645e-06 4.004888118693313e-05 -2.551559195745781e-06
-9.221854001338955e-05 1.408360501259791e-05 3.988482790005479e-05 -5.210801680834263e-06
-9.057300088441715e-05 1.077537991098405e-05 3.911120084888898e-05 -3.773831502596060e-06
-9.221862423646107e-05 7.467078241022909e-06 3.962686521984924e-05 -2.388338622125325e-06
-8.604153335515599e-05 1.408236176486294e-05 3.741242614836073e-05 -5.092260459589904e-06
-8.604144390248172e-05 7.467679803123121e-06 3.708376383646323e-05 -2.458537209478991e-06
-8.263178897206394e-05 1.077462004494576e-05 3.576113290131521e-05 -3.821560654049983e-06
-7.986729891472754e-05 1.407705424725136e-05 3.498746894338583e-05 -5.177910663610196e-06
-7.986685719320815e-05 7.471002757954008e-06 3.464934881072210e-05 -2.488463220695974e-06
-7.678311938911006e-05 1.077341489485110e-05 3.349546757922901e-05 -3.731653486415903e-06
-7.370548394341701e-05 1.406499647063647e-05 3.248088200321896e-05 -5.084988961516428e-06
-7.370507783274799e-05 7.480352165648252e-06 3.234383134978920e-05 -2.378797702563400e-06
-7.063194074793900e-05 1.077177779979054e-05 3.115335643712802e-05 -3.755110741508619e-06
-6.757001569054042e-05 1.404425205668145e-05 2.996483036415685e-05 -5.078484170714015e-06
-6.756995356596323e-05 7.497451958674006e-06 2.965663884944253e-05 -2.336538531557137e-06
-6.451547599745269e-05 1.076980396336836e-05 2.856990510895054e-05 -3.715559524042488e-06
-6.147795342671182e-05 1.401425263164900e-05 2.724161860705824e-05 -5.246436588834203e-06
-6.147795283770515e-05 7.523313684517871e-06 2.685701510130099e-05 -2.126162269354794e-06
-5.845086619004968e-05 1.076772518848001e-05 2.559234850215334e-05 -3.698140806063529e-06
-5.544702335710587e-05 1.397441788470871e-05 2.423662598215741e-05 -5.342091987698704e-06
-5.544661168589558e-05 7.558877453442624e-06 2.382480641351640e-05 -2.015699805464882e-06
-5.245621204328350e-05 1.076560164372372e-05 2.252773083693681e-05 -3.635859339616526e-06
-4.949554602720900e-05 1.392404218887224e-05 2.109061652108733e-05 -5.280411888468229e-06
-4.949479748346332e-05 7.605095693367736e-06 2.076442397206232e-05 -2.116817546557690e-06
-4.655081244817104e-05 1.076342567017826e-05 1.956155746930451e-05 -3.579292134768872e-06
-4.364415274779067e-05 1.386160484973453e-05 1.796577285608991e-05 -5.195064468943016e-06
-4.364354060398403e-05 7.663175301933701e-06 1.789551741861021e-05 -2.217639547351565e-06
-4.075740782590943e-05 1.076120271359963e-05 1.682163373940854e-05 -3.573056808375528e-06
-3.791713632592484e-05 1.378603884187997e-05 1.511996523165748e-05 -5.148261377380880e-06
-3.791669259525120e-05 7.734221258351939e-06 1.540847645021872e-05 -2.198596402965862e-06
-3.510054567751042e-05 1.075901153743860e-05 1.414794252436161e-05 -3.605200009852469e-06
-3.233841989917300e-05 1.369715390968091e-05 1.247933692226729e-05 -4.971682222466836e-06
-3.233761322083030e-05 7.818728516205371e-06 1.288465769376764e-05 -2.245295519665717e-06
-2.971288064960393e-05 1.075607667056392e-05 1.149914370911849e-05 -3.633513797050403e-06
-2.714668843240276e-05 1.359750445625877e-05 1.004928990324011e-05 -4.895049965642286e-06
-2.714528534254459e-05 7.917329027497912e-06 1.029516348986390e-05 -2.191922069797420e-06
-2.523792028483639e-05 1.097108938325288e-05 9.267173467131479e-06 -3.704637848746209e-06
-2.334589842212062e-05 1.350716717945232e-05 8.315494539564250e-06 -4.845717674064874e-06
-2.334278719348230e-05 8.007165513384407e-06 8.391123241687795e-06 -2.252027706219277e-06
-2.066409646815330e-05 1.342996056955704e-05 7.096395380932473e-06 -4.765597851703259e-06
-2.116428574886141e-05 1.167522798607114e-05 7.317085307542476e-06 -3.983756717276378e-06
-2.065991816805196e-05 8.063622118076612e-06 7.028039335943867e-06 -2.239023056940554e-06
-1.875660130299738e-05 8.123513414990680e-06 6.185438218822068e-06 -2.337198147126184e-06
2.873069852620946e-06 8.695659206866184e-07 -6.091426513725962e-07 8.494234994944424e-07
2.930513960626667e-06 7.312263506847783e-07 -6.125061804195809e-07 8.676573441074074e-07
2.930132030046365e-06 2.166524706324102e-07 -6.168191783778110e-07 9.156233853390802e-07
2.873013176309851e-06 8.056063315398730e-08 -6.177933036574292e-07 9.257868376805606e-07
-1.875121973139877e-05 1.337638019288534e-05 6.205975017940169e-06 -4.700133270702920e-06
-1.706155741233635e-05 1.323178745700529e-05 5.498784552813770e-06 -4.600954303298861e-06
-1.835173049000621e-05 1.009689038034385e-05 5.992989191901796e-06 -3.246694110770527e-06
-1.704492840576674e-05 8.037986289453645e-06 5.435525119681623e-06 -2.344819239247277e-06
2.735381265459628e-06 9.268908633786954e-07 -5.996373212205158e-07 8.397764441207021e-07
2.596894518028645e-06 3.626754632281054e-07 -5.983995599024114e-07 8.988653937055884e-07
2.736774314065280e-06 2.393541246228468e-08 -6.130710864920819e-07 9.312543629901664e-07
-1.651188715194880e-05 1.162280927551226e-05 5.258944335652294e-06 -3.878651101504987e-06
-1.542135430312999e-05 1.288800058399672e-05 4.779565218444158e-06 -4.456382235751044e-06
-1.386437635205212e-05 1.238277983467087e-05 4.093796431529578e-06 -4.235963420374719e-06
-1.600506849878632e-05 9.447396310059466e-06 5.013069892713192e-06 -2.953727772918746e-06
-1.543610025693900e-05 7.681824741800631e-06 4.746841655910593e-06 -2.188611920606221e-06
1.802909424323233e-06 9.432924981574053e-07 -4.838685869392928e-07 7.780448246998575e-07
1.802670991658710e-06 9.147288974545059e-09 -4.882110164718287e-07 9.508304823710888e-07
1.319563937904597e-06 4.769610210137104e-07 -4.213667327740882e-07 8.516606127698990e-07
-1.241162801445523e-05 1.170048727421081e-05 3.472394282652953e-06 -3.916691527989424e-06
-1.364708663557771e-05 1.075144930144575e-05 4.017367996706772e-06 -3.479096598729947e-06
-1.418086315615937e-05 8.734241484506468e-06 4.225362913539969e-06 -2.627118092891914e-06
-1.396074767432233e-05 7.078221167745995e-06 4.127179801461891e-06 -1.924639449783918e-06
7.958317998718454e-07 1.030560610669806e-06 -2.832375236859128e-07 6.942304299706592e-07
7.965134490173567e-07 -7.456129806256767e-08 -3.084624635899763e-07 9.318843528876386e-07
2.013258465409641e-07 4.790996436792628e-07 -1.564580046293232e-07 8.035878913265096e-07
-1.106452775764954e-05 1.088326976815790e-05 2.909239799052979e-06 -3.521619023623623e-06
-9.856365087307388e-06 9.943790387512463e-06 2.459432799583026e-06 -3.089357803353124e-06
-1.233045563006145e-05 8.426135232702800e-06 3.531254311610604e-06 -2.454433266539148e-06
-1.265657740739723e-05 6.246147567256431e-06 3.695021467772312e-06 -1.592386079691974e-06
-4.806571057663873e-07 1.217667139853532e-06 -1.812556086988537e-08 6.544605954754408e-07
-4.800205650588055e-07 -2.571699414713331e-07 1.259681132581177e-08 9.251794260584936e-07
-1.016416412356972e-05 8.520826936858363e-06 2.630560814662992e-06 -2.465350004289140e-06
-8.793304313114164e-06 8.882428268878515e-06 2.059855532811427e-06 -2.605017041385418e-06
-1.067275358064545e-05 6.943545192811356e-06 2.914588715047928e-06 -1.847013312341350e-06
-1.155363134742382e-05 5.243160154005268e-06 3.313116984486212e-06 -1.200349660349491e-06
-1.229837420570071e-06 4.815039606147328e-07 1.498491348456707e-07 7.622516869654120e-07
-2.120162411606848e-06 1.486762988458746e-06 3.632204620111892e-07 4.590190169390554e-07
-2.118060094452713e-06 -5.237311679945014e-07 3.217780284835691e-07 9.674773018251191e-07
-7.863528629171643e-06 7.734360693555003e-06 1.710587517895625e-06 -2.092810099105559e-06
-7.104384202503205e-06 6.536572205145090e-06 1.462406995371393e-06 -1.623134492254604e-06
-6.507869988075692e-06 5.273425946830193e-06 1.284074064857764e-06 -1.138586931264687e-06
-9.642775022436294e-06 5.543904462207412e-06 2.472662980339308e-06 -1.264477041708110e-06
-1.067275509504991e-05 4.116192045299948e-06 2.891125488499009e-06 -6.213122218488911e-07
-2.834516618371759e-06 4.863980006441056e-07 5.100329910869447e-07 7.129558631468602e-07
-3.710733072648203e-06 1.751075265206553e-06 6.961518011505060e-07 4.133919228185590e-07
-3.710541736013592e-06 -7.963231984382568e-07 7.015300099862116e-07 1.004046804518746e-06
-7.783764468328135e-06 5.269084342392434e-06 1.727578828275780e-06 -1.132671953601428e-06
-6.057850185544535e-06 3.979741660315827e-06 1.168300703533351e-06 -6.055134629856947e-07
-5.150242735279002e-06 1.974722399001254e-06 9.892888186206944e-07 2.898787151939670e-07
-5.567053762459438e-06 2.199535778948198e-06 1.112350486152754e-06 1.652378876479859e-07
-5.786529234113991e-06 2.659927587681955e-06 1.160048843727125e-06 -5.052861014943345e-08
-8.927496443783220e-06 3.952197915131224e-06 2.162322773917462e-06 -5.496205985625842e-07
-1.001780297538343e-05 2.916004104884775e-06 2.569904764804699e-06 -1.445488597403616e-07
-4.497467271021048e-06 6.736376004572577e-07 8.513487431342925e-07 6.557050247116791e-07
-5.162026820702558e-06 -9.937387633512070e-07 1.044603764150135e-06 1.105416258239623e-06
-6.942747804953811e-06 3.066286201680281e-06 1.495757400131938e-06 -2.068683045793617e-07
-5.598995824155677e-06 1.303329443556376e-06 1.136084211446791e-06 4.864536020048742e-07
-6.093406543323178e-06 2.040534951076056e-06 1.276892511811869e-06 2.009585771190727e-07
-8.418446643633870e-06 2.544901238455310e-06 1.945319693195100e-06 1.828061813727938e-08
-9.608499244339361e-06 1.694285552590252e-06 2.312074876416153e-06 3.785855521127895e-07
-5.633839759589298e-06 -1.387927992490531e-07 1.183564110983071e-06 8.753190992945630e-07
-5.578073665861813e-06 -1.209693315434880e-06 1.178296443620441e-06 1.167100945299187e-06
-7.213190156715072e-06 9.986501257954231e-07 1.594908017523251e-06 5.776519689629034e-07
-9.465579193037584e-06 4.754316316885031e-07 2.195696618070899e-06 7.101622541405981e-07
-9.579422204137178e-06 -7.214139524173796e-07 2.156939148526055e-06 1.050727633420195e-06
-6.490030307624705e-06 -9.213507290470507e-07 1.467919449116271e-06 1.091083693679846e-06
-5.820637535262070e-06 -1.672445637185587e-06 1.271244440581836e-06 1.272884225886052e-06
-6.118666734345325e-06 -2.948685718454506e-06 1.444087585752324e-06 1.518716505045872e-06
-8.380669364024977e-06 -8.746898930971916e-07 1.889580239286100e-06 1.112704430534720e-06
-6.564450041224201e-06 -4.187786496659472e-06 1.661125217769035e-06 1.624218434370503e-06
-9.947212904024786e-06 -1.929846610306206e-06 2.174070268774282e-06 1.342993920971379e-06
-7.268851486498369e-06 -2.992478948922097e-06 1.772935703592524e-06 1.526265576001612e-06
-8.967126361438959e-06 -3.089341436862924e-06 1.998533985084497e-06 1.529961685570387e-06
-7.159732724555255e-06 -5.371484290209897e-06 1.774956411618725e-06 1.660821752638897e-06
-1.054457234283480e-05 -3.091474937247131e-06 2.215772386570558e-06 1.558566893859927e-06
-1.004555290194268e-05 -4.240301186775209e-06 2.108817092658216e-06 1.620266630225842e-06
-8.867247118826263e-06 -4.961015517711888e-06 1.954670489385910e-06 1.610586481666313e-06
-7.892939588694238e-06 -6.503403540055688e-06 1.885176065873571e-06 1.728160370910370e-06
-8.773103906593681e-06 -7.561330471694913e-06 1.959140448005098e-06 1.762942243135858e-06
-1.136402984517138e-05 -4.165537202515596e-06 2.169109171352190e-06 1.642640500419888e-06
-1.077099670502778e-05 -5.534883284014086e-06 2.109484545289726e-06 1.664213713030674e-06
-1.007267083794428e-05 -7.142219558034721e-06 2.023228050894860e-06 1.744864101427931e-06
-9.774928072147256e-06 -8.530223335392541e-06 2.014857738319792e-06 1.784094929016643e-06
-1.237730741976283e-05 -5.111257241116312e-06 2.153543934440993e-06 1.705066948593273e-06
-1.207040561435029e-05 -7.133579252258187e-06 2.141674514818592e-06 1.694823642387404e-06
-1.090082952308878e-05 -9.382122642796976e-06 2.053512465547017e-06 1.795138883934343e-06
-1.214040814534662e-05 -1.011299566202126e-05 2.074785257510327e-06 1.754067006366618e-06
-1.346743257463876e-05 -1.071164712990236e-05 2.130622463001006e-06 1.751480139280630e-06
-1.357507109101761e-05 -7.568948995348244e-06 2.085739552453935e-06 1.681416611566841e-06
-1.356391523500728e-05 -5.893820066190454e-06 2.071490830611875e-06 1.711623092897592e-06
-1.327565911357718e-05 -9.245123747751101e-06 2.122769275658532e-06 1.697150338226202e-06
-1.487524730731662e-05 -1.115105017239086e-05 2.211700331535491e-06 1.758085690188953e-06
-1.634209147758122e-05 -1.143299692580189e-05 2.202769898581911e-06 1.804569267898156e-06
-1.478389759023151e-05 -7.943519726580573e-06 2.109946664766609e-06 1.691631661228577e-06
-1.489775839784201e-05 -6.468799574776033e-06 2.075256634410847e-06 1.687447399533029e-06
-1.784131185860586e-05 -1.154405549937738e-05 2.134687416144610e-06 1.863476290872665e-06
-1.616263785587652e-05 -9.323469611043990e-06 2.184290021801462e-06 1.755174362504208e-06
-1.633591009136528e-05 -6.812668200726601e-06 2.113786761597318e-06 1.659797721437440e-06
-1.817070254136442e-05 -9.551829996168593e-06 2.176514356186544e-06 1.763686684071197e-06
-1.951812020121328e-05 -1.157341550654836e-05 2.178113365535353e-06 1.874897723010998e-06
-1.783282883238177e-05 -6.917782727623840e-06 2.139855218386081e-06 1.631998858742255e-06
-2.184961426140947e-05 -1.160179433826008e-05 2.260011889482967e-06 1.947244315001809e-06
-1.999779658983124e-05 -8.412230915602932e-06 2.253595807855203e-06 1.701010739528697e-06
-1.951679742126058e-05 -6.887929757907542e-06 2.240721522677634e-06 1.602649939763116e-06
-2.510906571321442e-05 -1.164285346433731e-05 2.476770733477062e-06 1.998121080750514e-06
-2.348481686459853e-05 -9.041725238685743e-06 2.423270217963487e-06 1.775379011896928e-06
-2.185067213887819e-05 -6.850554288818215e-06 2.322535384149563e-06 1.594950374812481e-06
-2.948341555226270e-05 -1.168341716560453e-05 3.008342871139935e-06 2.041880471930564e-06
-2.728507190338795e-05 -9.227712001925591e-06 2.803372502108156e-06 1.778984853919294e-06
-2.510976569912398e-05 -6.810543661878749e-06 2.669377914567548e-06 1.570402921972521e-06
-3.410484527856659e-05 -1.171480438870675e-05 3.584400249562797e-06 2.096234628258852e-06
-3.178476381428893e-05 -9.226775330187086e-06 3.330222292840265e-06 1.819063967005811e-06
-2.948395627876624e-05 -6.770583087967945e-06 3.106902288765130e-06 1.542476141564934e-06
-3.877829627790041e-05 -1.174004445731635e-05 4.132540363589424e-06 2.039901111486402e-06
-3.643370315073248e-05 -9.226041236048011e-06 3.885280843680001e-06 1.825533821351831e-06
-3.410522924374744e-05 -6.738114646967213e-06 3.623915663036889e-06 1.561533526622574e-06
-4.349558941252479e-05 -1.176098963683395e-05 4.571491469202552e-06 1.958746407924673e-06
-4.113026036930484e-05 -9.225254408633275e-06 4.355408569225035e-06 1.838470433516915e-06
-3.877853541706453e-05 -6.711389177864820e-06 4.072493381515589e-06 1.609054831580283e-06
-4.825009640177493e-05 -1.177867561523762e-05 4.689171483344579e-06 1.854500065339561e-06
-4.586712848367335e-05 -9.224427740901145e-06 4.663705855972264e-06 1.849948969818254e-06
-4.349572148392878e-05 -6.688707582301603e-06 4.515710850920108e-06 1.712523751955254e-06
-5.303610355879196e-05 -1.179333460554850e-05 4.478934804185565e-06 1.642804284369377e-06
-5.063834128452791e-05 -9.223602447685449e-06 4.678903989220059e-06 1.834487099259989e-06
-4.825020879203362e-05 -6.669254894360531e-06 4.738939980091305e-06 1.799305772230350e-06
-5.784863699928063e-05 -1.180510575718680e-05 4.010778429045481e-06 1.401774954126716e-06
-5.543851368128216e-05 -9.222630708682642e-06 4.346029629929835e-06 1.791849310558686e-06
-5.303638179949158e-05 -6.652757836603915e-06 4.574614289249753e-06 2.013186498452414e-06
-6.268250281492767e-05 -1.181386269332213e-05 3.270911203518318e-06 1.232518671322315e-06
-6.026270827573531e-05 -9.221660628832218e-06 3.713454146954067e-06 1.740353152707813e-06
-5.784903586583048e-05 -6.639019777564692e-06 4.067800032019965e-06 2.142002023410137e-06
-6.753090783538866e-05 -1.181881355459785e-05 2.163289840127661e-06 1.070677594013421e-06
-6.510512714521265e-05 -9.220713156363346e-06 2.752699088910257e-06 1.690693476827146e-06
-6.268294843145030e-05 -6.628494022611049e-06 3.263843674245654e-06 2.203996573328554e-06
-7.793350567195503e-05 -1.153486877812031e-05 -4.319366568571381e-07 1.099861113345527e-06
-7.724372866866656e-05 -1.182057947769898e-05 -2.625122461141145e-07 1.030418493000197e-06
-6.970541540682802e-05 -9.219959715532962e-06 1.626855005357450e-06 1.655689689427544e-06
-7.238655874919305e-05 -1.182042532808297e-05 9.707073448218035e-07 1.017366188405507e-06
-6.753118558225710e-05 -6.621908506912818e-06 2.161317856279515e-06 2.240877459175267e-06
-7.821921982912341e-05 -1.084509987645953e-05 -5.026444357692977e-07 1.267313378645263e-06
-7.658692524128174e-05 -9.219295222580734e-06 -9.896570185894784e-08 1.653196899838014e-06
-7.238667001492654e-05 -6.618796144212596e-06 9.784944329853841e-07 2.288065649642769e-06
-7.821916977440262e-05 -7.593500195927725e-06 -5.032820864655605e-07 2.040921215385547e-06
-7.724372044024856e-05 -6.618093562015281e-06 -2.612058666922989e-07 2.279848430855563e-06
-7.793346476112614e-05 -6.903779855658819e-06 -4.322575035020257e-07 2.209626433971295e-06
