-7.972039709630739e-05 1.138516695676172e-05 -4.553197370421614e-05 6.318962997005911e-06
-8.001516445823082e-05 1.067359258862148e-05 -4.576451895609793e-05 5.761961882000308e-06
-8.001529279342992e-05 7.319326466230428e-06 -4.570783974828300e-05 3.052968261155734e-06
-7.972054965354153e-05 6.607797523824975e-06 -4.546214215244938e-05 2.469497095473787e-06
-7.900878619940683e-05 1.167990352377355e-05 -4.496946570538438e-05 6.547796916501795e-06
-7.767431720099820e-05 8.996511491700709e-06 -4.383727439237232e-05 4.395942251097297e-06
-7.900898431477807e-05 6.313083757758486e-06 -4.487299364076421e-05 2.229040440811341e-06
-7.399888659979577e-05 1.167961676476006e-05 -4.098403905084388e-05 6.473625066499323e-06
-7.399921921262664e-05 6.313703562679871e-06 -4.083581019417520e-05 2.279408806327512e-06
-7.123361146137416e-05 8.996703077132192e-06 -3.874798923511408e-05 4.394015348118753e-06
-6.899027521451855e-05 1.167897863122538e-05 -3.718150254460520e-05 6.342422839455963e-06
-6.899082464203202e-05 6.314973096799811e-06 -3.696267091089614e-05 2.358495722261214e-06
-6.648686789747489e-05 8.997178019961642e-06 -3.522900447185284e-05 4.332243038046181e-06
-6.398420165218528e-05 1.167818956431577e-05 -3.369064941169226e-05 6.129408073245563e-06
-6.398464947585668e-05 6.316835240997570e-06 -3.342505121197583e-05 2.471882363801202e-06
-6.148189648830310e-05 8.997778403385969e-06 -3.185050480711022e-05 4.303411810401185e-06
-5.898055208247992e-05 1.167700173480111e-05 -3.047483150633468e-05 5.965331595942506e-06
-5.898099765630142e-05 6.319306127592930e-06 -3.011303497345923e-05 2.599374009485200e-06
-5.647972960849755e-05 8.998656600031054e-06 -2.871417853492384e-05 4.250490723593256e-06
-5.398072044437527e-05 1.167474495181130e-05 -2.735447366915884e-05 5.878563256196870e-06
-5.398083376491871e-05 6.323241733989440e-06 -2.702324879979997e-05 2.651354544323852e-06
-5.148239024246698e-05 8.999586798798549e-06 -2.571068415930403e-05 4.247980541818327e-06
-4.898790939737440e-05 1.166963260853610e-05 -2.446346751977378e-05 5.762458160714222e-06
-4.898768581293420e-05 6.330111304497031e-06 -2.411346748195096e-05 2.726252943136290e-06
-4.649509259311413e-05 9.000487607438679e-06 -2.278769691682500e-05 4.214358797352235e-06
-4.400959894859504e-05 1.165910812912141e-05 -2.172282932674574e-05 5.632626928366942e-06
-4.400898745782697e-05 6.342246672364579e-06 -2.145535549647796e-05 2.815558973226628e-06
-4.152757686548999e-05 9.001022383638550e-06 -2.003131183018963e-05 4.213037863420623e-06
-3.905764661071795e-05 1.164078627509965e-05 -1.921452524075127e-05 5.561044817285870e-06
-3.905688554481345e-05 6.361620645672479e-06 -1.894969093986597e-05 2.880492605972241e-06
-3.659407563846454e-05 9.001340228933106e-06 -1.754814938370630e-05 4.253082434548121e-06
-3.414873458459836e-05 1.161248168843531e-05 -1.679039017515321e-05 5.528321195338637e-06
-3.414830813127096e-05 6.390853666602173e-06 -1.648643781041481e-05 2.929979500987689e-06
-3.171320159465543e-05 9.001693243602022e-06 -1.525790940619714e-05 4.279108854663950e-06
-2.930287528264108e-05 1.157211824594131e-05 -1.430017238583941e-05 5.602444873380094e-06
-2.930263353398697e-05 6.432302860217113e-06 -1.396650212017306e-05 2.963728925455540e-06
-2.700221884702511e-05 9.001804805394791e-06 -1.287993447179549e-05 4.299388803775956e-06
-2.473314117479163e-05 1.151930236165333e-05 -1.176454719662781e-05 5.779696871677028e-06
-2.473286650849596e-05 6.488561202185714e-06 -1.155422929075816e-05 2.981821368687416e-06
-2.304055583651644e-05 9.195680390020181e-06 -1.073936440521684e-05 4.443173414917576e-06
-2.134699483125328e-05 1.146438732968187e-05 -9.797155291920746e-06 5.871849304040706e-06
-2.134562744321657e-05 6.546571170866600e-06 -9.763753562933598e-06 2.986892600890477e-06
-1.893793748598253e-05 1.141216340637415e-05 -8.286654826985176e-06 5.860882383515244e-06
-1.939219225828962e-05 9.831254341150864e-06 -8.564764121346915e-06 4.882457693677653e-06
-1.893496724743255e-05 6.586508472210896e-06 -8.335126750879328e-06 3.079093750463218e-06
-1.721603410243766e-05 6.631031623280309e-06 -7.320983037125021e-06 3.085428342373840e-06
2.667262233171100e-06 -8.419623053642916e-08 7.698011261132733e-07 5.509672533846549e-07
2.719442892758160e-06 -2.095366511412746e-07 7.821027424552016e-07 5.304918905715199e-07
2.719182607656599e-06 -6.768907080191760e-07 7.983218230776433e-07 4.501077091413174e-07
2.667241500540663e-06 -8.007342179278217e-07 7.870625953091150e-07 4.219318910936810e-07
-1.721195618730954e-05 1.137371321065501e-05 -7.262977933872470e-06 5.840414778307342e-06
-1.568000788729601e-05 1.125063356993599e-05 -6.351733073937829e-06 5.786884047780542e-06
-1.685365958450509e-05 8.412171702925729e-06 -7.099931081232114e-06 4.073207654202883e-06
-1.566774987522342e-05 6.545434419233847e-06 -6.432938802841087e-06 3.038877324060278e-06
2.542448705615549e-06 -3.246601092656387e-08 7.432323059355603e-07 5.588580240505699e-07
2.416576230977826e-06 -5.452070940852629e-07 7.279504723931478e-07 4.769467867006446e-07
2.543313869932081e-06 -8.526094463059945e-07 7.562981163169454e-07 4.085625150460720e-07
-1.518389301440931e-05 9.795748769105438e-06 -6.064087502168130e-06 4.939413625528608e-06
-1.419032552513129e-05 1.094699649087581e-05 -5.510677479191195e-06 5.582601294914909e-06
-1.277117421137387e-05 1.049300498636438e-05 -4.720769674927928e-06 5.282929328609085e-06
-1.472384437184408e-05 7.822520262067796e-06 -5.822710124512386e-06 3.794634196682435e-06
-1.420508814901620e-05 6.214279831723958e-06 -5.505790954864394e-06 2.874570733557134e-06
1.696257908202727e-06 -1.973409566824348e-08 5.777444409546070e-07 5.726488286784800e-07
1.695185608476330e-06 -8.691256536005651e-07 5.604839295142854e-07 3.898263538619693e-07
1.256497280349989e-06 -4.451371048830055e-07 4.242526813741553e-07 4.752443455828661e-07
-1.144346796290845e-05 9.877549820846040e-06 -3.991022632267048e-06 4.912564883749331e-06
-1.257450467773359e-05 9.010278858337102e-06 -4.581936088446386e-06 4.461388481116702e-06
-1.306099844960120e-05 7.171961689002487e-06 -4.833198711591195e-06 3.419286255332942e-06
-1.285994775519616e-05 5.657548805175357e-06 -4.694784084113927e-06 2.626113576033706e-06
7.795948461681007e-07 5.945648193663451e-08 2.706022981303912e-07 6.174722098552910e-07
7.794314987215718e-07 -9.505705404371977e-07 2.919027980775324e-07 3.418760023741182e-07
2.355735204909052e-07 -4.459471097294549e-07 1.276873546541425e-07 4.978716028937916e-07
-1.020944463269583e-05 9.135413807737936e-06 -3.336205291871699e-06 4.528865451011919e-06
-9.099458672812593e-06 8.279027893615442e-06 -2.758465593215767e-06 4.058920773060908e-06
-1.136935783194811e-05 6.889907518056916e-06 -3.882329113948270e-06 3.279084966379043e-06
-1.166803926447927e-05 4.892289093985520e-06 -3.990054141704469e-06 2.282218201051236e-06
-3.898034087840580e-07 2.323711946920126e-07 -4.190292373917231e-08 6.793184461209996e-07
-3.900882358955212e-07 -1.125085266240574e-06 -5.811771751928245e-08 2.880942636854032e-07
-9.381564609907371e-06 6.977592859213045e-06 -2.892805669695629e-06 3.352599541342379e-06
-8.120105755819234e-06 7.309840202271800e-06 -2.299596277349916e-06 3.527674557462616e-06
-9.848553250392025e-06 5.530979273664585e-06 -3.098919035737379e-06 2.602166469295126e-06
-1.065799040036336e-05 3.968521371300042e-06 -3.442999775660408e-06 1.884700794892030e-06
-1.080249266947222e-06 -4.465482329053271e-07 -2.503419060943797e-07 4.609213864517265e-07
-1.902927758096293e-06 4.832361530973188e-07 -4.823181764998231e-07 7.041256330364328e-07
-1.901735382302421e-06 -1.378886375766013e-06 -4.990352002674654e-07 1.817218563246214e-07
-7.262178854550507e-06 6.258319389009159e-06 -1.922378881270234e-06 2.976694741677313e-06
-6.558432341152518e-06 5.157606970414947e-06 -1.630249752360229e-06 2.432636509962348e-06
-6.002135506293073e-06 3.995026341306943e-06 -1.470286473607347e-06 1.890997456484507e-06
-8.900130673149215e-06 4.244723305215387e-06 -2.688951385395617e-06 2.017761853962774e-06
-9.850307337457188e-06 2.928396843670591e-06 -3.064455042613125e-06 1.508783397497515e-06
-2.564504690643898e-06 -4.442921143830621e-07 -6.686508959682276e-07 4.261651538650201e-07
-3.378146668697761e-06 7.308868909368933e-07 -8.722395600142234e-07 7.247733378659473e-07
-3.378587844433733e-06 -1.638159002809509e-06 -8.651498029617953e-07 1.017195658298340e-07
-7.183822967394445e-06 3.991852781343571e-06 -1.919983174508180e-06 1.879897735979096e-06
-5.580684306348204e-06 2.801236927310728e-06 -1.368609975660745e-06 1.406134920733756e-06
-4.721142905304716e-06 9.417767682201645e-07 -1.213067267390786e-06 7.729935795164790e-07
-5.112716328540932e-06 1.151641017292082e-06 -1.302808738396361e-06 8.350220867183225e-07
-5.321069657067071e-06 1.579499656900618e-06 -1.338638990065575e-06 9.700858035940817e-07
-8.240582639016732e-06 2.777038152684248e-06 -2.361298648627152e-06 1.404257938775005e-06
-9.250635868554952e-06 1.817854789748380e-06 -2.715792480675377e-06 1.062348758475705e-06
-4.109755471019671e-06 -2.719102218960238e-07 -1.060843770444343e-06 4.497818809023961e-07
-4.725763762489365e-06 -1.826161371859277e-06 -1.264133287948250e-06 5.207345876023644e-08
-6.399290065738941e-06 1.957403336465746e-06 -1.680504242622629e-06 1.091965816136597e-06
-5.139556520478980e-06 3.164391685509191e-07 -1.328766874173499e-06 5.997411908389174e-07
-5.604757553823082e-06 1.004056573080192e-06 -1.442634276462731e-06 7.910535024169066e-07
-7.769268474604440e-06 1.474351120569966e-06 -2.179962316037449e-06 9.403662518025455e-07
-8.878146617536331e-06 6.835696742985570e-07 -2.498575893870424e-06 7.381138180598720e-07
-5.166471353616614e-06 -1.028900551552178e-06 -1.378482538264786e-06 2.460661995352047e-07
-5.109484742472028e-06 -2.029434827334713e-06 -1.410579557904202e-06 -2.035982421063496e-10
-6.646879480319463e-06 3.672007684819764e-08 -1.795557817402781e-06 4.869013410845742e-07
-8.750875041817364e-06 -4.514572972744851e-07 -2.390307171175528e-06 3.546302019056392e-07
-8.869133347115687e-06 -1.571697115925345e-06 -2.312800013685683e-06 7.954636457521943e-08
-5.962951927612850e-06 -1.758754412521331e-06 -1.630576436816470e-06 4.405932341913431e-08
-5.332077590974920e-06 -2.466413705328050e-06 -1.504227555287917e-06 -9.757192782058904e-08
-5.602067672143022e-06 -3.675092281775111e-06 -1.600078449655188e-06 -3.370532810880828e-07
-7.740169464631717e-06 -1.711875979975317e-06 -2.062413227386506e-06 2.220238877859525e-08
-6.012476583236025e-06 -4.858175467960022e-06 -1.709339896194066e-06 -5.631851945325251e-07
-9.228110513573692e-06 -2.707027401886978e-06 -2.305170215626597e-06 -1.687033129401905e-07
-6.687045549061633e-06 -3.713406989475798e-06 -1.808731260991688e-06 -3.675226268295403e-07
-8.299297732869307e-06 -3.805101994679320e-06 -2.122708374409915e-06 -3.815084258853964e-07
-6.570502343607256e-06 -5.992350282242770e-06 -1.839275139010458e-06 -7.711719525074872e-07
-9.809136686415538e-06 -3.806641505000856e-06 -2.374230937714314e-06 -3.628808010821272e-07
-9.334232106323799e-06 -4.903428537636222e-06 -2.306369369182589e-06 -5.653581053409980e-07
-8.201506386100139e-06 -5.595996212685553e-06 -2.124221560436977e-06 -7.103581624741910e-07
-7.263550423024576e-06 -7.087179911960954e-06 -1.964321890895449e-06 -9.236818244122029e-07
-8.106087536254231e-06 -8.117674479374813e-06 -2.118561357862700e-06 -1.096351015404101e-06
-1.060982992251418e-05 -4.828607261758294e-06 -2.535729959969024e-06 -5.352560238781136e-07
-1.003653612548381e-05 -6.149858327237127e-06 -2.452419373338556e-06 -7.652015729565671e-07
-9.359151054791860e-06 -7.711146612186849e-06 -2.351772468377773e-06 -1.023703279153621e-06
-9.069737965556348e-06 -9.069823637545898e-06 -2.298120527594827e-06 -1.255206611681258e-06
-1.160268824487775e-05 -5.734227020578840e-06 -2.722023128808993e-06 -6.723354948350578e-07
-1.130370625829202e-05 -7.704745670333571e-06 -2.686018870578120e-06 -1.044210376842618e-06
-1.016190712390543e-05 -9.910534743846700e-06 -2.498438094518187e-06 -1.391442469976475e-06
-1.137484612076221e-05 -1.063853915991167e-05 -2.721807737373281e-06 -1.511010305016300e-06
-1.267974862670194e-05 -1.124261827987304e-05 -2.930605515660079e-06 -1.555929877739713e-06
-1.278294133519321e-05 -8.131616986829090e-06 -2.955414365425672e-06 -1.154885784087073e-06
-1.277092740622803e-05 -6.488631788787554e-06 -2.943905132856128e-06 -8.356214004857531e-07
-1.248686907768303e-05 -9.785649961750615e-06 -2.913144394954321e-06 -1.391341743858922e-06
-1.407359666715780e-05 -1.168846880663173e-05 -3.126251456211347e-06 -1.567109386276977e-06
-1.553445863944660e-05 -1.198077772375600e-05 -3.308986957718739e-06 -1.554410843674358e-06
-1.397864995467225e-05 -8.499697980668100e-06 -3.141883887977583e-06 -1.230991903140402e-06
-1.409265838065680e-05 -7.041848991545707e-06 -3.160495862191236e-06 -1.007654105629706e-06
-1.703248225265214e-05 -1.210209915046155e-05 -3.469220786839050e-06 -1.539423230676040e-06
-1.534937205716839e-05 -9.872037371070520e-06 -3.299902865338510e-06 -1.359195713021678e-06
-1.552464774760671e-05 -7.368938047821971e-06 -3.336286354679082e-06 -1.128074892045948e-06
-1.736048134105737e-05 -1.010296459649090e-05 -3.472444370728860e-06 -1.382530853141859e-06
-1.871893310257529e-05 -1.214381745579414e-05 -3.596598613463892e-06 -1.552642577107024e-06
-1.702067484231597e-05 -7.464249630458654e-06 -3.453832744646744e-06 -1.169448027254021e-06
-2.107405293895655e-05 -1.218476697885982e-05 -3.713080841675012e-06 -1.542758453486878e-06
-1.919825628061059e-05 -8.956419826063899e-06 -3.576852816721049e-06 -1.310221843514669e-06
-1.871675135767540e-05 -7.422950660224798e-06 -3.537880320466061e-06 -1.211015175959509e-06
-2.439037025562444e-05 -1.224513714896372e-05 -3.864690318499316e-06 -1.534528628308970e-06
-2.273247228629824e-05 -9.591606465504074e-06 -3.750568222861756e-06 -1.373023922406082e-06
-2.107516651230928e-05 -7.370545834323667e-06 -3.654785343814312e-06 -1.240028040539511e-06
-2.887475004278972e-05 -1.230727583992152e-05 -4.108943619141513e-06 -1.572922378807764e-06
-2.661528197035306e-05 -9.781414283044700e-06 -3.941188837871470e-06 -1.394547968287778e-06
-2.439074747687220e-05 -7.313536419286637e-06 -3.817906164119909e-06 -1.227801129850363e-06
-3.364513937477736e-05 -1.235751754034107e-05 -4.498073526735703e-06 -1.598453872853036e-06
-3.124477033854739e-05 -9.781594285829389e-06 -4.261011478306251e-06 -1.421758389275815e-06
-2.887470572622134e-05 -7.255039586736277e-06 -4.097289258000132e-06 -1.258775572211358e-06
-3.849722826145259e-05 -1.239812858849884e-05 -4.805934774544798e-06 -1.597365225707630e-06
-3.605863323167861e-05 -9.782120375367120e-06 -4.601205648424639e-06 -1.426327643640156e-06
-3.364497445443065e-05 -7.206113879190236e-06 -4.456336126271665e-06 -1.245326305976846e-06
-4.341606886532983e-05 -1.243080130938863e-05 -5.068072180597666e-06 -1.474821988754524e-06
-4.094664010048009e-05 -9.782569827903581e-06 -4.895806146439454e-06 -1.419843318355521e-06
-3.849719376457079e-05 -7.166525661290630e-06 -4.748609802985842e-06 -1.270697662490101e-06
-4.838792697127872e-05 -1.245713044702273e-05 -5.091449100509467e-06 -1.392854675398489e-06
-4.589402954429303e-05 -9.782934704927570e-06 -5.037296901979980e-06 -1.403632618157406e-06
-4.341610030313580e-05 -7.134746529895196e-06 -4.985268506913851e-06 -1.344314364153737e-06
-5.340317338589522e-05 -1.247920368280119e-05 -4.997016978124371e-06 -1.307909120506872e-06
-5.088885262059807e-05 -9.783195139128515e-06 -4.970459038013395e-06 -1.382607883488683e-06
-4.838800813081312e-05 -7.108960927156208e-06 -4.987094540535990e-06 -1.384091922554470e-06
-5.845577521346513e-05 -1.249824449341269e-05 -4.805009310164794e-06 -1.178022811101305e-06
-5.592358863140399e-05 -9.783592712204444e-06 -4.849654921076550e-06 -1.377411677104081e-06
-5.340315435591989e-05 -7.087617861716923e-06 -4.873369171312801e-06 -1.437371032050611e-06
-6.354135224523636e-05 -1.251436270236035e-05 -4.450277564818668e-06 -1.078973669476369e-06
-6.099352754616753e-05 -9.783822521051882e-06 -4.600814240479002e-06 -1.378674861427870e-06
-5.845589188340510e-05 -7.069207175278515e-06 -4.705333848948805e-06 -1.546646699323501e-06
-6.865300185895024e-05 -1.252612615296782e-05 -3.895358918079231e-06 -9.717346676025441e-07
-6.609355489257346e-05 -9.784119029492661e-06 -4.189422264943770e-06 -1.322881542106416e-06
-6.354135435466065e-05 -7.053623934888209e-06 -4.427044456196639e-06 -1.572693145766675e-06
-7.964470369731370e-05 -1.223205451685950e-05 -2.050724330031774e-06 -9.364475842035091e-07
-7.891559650594638e-05 -1.253400913670480e-05 -2.172934180367647e-06 -8.850731564458333e-07
-7.094842101611735e-05 -9.784385480175027e-06 -3.523381174109026e-06 -1.357281631724213e-06
-7.378127428131545e-05 -1.253249690231205e-05 -3.077142551111382e-06 -8.628746044650224e-07
-6.865296710360800e-05 -7.042374415123324e-06 -3.801408048420174e-06 -1.712367465536636e-06
-7.994671835101442e-05 -1.150302524033224e-05 -1.998413745723874e-06 -1.058855844027893e-06
-7.822115919863757e-05 -9.784479829488674e-06 -2.263981965649245e-06 -1.328780798788057e-06
-7.378133270275280e-05 -7.036455886085586e-06 -3.038687515966915e-06 -1.794231683275162e-06
-7.994680498691135e-05 -8.065880831884882e-06 -1.954577061066481e-06 -1.622996869933386e-06
-7.891568959128132e-05 -7.034888905748449e-06 -2.122931259550580e-06 -1.798092519224913e-06
-7.964479572426338e-05 -7.336844976151723e-06 -2.002744887227886e-06 -1.746174989730642e-06
