7.859944849227717e-05 -1.272299078170382e-05 -2.669590831207187e-06 -4.467516043851180e-07
7.886582984744153e-05 -1.207989220668820e-05 -2.694067626592064e-06 -5.225798583406815e-07
7.886591838728394e-05 -9.048402355609483e-06 -2.506784745470816e-06 -8.974073092913729e-07
7.859955238184344e-05 -8.405327311886338e-06 -2.457438897975181e-06 -9.898524299746907e-07
7.795635283779531e-05 -1.298937309641294e-05 -2.598918845505701e-06 -4.162330565067825e-07
7.675030071717701e-05 -1.056415943960790e-05 -2.328900779510103e-06 -7.392557370552363e-07
7.795648304755562e-05 -8.138955838450626e-06 -2.353085875465134e-06 -1.027268901262518e-06
7.342839754301400e-05 -1.298949939941981e-05 -2.063494878972825e-06 -4.529397024392728e-07
7.342865102448188e-05 -8.139065934651186e-06 -1.746119044202310e-06 -1.007532798083912e-06
7.092892231455310e-05 -1.056451458299879e-05 -1.534307736050993e-06 -6.980179968462470e-07
6.890080210559524e-05 -1.298967578910176e-05 -1.415214104543701e-06 -3.035956455651449e-07
6.890086752301789e-05 -8.139502237526486e-06 -1.100721298714378e-06 -9.602646980587282e-07
6.663689621043456e-05 -1.056505574253186e-05 -9.642217276480058e-07 -7.402965595121504e-07
6.437332856799753e-05 -1.299021049510813e-05 -7.738560482494778e-07 -3.390307177277486e-07
6.437308600903263e-05 -8.140389684223224e-06 -7.423827813091043e-07 -9.665593328122449e-07
6.210948880801492e-05 -1.056568214112537e-05 -3.946089616591032e-07 -6.629222902982004e-07
5.984608958268487e-05 -1.299088190209560e-05 -4.225247904069533e-07 -5.462461557079625e-07
5.984611347606323e-05 -8.141489748430507e-06 -3.266318152904887e-07 -8.374859980868515e-07
5.758272708181423e-05 -1.056657123623266e-05 -4.127669736206602e-08 -6.608821449964521e-07
5.531951763113968e-05 -1.299147864998098e-05 -2.374899766003968e-07 -5.505967504609277e-07
5.531993971677521e-05 -8.142976257706699e-06 7.051768154620617e-08 -8.996980617868642e-07
5.305687884979308e-05 -1.056765550314275e-05 2.334952722161804e-07 -6.539142003138109e-07
5.079376230468268e-05 -1.299255346908477e-05 -2.302186491002666e-08 -5.617240202642875e-07
5.079450178392376e-05 -8.144286998712607e-06 5.365454831425997e-07 -9.421985767133817e-07
4.853131884755180e-05 -1.056884489652363e-05 5.213189513924362e-07 -7.276713136010826e-07
4.626756865639024e-05 -1.299461302136597e-05 4.412478823743454e-07 -5.655878096691070e-07
4.626845455641498e-05 -8.144376543903359e-06 8.947462979742130e-07 -8.256681077446075e-07
4.400398889771618e-05 -1.056991170697892e-05 8.273085692179228e-07 -7.615407852954952e-07
4.173871544261939e-05 -1.299730775766173e-05 9.570997887227203e-07 -5.868102803584171e-07
4.173979423862163e-05 -8.143618208589416e-06 1.021593097498482e-06 -8.101892440365586e-07
3.947306585650547e-05 -1.057103148139237e-05 1.059677107053456e-06 -8.025595024444049e-07
3.720553091566367e-05 -1.300064124988034e-05 1.214237387779514e-06 -6.880760782089404e-07
3.720645248354034e-05 -8.142363442480724e-06 9.655661909532173e-07 -8.334661670437193e-07
3.493738163111281e-05 -1.057225626533745e-05 1.079752510014110e-06 -8.064067586144959e-07
3.266806156657261e-05 -1.300344491107201e-05 1.113372003833626e-06 -8.774910113065970e-07
3.266864344103798e-05 -8.142148966549236e-06 8.603109183727472e-07 -7.434718630504126e-07
3.049011834244944e-05 -1.057349661296771e-05 9.744991652266925e-07 -8.228762394977863e-07
2.831222014003268e-05 -1.300415735263621e-05 9.910332051022688e-07 -9.026455390016401e-07
2.831260854731573e-05 -8.144219922167734e-06 8.490860015327049e-07 -7.692133766324466e-07
2.667949049255030e-05 -1.076438766703909e-05 8.646265373141814e-07 -8.340840272645141e-07
2.501373289454274e-05 -1.300239475842242e-05 8.805119821262822e-07 -8.394629038244001e-07
2.501391432445927e-05 -8.148164845722317e-06 8.057211054318407e-07 -8.606841570908522e-07
2.261653449723187e-05 -1.299932349262484e-05 8.439089662091420e-07 -8.898971255007190e-07
2.308459826229588e-05 -1.140303740424048e-05 8.649964858340413e-07 -8.507066001587558e-07
2.261670448795010e-05 -8.151639236951197e-06 9.050041717241326e-07 -8.800254621255994e-07
2.087673559799116e-05 -8.155391234663777e-06 8.553752234006028e-07 -7.858896808847684e-07
-3.595033995446450e-06 2.374785744319964e-07 -1.784951478469913e-07 -1.868717232746243e-07
-3.666787954205197e-06 4.097979469060825e-07 -1.800053941235797e-07 -1.757809257815889e-07
-3.666431894155788e-06 1.052867322506068e-06 -1.646410013769891e-07 -1.312760975033640e-07
-3.594967298920644e-06 1.223338253708357e-06 -1.612986276174120e-07 -1.263950753816870e-07
2.087594681670326e-05 -1.299678763766763e-05 8.292468371700004e-07 -9.349187749121687e-07
1.929698347233966e-05 -1.290442606692766e-05 8.371461669658704e-07 -9.588622830614922e-07
2.052447251936261e-05 -9.971854940517240e-06 8.730948352199038e-07 -8.382697797544704e-07
1.930001089866048e-05 -8.021612910393740e-06 8.447498944598114e-07 -7.005027726870682e-07
-3.423405117323078e-06 1.663879801309839e-07 -1.717140977076250e-07 -1.918704311169797e-07
-3.249887101483628e-06 8.718206703020419e-07 -1.527809186033454e-07 -1.401783535541456e-07
-3.424393602544654e-06 1.294815310218410e-06 -1.578943622005570e-07 -1.263501842061877e-07
1.879639118525158e-05 -1.141175220181989e-05 8.464721268207577e-07 -9.159111241637371e-07
1.774017285807273e-05 -1.263283364873888e-05 7.846911398558723e-07 -9.980513950685457e-07
1.622631952793347e-05 -1.218751792782101e-05 6.774878802077508e-07 -9.673755203589463e-07
1.832268243101133e-05 -9.345940802651930e-06 8.220396195434912e-07 -7.668406470334731e-07
1.777420363569430e-05 -7.617733743799851e-06 8.163897098570711e-07 -6.376085494460171e-07
-2.258572343040124e-06 1.503700144681084e-07 -1.179256707543306e-07 -1.596601438528348e-07
-2.256647008598364e-06 1.318238008242561e-06 -1.257782359687134e-07 -1.268338615724167e-07
-1.653363654219941e-06 7.362092599906214e-07 -9.709013111751702e-08 -1.351964884087705e-07
1.477505832960160e-05 -1.157297698725370e-05 5.954778313874353e-07 -9.093653255035614e-07
1.602823195419576e-05 -1.062157962133746e-05 6.561405572250914e-07 -8.735809283378772e-07
1.655406036437462e-05 -8.637849523083785e-06 7.092043472708951e-07 -7.411666114712327e-07
1.634464190621796e-05 -6.956615225585334e-06 7.019065926919368e-07 -5.532675757402085e-07
-9.988286313062275e-07 4.604861044267349e-08 -7.267008523525470e-08 -1.208801490722490e-07
-9.979540349074287e-07 1.429811678597180e-06 -6.774603593366902e-08 -1.507525623211419e-07
-2.532819191184734e-07 7.397641937280914e-07 -9.209491966389253e-08 -1.201580228417028e-07
1.340405603206207e-05 -1.079916786844159e-05 5.128338170639167e-07 -8.523130618220494e-07
1.213180730170676e-05 -9.876119908735503e-06 3.484295742844470e-07 -7.701627976840772e-07
1.470779418552013e-05 -8.322592578758050e-06 5.223452228514874e-07 -7.322536840741262e-07
1.505395084643733e-05 -6.058189780427131e-06 5.151248473742245e-07 -4.143382240274961e-07
6.006831679685756e-07 -1.831886677185367e-07 -8.758839316662675e-08 -1.276567966838267e-07
6.019172665944441e-07 1.666673442212774e-06 -8.558296223907812e-08 -1.146679692128343e-07
1.245326035423656e-05 -8.430626530341782e-06 3.371039236865853e-07 -6.769820035261719e-07
1.097462453189599e-05 -8.815206058597351e-06 2.324024844186344e-07 -6.924098576879648e-07
1.299602662959619e-05 -6.776812341074086e-06 3.277012319889107e-07 -5.163136881198207e-07
1.394066135671879e-05 -4.951895754306847e-06 3.890111281000642e-07 -2.997773563538980e-07
1.541660996007159e-06 7.433668570405126e-07 -7.607631993438337e-08 -1.150082895555479e-07
2.658085989504413e-06 -5.155789798737611e-07 -1.026156581824406e-07 -8.570710747564531e-08
2.657659968091474e-06 2.008273238742149e-06 -8.476532953176164e-08 -9.727900978911702e-08
9.945763597102858e-06 -7.631504321133745e-06 1.350623535967841e-07 -6.343467921374037e-07
9.059160163565584e-06 -6.341249358514205e-06 2.492556524159503e-08 -4.808826885733221e-07
8.322922946766604e-06 -4.957119248652432e-06 -7.993293919118201e-09 -3.290651559272599e-07
1.188496664930665e-05 -5.269864275587744e-06 2.460245140208070e-07 -3.544055061885916e-07
1.303782732075295e-05 -3.673323442066621e-06 3.154904922356459e-07 -2.144508386173848e-07
3.556003229423252e-06 7.432827224278828e-07 -9.301856365558508e-08 -6.827186057077702e-08
4.656099897449424e-06 -8.441708928311536e-07 -5.846901640518646e-08 -8.214386956512097e-08
4.656614345405564e-06 2.355056377616418e-06 -6.191585621387527e-08 -4.896203661022249e-08
9.803560498548049e-06 -4.964319680426355e-06 9.541197909213787e-08 -3.238090576809582e-07
7.749273308855692e-06 -3.494143727900013e-06 -1.859684477874605e-08 -2.066239729048449e-07
6.489341212176969e-06 -1.124680921271417e-06 -4.703012305335369e-08 -8.341235577604000e-08
7.036883366871798e-06 -1.400420682977433e-06 -3.605830002461740e-08 -9.882063003734903e-08
7.345000143771057e-06 -1.955068749673369e-06 -2.663509424184905e-08 -1.241612590334886e-07
1.110091971636466e-05 -3.482872336950528e-06 1.868777106117120e-07 -2.195097310208437e-07
1.237354478147877e-05 -2.271084821578152e-06 2.668442123568139e-07 -1.997648277650594e-07
5.646487202069236e-06 5.136711942380813e-07 -4.418949924882313e-08 -6.923962900638494e-08
6.452599074655813e-06 2.602414469456556e-06 -2.669675560620105e-08 1.004757844383972e-08
8.769892776968159e-06 -2.449611370020209e-06 3.647325668468184e-08 -1.559537472004126e-07
7.052598456259838e-06 -2.862112516407051e-07 -3.379897468363161e-08 -7.666054900607752e-08
7.700367663685747e-06 -1.205455616392090e-06 -1.270393165676595e-08 -1.023756667313873e-07
1.051943632971340e-05 -1.833161542762808e-06 1.351627681860142e-07 -1.738518964760883e-07
1.197792052849212e-05 -7.947310801366706e-07 2.509630611790717e-07 -1.211355742503792e-07
7.052561375437072e-06 1.522565662724364e-06 -1.580531462113173e-08 -2.625290145992350e-08
6.947364944506800e-06 2.877386849801570e-06 -3.377254792029766e-08 3.378970574183463e-08
9.063036913313317e-06 5.576050154336293e-08 5.623754406417329e-08 -8.915234127327301e-08
1.186500028591147e-05 7.150877228811230e-07 2.546018519422950e-07 -6.421179579109133e-08
1.210561330565413e-05 2.243366514888187e-06 2.390594691701242e-07 1.451366221226875e-08
8.103590837591239e-06 2.498436415664881e-06 4.062550123500441e-08 1.659812289645547e-08
7.225967668463641e-06 3.484033998035560e-06 -3.648883252633644e-08 6.895401549639394e-08
7.550564038522809e-06 5.191740446662971e-06 -3.349940919405060e-08 1.644571391258814e-07
1.054372064462642e-05 2.413268053882377e-06 1.697730670590291e-07 3.136424435636176e-08
8.077236158835813e-06 6.910317864299494e-06 4.486609380572348e-09 2.390008107695321e-07
1.267594548538882e-05 3.808263371753504e-06 2.309961626186330e-07 8.438206154026254e-08
9.063737942538864e-06 5.231022111304566e-06 9.505862757985693e-08 1.456930879690098e-07
1.136350117200140e-05 5.364446430809015e-06 1.682611467960632e-07 1.443671873313588e-07
8.846289312871357e-06 8.578332215642691e-06 5.106195224497017e-08 3.024130033751760e-07
1.357602156888448e-05 5.368153523287700e-06 2.646151646834715e-07 1.579462926461572e-07
1.289608506736776e-05 6.962753386194087e-06 2.155732443368927e-07 2.184387645555940e-07
1.121946932628907e-05 7.985432729682169e-06 1.581919320688290e-07 2.553452461430608e-07
9.826750915285009e-06 1.022924206718856e-05 1.601197902642836e-07 3.973061026776150e-07
1.106485214189456e-05 1.181232663748411e-05 2.490159261645375e-07 4.446377612445167e-07
1.482214127418199e-05 6.842626360117247e-06 3.052071650426973e-07 2.094950658202978e-07
1.396248369842599e-05 8.820339879615551e-06 2.615416702012957e-07 3.223393768313966e-07
1.293849426952762e-05 1.119662368302855e-05 2.927185326891749e-07 4.383016830447754e-07
1.249834392661167e-05 1.330289669791555e-05 3.166500398208742e-07 5.066155872848681e-07
1.637122602099492e-05 8.174657171696161e-06 4.304223501685776e-07 2.913663889832143e-07
1.591631652647356e-05 1.119707034015478e-05 4.168019059555089e-07 4.410320335220494e-07
1.415859654704844e-05 1.463106477038796e-05 3.613546801903905e-07 5.787027059437272e-07
1.603856652951499e-05 1.580315941059933e-05 4.314701361434846e-07 6.416323810062537e-07
1.808145718166312e-05 1.679959833849587e-05 4.886361706979117e-07 6.634150896949096e-07
1.823328126498391e-05 1.186242155936899e-05 5.538110776010869e-07 4.592790430651880e-07
1.820935018612229e-05 9.304969546794020e-06 5.508792482058417e-07 3.449540776466609e-07
1.776527104059887e-05 1.447031605294759e-05 5.011438412649652e-07 5.865387059257611e-07
2.029458138800675e-05 1.754265556342336e-05 5.519094357220204e-07 6.774928922783961e-07
2.264125963048050e-05 1.804934907104815e-05 6.591398375051377e-07 7.092299681528526e-07
2.012905787142998e-05 1.243839616425854e-05 6.503273907799437e-07 4.851491418246084e-07
2.031387700390175e-05 1.013141583714852e-05 6.643318328587714e-07 4.023461908340990e-07
2.506268690480791e-05 1.827899472248354e-05 7.497851804239160e-07 7.271917054974103e-07
2.232353991168963e-05 1.463664554344162e-05 6.805551673592327e-07 5.487920129816475e-07
2.261351726535123e-05 1.060785988021642e-05 7.038400034463273e-07 4.382688120723902e-07
2.558898259438175e-05 1.501872195931916e-05 8.079338833695700e-07 5.654097081944616e-07
2.782411054960186e-05 1.838727124575110e-05 8.915827649611671e-07 7.278473395536316e-07
2.503264819608439e-05 1.073065589308754e-05 7.690246183939946e-07 4.303102674861861e-07
3.171414934490552e-05 1.849649745484411e-05 1.109885385325000e-06 8.158231099922723e-07
2.859817259134195e-05 1.313843546299154e-05 9.041143333388729e-07 4.969846364929010e-07
2.781760714014149e-05 1.062519614164938e-05 8.793520254124063e-07 3.955835070119658e-07
3.727826311944451e-05 1.866476540172284e-05 1.605091281308447e-06 9.955543139253098e-07
3.447708431409140e-05 1.418421953192626e-05 1.261505985765690e-06 5.238560802631722e-07
3.171648879281635e-05 1.048696697374502e-05 1.046040880393955e-06 2.919534158159238e-07
4.493333961472395e-05 1.884816488551182e-05 2.574914738726840e-06 1.238433409870044e-06
4.105415636936452e-05 1.450261317775902e-05 1.952744219972463e-06 6.016798258036284e-07
3.727880486217511e-05 1.032847752420928e-05 1.466566404879958e-06 1.314970796772615e-07
5.321016983350400e-05 1.900610879465721e-05 4.011453445955006e-06 1.453143445556284e-06
4.902363176738594e-05 1.450372528777470e-05 3.202445868211102e-06 6.171685863770794e-07
4.493311515074750e-05 1.015624114234112e-05 2.489268478917132e-06 -1.026561980757456e-07
6.175359544206546e-05 1.914155166400642e-05 5.726083494012543e-06 1.638682151147127e-06
5.743978176600627e-05 1.450589023376592e-05 4.833537384371047e-06 6.874916637601376e-07
5.320953033371164e-05 1.000347286987399e-05 3.966361735082758e-06 -2.213937920023352e-07
7.052610114889402e-05 1.925603553810676e-05 7.481372885544301e-06 1.661419225791741e-06
6.610418076576735e-05 1.450777101297175e-05 6.652919101847697e-06 7.213426522591795e-07
6.175293856496955e-05 9.872211093571769e-06 5.752564272139597e-06 -2.943745943153262e-07
7.948977196680858e-05 1.935038509804147e-05 9.102359878361905e-06 1.553738180981304e-06
7.497847234108091e-05 1.450939881861659e-05 8.335770500741870e-06 7.722209163676670e-07
7.052533571292947e-05 9.761251798271080e-06 7.517509488342765e-06 -1.610738041422737e-07
8.860839465880121e-05 1.942571461247210e-05 1.047500011138507e-05 1.483271788431767e-06
8.402559248061432e-05 1.451085191896201e-05 9.828222942117009e-06 8.090421618779666e-07
7.948902118562064e-05 9.669951166649541e-06 9.121936448418534e-06 2.991736491687952e-08
9.784776760379844e-05 1.948298438493735e-05 1.149713039469965e-05 1.411668616419502e-06
9.321027726939814e-05 1.451212470795829e-05 1.100600077309996e-05 8.737826428558494e-07
8.860780530814992e-05 9.597315260498071e-06 1.045446301663134e-05 2.414895633663595e-07
1.071747495321731e-04 1.952289304340801e-05 1.223244048024179e-05 1.263696167050473e-06
1.024989690371926e-04 1.451332144463525e-05 1.190717190530156e-05 9.173224442729859e-07
9.784722203816196e-05 9.542516145291750e-06 1.145101621585821e-05 3.839862229142274e-07
1.165581077129348e-04 1.954732223043732e-05 1.267158436340671e-05 1.143314532747423e-06
1.118591928860614e-04 1.451441633985318e-05 1.249533033966572e-05 9.729127865280954e-07
1.071743389413234e-04 9.504859290112114e-06 1.221037514569360e-05 6.567891186521949e-07
1.367306500821920e-04 1.900727274013065e-05 1.304870464515170e-05 1.040932834508212e-06
1.353928093260117e-04 1.956136918715675e-05 1.303487948515900e-05 1.050660355704619e-06
1.207714512283866e-04 1.451526898732959e-05 1.279599611845105e-05 9.739937695774262e-07
1.259710202287821e-04 1.955882628269861e-05 1.289095201941831e-05 1.119908874940688e-06
1.165576692888020e-04 9.482448697999400e-06 1.269963173609052e-05 7.929119770637489e-07
1.372848061674973e-04 1.766951424495109e-05 1.305450213409896e-05 1.022340483257571e-06
1.341184735029679e-04 1.451601490098880e-05 1.304161458127549e-05 1.002983183633008e-06
1.259707359731999e-04 9.472367651381309e-06 1.290518729416699e-05 8.808391439677655e-07
1.372846794096363e-04 1.136261611828086e-05 1.306458428523379e-05 9.759913897210070e-07
1.353926119573976e-04 9.470682132688997e-06 1.304926786161069e-05 9.504974108790301e-07
1.367304985922961e-04 1.002480733717675e-05 1.306053679164619e-05 9.593842362160293e-07
