7.714228143665226e-05 -1.326355046072120e-05 1.363635426285870e-08 -1.912052227034084e-07
7.739802595511223e-05 -1.264614601175974e-05 4.661417304483934e-08 -1.206440280373848e-07
7.739814893917155e-05 -9.735464183390704e-06 7.292257768800710e-08 1.769158043899457e-07
7.714240504552907e-05 -9.117999654259428e-06 4.458307439106646e-08 2.433609065513377e-07
7.652486747976692e-05 -1.351928620770647e-05 -6.177049824931514e-08 -2.188048770214863e-07
7.536687288192700e-05 -1.119080315248011e-05 -1.436511746883384e-07 3.196805183505301e-08
7.652496592944357e-05 -8.862233145590601e-06 -2.358269834804514e-08 2.702437972490251e-07
7.217770164896451e-05 -1.351919148907765e-05 -4.538999731462174e-07 -1.338720292544806e-07
7.217762407796468e-05 -8.861858453379995e-06 -4.053767103763320e-07 2.226389397164502e-07
6.977794022098536e-05 -1.119024162344114e-05 -6.355859501298661e-07 5.609784031429133e-08
6.783026392639335e-05 -1.351971247617697e-05 -7.989956261213548e-07 -4.693123841399097e-08
6.783031138358563e-05 -8.860150688551133e-06 -6.510929779225108e-07 1.407354775118883e-07
6.565613299283717e-05 -1.118941618905980e-05 -8.295290656567194e-07 3.708107249534034e-08
6.347926305683516e-05 -1.352261364858765e-05 -9.017542521546696e-07 4.165273939465216e-08
6.347969699241632e-05 -8.855196836779717e-06 -8.578204380716251e-07 6.694960627119009e-08
6.130151721537684e-05 -1.118827083789923e-05 -8.199795231524376e-07 6.555682823769561e-09
5.911752896815293e-05 -1.352945570016742e-05 -8.671873733734809e-07 1.064023678189086e-07
5.911826497431889e-05 -8.845612971971572e-06 -9.752415812839453e-07 3.805515675033819e-09
5.693136929968078e-05 -1.118687884939185e-05 -7.018599312373379e-07 -6.582388676289041e-09
5.473589132203924e-05 -1.354019023663930e-05 -6.546469790751884e-07 8.885657079702828e-08
5.473627144808291e-05 -8.831518957624191e-06 -9.377085704561063e-07 -3.448496104026256e-08
5.253681893095336e-05 -1.118519445436845e-05 -5.417323938615848e-07 -1.668760758461331e-08
5.032782285787336e-05 -1.355253349087895e-05 -3.922073557054318e-07 4.652863986164211e-08
5.032750987826533e-05 -8.815616838699461e-06 -7.418565570815433e-07 -4.950590904790829e-08
4.811434919188284e-05 -1.118315014865429e-05 -4.876413843688051e-07 -6.747870218255987e-08
4.589267380238405e-05 -1.356343968498762e-05 -1.681183347872387e-07 -1.030065896641287e-08
4.589187650760058e-05 -8.800458137410431e-06 -6.168988802282721e-07 -6.001975314021161e-08
4.366668083006277e-05 -1.118086608000462e-05 -5.082428224424142e-07 -8.112620109897253e-08
4.143483068295811e-05 -1.357165888013166e-05 -7.055177844988614e-08 -7.648281181501533e-08
4.143387327660487e-05 -8.787579601212213e-06 -5.316814046544516e-07 -1.038977281850959e-07
3.919935694867415e-05 -1.117834269387878e-05 -4.952343835509289e-07 -8.501346058361699e-08
3.695984020031528e-05 -1.357709121880857e-05 -2.062631391215411e-07 -2.003008464883374e-07
3.695882131201339e-05 -8.776855015620854e-06 -3.827778989968639e-07 -1.650472678641353e-07
3.471746216755351e-05 -1.117566979311171e-05 -4.165602175484097e-07 -7.619865996741637e-08
3.247191858822914e-05 -1.358088239430864e-05 -4.558328203369170e-07 -2.359910355060846e-07
3.247100952977478e-05 -8.767773581168225e-06 -3.416349709578366e-07 -1.374564765896925e-07
3.031475851436266e-05 -1.117305460041925e-05 -4.877874188292713e-07 -1.145676711776124e-07
2.815509081543188e-05 -1.358341985055617e-05 -6.729026350749381e-07 -2.339993793730944e-07
2.815427585658246e-05 -8.759956770809188e-06 -5.452154805347619e-07 -7.719551975190031e-08
2.653441125483546e-05 -1.135950168804908e-05 -6.800666090625504e-07 -1.607637865509417e-07
2.487805237897203e-05 -1.358457893955259e-05 -7.075000727044408e-07 -1.887598910773022e-07
2.487731090650290e-05 -8.754995143994450e-06 -7.192821236966246e-07 -6.293714691821415e-08
2.249068599136884e-05 -1.358441936373431e-05 -7.636783670456711e-07 -1.794885155631194e-07
2.295805363664908e-05 -1.199303397864210e-05 -7.762605947743048e-07 -1.864519160213487e-07
2.248974069016833e-05 -8.752575536060188e-06 -8.336663125982885e-07 -7.399711319052287e-08
2.075340779119238e-05 -8.751208952898940e-06 -8.890362818695872e-07 -9.006027250634065e-08
-3.555575942191914e-06 -3.245345818551414e-07 2.841802994526586e-07 -8.328297976349631e-07
-3.626074774182674e-06 -1.549998435958636e-07 2.933200600252751e-07 -8.592962844913919e-07
-3.625673556169421e-06 4.765444517429163e-07 2.977409985937399e-07 -9.655659856683421e-07
-3.555530757155597e-06 6.437604276220148e-07 2.893867383297095e-07 -9.909069964995416e-07
2.075447972021623e-05 -1.358359108459430e-05 -7.552763611036344e-07 -1.636120603954227e-07
1.917655720540312e-05 -1.349270704311739e-05 -8.335902997469011e-07 -1.595003980008590e-07
2.040359874620268e-05 -1.056385924526613e-05 -8.939414889931090e-07 -7.431942084325390e-08
1.917904246175711e-05 -8.612982874054165e-06 -8.841206689447403e-07 -1.517048862867892e-07
-3.386801356383122e-06 -3.946145003196766e-07 2.609983974848616e-07 -8.214396270247964e-07
-3.216763193598176e-06 2.981218094535690e-07 2.348439302153404e-07 -9.297938748990451e-07
-3.388188696194935e-06 7.136216329592997e-07 2.661408203586062e-07 -9.975296783091684e-07
1.867669032154448e-05 -1.200151422880077e-05 -8.794217223284904e-07 -1.109047306893073e-07
1.761980225261087e-05 -1.322278943912365e-05 -8.664373921050348e-07 -1.084251617724271e-07
1.610411823276109e-05 -1.277759328074767e-05 -8.709552533102940e-07 -8.736978044680320e-08
1.820234955038171e-05 -9.935722553834484e-06 -8.925914472218433e-07 -1.449280363196672e-07
1.765264321857887e-05 -8.204854672805711e-06 -8.987770840426722e-07 -1.785037074088819e-07
-2.242996529443763e-06 -4.130953188509577e-07 1.069463910933674e-07 -8.177559803140902e-07
-2.242076770237946e-06 7.342190936719601e-07 1.115471510391444e-07 -9.444633014147713e-07
-1.649018141694961e-06 1.606088823763888e-07 5.669061861631899e-08 -8.665206015025565e-07
1.465076076495141e-05 -1.216272806582801e-05 -8.804363767878150e-07 -7.923514901054005e-08
1.590583757982127e-05 -1.121048646909251e-05 -8.887764370336359e-07 -1.041258025026225e-07
1.643146324802888e-05 -9.224818946739748e-06 -8.778793907660286e-07 -1.318010051684472e-07
1.622109290570433e-05 -7.540056431151270e-06 -8.613738796097103e-07 -1.942489887215057e-07
-1.005006832514822e-06 -5.204144529583170e-07 -1.943344604444858e-08 -7.947592938004646e-07
-1.005414665004485e-06 8.407781251180154e-07 1.597352406652935e-09 -8.553118741889076e-07
-2.723788727281769e-07 1.597195577528553e-07 -3.903606322508776e-08 -7.724356441426352e-07
1.327717776876612e-05 -1.138710755798700e-05 -8.680075975730687e-07 -9.747745221180741e-08
1.200277367073041e-05 -1.046166602938561e-05 -8.181230153260569e-07 -9.143895892375506e-08
1.458218323722430e-05 -8.907180814292812e-06 -8.712496165972919e-07 -1.162075558886497e-07
1.492792060555333e-05 -6.638731417784984e-06 -8.536710623780334e-07 -2.225416193185828e-07
5.689420672071601e-07 -7.521887029831635e-07 -8.566708573779942e-08 -6.867943856656436e-07
5.686470239861252e-07 1.070522431586917e-06 -5.333837182292558e-08 -7.583134858561495e-07
1.232441859353290e-05 -9.013590686554003e-06 -8.238342028333776e-07 -9.735300123591735e-08
1.084481735708920e-05 -9.398110022245677e-06 -7.645102253299727e-07 -7.939289534464372e-08
1.286712655986862e-05 -7.357316303102498e-06 -8.382345033832616e-07 -1.547154737291088e-07
1.381195513970233e-05 -5.530136427128047e-06 -8.717146753788330e-07 -2.102741455246035e-07
1.495291610088231e-06 1.583056842906063e-07 -1.023108099885879e-07 -7.085473705187129e-07
2.597629655410440e-06 -1.087691362462892e-06 -1.406584696859157e-07 -6.249370231974527e-07
2.595536005185351e-06 1.405021791250067e-06 -1.503455881013387e-07 -7.849145489469874e-07
9.815693916749540e-06 -8.211299182093130e-06 -7.049767612575304e-07 -7.311462240835353e-08
8.930432401980194e-06 -6.918974273344859e-06 -5.833466473718208e-07 -1.744967457777474e-07
8.197492340432534e-06 -5.533644812461288e-06 -5.044183412436581e-07 -2.801240715642192e-07
1.175480103465442e-05 -5.847432360459170e-06 -7.742242166917315e-07 -2.124414569231445e-07
1.290649562811002e-05 -4.250782407899263e-06 -8.211670065773078e-07 -3.098138708683746e-07
3.483149085447240e-06 1.535655312182213e-07 -1.938191211973842e-07 -6.915585354391196e-07
4.571771190957527e-06 -1.419383235777597e-06 -2.798969699935770e-07 -5.586865236796299e-07
4.570873754118666e-06 1.746963021714895e-06 -2.530004139226219e-07 -7.478093423409907e-07
9.675020088848147e-06 -5.540628006529503e-06 -6.274613506805531e-07 -2.690785041624884e-07
7.627633427826324e-06 -4.070339446667150e-06 -4.534344209852616e-07 -3.620672553778016e-07
6.385022289944536e-06 -1.703043535439452e-06 -3.708215460536856e-07 -5.126193598210945e-07
6.926263769911586e-06 -1.979002365325854e-06 -4.228117268164885e-07 -4.808083426344463e-07
7.229891114138165e-06 -2.532880097758052e-06 -4.466262165891906e-07 -4.297688471654582e-07
1.096999879094670e-05 -4.059448756122287e-06 -7.258797585464974e-07 -3.184422963471322e-07
1.223884010325852e-05 -2.850259438699928e-06 -8.120666926136448e-07 -3.451269952161517e-07
5.550679493756481e-06 -7.744258348523137e-08 -3.297952271719325e-07 -6.054058242889217e-07
6.350777709435276e-06 1.991846530351250e-06 -3.949064348151320e-07 -7.642225929861561e-07
8.646578698774424e-06 -3.026255733134496e-06 -5.275453150672793e-07 -3.974600506899635e-07
6.943052128036702e-06 -8.720592293041356e-07 -4.251042309014483e-07 -5.686249638707598e-07
7.584537526836741e-06 -1.786147947632655e-06 -4.732663774272446e-07 -4.921420702282646e-07
1.038896606716837e-05 -2.412634866408830e-06 -6.673970330909539e-07 -4.058591657172543e-07
1.183898490518820e-05 -1.379539085000122e-06 -7.780976878252575e-07 -4.934992126029075e-07
6.945141793774100e-06 9.218689498252651e-07 -4.321696049197731e-07 -6.878308522818597e-07
6.842552612414045e-06 2.264242175100006e-06 -4.159911813791274e-07 -7.903046454744829e-07
8.939227809658980e-06 -5.321757162721819e-07 -5.473677387116022e-07 -5.842734199481900e-07
1.172231948868760e-05 1.207496753578024e-07 -7.390987880274196e-07 -5.912429453290946e-07
1.195558486791872e-05 1.635248652819287e-06 -7.308282587627832e-07 -7.199964463197483e-07
7.988974273521345e-06 1.889200346347916e-06 -4.954199182982049e-07 -7.640581049339813e-07
7.120024431712062e-06 2.864530769124319e-06 -4.244651555907738e-07 -8.349896587564015e-07
7.443706427519330e-06 4.553198704259864e-06 -4.341951230485107e-07 -9.410877971605087e-07
1.040802084209242e-05 1.805133167034349e-06 -6.201823318646491e-07 -7.470382827214477e-07
7.966631244993805e-06 6.251633409634312e-06 -4.710541919069019e-07 -1.041168492533861e-06
1.251662197437947e-05 3.184311012114856e-06 -7.485715254626772e-07 -8.261275252313998e-07
8.941889514529500e-06 4.592399632230187e-06 -5.456441859722796e-07 -9.299555677730965e-07
1.121740147770888e-05 4.723217031822411e-06 -6.588358652237119e-07 -9.178115920030557e-07
8.727379406716535e-06 7.899252995840118e-06 -5.211960372837522e-07 -1.136222573000749e-06
1.340450534694878e-05 4.725997161062366e-06 -8.048224366429160e-07 -9.126241262970528e-07
1.273166113952788e-05 6.301603262953367e-06 -7.481848258266971e-07 -1.014405153525972e-06
1.107380681118026e-05 7.312889579479061e-06 -6.356403812555890e-07 -1.086347534201415e-06
9.696718911873678e-06 9.530404220613592e-06 -5.900991170412687e-07 -1.228814905535044e-06
1.091971780599868e-05 1.109449515747659e-05 -6.729257011944658e-07 -1.319564090959926e-06
1.463518068494584e-05 6.181958906498921e-06 -8.788060804417737e-07 -1.006543900274668e-06
1.378481343821465e-05 8.136163157749340e-06 -8.097797870372902e-07 -1.140206338616287e-06
1.277150838267441e-05 1.048538447142033e-05 -7.638305802659497e-07 -1.288910624868210e-06
1.233601563577802e-05 1.256883205730997e-05 -7.516839257204733e-07 -1.425133294587254e-06
1.616658019747717e-05 7.496346537884184e-06 -9.530066085971726e-07 -1.084171267991254e-06
1.571577581788834e-05 1.048452350943563e-05 -8.961882970221465e-07 -1.262376229618649e-06
1.397658966028111e-05 1.388305578162401e-05 -8.071444392567227e-07 -1.528625124953121e-06
1.583599148526615e-05 1.504427725973159e-05 -8.908617028254212e-07 -1.638645969213937e-06
1.785825030982517e-05 1.603384686916706e-05 -1.008091147300239e-06 -1.779444505631076e-06
1.800862188359630e-05 1.114167845757411e-05 -1.040770840891421e-06 -1.296660847368890e-06
1.798540288271427e-05 8.611406421305032e-06 -1.046486004423005e-06 -1.121047831743306e-06
1.754443090584971e-05 1.372454716721094e-05 -9.822556055287763e-07 -1.537254982799532e-06
2.005086593279649e-05 1.677255996125632e-05 -1.173118909985214e-06 -1.905646623460575e-06
2.237876539031234e-05 1.727834327628482e-05 -1.434986674597774e-06 -2.020544174661089e-06
1.988632754668223e-05 1.171082809851497e-05 -1.205488283835853e-06 -1.347283623020078e-06
2.007033064907494e-05 9.425448728536327e-06 -1.222618766430229e-06 -1.149677164684807e-06
2.478228518708632e-05 1.750920109663667e-05 -1.720604108866699e-06 -2.101298394306402e-06
2.206180666803023e-05 1.389019847015804e-05 -1.393880477524409e-06 -1.573101423888634e-06
2.235093651830866e-05 9.892422230154079e-06 -1.446921813645585e-06 -1.160035349321467e-06
2.530465213344605e-05 1.426927435241944e-05 -1.777357165523387e-06 -1.654513193223772e-06
2.752752548395122e-05 1.762047193762293e-05 -2.119575800974772e-06 -2.201169765833038e-06
2.475213049987071e-05 1.000997019331376e-05 -1.689293735170677e-06 -1.126824148834186e-06
3.139938761016397e-05 1.773249448129496e-05 -2.781036758455020e-06 -2.310702450350064e-06
2.829656434395043e-05 1.239852167882364e-05 -2.206231264906365e-06 -1.399471051768853e-06
2.752168018656674e-05 9.899867523770068e-06 -2.109650968451191e-06 -1.025715866905587e-06
3.694700088307583e-05 1.790439437396697e-05 -3.908239208613924e-06 -2.409893156795675e-06
3.415280071045547e-05 1.343708424382796e-05 -3.295562899145348e-06 -1.532106187657248e-06
3.140271122689560e-05 9.755338063560297e-06 -2.783357556949726e-06 -8.728638560904820e-07
4.458879717462973e-05 1.808799391829744e-05 -5.474580572262690e-06 -2.405402343718836e-06
4.071589213608479e-05 1.375236338988466e-05 -4.623964865140789e-06 -1.599734424803384e-06
3.694845518406375e-05 9.590259483037616e-06 -3.814046849349139e-06 -7.729116765805059e-07
5.285062081349166e-05 1.823914463971704e-05 -7.020481073095579e-06 -2.321120998925108e-06
4.867330955902611e-05 1.375106672463370e-05 -6.214339631979053e-06 -1.547335948250067e-06
4.458933090441945e-05 9.413512428846679e-06 -5.369527792253456e-06 -7.340351244482442e-07
6.136356090795797e-05 1.835998599009150e-05 -8.375779554348737e-06 -2.222380812970449e-06
5.706930398360359e-05 1.375079443926666e-05 -7.690997386118729e-06 -1.516271920785723e-06
5.285074315843711e-05 9.262667727448810e-06 -6.931745085487711e-06 -7.442425084464781e-07
7.007461261628224e-05 1.845224898841678e-05 -9.590394990104241e-06 -2.150344246521981e-06
6.569037840631150e-05 1.375061186748641e-05 -9.024057426101191e-06 -1.507781334040007e-06
6.136366319083199e-05 9.141461066781062e-06 -8.391802655922338e-06 -8.172340014178810e-07
7.893165514419140e-05 1.851815246845647e-05 -1.072221262610729e-05 -2.046420231999849e-06
7.448286101466638e-05 1.375024562238277e-05 -1.017736195335005e-05 -1.496870940468110e-06
7.007486653854745e-05 9.048597257849018e-06 -9.672793853918199e-06 -9.087588708615853e-07
8.788902188965992e-05 1.856213291647672e-05 -1.165201452011060e-05 -1.974508657153623e-06
8.339704415476971e-05 1.374979278136988e-05 -1.114547495158768e-05 -1.515007576965411e-06
7.893208625178723e-05 8.981798350914599e-06 -1.068962245662787e-05 -9.785160228307675e-07
9.690967876001940e-05 1.858886355666834e-05 -1.246065498707359e-05 -1.897339604131033e-06
9.239148561687227e-05 1.374949121261039e-05 -1.200622610086009e-05 -1.512778114466126e-06
8.788940822178777e-05 8.937148085670575e-06 -1.153950552817047e-05 -1.023271196159345e-06
1.059659671580432e-04 1.860294184826776e-05 -1.315871086085279e-05 -1.866124334674639e-06
1.014337820842667e-04 1.374913018620858e-05 -1.277263156925631e-05 -1.495109046125791e-06
9.691002141789833e-05 8.909920308722988e-06 -1.232429632304965e-05 -1.095336338670568e-06
1.150382941247620e-04 1.860846560836915e-05 -1.384523344325961e-05 -1.896512449484153e-06
1.105007108812588e-04 1.374880930908283e-05 -1.346595250494427e-05 -1.472738533135222e-06
1.059661115631872e-04 8.895117596142016e-06 -1.309751613660831e-05 -1.103053649160101e-06
1.344800581078274e-04 1.807548934578194e-05 -1.538567465034865e-05 -1.884638759734254e-06
1.331910462487565e-04 1.860941790242907e-05 -1.528708541505234e-05 -1.926512030811888e-06
1.191040518510699e-04 1.374853219575256e-05 -1.412910123436847e-05 -1.509121080111729e-06
1.241150707822730e-04 1.860957150967272e-05 -1.453466575358863e-05 -1.907406895710903e-06
1.150385554043224e-04 8.888848466034177e-06 -1.380330500657447e-05 -1.113338976470039e-06
1.350139886390257e-04 1.678647955701561e-05 -1.542632733678915e-05 -1.783471450245091e-06
1.319639534778241e-04 1.374831307950191e-05 -1.518014712053863e-05 -1.540100881895942e-06
1.241152626664111e-04 8.887376125143397e-06 -1.451601266266207e-05 -1.143486447713625e-06
1.350141526911129e-04 1.071004414286709e-05 -1.541323280977476e-05 -1.303325502392708e-06
1.331912463700379e-04 8.887124915533207e-06 -1.527155563465602e-05 -1.159104685658937e-06
1.344802391159138e-04 9.421044816175236e-06 -1.537179757822989e-05 -1.202012200466784e-06
