-1.325872065675049e-04 1.849254602601135e-05 -1.957486850497546e-05 2.610940180397468e-06
-1.331152652728833e-04 1.721787918933276e-05 -1.965698704323433e-05 2.415157982915560e-06
-1.331153908809309e-04 1.120844270269512e-05 -1.968171737458865e-05 1.486900483801265e-06
-1.325873407916144e-04 9.933735338536552e-06 -1.960545537121900e-05 1.306880981898487e-06
-1.313124059679111e-04 1.902050081889902e-05 -1.937755090612124e-05 2.691296185993483e-06
-1.289210670089018e-04 1.421314115299899e-05 -1.903080208280281e-05 1.959094794325418e-06
-1.313125342444408e-04 9.405757125143419e-06 -1.942046234443866e-05 1.234167927010557e-06
-1.223361241273884e-04 1.901846607960503e-05 -1.804151583280283e-05 2.676316330614275e-06
-1.223362090427240e-04 9.407225717526828e-06 -1.811029684274687e-05 1.261356673917331e-06
-1.173824787650722e-04 1.421254314629930e-05 -1.726900723283845e-05 1.923972226363546e-06
-1.133663977882496e-04 1.901086920031630e-05 -1.657632822857071e-05 2.719048463909070e-06
-1.133662883001265e-04 9.413335671128057e-06 -1.676054205283339e-05 1.149383455300637e-06
-1.088864474507832e-04 1.421191678906277e-05 -1.587544304566187e-05 1.926211131547172e-06
-1.044147231546748e-04 1.899630290088928e-05 -1.507897317697815e-05 2.730691348987362e-06
-1.044144011074983e-04 9.426543421493969e-06 -1.533695630282806e-05 1.037575130180087e-06
-9.994793559703687e-05 1.421126956649708e-05 -1.423166022720239e-05 1.918253317380850e-06
-9.549553710344140e-05 1.897246688682006e-05 -1.356638314115665e-05 2.642520602240941e-06
-9.549518057985037e-05 9.449145858942165e-06 -1.372062054486397e-05 1.099124664131467e-06
-9.105106863278050e-05 1.421076375262883e-05 -1.264480395918123e-05 1.887827177984366e-06
-8.662884699664274e-05 1.893697622797558e-05 -1.220005806352553e-05 2.642823404166790e-06
-8.662825256473689e-05 9.483938715149167e-06 -1.236068509821836e-05 1.217988123345122e-06
-8.221843462349125e-05 1.421036368354102e-05 -1.134130624821815e-05 1.883575617466609e-06
-7.783996349570994e-05 1.888638744238403e-05 -1.084053218592589e-05 2.644199620600279e-06
-7.783923434436700e-05 9.534097969488481e-06 -1.114735731115611e-05 1.232147976220715e-06
-7.347829517687868e-05 1.421009644646718e-05 -1.016619527554204e-05 1.841159172105397e-06
-6.915996798108859e-05 1.881769106636734e-05 -9.518572910964918e-06 2.566391962610636e-06
-6.915924490577583e-05 9.602630332242393e-06 -9.904890522478018e-06 1.169389568839504e-06
-6.486454624260697e-05 1.420999544275256e-05 -8.943364000343521e-06 1.816382865086691e-06
-6.062556399188513e-05 1.872832781610138e-05 -8.051960473600677e-06 2.594563904740643e-06
-6.062516320378093e-05 9.692108942429311e-06 -8.433918824364074e-06 1.055876281611880e-06
-5.641646088943123e-05 1.421021540267176e-05 -7.498001962062960e-06 1.791053320735902e-06
-5.227795568948259e-05 1.861642354220837e-05 -6.572566984378212e-06 2.553442367864041e-06
-5.227783958404092e-05 9.804536107633023e-06 -6.939623234368949e-06 1.018771381530901e-06
-4.817642218064792e-05 1.421055449720978e-05 -6.159716520919793e-06 1.773780332657539e-06
-4.416026749899697e-05 1.847921982968350e-05 -5.243965336171166e-06 2.378949662466496e-06
-4.415994927644036e-05 9.943021229754087e-06 -5.641266325095282e-06 1.052350956553396e-06
-4.034720428894595e-05 1.420991916848398e-05 -4.908168072606798e-06 1.722185890000786e-06
-3.663081246841232e-05 1.831763289995262e-05 -4.107225389947354e-06 2.256623721697660e-06
-3.662990734709032e-05 1.011153507151457e-05 -4.383516815937506e-06 1.043010700433759e-06
-3.387099589724933e-05 1.452215302140666e-05 -3.881798845876206e-06 1.749432875478213e-06
-3.115054612802408e-05 1.816380416822878e-05 -3.400450911461086e-06 2.285386035984589e-06
-3.114631742041451e-05 1.027088652625808e-05 -3.536839768407939e-06 1.013486846107018e-06
-2.731094330054584e-05 1.802731881260163e-05 -2.822791917100386e-06 2.275950734909028e-06
-2.801806522484590e-05 1.552920513403255e-05 -2.945872233041682e-06 1.915559430016518e-06
-2.730402385206495e-05 1.037416294896983e-05 -2.853362980153297e-06 1.000747510598824e-06
-2.459622972494990e-05 1.048511070879695e-05 -2.329221889264317e-06 1.000774348925204e-06
3.534830302299827e-06 1.183149935192024e-06 1.257075552696187e-07 2.857635546793412e-07
3.605177225839087e-06 1.013693005241574e-06 1.253728500903061e-07 2.920694119739073e-07
3.604655665264794e-06 3.834846260212500e-07 1.271657606827062e-07 3.211371361422129e-07
3.534698333443477e-06 2.168376201207210e-07 1.278164510963775e-07 3.251535974900409e-07
-2.458570805832670e-05 1.793057854037164e-05 -2.400087815216858e-06 2.269339204009841e-06
-2.219926649851537e-05 1.770629286851884e-05 -1.976372219637331e-06 2.266150692932069e-06
-2.401117081809655e-05 1.328340707790251e-05 -2.230093015820364e-06 1.493292770255402e-06
-2.216684649923981e-05 1.039324108305491e-05 -1.898579651600939e-06 1.009471467251966e-06
3.366186956141526e-06 1.253394084596712e-06 1.282363798369421e-07 2.828160621827931e-07
3.196602855953995e-06 5.623981348005428e-07 1.356082038586236e-07 3.096268409534169e-07
3.367864639649997e-06 1.475128701979759e-07 1.303862037632645e-07 3.240292222396752e-07
-2.141656687079756e-05 1.543050030106271e-05 -1.831085682034590e-06 1.873594867284466e-06
-1.989603010597061e-05 1.719618419360714e-05 -1.552785583467590e-06 2.204196413834036e-06
-1.772855572533293e-05 1.646936791689233e-05 -1.118651115705883e-06 2.056550452822548e-06
-2.070055452082084e-05 1.237887102397421e-05 -1.658634707275264e-06 1.348282529428789e-06
-1.990548937868061e-05 9.930022196451560e-06 -1.490977096700831e-06 9.337247455436827e-07
2.224231604901430e-06 1.273438397156879e-06 1.282805435634170e-07 3.017552338910719e-07
2.223792798256556e-06 1.289654675530098e-07 1.322872327256806e-07 3.071665154784458e-07
1.632052272604902e-06 7.016767509633369e-07 1.102323518612622e-07 3.127137307743340e-07
-1.572805712998923e-05 1.549412325764556e-05 -7.469401939449082e-07 1.847890073551266e-06
-1.741883856532780e-05 1.418934067024951e-05 -1.040584007098337e-06 1.636063713958193e-06
-1.815777189188780e-05 1.139604139291599e-05 -1.171955723527704e-06 1.161856730011868e-06
-1.784824114308436e-05 9.132909583599485e-06 -1.111207282048754e-06 8.143932949523315e-07
9.903668135523403e-07 1.379915429894445e-06 1.124819500120423e-07 3.152748891662630e-07
9.907116390353408e-07 2.450263583349176e-08 1.103013112046829e-07 2.671904316255870e-07
2.609602350924022e-07 7.025870105524680e-07 8.597848740777540e-08 2.846317127923975e-07
-1.388689460342025e-05 1.434618664104164e-05 -4.239867823908706e-07 1.617242607187256e-06
-1.225984425237410e-05 1.304497468654637e-05 -1.908889119295760e-07 1.375533007841751e-06
-1.560776697144610e-05 1.097704779637449e-05 -7.079278054920198e-07 1.065835506287668e-06
-1.604436648691664e-05 8.026848510753344e-06 -8.013587678335576e-07 6.660301107784638e-07
-5.758721655539027e-07 1.608820242569236e-06 7.853099315349977e-08 2.928208137613135e-07
-5.758102896851983e-07 -2.031252577033398e-07 7.370950504757078e-08 2.651508235148907e-07
-1.267540368885407e-05 1.110035587670097e-05 -2.587178323721723e-07 1.044806245566065e-06
-1.084990277240552e-05 1.158501226873100e-05 4.324804305083914e-09 1.101457534510250e-06
-1.335535683333906e-05 8.974456235376709e-06 -3.687099795581265e-07 7.597911559237962e-07
-1.453064869766336e-05 6.706815711380891e-06 -5.480632654430913e-07 4.987275750293288e-07
-1.497011644622931e-06 7.033246418259492e-07 7.835126943073247e-08 3.022530316535135e-07
-2.591812652820227e-06 1.938803126642449e-06 4.979130182739592e-08 3.505983364326584e-07
-2.589792239633591e-06 -5.345434662775640e-07 5.851216742286511e-08 3.158851558210281e-07
-9.626184485609915e-06 1.002623431617215e-05 1.558705571309684e-07 8.038503086160993e-07
-8.653678931782783e-06 8.431926513456151e-06 1.461323221865739e-07 6.757441367523242e-07
-7.911739936407589e-06 6.764040078376587e-06 1.139048159946294e-07 5.692684719144589e-07
-1.198295592405585e-05 7.111075150780812e-06 -1.980011056076083e-07 5.548482098364363e-07
-1.332957787286218e-05 5.244470792893861e-06 -3.587200313815723e-07 4.133763077203507e-07
-3.470905972131311e-06 7.075680483410160e-07 4.437285024161771e-08 3.502910915777401e-07
-4.548730020009844e-06 2.262559696024346e-06 4.860605599213600e-08 3.662981816291178e-07
-4.549716315087505e-06 -8.730938664950602e-07 4.899900857438357e-08 3.012152232968990e-07
-9.550848983123320e-06 6.751329204908692e-06 6.277455231908327e-08 5.468335402133849e-07
-7.361781571211730e-06 5.082511023555759e-06 9.002235985170612e-08 4.883121687375667e-07
-6.308029951691918e-06 2.535658287277180e-06 6.027125497922987e-08 3.607454984853500e-07
-6.808742954358550e-06 2.815152483127764e-06 7.254647363762117e-08 3.690297077842481e-07
-7.061812132266245e-06 3.393791633190022e-06 7.830037010346625e-08 3.880081979652250e-07
-1.103682579329514e-05 5.034727553673404e-06 -6.846240674211678e-08 3.900382135182169e-07
-1.243292276583772e-05 3.710325509930540e-06 -1.394882917254377e-07 2.832903357275450e-07
-5.516588714301973e-06 9.371021839669409e-07 5.522272307795276e-08 3.269351411197963e-07
-6.350202025232447e-06 -1.120132808131643e-06 5.477359116398381e-08 3.403227873633016e-07
-8.501255719993011e-06 3.901882398099005e-06 3.046235883507137e-08 3.928928977381164e-07
-6.861055077753030e-06 1.706065054054795e-06 6.809855169843606e-08 3.446782989687763e-07
-7.455922772344269e-06 2.616409483940559e-06 6.024080073246093e-08 3.641170856442155e-07
-1.037675512505714e-05 3.238703323451082e-06 -3.494504401873852e-08 3.070890000610589e-07
-1.186221494449183e-05 2.175835804179949e-06 -6.491780302717631e-09 3.262115406828691e-07
-6.927037426131078e-06 -7.120016550232118e-08 5.445634683576127e-08 3.375375689950800e-07
-6.876532356496369e-06 -1.385170027920377e-06 2.164507652168690e-08 3.538752435839825e-07
-8.859215971477023e-06 1.307795428119749e-06 5.558839006741201e-09 3.158295067784746e-07
-1.164921729706568e-05 6.645238004796615e-07 3.475997915061705e-08 3.227675453639465e-07
-1.173664006804973e-05 -7.959899011345308e-07 1.839026749890937e-08 3.585756218317224e-07
-7.994249326586461e-06 -1.039524015592620e-06 2.768085488375625e-08 3.513811990443376e-07
-7.188623847618809e-06 -1.943014444362900e-06 -7.541542907367202e-09 3.625664576397122e-07
-7.580633274550696e-06 -3.461974818875866e-06 -2.238827815061623e-08 3.893690866041399e-07
-1.028911616019744e-05 -9.968004378511359e-07 1.720717258014229e-08 3.705862135802839e-07
-8.146371112894434e-06 -4.904689944341939e-06 -1.086598925405855e-09 3.972806049312144e-07
-1.213204526553694e-05 -2.260566578216140e-06 -1.273387725786768e-08 3.648587800042390e-07
-8.961816916182006e-06 -3.524101371075487e-06 4.132787721973273e-08 3.672602464023097e-07
-1.096652916416209e-05 -3.637406316882299e-06 -5.943489114092522e-09 3.659105206364362e-07
-8.867762429388939e-06 -6.269144297226027e-06 3.305850862371389e-08 3.991565182079590e-07
-1.278894498957467e-05 -3.639497030228148e-06 -5.505642822139898e-09 4.003388594977760e-07
-1.220140178293847e-05 -4.976387678866130e-06 -1.561760930885900e-08 4.067793939391300e-07
-1.085210025801892e-05 -5.803460092697627e-06 2.953350589227764e-08 3.768889380438723e-07
-9.739289174235086e-06 -7.545126384287337e-06 9.902921946487563e-08 3.831265431977286e-07
-1.075401402094987e-05 -8.716981672894979e-06 1.076277738038293e-07 2.845853576810935e-07
-1.368484236204527e-05 -4.897975733752677e-06 -7.172845957908620e-08 4.320292856164605e-07
-1.301360285152536e-05 -6.451649912695703e-06 -5.631992218229969e-08 3.922489172032065e-07
-1.222927143298688e-05 -8.247028925891631e-06 3.521752671884094e-08 3.133139893947246e-07
-1.189661863928762e-05 -9.769453792246146e-06 8.492489211519364e-08 2.153909747173428e-07
-1.478895752494075e-05 -5.988761098089434e-06 -1.340789987125192e-07 4.536747584695746e-07
-1.444644468570208e-05 -8.230962357303512e-06 -1.021539568393896e-07 3.268686285230336e-07
-1.315532865693029e-05 -1.068595916694186e-05 2.128257338883303e-08 1.680441683736842e-07
-1.451441930634276e-05 -1.145573421273347e-05 -9.556667044480641e-08 9.882191561748898e-08
-1.595421007564271e-05 -1.206826637548861e-05 -2.657023681198830e-07 -1.569437686000885e-08
-1.607821700461943e-05 -8.706438238612236e-06 -2.189788726358256e-07 3.185206378897681e-07
-1.606992383008995e-05 -6.876854680805038e-06 -2.333160868212977e-07 4.509417083242410e-07
-1.575675071172488e-05 -1.051227497015871e-05 -2.047512512990332e-07 1.818197963308471e-07
-1.745814034522130e-05 -1.251243493301717e-05 -4.722708140373843e-07 -1.060283166772862e-07
-1.900531147144993e-05 -1.278359292342649e-05 -6.627163822643848e-07 -1.529498908231398e-07
-1.737164280456589e-05 -9.113645429820967e-06 -3.235710370219943e-07 3.167410464000949e-07
-1.749062797166914e-05 -7.531196124173061e-06 -3.495182097406330e-07 4.923930684363129e-07
-2.057478697432286e-05 -1.287684934276310e-05 -9.068870582577605e-07 -1.633594681009223e-07
-1.883075386662586e-05 -1.057528172763812e-05 -5.799876441475767e-07 1.095285180827610e-07
-1.900734113321933e-05 -7.930987287041401e-06 -5.956425468355140e-07 5.543882794569949e-07
-2.092196295166258e-05 -1.080902207300383e-05 -9.347747117948942e-07 1.146505038504773e-07
-2.230539897590323e-05 -1.288095113791692e-05 -1.127538372101680e-06 -1.517381947312899e-07
-2.057346107890127e-05 -8.064260275704229e-06 -9.139353492882645e-07 5.719335500572332e-07
-2.468896832355860e-05 -1.288477115166287e-05 -1.503036177146735e-06 -3.990460531433570e-08
-2.280681531963191e-05 -9.633676341525402e-06 -1.277247698158932e-06 3.616274262463945e-07
-2.230521176138677e-05 -8.060270635765465e-06 -1.206735041461125e-06 6.026266524667009e-07
-2.797059205869502e-05 -1.289020472651234e-05 -1.802571977902924e-06 1.531850246595730e-07
-2.634561141207604e-05 -1.028171985808479e-05 -1.748845114869920e-06 2.869497801033220e-07
-2.468907158227577e-05 -8.055706140972365e-06 -1.583663971044884e-06 5.667406721695131e-07
-3.231068813619524e-05 -1.289697056074247e-05 -1.968063695093394e-06 3.716398951565395e-07
-3.013887214115518e-05 -1.047073458360934e-05 -1.992507493887965e-06 3.565099138373688e-07
-2.797059411403797e-05 -8.050910015118856e-06 -1.936109412747772e-06 4.607221242573336e-07
-3.684634755350441e-05 -1.290625212288103e-05 -1.860547120533882e-06 5.044907582043460e-07
-3.457569448837303e-05 -1.047084391230795e-05 -1.964715948811413e-06 4.005333728079330e-07
-3.231047812293643e-05 -8.044580617487220e-06 -2.066365370918464e-06 3.661515065433410e-07
-4.140266471067139e-05 -1.291991325950701e-05 -1.683982605166633e-06 6.438366608522990e-07
-3.912013718770407e-05 -1.047098882746605e-05 -1.764619013185010e-06 4.708658526581404e-07
-3.684610400272023e-05 -8.035519850691965e-06 -1.933835991945637e-06 3.623810833299953e-07
-4.598910771890619e-05 -1.293753861764391e-05 -1.393323593576443e-06 7.632097070478485e-07
-4.369013513829944e-05 -1.047100210387162e-05 -1.519736967258261e-06 5.018586521925772e-07
-4.140254307600192e-05 -8.022067919555871e-06 -1.684452393559898e-06 3.449306153080536e-07
-5.061235161135278e-05 -1.295723458906068e-05 -8.764235147058258e-07 8.956874354466432e-07
-4.829423230119396e-05 -1.047082175088388e-05 -1.145413513839584e-06 5.368725959902123e-07
-4.598906235593959e-05 -8.004369079423304e-06 -1.370673980124081e-06 3.279525936857910e-07
-5.527374940702066e-05 -1.297622847923631e-05 -1.081657789615442e-07 1.040814769391951e-06
-5.293673213247367e-05 -1.047051671333600e-05 -5.118186056834574e-07 5.862827289426527e-07
-5.061218428115664e-05 -7.984269979577367e-06 -8.806293769171073e-07 2.747999299125569e-07
-5.997052768467690e-05 -1.299280816369915e-05 7.071076922268976e-07 1.062861100481225e-06
-5.761658649322296e-05 -1.046994178847195e-05 3.146986730831514e-07 6.217079179715594e-07
-5.527366161507602e-05 -7.964322267200278e-06 -1.501030238328205e-07 2.022726099451320e-07
-6.469673184045703e-05 -1.300566929972111e-05 1.464786671453268e-06 1.019210039892886e-06
-6.232932799697739e-05 -1.046927157631416e-05 1.092030417327277e-06 6.229344240638026e-07
-5.997047018285136e-05 -7.946394374210578e-06 6.358655586095834e-07 1.890574061880134e-07
-6.944449867464739e-05 -1.301431722867827e-05 2.155878301380172e-06 9.916661169955816e-07
-6.706778605038464e-05 -1.046847408454807e-05 1.810997070499904e-06 6.493437050114516e-07
-6.469687378544342e-05 -7.932014504475388e-06 1.387032986862027e-06 2.507257607190951e-07
-7.964807897672985e-05 -1.273947461781585e-05 3.453123707407265e-06 9.049079144985380e-07
-7.897133139306502e-05 -1.301976910621607e-05 3.374944693484042e-06 9.394117702948315e-07
-7.157570903552748e-05 -1.046795356859108e-05 2.434575574804457e-06 6.430787995131514e-07
-7.420551021822456e-05 -1.301879517779731e-05 2.754275073528385e-06 9.731641015836046e-07
-6.944450922006140e-05 -7.922104220944689e-06 2.146592903060904e-06 2.915442788672162e-07
-7.992839690088799e-05 -1.206276189499484e-05 3.485280781605836e-06 8.250246289833402e-07
-7.832673220200582e-05 -1.046760444038767e-05 3.304082029593868e-06 6.498423468964564e-07
-7.420547078758510e-05 -7.916643445660868e-06 2.758087477606476e-06 3.207237202084856e-07
-7.992826955852646e-05 -8.872517041776209e-06 3.484968151763617e-06 4.754641510656109e-07
-7.897120993239003e-05 -7.915544935781977e-06 3.376163754938170e-06 3.625719215031803e-07
-7.964794764528981e-05 -8.195829032811496e-06 3.452819855983076e-06 3.962872607532935e-07
