6.803886396333608e-05 -9.000636920360601e-06 -1.490158836331218e-05 3.089592646552053e-06
6.831249393051252e-05 -8.340139864020247e-06 -1.497127458619654e-05 2.929713722406356e-06
6.831220626159630e-05 -5.226249350313942e-06 -1.495036704662208e-05 2.309603483425001e-06
6.803853794729314e-05 -4.565736180124950e-06 -1.488035712899226e-05 2.155054140209144e-06
6.737827656629938e-05 -9.274201023397902e-06 -1.473704088291403e-05 3.155397650076264e-06
6.613884673841583e-05 -6.783149275077307e-06 -1.449152078439042e-05 2.612610063130386e-06
6.737790033592508e-05 -4.292167480613112e-06 -1.471802251155501e-05 2.091213481769791e-06
6.272691265772706e-05 -9.272864986764493e-06 -1.369764657398249e-05 3.185458748295469e-06
6.272646800112145e-05 -4.293755243895454e-06 -1.369931625034011e-05 2.068333747197672e-06
6.016028489757060e-05 -6.783646875780881e-06 -1.305728079300285e-05 2.644919801196562e-06
5.808088471330945e-05 -9.268258274906341e-06 -1.278256303461504e-05 3.160109161911045e-06
5.808023877101354e-05 -4.299296403460141e-06 -1.277892242779018e-05 2.139260129995769e-06
5.576101511596676e-05 -6.783949245509844e-06 -1.207201987590450e-05 2.698022611364304e-06
5.344761274265904e-05 -9.259006193083512e-06 -1.184835864793666e-05 3.121893665396439e-06
5.344740805990756e-05 -4.309450985627750e-06 -1.170005634937802e-05 2.176665417736724e-06
5.113742961715595e-05 -6.784598784135913e-06 -1.117773334519885e-05 2.709051458705521e-06
4.883713983416892e-05 -9.244327515441007e-06 -1.103874366909118e-05 3.162400067068530e-06
4.883698800131153e-05 -4.325431939818488e-06 -1.082790853604780e-05 2.237089781199325e-06
4.654210934631329e-05 -6.785261391258045e-06 -1.037215029246034e-05 2.717451910948218e-06
4.426084084531085e-05 -9.223448344790990e-06 -1.028331529148333e-05 3.120698956985217e-06
4.426060869778064e-05 -4.347637179970071e-06 -1.007962776825674e-05 2.363044667687282e-06
4.198687456944472e-05 -6.785955515974586e-06 -9.614290888380516e-06 2.749396833263637e-06
3.973087174402305e-05 -9.196026512027613e-06 -9.598482619961339e-06 3.070124131797370e-06
3.973030901705539e-05 -4.376715295729871e-06 -9.454218947073469e-06 2.447865616586860e-06
3.748403064991148e-05 -6.786625005675559e-06 -8.982363654462119e-06 2.770354463648289e-06
3.525963498895397e-05 -9.160894012978924e-06 -9.018429401774298e-06 3.030603382523701e-06
3.525908016036991e-05 -4.413264556109573e-06 -8.789845358504713e-06 2.363309338369043e-06
3.304703002332403e-05 -6.787143416335616e-06 -8.490019228601896e-06 2.793757205011166e-06
3.086226642906500e-05 -9.116092080501717e-06 -8.521567781876116e-06 3.116258198194576e-06
3.086217374737532e-05 -4.458931541904674e-06 -8.117316714359891e-06 2.356690526897812e-06
2.869318613737399e-05 -6.787494861331199e-06 -7.922240693779784e-06 2.799394915451948e-06
2.655887168494423e-05 -9.059522871988261e-06 -7.740634281902697e-06 3.224759313750358e-06
2.655909387627046e-05 -4.516048204029554e-06 -7.263086082932135e-06 2.344936475897957e-06
2.444425203845478e-05 -6.787914333178163e-06 -7.090128309735205e-06 2.798262582325791e-06
2.237254641633868e-05 -8.989251419426128e-06 -6.732761846375962e-06 3.330058871025584e-06
2.237260885319025e-05 -4.587351323323609e-06 -6.425591897363477e-06 2.324465647694263e-06
2.040619485435668e-05 -6.787795192805241e-06 -6.149162605809216e-06 2.802149510469290e-06
1.848976147198645e-05 -8.905210264046061e-06 -5.718413303619305e-06 3.328852218227418e-06
1.848942641951568e-05 -4.675597764695856e-06 -5.551975702078258e-06 2.360506100918447e-06
1.706697883915730e-05 -6.948911051259487e-06 -5.328283992859905e-06 2.854130620056526e-06
1.566532115897727e-05 -8.824443094314390e-06 -5.060444589882048e-06 3.284411535324829e-06
1.566331470432047e-05 -4.760156015726526e-06 -4.974838892341047e-06 2.457359539334300e-06
1.368858038087700e-05 -8.751949016980277e-06 -4.626485472954863e-06 3.274261159956689e-06
1.405182747411046e-05 -7.467400039779572e-06 -4.693939022875266e-06 2.996624712660104e-06
1.368503597924105e-05 -4.815566455489687e-06 -4.581081343450657e-06 2.512961666478371e-06
1.229237120550798e-05 -4.875595305233308e-06 -4.324504946593949e-06 2.546526409429630e-06
-1.720289964252555e-06 -2.294386152397520e-07 1.159007560493689e-06 1.254119042316945e-06
-1.753611115937117e-06 -1.493131289079986e-07 1.180685097755082e-06 1.194289585306077e-06
-1.753390547049125e-06 1.490062357899769e-07 1.178207565301054e-06 9.719723745228882e-07
-1.720238552536129e-06 2.279766558050338e-07 1.156648446363194e-06 9.148844607223289e-07
1.228655356137852e-05 -8.700141104072831e-06 -4.343200742176178e-06 3.273279994099189e-06
1.106117134563852e-05 -8.582859289076539e-06 -4.079800665802491e-06 3.273169704438230e-06
1.199040635152593e-05 -6.313224144432133e-06 -4.267574253023863e-06 2.778436065237539e-06
1.104345677491501e-05 -4.832161491381359e-06 -4.124312633848694e-06 2.565355700525248e-06
-1.640520414333106e-06 -2.625706844994055e-07 1.104817977393846e-06 1.280229195014153e-06
-1.560279853056057e-06 6.468167264525241e-08 1.047764532212503e-06 1.033095950853772e-06
-1.641183745301887e-06 2.609608786242552e-07 1.104557703947946e-06 8.896292535576690e-07
1.065855788692006e-05 -7.414359761637412e-06 -4.001419011777305e-06 3.032243628751596e-06
9.880298693013560e-06 -8.318118733626440e-06 -3.843255384434664e-06 3.220784260385140e-06
8.771463862692858e-06 -7.943357050536478e-06 -3.664355908818822e-06 3.147849504692882e-06
1.029077092768659e-05 -5.850857941542119e-06 -3.975610277717353e-06 2.748568723604796e-06
9.883503771821639e-06 -4.599881588727791e-06 -3.912870985075365e-06 2.526340149252693e-06
-1.100362517504017e-06 -2.714856381381242e-07 7.032673053004105e-07 1.276687149689181e-06
-1.099893278586039e-06 2.709884794665926e-07 6.997884741656729e-07 8.619869206017652e-07
-8.197904628335284e-07 -7.813349245817500e-11 4.990874971011838e-07 1.064105838458348e-06
7.751296597780025e-06 -7.441115535059994e-06 -3.495161493948740e-06 3.061286519329302e-06
8.611999347468564e-06 -6.776116377271979e-06 -3.641102915460010e-06 2.945337846586359e-06
8.989283854982987e-06 -5.349819960805885e-06 -3.740332329745348e-06 2.667392249528460e-06
8.830258792981421e-06 -4.198624006472221e-06 -3.726261554512734e-06 2.456691280721491e-06
-5.148955354206935e-07 -3.235789908168604e-07 3.291020605934727e-07 1.216794092292767e-06
-5.148784630128141e-07 3.236147872376359e-07 3.215795562066519e-07 9.131202543935769e-07
-1.662336260293290e-07 1.333542744169114e-10 1.598678884171071e-07 1.067027485059584e-06
6.814294485381333e-06 -6.852454343207505e-06 -3.341983976226782e-06 2.989147508764881e-06
5.990120148157185e-06 -6.188037269089832e-06 -3.176079188454939e-06 2.903139003105102e-06
7.688354465211206e-06 -5.137039486319637e-06 -3.493993952889019e-06 2.661364100258695e-06
7.908956536927908e-06 -3.640971966109181e-06 -3.544009603740072e-06 2.355037121520305e-06
2.357892307888975e-07 -4.369887407624500e-07 -5.219435341795488e-08 1.317599723239829e-06
2.359209716364085e-07 4.376165768629553e-07 -5.334171211434070e-08 8.006304747638254e-07
6.200698199786342e-06 -5.198960053205269e-06 -3.210664697772553e-06 2.732929692096094e-06
5.279325491181764e-06 -5.444103671948848e-06 -3.001185660507894e-06 2.805501421405267e-06
6.544305609730666e-06 -4.122305035707925e-06 -3.267422686574966e-06 2.488087473448132e-06
7.137893778195273e-06 -2.977780170493768e-06 -3.379998136938604e-06 2.178755990006009e-06
6.810052841004238e-07 3.708792368780203e-10 -2.999059912631315e-07 1.036807892661178e-06
1.213003292446531e-06 -6.013558251816574e-07 -6.023693052566944e-07 1.365833396881620e-06
1.212144453077453e-06 6.039142950364666e-07 -6.208743053481901e-07 6.460736436695055e-07
4.663898824297560e-06 -4.653102816725468e-06 -2.829529618783116e-06 2.707519297674267e-06
4.179073859392183e-06 -3.849130846298275e-06 -2.579814412311908e-06 2.495651038353610e-06
3.812339902728331e-06 -3.009974634464147e-06 -2.358076963391440e-06 2.247158554183747e-06
5.851632043327002e-06 -3.182653534205493e-06 -3.100600990587635e-06 2.265632216498875e-06
6.527574679266448e-06 -2.246386412443019e-06 -3.285231355901102e-06 1.994862288701759e-06
1.641200375487041e-06 -1.292397697183187e-09 -8.797241674468879e-07 1.001286136329535e-06
2.168889392566748e-06 -7.632195346570468e-07 -1.181729355859050e-06 1.415795956748917e-06
2.169667410320419e-06 7.742607429008233e-07 -1.222397273101072e-06 5.654516920864874e-07
4.630657279376345e-06 -3.002485533194317e-06 -2.708761239577642e-06 2.250624534742129e-06
3.541849272128800e-06 -2.168092890683072e-06 -2.181243186321109e-06 1.962863141209466e-06
3.031285266135513e-06 -9.000983280836486e-07 -1.773783554388627e-06 1.491817726045112e-06
3.276294166354092e-06 -1.038960281662478e-06 -1.940572118001372e-06 1.551357613952674e-06
3.398768514709974e-06 -1.326252184859912e-06 -2.039972192423549e-06 1.665592595781665e-06
5.375278162004679e-06 -2.142209073794098e-06 -2.976146655236845e-06 1.986294330274863e-06
6.071746355033990e-06 -1.482481872267270e-06 -3.246848261349255e-06 1.760046781774343e-06
2.643137372106707e-06 -1.136511341887169e-07 -1.495748318644564e-06 1.033087955616983e-06
3.055018423110896e-06 8.991519941803029e-07 -1.696022896531506e-06 4.743864039170915e-07
4.111055790472096e-06 -1.577926709929455e-06 -2.396620516314091e-06 1.777905560094378e-06
3.303442136756771e-06 -4.917803728814622e-07 -1.924123230580542e-06 1.267838956843037e-06
3.595314210929518e-06 -9.410372937191207e-07 -2.112860481591688e-06 1.498865169350631e-06
5.044763223033536e-06 -1.248194187347134e-06 -2.847683392161390e-06 1.669051651049518e-06
5.780726796696363e-06 -7.223241584423519e-07 -3.245552111562385e-06 1.427605288652327e-06
3.338343357072302e-06 3.837917510565413e-07 -1.866341070501530e-06 7.655728519769149e-07
3.315160357719910e-06 1.030610349692448e-06 -1.791772213790135e-06 3.820766107889566e-07
4.290897232693943e-06 -2.930975079600140e-07 -2.439326048164729e-06 1.203418032710050e-06
5.670932592426409e-06 2.369205563108737e-08 -3.257860857304819e-06 9.930003528013612e-07
5.708810927183189e-06 7.422362455836912e-07 -3.399870510287777e-06 5.390888437679184e-07
3.866049238784862e-06 8.617313920442484e-07 -2.114906087636608e-06 4.926690134564168e-07
3.470128306984558e-06 1.305647986311589e-06 -1.833903443986404e-06 1.683958319113414e-07
3.665031738856678e-06 2.051714610580775e-06 -1.878280497394148e-06 -4.559009900704966e-07
4.996441810174593e-06 8.423382917716534e-07 -2.882811735729076e-06 5.133019032715110e-07
3.945095093726501e-06 2.757790098524131e-06 -2.013754053709129e-06 -1.114914021326201e-06
5.899270481222660e-06 1.462809493539715e-06 -3.667144572249632e-06 3.954483663451937e-08
4.343969817881409e-06 2.082949029816506e-06 -2.385045776817206e-06 -4.583996390005721e-07
5.326940105083732e-06 2.138256652683246e-06 -3.200212757880896e-06 -5.227162279089671e-07
4.299784113099714e-06 3.424471885781099e-06 -2.278555917727945e-06 -1.780787516063022e-06
6.217605831590105e-06 2.139036198708887e-06 -4.052573013375683e-06 -5.326849260199460e-07
5.929481353152105e-06 2.793153211054430e-06 -3.796279019969832e-06 -1.174066094628690e-06
5.270553431937574e-06 3.197297173350313e-06 -3.158077387754709e-06 -1.562663953431584e-06
4.727234848762372e-06 4.046157203454068e-06 -2.629554228131706e-06 -2.492552589912730e-06
5.222866662765113e-06 4.615791881616856e-06 -3.138854424092806e-06 -3.215932838078642e-06
6.652002996869460e-06 2.755132081968092e-06 -4.597825447056451e-06 -1.134666683221259e-06
6.324556184067612e-06 3.512897888482861e-06 -4.261017049316691e-06 -1.973249165383447e-06
5.942275783336930e-06 4.386875247068195e-06 -3.901622869630787e-06 -2.973703809012687e-06
5.780272493994797e-06 5.126328289467254e-06 -3.738946272365217e-06 -3.861051392947708e-06
7.187550490770410e-06 3.287930098906887e-06 -5.304533252595198e-06 -1.700503724149066e-06
7.020582457333581e-06 4.378443376859004e-06 -5.150149199168882e-06 -2.998983547667506e-06
6.392806249491801e-06 5.570421304635012e-06 -4.464711780337468e-06 -4.427426668406442e-06
7.052998820159407e-06 5.942622077644395e-06 -5.217268733079065e-06 -4.902820381004327e-06
7.751712774371432e-06 6.237884830774142e-06 -6.031658505974281e-06 -5.317228787331756e-06
7.812347272854144e-06 4.609165290070290e-06 -6.129159162451531e-06 -3.260110972446227e-06
7.808616549509669e-06 3.720786586885558e-06 -6.116336355876799e-06 -2.178456602760020e-06
7.656396055094361e-06 5.484710176304391e-06 -5.913291022469967e-06 -4.360536851427182e-06
8.480634330350074e-06 6.451549311907740e-06 -6.928078706700577e-06 -5.623191235055506e-06
9.229343464201893e-06 6.580724555868426e-06 -7.883165633440806e-06 -5.800208617026538e-06
8.439240170987986e-06 4.806742830489508e-06 -6.930590978900403e-06 -3.502242325975296e-06
8.496684482971472e-06 4.039792709766412e-06 -7.010087427708431e-06 -2.543217486102186e-06
9.988633787217108e-06 6.623618048470189e-06 -8.847648790412709e-06 -5.856124722271633e-06
9.145851902261048e-06 5.513993477558410e-06 -7.798456031278573e-06 -4.407538684740953e-06
9.230791549381738e-06 4.235374901839140e-06 -7.919896681760459e-06 -2.800408564849900e-06
1.015690550238130e-05 5.626430871460035e-06 -9.081444904883623e-06 -4.558755201283492e-06
1.082361204022174e-05 6.622181504291419e-06 -9.955316308329627e-06 -5.840016284818392e-06
9.988432115020239e-06 4.301516745500638e-06 -8.872755970804535e-06 -2.902794192696747e-06
1.197113548301645e-05 6.619301736333194e-06 -1.145186784007631e-05 -5.841446237246850e-06
1.106674810517234e-05 5.060526685688755e-06 -1.026204741544377e-05 -3.840250653282136e-06
1.082387399006476e-05 4.302382803283595e-06 -9.953494388685094e-06 -2.888119534163817e-06
1.353895481268807e-05 6.610877147174698e-06 -1.352193433251521e-05 -5.857111327024546e-06
1.276595747285210e-05 5.372306016123991e-06 -1.246170969484730e-05 -4.221961843310006e-06
1.197110063211503e-05 4.305836260354637e-06 -1.142400144837151e-05 -2.859541485598078e-06
1.558522831956354e-05 6.595716775448987e-06 -1.617239170648713e-05 -5.749788136306467e-06
1.456686095405012e-05 5.462334821969669e-06 -1.478905463468402e-05 -4.326035969611564e-06
1.353916730128505e-05 4.314302280703931e-06 -1.341797689951182e-05 -2.868899054784947e-06
1.768527339023495e-05 6.577484745632652e-06 -1.876071544641912e-05 -5.720038989053456e-06
1.664122572598918e-05 5.462332551760374e-06 -1.739014820374601e-05 -4.323118763176612e-06
1.558545336438184e-05 4.329063483336815e-06 -1.602258569161621e-05 -2.892595596649737e-06
1.974954451954951e-05 6.558273782370285e-06 -2.134192727916068e-05 -5.726953952336941e-06
1.872343823621196e-05 5.462260071819312e-06 -2.000623205245570e-05 -4.339475139762105e-06
1.768541644914360e-05 4.347326427789452e-06 -1.866069340596184e-05 -2.952897699801575e-06
2.177810135479952e-05 6.539537059995287e-06 -2.397728942843434e-05 -5.879741599172860e-06
2.076956369144190e-05 5.462093670188781e-06 -2.263138247179999e-05 -4.319323724378403e-06
1.974938067134056e-05 4.366202278883341e-06 -2.137258442989067e-05 -2.873585622537568e-06
2.377254676856976e-05 6.522086274725397e-06 -2.705082544548861e-05 -6.011522053036074e-06
2.278073814809611e-05 5.461838736397881e-06 -2.547568951250108e-05 -4.305233031811453e-06
2.177787445597252e-05 4.384379440110339e-06 -2.408271425125719e-05 -2.719826066034008e-06
2.573596493915118e-05 6.507206814356562e-06 -3.052502737267986e-05 -6.196968456972485e-06
2.475898947151317e-05 5.461666295388751e-06 -2.875012320684388e-05 -4.289493289930681e-06
2.377239052397494e-05 4.401387184309583e-06 -2.718159264115075e-05 -2.579830952379253e-06
2.767483225826733e-05 6.496586342472278e-06 -3.417857153936994e-05 -6.315234161746323e-06
2.670876836910620e-05 5.461546514575499e-06 -3.229154495346806e-05 -4.310047144436306e-06
2.573594672075464e-05 4.416037072598229e-06 -3.056693492769668e-05 -2.450588214850863e-06
2.959890815521654e-05 6.491348909989916e-06 -3.780237615047110e-05 -6.250095394490820e-06
2.863837430138529e-05 5.461473466055663e-06 -3.594750286220836e-05 -4.359370580629678e-06
2.767477739112695e-05 4.426526221430351e-06 -3.412172659673832e-05 -2.394466738496002e-06
3.151862502291061e-05 6.490464850381985e-06 -4.124169149465537e-05 -6.266437805639727e-06
3.055877742959814e-05 5.461371099314537e-06 -3.947953426414516e-05 -4.413623465465779e-06
2.959884646872334e-05 4.431499155687664e-06 -3.766079332715579e-05 -2.516138915908177e-06
3.563873326906486e-05 6.378743268768778e-06 -4.887636754926677e-05 -6.133062669486624e-06
3.536536660501731e-05 6.491960855859255e-06 -4.836482167633523e-05 -6.346344356125576e-06
3.237896128164881e-05 5.461265117735002e-06 -4.283708947749964e-05 -4.399843462207400e-06
3.344050393493143e-05 6.491514867316349e-06 -4.477064714684226e-05 -6.380896021600260e-06
3.151848064457939e-05 4.432164425894060e-06 -4.129158437443515e-05 -2.494927979629207e-06
3.575196474526511e-05 6.105396083870165e-06 -4.908978292263733e-05 -5.622228395328972e-06
3.510497118834238e-05 5.461044635379143e-06 -4.792074312854628e-05 -4.433354879841030e-06
3.344048576835378e-05 4.430735326400589e-06 -4.482057164781606e-05 -2.472677792969193e-06
3.575187192945855e-05 4.816742732033662e-06 -4.916443180970630e-05 -3.206596551916225e-06
3.536528089786247e-05 4.430207046458982e-06 -4.844234805739846e-05 -2.471485085741525e-06
3.563863846114509e-05 4.543416106127008e-06 -4.895449991747482e-05 -2.687012102950196e-06
