-8.512607569503527e-06 2.412301931504243e-06 -4.561731385690391e-05 5.982401048576547e-06
-8.517885337829764e-06 2.399637256628022e-06 -4.579181804528430e-05 5.542600988262772e-06
-8.518146314084585e-06 2.339981516753136e-06 -4.569005797501050e-05 3.423909384883151e-06
-8.512907606059164e-06 2.327370416051984e-06 -4.550450656179668e-05 2.984634982022471e-06
-8.499895732691024e-06 2.417543540711438e-06 -4.518652321838128e-05 6.164215846037776e-06
-8.476113571016937e-06 2.369877286326298e-06 -4.428748010206136e-05 4.456026221570410e-06
-8.500259068540409e-06 2.322155255049822e-06 -4.506172830222746e-05 2.802709473668479e-06
-8.410045938534714e-06 2.417221496460611e-06 -4.212929160561662e-05 6.108986022989930e-06
-8.410600354396671e-06 2.322875108381239e-06 -4.197556156308389e-05 2.799650833423446e-06
-8.361819810224130e-06 2.370182832423742e-06 -4.036795080248555e-05 4.455734329749297e-06
-8.323499621165272e-06 2.415119512147536e-06 -3.885277248974410e-05 6.292369169902368e-06
-8.324151083792263e-06 2.325611028846303e-06 -3.879899058620462e-05 2.768916563718796e-06
-8.282636228904790e-06 2.370841163074346e-06 -3.723485906252897e-05 4.415646284298408e-06
-8.243499969113506e-06 2.412815766925538e-06 -3.533053921503950e-05 6.394744334145233e-06
-8.243572511825446e-06 2.329232928031445e-06 -3.557564308133081e-05 2.610515416190562e-06
-8.205783273339028e-06 2.371454463556599e-06 -3.361391928046197e-05 4.432555622036539e-06
-8.169014388389175e-06 2.412669289266993e-06 -3.181763467307245e-05 6.325724021330345e-06
-8.169082022773784e-06 2.331053659156431e-06 -3.204601217973449e-05 2.548616513697692e-06
-8.132585657438069e-06 2.372192823103532e-06 -2.995380967702558e-05 4.416713185111664e-06
-8.093401479224018e-06 2.417981535438287e-06 -2.831359996379693e-05 6.208487787052790e-06
-8.093912796687740e-06 2.327666802688959e-06 -2.845348323104326e-05 2.526660526830714e-06
-8.052831787767727e-06 2.373046694757647e-06 -2.647991494565875e-05 4.397206836872980e-06
-8.003289376973733e-06 2.431704882928540e-06 -2.507110341874269e-05 6.024546782554039e-06
-8.004728886879347e-06 2.315648535759786e-06 -2.509040513960580e-05 2.641087401675032e-06
-7.950128638280702e-06 2.373969892498221e-06 -2.338205769737492e-05 4.418595041237545e-06
-7.880557143100132e-06 2.456056435481821e-06 -2.212987359516472e-05 5.847637505451301e-06
-7.882335871363038e-06 2.292702804565292e-06 -2.206433101070646e-05 2.778433081550814e-06
-7.803834501445786e-06 2.374917490434288e-06 -2.049145286191395e-05 4.410553255515786e-06
-7.703532964988583e-06 2.492061517810026e-06 -1.939727647766394e-05 5.738308821488574e-06
-7.704747643595955e-06 2.258218782583324e-06 -1.920046129600910e-05 2.914986719675329e-06
-7.591420863417383e-06 2.375797130380415e-06 -1.779787350531412e-05 4.379943546992503e-06
-7.449653157858145e-06 2.538933495720575e-06 -1.682365470754392e-05 5.730114336657826e-06
-7.450159723591978e-06 2.212879475803048e-06 -1.657290053568507e-05 2.987482241458615e-06
-7.292036252878933e-06 2.376554251947729e-06 -1.527621929910316e-05 4.302483816165970e-06
-7.100106406270494e-06 2.594966694637296e-06 -1.429133427881139e-05 5.594617846241954e-06
-7.100374660517385e-06 2.158423581682727e-06 -1.416842443742318e-05 3.110588673646256e-06
-6.899017550983316e-06 2.377602110140910e-06 -1.301563810133067e-05 4.224605685696425e-06
-6.661823050123979e-06 2.656030498168666e-06 -1.197724053832156e-05 5.466153059092001e-06
-6.662188724249314e-06 2.096677312854779e-06 -1.207979829346953e-05 3.174247228792645e-06
-6.473677866723272e-06 2.402869933321901e-06 -1.123959194136512e-05 4.339346755550856e-06
-6.247600673718399e-06 2.709618660335361e-06 -1.050663489980675e-05 5.374581978903855e-06
-6.249210280539099e-06 2.042562166804569e-06 -1.054970157127414e-05 3.150882108718244e-06
-5.896419902691493e-06 2.753592078978330e-06 -9.513050169615250e-06 5.335139644862823e-06
-5.979194668444916e-06 2.501226268244717e-06 -9.697791120358158e-06 4.628519796202659e-06
-5.898357887022076e-06 2.009611002444663e-06 -9.491137602839231e-06 3.156763151624444e-06
-5.616464757959577e-06 1.975708688627937e-06 -8.751946733744043e-06 3.156613994819646e-06
1.163105025714552e-06 -4.600622696979239e-07 1.452448457390952e-06 -5.246856288231389e-07
1.186293557251597e-06 -5.156219832300243e-07 1.482057851497847e-06 -5.993735760912932e-07
1.186247097013357e-06 -7.233872779915934e-07 1.472789958600730e-06 -8.870528978327246e-07
1.163144769065781e-06 -7.785613573072276e-07 1.441813063753311e-06 -9.618479157936041e-07
-5.619911659080998e-06 2.783213090531884e-06 -8.795174809648212e-06 5.322695114196772e-06
-5.341568052658685e-06 2.793658108996799e-06 -8.118903655581369e-06 5.277896831942318e-06
-5.571425433877011e-06 2.277057561881829e-06 -8.608091023338953e-06 3.938953305413755e-06
-5.352845968454983e-06 1.917305508150071e-06 -8.086006467636065e-06 3.084364218308287e-06
1.107742969693514e-06 -4.372265545013975e-07 1.380394613212470e-06 -4.937597240848407e-07
1.051638641237601e-06 -6.652569315492962e-07 1.291273790511494e-06 -8.119837799747697e-07
1.107968079264820e-06 -8.018158414695004e-07 1.368582570523851e-06 -9.954638530722052e-07
-5.261413750762131e-06 2.537880083008070e-06 -7.891960781287150e-06 4.604047124317575e-06
-5.052304948362370e-06 2.776465680886901e-06 -7.418679040031099e-06 5.168013418467029e-06
-4.748786423806258e-06 2.713803650004032e-06 -6.659560900730435e-06 4.980043678040576e-06
-5.177041674009808e-06 2.154293460617547e-06 -7.650591662716980e-06 3.668554031455647e-06
-5.069186487243002e-06 1.801814929830270e-06 -7.355770718993678e-06 2.815793867881164e-06
7.315269896308491e-07 -4.325830738480642e-07 8.241156725318318e-07 -5.197068896519360e-07
7.308020229750545e-07 -8.099164710721640e-07 8.137654879985001e-07 -1.042133472772313e-06
5.359098477138646e-07 -6.218741606768803e-07 5.536084999000901e-07 -7.884319943611603e-07
-4.436243296638955e-06 2.618579473591832e-06 -5.895556105334859e-06 4.712381435123080e-06
-4.716460626541040e-06 2.412328021532874e-06 -6.555005621532717e-06 4.237025931185244e-06
-4.824927788329527e-06 2.003410804993738e-06 -6.781955944362239e-06 3.272762409116172e-06
-4.784788190960272e-06 1.626676399052908e-06 -6.674364259041537e-06 2.422487342889736e-06
3.243344918518838e-07 -3.986771542833498e-07 2.587778798660413e-07 -4.774905271596959e-07
3.242075120451754e-07 -8.458184609246483e-07 2.580749463890734e-07 -1.086165673531613e-06
8.353197138272294e-08 -6.225601211838783e-07 -4.237393457510095e-08 -7.967038337076048e-07
-4.126825722385209e-06 2.474784884241291e-06 -5.167928975615169e-06 4.337368462805186e-06
-3.817471166359621e-06 2.284203613459404e-06 -4.512069238794371e-06 3.839832694608010e-06
-4.428069352056781e-06 1.930556648966870e-06 -5.858998981975412e-06 3.069259683125919e-06
-4.512777812813966e-06 1.396673309980056e-06 -6.038991499904087e-06 1.948060547714829e-06
-1.925763522494848e-07 -3.238427781114786e-07 -3.460844276150917e-07 -4.791179759210304e-07
-1.927060526979156e-07 -9.218103261043606e-07 -3.820939750101408e-07 -1.162571409425462e-06
-3.893927242077125e-06 1.960251190884333e-06 -4.679971529351910e-06 3.082373536538210e-06
-3.517583909334745e-06 2.055293356738475e-06 -3.932616485453004e-06 3.262965046837572e-06
-4.028832163852287e-06 1.562688406230031e-06 -4.961934392751821e-06 2.270974082136780e-06
-4.266287197794924e-06 1.102891003653012e-06 -5.435180624509952e-06 1.383959260607044e-06
-4.966972823576693e-07 -6.229789532439868e-07 -7.198156396465776e-07 -8.347539762749078e-07
-8.578028780569626e-07 -2.155076256126623e-07 -1.090554154667935e-06 -4.225289944848783e-07
-8.575612272879041e-07 -1.031436652832419e-06 -1.087552964204579e-06 -1.228910381892952e-06
-3.242872933556115e-06 1.780502805728757e-06 -3.428563419245643e-06 2.626151953795851e-06
-2.984288382447878e-06 1.453030148983566e-06 -3.083606644044379e-06 2.016322977921706e-06
-2.752122713372974e-06 1.090470074888439e-06 -2.828527539174096e-06 1.385033150651972e-06
-3.745665595067830e-06 1.180433805757427e-06 -4.380853872475536e-06 1.520568767580366e-06
-4.059114648491169e-06 7.468544125088906e-07 -4.907534877107690e-06 7.793854067708085e-07
-1.148201801454767e-06 -6.224919034801037e-07 -1.374364745969016e-06 -8.480117502805382e-07
-1.504280200889133e-06 -1.087169280304420e-07 -1.765849148728765e-06 -2.855584283699754e-07
-1.503820731082251e-06 -1.142156948890925e-06 -1.740670276184839e-06 -1.397503875581723e-06
-3.179167836678113e-06 1.098062070835488e-06 -3.420240555559567e-06 1.376062022468356e-06
-2.563598485264620e-06 6.857258612509545e-07 -2.635355332922380e-06 7.421513739491970e-07
-2.107142525692145e-06 -1.738526253202392e-08 -2.322268714410912e-06 -2.104375116758361e-07
-2.293937251053276e-06 6.905622893931386e-08 -2.464010083185187e-06 -1.147587203819532e-07
-2.406873012972075e-06 2.383428431689341e-07 -2.535705376394523e-06 9.504029918326228e-08
-3.539885864534176e-06 6.917326312073678e-07 -3.960213146635928e-06 6.870769276116663e-07
-3.910150077513013e-06 3.381555033616751e-07 -4.473560110095019e-06 1.682930593054052e-07
-1.825206074231621e-06 -5.484802667612605e-07 -2.085069662901800e-06 -7.563286301020338e-07
-2.073521089525142e-06 -1.219123136104885e-06 -2.350383623089655e-06 -1.465987524715927e-06
-2.855219260213108e-06 3.913615618975235e-07 -3.045731817411962e-06 2.790072266491652e-07
-2.288843918640704e-06 -2.859068166607564e-07 -2.495007203095435e-06 -4.944927773833948e-07
-2.509080085052883e-06 8.212617510651573e-09 -2.680685295107034e-06 -1.830608076354892e-07
-3.376311749642059e-06 2.086234103869890e-07 -3.699009897002344e-06 5.420323278983360e-09
-3.831429711940728e-06 -1.135674932652993e-07 -4.200409063276140e-06 -3.793988683912521e-07
-2.270553552360001e-06 -8.679761504486927e-07 -2.541818368706035e-06 -1.102062066612171e-06
-2.221912747587484e-06 -1.308285643873854e-06 -2.525354970744738e-06 -1.542527559124024e-06
-2.930420144906618e-06 -3.785645118805474e-07 -3.189465056196680e-06 -6.541610570872962e-07
-3.822374156387440e-06 -5.911709545783889e-07 -4.096513097733349e-06 -8.663889519142455e-07
-3.940645715510246e-06 -1.093207000900530e-06 -4.066857660967084e-06 -1.347446807463717e-06
-2.599173990501391e-06 -1.178438893555968e-06 -2.911452116520206e-06 -1.419563234705037e-06
-2.300861398470865e-06 -1.513117944755694e-06 -2.636238055126252e-06 -1.712005624463095e-06
-2.384383800954361e-06 -2.105282445481864e-06 -2.797872806565359e-06 -2.180136360957826e-06
-3.413705777297574e-06 -1.138562337323238e-06 -3.633053047883016e-06 -1.425876175483393e-06
-2.539145631483898e-06 -2.727407497116668e-06 -3.012836505836285e-06 -2.566584779355130e-06
-4.170534726951191e-06 -1.615120120988981e-06 -4.119623994311751e-06 -1.842340410414805e-06
-2.900546395725514e-06 -2.110776093621683e-06 -3.250254134492741e-06 -2.206447428095848e-06
-3.713080959282964e-06 -2.157497955447634e-06 -3.786967292592127e-06 -2.247776910583633e-06
-2.794841829684705e-06 -3.341591186285136e-06 -3.214485768486902e-06 -2.899982102391998e-06
-4.525763056040285e-06 -2.158220935843958e-06 -4.231626416133605e-06 -2.258009137532284e-06
-4.284047792522767e-06 -2.735835379251676e-06 -4.060521308157368e-06 -2.579589706615132e-06
-3.657854269591719e-06 -3.116518464118376e-06 -3.733120549186933e-06 -2.774332587312529e-06
-3.135308887382052e-06 -3.973220476187549e-06 -3.458225158862815e-06 -3.202590095718138e-06
-3.591133221842647e-06 -4.595049508371462e-06 -3.681997636466746e-06 -3.426699617938783e-06
-5.023447947070093e-06 -2.684488803155026e-06 -4.376855763569407e-06 -2.560038575948096e-06
-4.695816221810075e-06 -3.433567407238855e-06 -4.208755396021495e-06 -2.909380770808509e-06
-4.300452641561092e-06 -4.356865945861881e-06 -4.000077702787187e-06 -3.320462075664513e-06
-4.129190512484741e-06 -5.197731687176754e-06 -3.920419499693304e-06 -3.647859390154190e-06
-5.646440241370804e-06 -3.173631654465976e-06 -4.608362277491440e-06 -2.830937887156342e-06
-5.468621839182972e-06 -4.361028820081253e-06 -4.515606303399857e-06 -3.310430557669416e-06
-4.772807733828027e-06 -5.741745879957210e-06 -4.171525966925512e-06 -3.851729902112018e-06
-5.523470463299609e-06 -6.234989422223616e-06 -4.494413451667873e-06 -4.030792459968146e-06
-6.351870668083127e-06 -6.668937395232816e-06 -4.841222083760110e-06 -4.151678115348042e-06
-6.408172584022840e-06 -4.627508646271696e-06 -4.848347008889583e-06 -3.425180456662138e-06
-6.396023297380985e-06 -3.600304698030966e-06 -4.847250023383778e-06 -3.042783679947511e-06
-6.215197301286847e-06 -5.695584151071265e-06 -4.795622738826851e-06 -3.802094411851137e-06
-7.267942338503633e-06 -6.996921507759606e-06 -5.202104421531752e-06 -4.230160401465748e-06
-8.255966924802117e-06 -7.231646633199581e-06 -5.536247553769836e-06 -4.302401112806900e-06
-7.191046530035290e-06 -4.859797302065278e-06 -5.121774093282100e-06 -3.503417965225098e-06
-7.270186607310940e-06 -3.909928837994666e-06 -5.140762354439047e-06 -3.171640842872357e-06
-9.284729363144258e-06 -7.348168995034981e-06 -5.863891460184134e-06 -4.344788793399902e-06
-8.110291311077193e-06 -5.780253178513326e-06 -5.476639982022653e-06 -3.811983704256873e-06
-8.237978402156676e-06 -4.079941609126330e-06 -5.497792226836047e-06 -3.195518369394121e-06
-9.506460199724353e-06 -5.946536087998273e-06 -5.960998809799001e-06 -3.859502977054934e-06
-1.047902766099993e-05 -7.416951816269799e-06 -6.244230322649944e-06 -4.337111516919404e-06
-9.266302467510992e-06 -4.112442110779636e-06 -5.875829458335773e-06 -3.180491460950561e-06
-1.218091413012293e-05 -7.486255372213358e-06 -6.806599359217818e-06 -4.320609384371084e-06
-1.080836913126569e-05 -5.131281921449035e-06 -6.416145221600625e-06 -3.579409229764920e-06
-1.047545615148938e-05 -4.043956134704600e-06 -6.294790481652358e-06 -3.196541695616346e-06
-1.466135397146697e-05 -7.593412462504346e-06 -7.552571155259840e-06 -4.335941600499646e-06
-1.340318125474576e-05 -5.584804376607497e-06 -7.192511814729545e-06 -3.729530089342630e-06
-1.218303926065676e-05 -3.953801408005346e-06 -6.826827137719028e-06 -3.230695327066681e-06
-1.813567271497519e-05 -7.709055787890407e-06 -8.672736784662421e-06 -4.383476772562537e-06
-1.636572520725347e-05 -5.724827663073366e-06 -8.134540295960473e-06 -3.749197910514531e-06
-1.466221927675714e-05 -3.850191581854878e-06 -7.639680855503500e-06 -3.145861219739918e-06
-2.194596462898339e-05 -7.806627624867658e-06 -9.879450422421437e-06 -4.370823105171316e-06
-2.001092510204236e-05 -5.723896244435598e-06 -9.274914866477595e-06 -3.752216730349846e-06
-1.813599444868746e-05 -3.738330243439774e-06 -8.717048769353352e-06 -3.078455998676450e-06
-2.592196168181342e-05 -7.888872923828981e-06 -1.113106122803212e-05 -4.411260678135579e-06
-2.390823941369571e-05 -5.723629580539384e-06 -1.050663629303246e-05 -3.742702055549540e-06
-2.194607882889729e-05 -3.640761428718561e-06 -9.909187704916759e-06 -3.069138140059152e-06
-3.003834790281917e-05 -7.956915688713597e-06 -1.242913312671833e-05 -4.464704417114228e-06
-2.795879952822344e-05 -5.723407540518798e-06 -1.178668936317885e-05 -3.747506943172985e-06
-2.592206039233447e-05 -3.558113549557200e-06 -1.118988380015525e-05 -3.071266049070451e-06
-3.426851820758435e-05 -8.010499800346061e-06 -1.371077530709122e-05 -4.501817810470065e-06
-3.213669063051622e-05 -5.723205672842682e-06 -1.308741432218912e-05 -3.776872633723489e-06
-3.003847779334784e-05 -3.489725745759178e-06 -1.250367284481588e-05 -3.040329761830897e-06
-3.858560972833885e-05 -8.050569335349565e-06 -1.506363045626754e-05 -4.555007208457839e-06
-3.641469313627066e-05 -5.722934542940041e-06 -1.439068777919031e-05 -3.778386128493249e-06
-3.426869943877004e-05 -3.435695897648681e-06 -1.381876891067415e-05 -3.021796661058320e-06
-4.296551721758437e-05 -8.079074709932880e-06 -1.650627684148374e-05 -4.645265551256483e-06
-4.076682684063261e-05 -5.722528990493228e-06 -1.580016997663155e-05 -3.812252793473533e-06
-3.858581046874925e-05 -3.394999296506676e-06 -1.516627949814447e-05 -3.025574353671855e-06
-4.738994117320901e-05 -8.099159035082571e-06 -1.817837565499427e-05 -4.771908668534845e-06
-4.517149374731239e-05 -5.722074500075344e-06 -1.734068150423236e-05 -3.826586302950293e-06
-4.296568472086540e-05 -3.365565789934613e-06 -1.663372304467098e-05 -3.000671172196621e-06
-5.184611498064301e-05 -8.112909044902222e-06 -1.995609557922818e-05 -4.762028921387313e-06
-4.961377519584540e-05 -5.721533418141914e-06 -1.909886948410457e-05 -3.861086064686514e-06
-4.739015247461887e-05 -3.344428885670568e-06 -1.826062708589039e-05 -2.964408903367725e-06
-6.144502933721336e-05 -7.858619546772741e-06 -2.355810984355171e-05 -4.596949897058098e-06
-6.080818687059262e-05 -8.122356339475445e-06 -2.333031736246006e-05 -4.691504918625134e-06
-5.384924605391064e-05 -5.721116608256683e-06 -2.076931345162840e-05 -3.837195965199615e-06
-5.632289028696102e-05 -8.120626929547788e-06 -2.168525105420584e-05 -4.744641097898424e-06
-5.184632416380238e-05 -3.329687626051751e-06 -2.005796921080489e-05 -2.948000007392500e-06
-6.170882597273682e-05 -7.221858822243459e-06 -2.365434190796408e-05 -4.370442643916528e-06
-6.020146349507511e-05 -5.720791668251924e-06 -2.314360899075894e-05 -3.860105508769167e-06
-5.632298878528113e-05 -3.321301211579051e-06 -2.171975796542038e-05 -2.981694226277168e-06
-6.170885810663454e-05 -4.219693893838811e-06 -2.369800606102074e-05 -3.324978164974655e-06
-6.080824472945840e-05 -3.319228986047444e-06 -2.337858292634884e-05 -3.001180648918506e-06
-6.144506975849217e-05 -3.582953978865096e-06 -2.360539660490418e-05 -3.096587206807137e-06
