-1.408918098284830e-04 1.864978083918241e-05 -2.694717106481066e-08 5.163738641279099e-07
-1.414550377213825e-04 1.729016543259495e-05 -8.717463907200851e-08 3.617645434907812e-07
-1.414549272421031e-04 1.088041152579491e-05 -1.000493263427850e-07 -3.703935063508860e-07
-1.408916870449340e-04 9.520795910344947e-06 -4.625941590599384e-08 -5.052566761285549e-07
-1.395320842296014e-04 1.921292810609807e-05 1.217615118877130e-07 5.814821199119997e-07
-1.369812795853631e-04 1.408527814408990e-05 4.077740616543930e-07 -2.255430675452886e-09
-1.395319484958101e-04 8.957649091952595e-06 8.635331189093970e-08 -5.616299125093650e-07
-1.299574907708652e-04 1.921116327824244e-05 1.216888919683002e-06 5.973601601427570e-07
-1.299572724081961e-04 8.959406997493957e-06 1.151946040365017e-06 -5.846191758187377e-07
-1.246732132801570e-04 1.408527281636832e-05 1.767051329788903e-06 1.051457321893457e-08
-1.203894576763047e-04 1.920342469437800e-05 2.199373441014653e-06 4.601315165795046e-07
-1.203895586008992e-04 8.967384229729958e-06 2.295901207815832e-06 -5.828941915165846e-07
-1.156113997353366e-04 1.408525835840169e-05 2.757144444651619e-06 5.351487114992688e-08
-1.108427671412426e-04 1.918716793782620e-05 2.788034547866776e-06 3.079690727061208e-07
-1.108430505259822e-04 8.983388339943007e-06 3.254444889903379e-06 -4.253990567501353e-07
-1.060807323999154e-04 1.408528841766022e-05 3.648107307829744e-06 1.649426325150460e-08
-1.013344605232080e-04 1.916130468587702e-05 3.137423314702139e-06 1.445787936635075e-07
-1.013344706893842e-04 9.009260418497449e-06 3.853852261365981e-06 -1.911578084079198e-07
-9.659764891848620e-05 1.408524352634037e-05 4.043608863180429e-06 -7.840130631109518e-09
-9.188348506961903e-05 1.912449527497883e-05 3.221552333331510e-06 -5.822193534532442e-08
-9.188342144130412e-05 9.046124770238586e-06 3.953503375616385e-06 1.355627544659413e-07
-8.718202830152533e-05 1.408521000286686e-05 3.795463479805114e-06 -5.498881201902436e-08
-8.251119061775741e-05 1.907425451274625e-05 3.053735779991521e-06 -2.285160127360013e-07
-8.251144782259648e-05 9.096275860258636e-06 3.472422695174649e-06 3.962701447571251e-07
-7.785781943701588e-05 1.408527688456149e-05 3.027498681699562e-06 -6.831390432942156e-08
-7.324591880082415e-05 1.900617123131824e-05 2.533879160963985e-06 -3.099080606046307e-07
-7.324616509457043e-05 9.164212810932045e-06 2.605890337599948e-06 4.938851000871378e-07
-6.865784184536363e-05 1.408532136758980e-05 2.140774695690037e-06 -4.137548370159972e-08
-6.412589846894748e-05 1.891506264992376e-05 1.803521020890488e-06 -3.809970687276032e-07
-6.412585937954967e-05 9.255341897591188e-06 1.717361427773020e-06 4.511360352417646e-07
-5.962544465208553e-05 1.408541101935900e-05 1.352251586771154e-06 7.727595198240391e-09
-5.519877115891553e-05 1.879698091348341e-05 1.054034417825999e-06 -3.343747355952567e-07
-5.519867426973420e-05 9.374089949130511e-06 1.058197199063347e-06 3.393344346868962e-07
-5.081242891466920e-05 1.408545933589136e-05 7.459065009330492e-07 6.438274625296288e-08
-4.651802795655523e-05 1.864846360337491e-05 4.019126936895086e-07 -3.332976462684651e-07
-4.651762041832198e-05 9.523783388861305e-06 4.599191208418371e-07 3.583159310232378e-07
-4.244196009116113e-05 1.408451898717804e-05 1.453850871851455e-07 4.338796506918956e-08
-3.847131606652680e-05 1.847174099546356e-05 -1.486800759990366e-07 -2.404266159151077e-07
-3.847020775418303e-05 9.708222573556120e-06 -1.449529353828155e-07 2.558822753556808e-07
-3.552338328059720e-05 1.441775258059554e-05 -3.737038641534572e-07 -1.828294650720624e-09
-3.262057712813732e-05 1.830245344635949e-05 -4.989140471308894e-07 -1.257823872398378e-07
-3.261600459257507e-05 9.884295746902830e-06 -5.238479643618883e-07 1.612571108607979e-07
-2.852701034218588e-05 1.815090069585046e-05 -6.215064237311410e-07 -3.212234672202533e-08
-2.927881227790191e-05 1.549096538585997e-05 -6.339304050671781e-07 -1.782188249755991e-08
-2.851919387257173e-05 9.999420995154706e-06 -6.274580925937415e-07 9.122901554634103e-08
-2.563608060936340e-05 1.012391172127156e-05 -6.640995274695710e-07 1.403429871885712e-08
3.612682310048637e-06 4.941900958844822e-07 1.846320134991069e-08 3.036636027469874e-08
3.684513681236598e-06 3.214112737168448e-07 2.152285907271992e-08 2.348706357678603e-08
3.684114219727267e-06 -3.220726428099904e-07 2.652652242526583e-08 3.816708185353645e-10
3.612654612709823e-06 -4.924259517857164e-07 2.449839898407570e-08 -6.862871103591246e-09
-2.562423207237713e-05 1.804275429938581e-05 -6.658522937943557e-07 5.149179286794110e-08
-2.308754718474385e-05 1.779916455974908e-05 -5.902108289398700e-07 1.380270857574686e-07
-2.501086445729148e-05 1.310028471271267e-05 -6.946991717947157e-07 -8.513698981567810e-09
-2.305073346153912e-05 1.003399576148131e-05 -6.465210649026416e-07 -4.956817838913895e-08
3.440676073719163e-06 5.656480183198826e-07 1.149588679139145e-08 3.341539442068308e-08
3.267392858897969e-06 -1.400914487410643e-07 7.666692985957236e-09 1.086718954937727e-08
3.442161533288989e-06 -5.635394983242776e-07 1.775345934428161e-08 -8.822822609034447e-09
-2.225390441153029e-05 1.537974341778804e-05 -5.903950581337713e-07 1.012553272760880e-07
-2.064328441478002e-05 1.725028899519091e-05 -5.092201521071736e-07 1.949595022594256e-07
-1.834852027506506e-05 1.647419976783542e-05 -3.774684882378731e-07 1.825281402052113e-07
-2.149279209964648e-05 1.214273158675623e-05 -5.601383137127847e-07 5.206747065402384e-09
-2.065012585563934e-05 9.552993863565818e-06 -4.842435265901392e-07 -1.026903101188632e-07
2.274880867671105e-06 5.846003637227622e-07 -3.350644833988283e-08 4.408549380723065e-08
2.274014676042305e-06 -5.840148466192901e-07 -3.045648880196081e-08 1.759605311862979e-08
1.669956504245377e-06 2.335796092178954e-10 -2.803690321832656e-08 3.636530254451907e-08
-1.623692267075358e-05 1.543454898074638e-05 -2.479413205632328e-07 1.549829792975683e-07
-1.801852886371439e-05 1.405793884922736e-05 -3.537720708151491e-07 8.443386701690154e-08
-1.879966739836519e-05 1.110531600259492e-05 -3.776240367335246e-07 -4.295682241928351e-08
-1.847110251254446e-05 8.721745541535427e-06 -3.472309948790899e-07 -1.226006554989554e-07
1.014676797455470e-06 6.926878681491488e-07 3.581286323959877e-09 1.446579850172722e-08
1.014923771903564e-06 -6.917363016619529e-07 7.685712201855179e-09 6.782085188785731e-08
2.696844947562862e-07 6.923718761130920e-10 4.772272196564334e-08 4.804810457687088e-08
-1.429757087293736e-05 1.421653947069667e-05 -1.312781960528313e-07 1.265445812197557e-07
-1.259093764056677e-05 1.284134082565507e-05 -2.316715623177323e-08 6.328541692603433e-08
-1.610750656034321e-05 1.066486224690177e-05 -2.286031475498923e-07 -5.036726647034672e-08
-1.656491570741841e-05 7.566124068919806e-06 -2.233163734006747e-07 -1.639685485186276e-07
-5.852582523552212e-07 9.269392833230452e-07 5.727141280884448e-08 6.365398300939941e-08
-5.852268460166050e-07 -9.251957515969979e-07 6.541267614155372e-08 5.852990446039780e-08
-1.302718403697775e-05 1.079341397151127e-05 -4.218405176923049e-08 -4.326937585659955e-08
-1.111822823423624e-05 1.130128781419148e-05 5.566765493031580e-08 -2.086537637551915e-08
-1.373923667659686e-05 8.562976738406488e-06 -6.351570251491993e-08 -1.497558312944560e-07
-1.496929515420316e-05 6.190921564552726e-06 -8.456113920043098e-08 -2.386693022029427e-07
-1.526764552462707e-06 1.328033005540502e-09 2.509291213511460e-08 6.759321634269262e-08
-2.646553349030043e-06 1.265567046259385e-06 1.177366074996029e-08 3.846685603525731e-08
-2.644386244546312e-06 -1.265365674572301e-06 -2.683458793145484e-09 5.975078907709986e-08
-9.842772720655774e-06 9.663161508951982e-06 1.178008735686416e-07 -1.324740586649538e-07
-8.836652138110748e-06 7.996711603042721e-06 1.137230341375191e-07 -1.796643914561409e-07
-8.074784949646846e-06 6.256807289674596e-06 8.185027286762575e-08 -2.074485405630477e-07
-1.230435179328157e-05 6.615351437622811e-06 2.344246553941743e-08 -2.347892937988720e-07
-1.370615947227671e-05 4.673140875018647e-06 1.468613236448110e-08 -2.319470870141256e-07
-3.545917054341407e-06 5.781853617022873e-09 2.042376999216275e-09 2.448102003345155e-08
-4.649604493817960e-06 1.598256282583740e-06 2.489315930762266e-08 -2.791733337666551e-08
-4.650716025420111e-06 -1.613552611214484e-06 -4.357419114053484e-09 1.870844767895594e-08
-9.772878418440677e-06 6.241573682013329e-06 9.247183590361798e-08 -2.236557151446893e-07
-7.512609728703942e-06 4.510000643253530e-06 5.603317243361317e-08 -1.833148212860480e-07
-6.448966258812142e-06 1.878775192247776e-06 1.934028241887783e-08 -6.616490664780602e-08
-6.959129715177244e-06 2.166240643404581e-06 2.067214034439078e-08 -8.702364447552339e-08
-7.214198822982266e-06 2.762463216655846e-06 2.769487547574360e-08 -1.225950912516463e-07
-1.131737419592733e-05 4.456726554411224e-06 7.685266791390483e-08 -2.217562621635143e-07
-1.276296829296743e-05 3.086638531258053e-06 9.789445167452520e-08 -1.909925000864627e-07
-5.640666142324680e-06 2.410651712844949e-07 1.546008358172444e-08 -3.220300514222637e-08
-6.498637417390988e-06 -1.868396639683986e-06 1.158081138067644e-08 -1.739933230452457e-11
-8.693933679326734e-06 3.285160986176750e-06 7.150758067350436e-08 -1.609072714324668e-07
-7.015871514281964e-06 1.027948033672990e-06 1.846455710273323e-08 -5.715527279893429e-08
-7.622451200937080e-06 1.961916375691256e-06 3.222021670777365e-08 -8.992180838823808e-08
-1.063228459825052e-05 2.599872835186135e-06 8.918295589545330e-08 -1.653849991265192e-07
-1.216091904351899e-05 1.506561346180455e-06 1.436494199289494e-07 -1.162162898410924e-07
-7.088963297437877e-06 -7.942585034604255e-07 1.415428536856376e-08 -2.197955165743069e-08
-7.041277311151261e-06 -2.140169965502773e-06 1.732953284303273e-08 1.098397425452160e-08
-9.067784604228801e-06 6.142382393947394e-07 4.358103835283737e-08 -6.077064841831440e-08
-1.193369184942071e-05 -4.496000370339919e-08 1.456406038261357e-07 -3.537633990059906e-08
-1.201142282577248e-05 -1.539068815769785e-06 1.261949322380438e-07 1.130242701045962e-08
-8.186367333169114e-06 -1.788053838079370e-06 3.642573237110743e-08 1.092717325463761e-08
-7.364257024878185e-06 -2.709768243476691e-06 2.553749416261896e-08 3.031818170389135e-08
-7.771509420577017e-06 -4.256146207739498e-06 4.531515724805607e-08 6.852002031970789e-08
-1.053305762111571e-05 -1.747613260617220e-06 9.586242800641207e-08 2.560291435974692e-08
-8.355070012841670e-06 -5.718133163187057e-06 7.102766712573847e-08 6.719871182214807e-08
-1.240450284645438e-05 -3.035484953564625e-06 9.759798212295382e-08 4.813261493483960e-08
-9.180475078464646e-06 -4.321543524504772e-06 7.126254308682264e-08 7.546542561150309e-08
-1.121801508833837e-05 -4.436277886551766e-06 7.712191520697013e-08 7.130629380245892e-08
-9.092146392161062e-06 -7.097740138998309e-06 7.933900048416343e-08 5.264510784539286e-08
-1.306151110693044e-05 -4.438136574231536e-06 5.700629895046350e-08 6.694551136339461e-08
-1.246464838638345e-05 -5.792609474227496e-06 4.895152968154814e-08 6.306339238604083e-08
-1.110216465402106e-05 -6.628341082235403e-06 6.975556945994726e-08 5.365297855023419e-08
-9.979034859551369e-06 -8.381714292624174e-06 7.766925780983663e-08 3.180864055142086e-08
-1.100482017783521e-05 -9.556308953758013e-06 5.076720095715255e-08 4.153018346247767e-09
-1.395673316271953e-05 -5.714759702295797e-06 1.395145436693857e-08 6.116094469520423e-08
-1.328046706284359e-05 -7.280445639751979e-06 1.776165895103579e-08 3.192169386332271e-08
-1.249153274850242e-05 -9.083792518205810e-06 2.186063117063516e-08 8.554507101697531e-09
-1.215728427940014e-05 -1.060708175461467e-05 2.400251494968032e-08 -7.702476781309718e-09
-1.505942393485254e-05 -6.817313241195028e-06 -9.982543428879778e-09 3.707322085660618e-08
-1.471501807528648e-05 -9.065884566656131e-06 -3.500937577903086e-09 1.013202708979014e-08
-1.342127278999712e-05 -1.152029142846839e-05 6.817623676401522e-09 -1.453002621350095e-08
-1.478064977478051e-05 -1.228412268356031e-05 1.860229010313256e-09 -1.642827987738413e-08
-1.621796108908521e-05 -1.288872044375163e-05 -3.934658724069240e-10 -1.431361711393619e-08
-1.634363800450390e-05 -9.540897753271169e-06 -6.953540840193988e-09 4.990447595194528e-09
-1.633652537490703e-05 -7.711721544274483e-06 -9.375481069967417e-09 2.531762112644480e-08
-1.602296143473788e-05 -1.134167391086886e-05 -3.461901576971155e-09 -1.192278378401565e-08
-1.771459288841338e-05 -1.332625334399782e-05 -8.965485535814410e-10 -1.158796416720747e-08
-1.925124728095034e-05 -1.359105923889136e-05 -1.381513779745057e-09 -8.408351775990664e-09
-1.763109373421897e-05 -9.947356838010527e-06 -1.085861071058248e-08 -2.689529005693230e-09
-1.774935214646303e-05 -8.370640150803124e-06 -1.028314335587969e-08 9.361935360618554e-09
-2.080804151871352e-05 -1.367969733965586e-05 4.467637042810055e-09 -7.947681192119758e-09
-1.908047098502348e-05 -1.140014043531301e-05 -4.868356024701459e-09 -8.558857745007337e-09
-1.925510797479612e-05 -8.774124750389937e-06 -4.086025176595106e-09 -7.840220264024613e-09
-2.115278778826511e-05 -1.163095527493638e-05 8.067393938157883e-09 -1.353388352642621e-08
-2.252091332577989e-05 -1.367966838814792e-05 7.069070136920653e-09 -1.231461726242346e-08
-2.080807174206138e-05 -8.909951956043999e-06 1.186665711667113e-08 -1.470032448407949e-08
-2.487709095064045e-05 -1.367959593260728e-05 1.058525686207842e-08 -1.889210582020577e-08
-2.301812840295153e-05 -1.046736405840767e-05 1.301245050422245e-08 -2.206982818598575e-08
-2.252096175431262e-05 -8.909889990951100e-06 1.457713736444869e-08 -2.024722691430166e-08
-2.811440416442231e-05 -1.367947908973067e-05 -3.731254471727887e-09 -8.748333861338947e-09
-2.651275654674791e-05 -1.110820185936191e-05 2.676085594628093e-11 -1.621150743185970e-08
-2.487714287225561e-05 -8.909822390809798e-06 6.258058563922694e-09 -2.101938832034372e-08
-3.238689390423994e-05 -1.367947292147759e-05 5.223447663277137e-10 4.706478052342242e-09
-3.025064155134071e-05 -1.129460988271726e-05 -7.494516474384258e-09 9.715708366626242e-10
-2.811442264196798e-05 -8.909772226915514e-06 -1.189575745469811e-08 -4.953279100927226e-09
-3.683939491850200e-05 -1.367948842177929e-05 9.814141777734130e-10 -1.405290825860856e-09
-3.461313630350883e-05 -1.129463545435435e-05 5.424099264314512e-09 1.891805367023197e-09
-3.238687772217686e-05 -8.909772913152962e-06 1.967630838790259e-10 2.477222768558670e-09
-4.129186648791827e-05 -1.367947801337433e-05 -1.669975394482390e-09 -2.599650943258937e-11
-3.906563927335983e-05 -1.129463460641850e-05 -2.505325653451122e-09 -1.139102898417204e-09
-3.683939553086216e-05 -8.909781105753263e-06 3.628491005855132e-09 2.511260464581381e-09
-4.574434915852722e-05 -1.367948127951918e-05 1.400476098540265e-09 1.169757171361048e-10
-4.351810212457626e-05 -1.129463293312551e-05 5.230802159667652e-10 5.037306624342357e-11
-4.129186918750885e-05 -8.909792501304368e-06 -3.142936700412680e-09 -1.370126547689290e-10
-5.019683213162017e-05 -1.367948160283272e-05 -7.664215813181454e-10 1.459103052050315e-10
-4.797059340541001e-05 -1.129463372011766e-05 4.341400139949479e-10 1.956859140487454e-10
-4.574434666806826e-05 -8.909784390238955e-06 2.100724027574539e-09 -2.445092666398058e-10
-5.464931054698108e-05 -1.367948107884454e-05 1.827316397287690e-10 -1.168041581693501e-10
-5.242307045574789e-05 -1.129463375931475e-05 -6.128984876989250e-10 -8.307804247938381e-11
-5.019683379032830e-05 -8.909787234918196e-06 -9.064814460182260e-10 -9.211129958663993e-11
-5.910179315827331e-05 -1.367948137071965e-05 1.051016186511311e-10 -8.027264307153201e-11
-5.687555185939143e-05 -1.129463367184172e-05 4.568163009726675e-10 8.121052297339113e-11
-5.464930975057419e-05 -8.909785480454795e-06 1.363688834949861e-10 -9.927215243767721e-11
-6.355427344851442e-05 -1.367948077676365e-05 -1.503102056465167e-10 1.410768453113638e-10
-6.132803364402133e-05 -1.129463375269839e-05 -2.576453696754764e-10 -6.058542567986671e-11
-5.910179351786278e-05 -8.909786344195002e-06 1.482834868506424e-10 2.334790919528293e-10
-6.800675463870833e-05 -1.367948161826654e-05 1.034862531837908e-10 -1.064066343218827e-10
-6.578051362525616e-05 -1.129463365965776e-05 1.093088381775940e-10 2.590990056014729e-11
-6.355427328495030e-05 -8.909786482558269e-06 -1.832185773318820e-10 -2.012011064557576e-10
-7.754409485963482e-05 -1.341754174253729e-05 -1.208500302708199e-11 -3.117714286118927e-11
-7.691171658859293e-05 -1.367948135382205e-05 1.413712496235718e-11 -3.835666418816461e-11
-7.000119196688210e-05 -1.129463372301362e-05 -1.432093823543777e-11 -8.756099643973367e-12
-7.245923545460567e-05 -1.367948091889308e-05 -5.106834552862611e-11 4.386945427123395e-11
-6.800675470415491e-05 -8.909785849080751e-06 1.274971161832910e-10 1.310024117531053e-10
-7.780603452061737e-05 -1.278516354095186e-05 -4.328466343184169e-12 -4.033183970683628e-11
-7.630967506720016e-05 -1.129463370529827e-05 4.120847459575714e-11 3.885749414176338e-12
-7.245923543756707e-05 -8.909786451898405e-06 -6.007476254157583e-11 -5.071698165793917e-11
-7.780603453431754e-05 -9.804103878102237e-06 2.404023815569330e-12 4.076202816872330e-11
-7.691171658486643e-05 -8.909786043240231e-06 2.184253905252800e-11 3.825676244732001e-11
-7.754409486642692e-05 -9.171725659799452e-06 1.988790427629016e-11 4.839343547076106e-11
