-4.661567710543216e-06 1.902371855982414e-06 -4.692590606415484e-05 6.273366819788671e-06
-4.647973701256726e-06 1.935146217573908e-06 -4.717821569485290e-05 5.663807364026436e-06
-4.648003218873983e-06 2.089884738068422e-06 -4.702509462068021e-05 2.751463562121141e-06
-4.661604231419841e-06 2.122674002632989e-06 -4.674958027857599e-05 2.118804206655119e-06
-4.694378778195638e-06 1.888803650176075e-06 -4.631130439784121e-05 6.523464324577505e-06
-4.756184466362675e-06 2.012528174056018e-06 -4.503023498447668e-05 4.185221874422424e-06
-4.694429527987282e-06 2.136249530663142e-06 -4.609893935850390e-05 1.859229407609224e-06
-4.925971798675678e-06 1.889319736347527e-06 -4.195726682961785e-05 6.425030191231537e-06
-4.926074892040554e-06 2.135783932311862e-06 -4.165664553238817e-05 1.923334940224780e-06
-5.053401119428970e-06 2.012567696684129e-06 -3.944736576757002e-05 4.205322822672251e-06
-5.155526896172946e-06 1.891867363833720e-06 -3.768813300001721e-05 6.450988168454071e-06
-5.155838479597018e-06 2.133556331050642e-06 -3.755791555194709e-05 2.106762015684950e-06
-5.268656036235891e-06 2.012932086226132e-06 -3.564591377593113e-05 4.177034513529940e-06
-5.378558527345468e-06 1.897300087047418e-06 -3.364807145179578e-05 6.163199391262587e-06
-5.378881311510403e-06 2.128962480987664e-06 -3.392834809692309e-05 2.188917291556768e-06
-5.486984424815993e-06 2.013500895577967e-06 -3.202800891043919e-05 4.197359817798676e-06
-5.589839640438744e-06 1.906565687124257e-06 -3.018712049052378e-05 5.833706343971538e-06
-5.590236567837008e-06 2.121162640713562e-06 -3.040213993059118e-05 2.385367932540929e-06
-5.690432074751958e-06 2.014202291671848e-06 -2.883498947845295e-05 4.185614249958290e-06
-5.781855141316401e-06 1.921523801260564e-06 -2.723644761449887e-05 5.626128922266521e-06
-5.782665970988687e-06 2.108026333121746e-06 -2.720394812775185e-05 2.525732967470430e-06
-5.869340155854690e-06 2.015108690785855e-06 -2.599629635058310e-05 4.155073697134927e-06
-5.941437431916808e-06 1.945286652152215e-06 -2.471365685173769e-05 5.463383749619809e-06
-5.942822004208118e-06 2.086272807399915e-06 -2.448766198447403e-05 2.759933954949657e-06
-6.006698006851369e-06 2.016321472440166e-06 -2.348920060242803e-05 4.147866895398850e-06
-6.049182514265173e-06 1.979883334227453e-06 -2.248550784773281e-05 5.376669132418566e-06
-6.050521438412120e-06 2.053742122682479e-06 -2.209156304301727e-05 2.931997287609174e-06
-6.081201835304205e-06 2.017539959665036e-06 -2.111101930707268e-05 4.203068918427996e-06
-6.083879755972714e-06 2.024873673703587e-06 -2.028605296312560e-05 5.447897114129933e-06
-6.084726145376728e-06 2.011040215553509e-06 -1.982068234616010e-05 3.026638059765975e-06
-6.072721833309141e-06 2.018813698907644e-06 -1.879887646174100e-05 4.182862000374529e-06
-6.027394080830696e-06 2.078163278382407e-06 -1.802677231601901e-05 5.528027256018540e-06
-6.027760975106133e-06 1.960434607439433e-06 -1.767814189347672e-05 2.972822721228797e-06
-5.965938631843641e-06 2.020210172327413e-06 -1.646806873157576e-05 4.176245101036649e-06
-5.867769559166944e-06 2.137236845505295e-06 -1.549865765404982e-05 5.546016589998639e-06
-5.868210409328228e-06 1.904450469720856e-06 -1.548761279355675e-05 2.966717755311224e-06
-5.757661898638635e-06 2.022202852382533e-06 -1.410908025738631e-05 4.194952482460467e-06
-5.610681536028472e-06 2.199205758980787e-06 -1.299669873876674e-05 5.474581586750273e-06
-5.611502661466331e-06 1.844021844825410e-06 -1.311784798188556e-05 2.894407128567804e-06
-5.491228056321456e-06 2.040591226217611e-06 -1.208257991870496e-05 4.339086192944523e-06
-5.335667094325168e-06 2.252670059279108e-06 -1.115709465846022e-05 5.536932374723766e-06
-5.337757470795514e-06 1.792193507791787e-06 -1.120728386811584e-05 2.849794134503021e-06
-5.087249997822118e-06 2.296674170560593e-06 -9.868099881391704e-06 5.519103279633243e-06
-5.149840203074633e-06 2.112842845781651e-06 -1.011052083673945e-05 4.677844234538819e-06
-5.089859689818645e-06 1.760814831922903e-06 -9.861809614454804e-06 2.828044107242652e-06
-4.883375196045787e-06 1.728083420567947e-06 -8.877881936073525e-06 2.855679112209837e-06
1.056757084396770e-06 -3.939590094517903e-07 1.151755287184095e-06 -6.694509926384664e-07
1.077852199029560e-06 -4.444884763807230e-07 1.170452018296003e-06 -7.157497024651169e-07
1.077787710530221e-06 -6.336103285744794e-07 1.156578516151852e-06 -8.894892910402581e-07
1.056746601848535e-06 -6.838467882936878e-07 1.136117220734148e-06 -9.333211880528915e-07
-4.886055848985429e-06 2.326643979235638e-06 -8.923480421842457e-06 5.505460654270568e-06
-4.676430661669387e-06 2.341507925722080e-06 -8.090611369760429e-06 5.462229547376953e-06
-4.853169233976518e-06 1.951218095428198e-06 -8.685558576242244e-06 3.909563114035690e-06
-4.688408647463050e-06 1.676478242342726e-06 -7.985136498890150e-06 2.805854970476122e-06
1.006390102932374e-06 -3.731926341675916e-07 1.106172138820675e-06 -6.506781703226679e-07
9.552276165280611e-07 -5.807097829101092e-07 1.049521108925340e-06 -8.513310577813630e-07
1.006493671031719e-06 -7.050391596748291e-07 1.091665678593012e-06 -9.548229819582545e-07
-4.618209474905609e-06 2.150625461170100e-06 -7.817470839397979e-06 4.664093667163942e-06
-4.454700182231211e-06 2.336789611035797e-06 -7.223185887067294e-06 5.362976623325937e-06
-4.216875999173421e-06 2.294582655245257e-06 -6.334522555018302e-06 5.142232901620075e-06
-4.555092087689248e-06 1.856562051524901e-06 -7.497419182549474e-06 3.530982752744892e-06
-4.471654234832875e-06 1.578830989011995e-06 -7.199907426709294e-06 2.629579164556654e-06
6.639587132055987e-07 -3.697279318587208e-07 7.670206471681053e-07 -6.719899162866650e-07
6.629946037512458e-07 -7.130041387757193e-07 7.734726423950766e-07 -9.957033824250863e-07
4.859744838244108e-07 -5.426594573013958e-07 6.236802677789998e-07 -8.312964202143764e-07
-3.966023464465155e-06 2.227472235138365e-06 -5.522999173662568e-06 4.789078848425345e-06
-4.193597567054453e-06 2.061175934061085e-06 -6.227825849725408e-06 4.247893834848657e-06
-4.280116985687908e-06 1.737030258584351e-06 -6.524310098713478e-06 3.184273389782985e-06
-4.249809224698973e-06 1.431378446958127e-06 -6.400290056576472e-06 2.284939290603924e-06
2.941026065655983e-07 -3.408403828911415e-07 4.503196004376630e-07 -6.324823125634538e-07
2.933348000186318e-07 -7.471794844678467e-07 4.520293195611679e-07 -1.046036184353512e-06
7.510768922424069e-08 -5.454518617114658e-07 2.189873583253258e-07 -8.436687332897373e-07
-3.714389129686016e-06 2.118581686055217e-06 -4.761069365623715e-06 4.297663444730892e-06
-3.457030375297006e-06 1.968538054330323e-06 -4.119623047696288e-06 3.759151423802435e-06
-3.962153220497142e-06 1.678563666110360e-06 -5.503932441496081e-06 2.990233767896390e-06
-4.033799903456300e-06 1.238118640294422e-06 -5.700044737171706e-06 1.806029005582087e-06
-1.754224418789976e-07 -2.748887457929139e-07 -2.839557873663628e-08 -5.618552391616060e-07
-1.763818742992518e-07 -8.191830412147014e-07 -4.344827094934729e-08 -1.151403491767584e-06
-3.520591694766346e-06 1.705453075483647e-06 -4.288605717847347e-06 2.987061857055259e-06
-3.202137412021619e-06 1.785473760734727e-06 -3.554245288349448e-06 3.165614559918764e-06
-3.634537303290746e-06 1.375266371928951e-06 -4.574947287983004e-06 2.171644565003601e-06
-3.835425216686559e-06 9.878773373476964e-07 -5.090792006931830e-06 1.276642638273759e-06
-4.527580177855279e-07 -5.484872534506187e-07 -3.482776480699586e-07 -8.527889397410213e-07
-7.816202481946695e-07 -1.780409333984766e-07 -7.556763894231722e-07 -3.960691491351779e-07
-7.822562905743481e-07 -9.225166507932023e-07 -7.527288563224422e-07 -1.269265369878154e-06
-2.966554807797340e-06 1.560704109917412e-06 -3.060740758591161e-06 2.542714098907384e-06
-2.739012178619039e-06 1.284766043514477e-06 -2.730666400003767e-06 1.929402648486422e-06
-2.529376584419084e-06 9.756940314755528e-07 -2.494016728817329e-06 1.301495893486082e-06
-3.395605865454195e-06 1.053551374927289e-06 -4.005497299793603e-06 1.439317025295541e-06
-3.667308109407451e-06 6.793226654734544e-07 -4.566470471752577e-06 6.907722340112849e-07
-1.047005734110808e-06 -5.504188431709908e-07 -1.076085535412869e-06 -8.230329237392671e-07
-1.371860620771777e-06 -8.193084209846134e-08 -1.441933450303025e-06 -2.895204352568462e-07
-1.372168677608403e-06 -1.026149461657621e-06 -1.443303374451658e-06 -1.364841305936142e-06
-2.905574785899069e-06 9.836618215284752e-07 -3.068131223973906e-06 1.292396904880238e-06
-2.356895361231744e-06 6.246820812586443e-07 -2.325857025619884e-06 6.925579071174149e-07
-1.925893875541032e-06 7.129916325001119e-10 -2.056787878061061e-06 -1.767177048180036e-07
-2.099573318371902e-06 7.862288127233024e-08 -2.221895533629376e-06 -8.335450757714192e-08
-2.206632234048135e-06 2.301152039001934e-07 -2.287617062730673e-06 1.074382139261924e-07
-3.220617979902524e-06 6.316891941378173e-07 -3.624655883880424e-06 6.246200260129481e-07
-3.548582708685273e-06 3.191019966727348e-07 -4.135852137850430e-06 1.276629616325657e-07
-1.665504695498607e-06 -4.847886875848219e-07 -1.773475302020152e-06 -7.363419313587143e-07
-1.889089560313197e-06 -1.097982215794775e-06 -2.058281460994299e-06 -1.417928516351784e-06
-2.613123682013770e-06 3.676239931547013e-07 -2.731881206973497e-06 2.503571040916191e-07
-2.092003168210292e-06 -2.442032005107743e-07 -2.244022500033906e-06 -4.665010589479255e-07
-2.296580229654739e-06 2.345810182247621e-08 -2.427860421060790e-06 -1.578979180311300e-07
-3.078132183468603e-06 2.047947646352823e-07 -3.358006970865203e-06 -2.567222222836283e-08
-3.490669651158120e-06 -8.600749298348814e-08 -3.808716636183685e-06 -3.775955025445473e-07
-2.070061038565909e-06 -7.762354785801039e-07 -2.255842193126175e-06 -1.065957494305413e-06
-2.021190870185759e-06 -1.180601506154735e-06 -2.245978364547774e-06 -1.491198504825595e-06
-2.677256314890734e-06 -3.244761781877531e-07 -2.854779715901878e-06 -6.202185264858871e-07
-3.491065305276884e-06 -5.197355378319883e-07 -3.700150575470536e-06 -8.189891898178047e-07
-3.612305059275918e-06 -9.824040229567052e-07 -3.747880229692134e-06 -1.258851041280466e-06
-2.368085360352552e-06 -1.059964804484589e-06 -2.585932536745825e-06 -1.370535983543865e-06
-2.090239092464430e-06 -1.372038921861160e-06 -2.358154179594903e-06 -1.658056396240984e-06
-2.160736102133004e-06 -1.928673036004667e-06 -2.516643976252815e-06 -2.097487425626716e-06
-3.122418855531158e-06 -1.020800388841218e-06 -3.301407252922919e-06 -1.320465782586835e-06
-2.298921588396434e-06 -2.519278392926997e-06 -2.703546685999635e-06 -2.476993394885212e-06
-3.837175412806518e-06 -1.467045633098227e-06 -3.894985880732686e-06 -1.716901134660792e-06
-2.642599463742659e-06 -1.931945717396889e-06 -2.902881937161396e-06 -2.130251347525819e-06
-3.408052006570344e-06 -1.976863987527276e-06 -3.534326916335850e-06 -2.154967015523122e-06
-2.536727403569005e-06 -3.104925885652482e-06 -2.893816524451665e-06 -2.829325648725205e-06
-4.181542474075480e-06 -1.978138953933354e-06 -4.066066364129388e-06 -2.144249728501422e-06
-3.953648795545325e-06 -2.526585394164540e-06 -3.876130861477497e-06 -2.525825753469797e-06
-3.356035769816287e-06 -2.889515764537060e-06 -3.471290836312502e-06 -2.739999204600495e-06
-2.856870218447431e-06 -3.711375618910464e-06 -3.129190988830153e-06 -3.203229881199347e-06
-3.291479763139468e-06 -4.311385793500665e-06 -3.407443384942846e-06 -3.552306128197181e-06
-4.663745739210869e-06 -2.476947711750218e-06 -4.271820815695808e-06 -2.510663275078480e-06
-4.350096860783479e-06 -3.194565339768067e-06 -4.073081153658232e-06 -2.944245901974336e-06
-3.970809576487125e-06 -4.082722498854968e-06 -3.835213724573876e-06 -3.423095844459235e-06
-3.806243667216632e-06 -4.894852195222931e-06 -3.739829984025831e-06 -3.834106912591763e-06
-5.266935417679183e-06 -2.943895637023446e-06 -4.539157362096808e-06 -2.829567418483394e-06
-5.096427150037654e-06 -4.088253789486850e-06 -4.450465525614580e-06 -3.425912265117970e-06
-4.425664238447121e-06 -5.422383899519806e-06 -4.137228524780485e-06 -4.057585308036790e-06
-5.150892768470096e-06 -5.901956093511121e-06 -4.491514163961115e-06 -4.202368195883231e-06
-5.952296914025054e-06 -6.324728591291622e-06 -4.868044783511152e-06 -4.338691310294344e-06
-6.005734985065435e-06 -4.346367930923503e-06 -4.875029403134904e-06 -3.516934026714663e-06
-5.993242871511624e-06 -3.353578181923995e-06 -4.891851464755650e-06 -3.075288397006966e-06
-5.819158873342409e-06 -5.380528695420795e-06 -4.805979174225116e-06 -3.960531714105691e-06
-6.840487988448839e-06 -6.644467600583548e-06 -5.252257318119590e-06 -4.438279005324965e-06
-7.799389336161071e-06 -6.873833719204954e-06 -5.605271732748659e-06 -4.457670651302217e-06
-6.764767038591957e-06 -4.571391338204517e-06 -5.174508800730975e-06 -3.602284649898567e-06
-6.841417989508978e-06 -3.651130576757950e-06 -5.205441650689948e-06 -3.207476818083367e-06
-8.798622202352028e-06 -6.988245544426469e-06 -5.983478920942213e-06 -4.435897815881956e-06
-7.657084803265740e-06 -5.464541881304760e-06 -5.565428011832104e-06 -3.975561554143690e-06
-7.781143224333534e-06 -3.814185243543744e-06 -5.609402660348874e-06 -3.291284388458244e-06
-9.013869378952812e-06 -5.626473088693389e-06 -6.051323261732581e-06 -3.987600955604969e-06
-9.959656189418595e-06 -7.056207323020045e-06 -6.332652078838093e-06 -4.424804841959254e-06
-8.780242258362917e-06 -3.844793569222278e-06 -6.007805416643352e-06 -3.320324046594279e-06
-1.161484622163077e-05 -7.124477868605008e-06 -6.844018792675360e-06 -4.408256888814164e-06
-1.027963915773134e-05 -4.834245175632539e-06 -6.462416828558576e-06 -3.672256426262021e-06
-9.956124231414084e-06 -3.777306866633102e-06 -6.369548308074874e-06 -3.290314175492654e-06
-1.402819969862499e-05 -7.229551498466313e-06 -7.573114671424902e-06 -4.416695799420241e-06
-1.280388192298222e-05 -5.275275648463886e-06 -7.263290704159420e-06 -3.821576654822885e-06
-1.161688895590153e-05 -3.688798942356922e-06 -6.940341511116445e-06 -3.255789261417421e-06
-1.740946882592970e-05 -7.342346097065392e-06 -8.723723321377121e-06 -4.460598073476695e-06
-1.568692269265669e-05 -5.411462021760752e-06 -8.154400117018750e-06 -3.807508741690291e-06
-1.402914660653090e-05 -3.587372520583330e-06 -7.671542812324204e-06 -3.256840428334689e-06
-2.111715203716097e-05 -7.436708653451745e-06 -1.006280613898623e-05 -4.526128507639975e-06
-1.923445217727809e-05 -5.410482107378889e-06 -9.402549617438056e-06 -3.767462600748495e-06
-1.740984737762042e-05 -3.478402222072776e-06 -8.768758270299667e-06 -3.106734273389691e-06
-2.498439671749715e-05 -7.515753449681246e-06 -1.154225999945328e-05 -4.445264118745385e-06
-2.302613239011203e-05 -5.410059727989552e-06 -1.082408853667093e-05 -3.742654612138846e-06
-2.111737505725624e-05 -3.383779100589640e-06 -1.011150032859101e-05 -3.026727693310317e-06
-2.898672310106445e-05 -7.581242141020930e-06 -1.292725985811497e-05 -4.460066644119332e-06
-2.696503413458973e-05 -5.409708272079258e-06 -1.226218394726099e-05 -3.740140539707209e-06
-2.498462062574083e-05 -3.304064002922063e-06 -1.156854905702220e-05 -2.999106964224906e-06
-3.309980644797372e-05 -7.633453534812199e-06 -1.422890028924829e-05 -4.437842782936137e-06
-3.102692794299645e-05 -5.409447864575068e-06 -1.362981171424158e-05 -3.729666133001338e-06
-2.898698315895984e-05 -3.237873207411618e-06 -1.296446262083300e-05 -2.974594559385597e-06
-3.729790226686761e-05 -7.671748912098257e-06 -1.564365595397105e-05 -4.549023813707903e-06
-3.518701554141760e-05 -5.409236742420353e-06 -1.494568676763496e-05 -3.718895334890241e-06
-3.310010878024646e-05 -3.185167185382606e-06 -1.430524818293173e-05 -2.959130480355905e-06
-4.155416701247790e-05 -7.696692253107824e-06 -1.732416336317749e-05 -4.663609970487972e-06
-3.941854140488233e-05 -5.409077614462969e-06 -1.649239937760650e-05 -3.730459834886645e-06
-3.729818043536020e-05 -3.146548777105028e-06 -1.570797906254700e-05 -2.879975656134611e-06
-4.584517958513903e-05 -7.711223601982741e-06 -1.921103682240290e-05 -4.778058594063622e-06
-4.369548030196090e-05 -5.408967276847599e-06 -1.828644729752589e-05 -3.710577686758496e-06
-4.155438341027444e-05 -3.121312620695495e-06 -1.741161020511420e-05 -2.769514481731211e-06
-5.015434323295068e-05 -7.718692438069637e-06 -2.112906647789735e-05 -4.717593500350992e-06
-4.799776589556909e-05 -5.409020737146729e-06 -2.023867035609285e-05 -3.707845890679653e-06
-4.584527580003061e-05 -3.106792415857938e-06 -1.928328726264915e-05 -2.698741885574748e-06
-5.940531653484322e-05 -7.468566040052121e-06 -2.489507824596174e-05 -4.520861910242766e-06
-5.879184970242837e-05 -7.722652296980465e-06 -2.465357927496058e-05 -4.622231663115392e-06
-5.208760443643129e-05 -5.409064187404505e-06 -2.198600326982670e-05 -3.702950077425545e-06
-5.447188029782759e-05 -7.721956210144093e-06 -2.293062536917515e-05 -4.659755110328800e-06
-5.015449786372171e-05 -3.099424275688693e-06 -2.120374871691034e-05 -2.748713276818233e-06
-5.965942737686592e-05 -6.855131766941392e-06 -2.499549094661841e-05 -4.277748367720512e-06
-5.820766724546008e-05 -5.409166707456065e-06 -2.443535385469304e-05 -3.720214712094937e-06
-5.447193346245782e-05 -3.096350077150796e-06 -2.294970076323409e-05 -2.798824716692349e-06
-5.965950963362730e-05 -3.963152599642088e-06 -2.500640106212443e-05 -3.153237437808933e-06
-5.879193874545541e-05 -3.095624177969786e-06 -2.467083961316988e-05 -2.814400433302626e-06
-5.940540409458649e-05 -3.349712030635456e-06 -2.490849405972031e-05 -2.914134050659163e-06
