7.493473359792408e-05 -1.101683897013128e-05 -5.561084439083354e-06 2.415176908927078e-06
7.521508379995446e-05 -1.034001610893768e-05 -5.560672066654786e-06 2.406226645186776e-06
7.521521085177682e-05 -7.149377219117412e-06 -5.424610412242439e-06 2.312624507049062e-06
7.493487576358667e-05 -6.472558233562636e-06 -5.404650013334474e-06 2.278441096174702e-06
7.425791267448363e-05 -1.129718934943796e-05 -5.553964396221191e-06 2.418282689346805e-06
7.298857719259342e-05 -8.744716869818330e-06 -5.409761073129845e-06 2.328347907807454e-06
7.425807212805036e-05 -6.192210034120747e-06 -5.365234224204323e-06 2.263896461218617e-06
6.949245574221482e-05 -1.129739002994162e-05 -5.398795543487711e-06 2.390503312319832e-06
6.949274383633034e-05 -6.192189968214087e-06 -5.162166630956986e-06 2.241247622527585e-06
6.686134607894784e-05 -8.744899256321596e-06 -5.235461975580871e-06 2.362361068050099e-06
6.472598811250961e-05 -1.129776523173060e-05 -5.305228596802784e-06 2.416783711247338e-06
6.472639901144455e-05 -6.192171736666167e-06 -5.004234765773905e-06 2.274785409233309e-06
6.234301417693942e-05 -8.745308656652271e-06 -5.089043385760449e-06 2.287852800871402e-06
5.995985423990283e-05 -1.129756373097629e-05 -5.195405674667498e-06 2.276116098685764e-06
5.996006279436116e-05 -6.193256734608918e-06 -4.902556856424114e-06 2.297477949150625e-06
5.757735367208118e-05 -8.745864674666588e-06 -5.065526994414567e-06 2.303702934261974e-06
5.519578775362019e-05 -1.129592465540373e-05 -5.346379250449507e-06 2.181211864355916e-06
5.519597182278237e-05 -6.196488717314769e-06 -4.933292981066920e-06 2.391805413125264e-06
5.281538812885838e-05 -8.746711023965363e-06 -5.272397713666638e-06 2.307554324604857e-06
5.043750667575268e-05 -1.129218934312826e-05 -5.714692771619480e-06 2.040185070553165e-06
5.043772140558150e-05 -6.202477721844623e-06 -5.283877014523611e-06 2.521433867754572e-06
4.806160622461459e-05 -8.747795792005676e-06 -5.756747968267294e-06 2.297716840844266e-06
4.569071678684883e-05 -1.128451681095464e-05 -6.253001342880942e-06 2.044995704277676e-06
4.569137505225564e-05 -6.212964286053418e-06 -5.936551421102921e-06 2.585133112723874e-06
4.332389392883993e-05 -8.749305225204002e-06 -6.321671059003447e-06 2.293315004482248e-06
4.096547878161805e-05 -1.127063530732995e-05 -6.721423346293285e-06 2.181869987693688e-06
4.096661328403766e-05 -6.230194284879790e-06 -6.467798696135474e-06 2.486742782798135e-06
3.861407045866080e-05 -8.751215172990179e-06 -6.635627250787713e-06 2.332171149387184e-06
3.627556600702992e-05 -1.124894741507962e-05 -6.931548083513953e-06 2.347629990695737e-06
3.627686065944022e-05 -6.255964929587164e-06 -6.730893457618678e-06 2.422554167305870e-06
3.394748071042971e-05 -8.753540749381010e-06 -6.672691260427654e-06 2.340094462325196e-06
3.163834260432709e-05 -1.121731044398078e-05 -6.794037070797496e-06 2.515491733945446e-06
3.163976644103876e-05 -6.292444437643577e-06 -6.640262567490581e-06 2.276559246744756e-06
2.934326359357237e-05 -8.756214983684875e-06 -6.404815779645365e-06 2.384060134048514e-06
2.707460328601847e-05 -1.117318402269712e-05 -6.366387025718091e-06 2.667081047818821e-06
2.707600158907345e-05 -6.342265008728121e-06 -6.237297988724029e-06 2.134495004521334e-06
2.491409759114760e-05 -8.758562192715449e-06 -5.911451533973398e-06 2.380222645069481e-06
2.278718699702047e-05 -1.111567367239200e-05 -5.691921550955266e-06 2.788397689988918e-06
2.278833482629135e-05 -6.407809304338379e-06 -5.593891931629000e-06 1.992462418300083e-06
2.120399022573598e-05 -8.941527977475165e-06 -5.359338827728182e-06 2.423918208640430e-06
1.962461189482959e-05 -1.105672349151705e-05 -5.070911024819881e-06 2.853671926726129e-06
1.962402921483554e-05 -6.473445593092988e-06 -5.001649233749130e-06 1.922100073387204e-06
1.738334457667001e-05 -1.100122820800479e-05 -4.550558387607312e-06 2.886695329432431e-06
1.780362090691543e-05 -9.533734814745408e-06 -4.652237730912224e-06 2.550496460648667e-06
1.738104435652078e-05 -6.517855674941826e-06 -4.529660190438810e-06 1.899497636932042e-06
1.578666993531160e-05 -6.566447790792968e-06 -4.150879871528891e-06 1.831331651806502e-06
-2.433214499520372e-06 -4.854682130194138e-07 4.165095647455748e-07 -1.413352380154339e-07
-2.481377244589552e-06 -3.695545854729921e-07 4.112419007446587e-07 -1.270076307071714e-07
-2.481020889675472e-06 6.196165112160623e-08 4.017890027585442e-07 -6.481804565892699e-08
-2.433095823389433e-06 1.761540861899699e-07 4.053522151143325e-07 -5.001979033032735e-08
1.578153026240202e-05 -1.096075443957680e-05 -4.180176122060260e-06 2.910366181752569e-06
1.436509288742670e-05 -1.084260254979070e-05 -3.779289603735156e-06 2.931079172078078e-06
1.544804340170480e-05 -8.217291509331476e-06 -4.099547137163902e-06 2.220596206040857e-06
1.435231241862247e-05 -6.494743244295493e-06 -3.793695346436032e-06 1.735627964656823e-06
-2.317841808578523e-06 -5.334413788974077e-07 4.295064173806668e-07 -1.474668277196556e-07
-2.201677430259559e-06 -6.016331213005349e-08 4.441195949503858e-07 -8.938448481185745e-08
-2.318799002373796e-06 2.238020038662057e-07 4.198028742773232e-07 -4.763711191868938e-08
1.390502240619957e-05 -9.496230868052110e-06 -3.663608391006230e-06 2.589518068001387e-06
1.299031598599416e-05 -1.055688390492961e-05 -3.407526161280083e-06 2.884985066639777e-06
1.168473634105641e-05 -1.013498717048983e-05 -3.017603912869112e-06 2.762880229617455e-06
1.348010160203877e-05 -7.675395713101266e-06 -3.551539747831922e-06 2.045292063737249e-06
1.300292845844273e-05 -6.197515421637810e-06 -3.414509077840068e-06 1.584003160296604e-06
-1.536219255152601e-06 -5.463139073575942e-07 5.188751238028494e-07 -1.374888143499358e-07
-1.535533275087331e-06 2.379313557815796e-07 5.055417061737599e-07 -1.046048079985239e-07
-1.130118228600996e-06 -1.539309050087173e-07 4.866474809726473e-07 -1.287526364921593e-07
1.046693537744411e-05 -9.564457582971336e-06 -2.638135078701081e-06 2.596109512500728e-06
1.150268496694090e-05 -8.768852630363077e-06 -2.954036804377315e-06 2.373070555824876e-06
1.195035012108009e-05 -7.079615178679522e-06 -3.105371394945526e-06 1.832514499021448e-06
1.176590927809655e-05 -5.693685967282293e-06 -3.052796456073344e-06 1.391133848579375e-06
-6.899369287034823e-07 -6.190406205640791e-07 4.729800488517735e-07 -9.853587333932310e-08
-6.898807472565102e-07 3.116399542460286e-07 4.554929075447548e-07 -1.925222419977084e-07
-1.886991915740273e-07 -1.532741455067834e-07 3.827699639669931e-07 -1.588605457485885e-07
9.337786430879251e-06 -8.881001397243373e-06 -2.275987327558081e-06 2.375358964675553e-06
8.325426634894014e-06 -8.095429586220696e-06 -1.986361107093494e-06 2.138139999079533e-06
1.039931642203275e-05 -6.823129795068658e-06 -2.571527317347800e-06 1.744757419325676e-06
1.067309430047585e-05 -4.998491789095051e-06 -2.653243770030730e-06 1.154409763107033e-06
3.861996110931920e-07 -7.753996294615787e-07 2.423501651466865e-07 -2.149607254383450e-08
3.867014608659296e-07 4.702680711428530e-07 2.367066846269058e-07 -3.295898258823769e-07
8.583451474948688e-06 -6.904249206478118e-06 -2.050623797545618e-06 1.777589565467247e-06
7.433782816883265e-06 -7.207806907498326e-06 -1.703447989164669e-06 1.870760411567619e-06
9.010358413196105e-06 -5.583680292447611e-06 -2.148873890483969e-06 1.344322467795699e-06
9.749479268617641e-06 -4.159591237831759e-06 -2.357023761066755e-06 8.822586094341370e-07
1.019688044059826e-06 -1.519982796060044e-07 9.739762919815065e-08 -1.930936335424886e-07
1.772479828121321e-06 -1.001541103108318e-06 -7.651773688295475e-08 5.912629534958433e-09
1.771807190866081e-06 7.009431992217982e-07 -8.461322967054755e-08 -4.271218477040344e-07
6.653511687969783e-06 -6.248123610541776e-06 -1.449419585049120e-06 1.564302005392389e-06
6.015024428619408e-06 -5.245909596247697e-06 -1.232985394003018e-06 1.240586555809143e-06
5.510472923266366e-06 -4.187767400179629e-06 -1.102834585118230e-06 9.185604597296384e-07
8.147052070376089e-06 -4.412997072833532e-06 -1.889852180589328e-06 9.752583549193369e-07
9.012769624248211e-06 -3.215505186916366e-06 -2.147383841193153e-06 6.225212501187390e-07
2.377786941849953e-06 -1.530419163457010e-07 -2.245560020640369e-07 -2.172680688218622e-07
3.120360728411544e-06 -1.224766287460432e-06 -4.258712338970512e-07 7.232802910122009e-08
3.121143948734155e-06 9.366153037805818e-07 -4.200271110584572e-07 -5.283250981714012e-07
6.584832982333155e-06 -4.184324583576285e-06 -1.405682857031297e-06 9.069959005893044e-07
5.128153503222644e-06 -3.102882573412790e-06 -1.013596394513898e-06 6.187821426667297e-07
4.345504655251739e-06 -1.414582548155122e-06 -8.071144656968638e-07 1.237887922293555e-07
4.702397962724943e-06 -1.604730024891987e-06 -9.068094054300367e-07 1.743352313988378e-07
4.892212449520613e-06 -1.993021894199374e-06 -9.552987637955067e-07 2.858825196752610e-07
7.547477433745436e-06 -3.079238817934513e-06 -1.696591903562825e-06 5.735100864358881e-07
8.466842042956759e-06 -2.207276141674560e-06 -1.967171852488830e-06 3.145376431732558e-07
3.788313899408222e-06 -3.093157789167073e-07 -6.226844296152956e-07 -1.982632791026793e-07
4.349619464363848e-06 1.107318280827571e-06 -7.891613773238125e-07 -5.992619487919260e-07
5.872641021029503e-06 -2.335909061197632e-06 -1.239442875535670e-06 3.868145779758759e-07
4.726839337282926e-06 -8.446980593423116e-07 -9.163075373682659e-07 -4.134759473808945e-08
5.150281850750112e-06 -1.470009414699163e-06 -1.034552324027523e-06 1.350262892980974e-07
7.119482338653389e-06 -1.895955375617861e-06 -1.603523479502666e-06 2.600623905832309e-07
8.128803619404011e-06 -1.176742372634386e-06 -1.904250820239733e-06 7.992806746586183e-08
4.751347660535648e-06 3.806354584364234e-07 -9.128242372276743e-07 -3.957411731072125e-07
4.699241536912172e-06 1.292254831212235e-06 -9.004818962047512e-07 -6.632484037959209e-07
6.099109168843914e-06 -5.895756789288285e-07 -1.316781594790299e-06 -1.041364841744557e-07
8.014276862689611e-06 -1.445148161812369e-07 -1.906723054072864e-06 -2.360546089613829e-07
8.123623738298887e-06 8.754087508413504e-07 -1.983932866421177e-06 -5.363243056325208e-07
5.476710400940546e-06 1.045366583690843e-06 -1.124110538785472e-06 -5.961482854695059e-07
4.901954274035665e-06 1.690163738742171e-06 -9.627688758240817e-07 -7.982667248294936e-07
5.148077337195192e-06 2.791355348314870e-06 -1.018546471536823e-06 -1.157044122957974e-06
7.095398261615585e-06 1.002588305642599e-06 -1.650137338527678e-06 -5.671003505798130e-07
5.522210223297602e-06 3.869453086443531e-06 -1.102563433591296e-06 -1.531440278621906e-06
8.452065988464567e-06 1.909506754100568e-06 -2.128918900041355e-06 -8.336015039400533e-07
6.136746343387630e-06 2.826234555297222e-06 -1.305174091430962e-06 -1.167529405969122e-06
7.606151986297144e-06 2.910064928445211e-06 -1.831402842176025e-06 -1.171686996912542e-06
6.031218647716717e-06 4.903145375205050e-06 -1.241495941127200e-06 -1.903522911271726e-06
8.982536405513054e-06 2.911782032063175e-06 -2.336327580762595e-06 -1.133162714147758e-06
8.550065005156281e-06 3.911404010491561e-06 -2.186972767090998e-06 -1.500710973104550e-06
7.517875428844005e-06 4.542188161721324e-06 -1.786391691102536e-06 -1.763699618658244e-06
6.663343143531810e-06 5.900842928175804e-06 -1.429710096409758e-06 -2.330726712617433e-06
7.431952927885523e-06 6.839889888567299e-06 -1.720776694840553e-06 -2.791663352930703e-06
9.712702201885766e-06 3.843680912066271e-06 -2.704018280515919e-06 -1.443363300346813e-06
9.190751878651045e-06 5.047691148729908e-06 -2.483507252895401e-06 -1.963487909979002e-06
8.574163882432904e-06 6.469721370045936e-06 -2.216328559967929e-06 -2.617185101126254e-06
8.310745247644032e-06 7.706408799310626e-06 -2.088255989990434e-06 -3.248419823254495e-06
1.061732317494989e-05 4.669969768828826e-06 -3.187597935453145e-06 -1.739106435532122e-06
1.034577546004198e-05 6.464383126594715e-06 -3.058554058016122e-06 -2.625073497530545e-06
9.306443657489404e-06 8.471075876902684e-06 -2.560611644428251e-06 -3.662327257347473e-06
1.041090121825579e-05 9.132216501739862e-06 -3.113379140769708e-06 -4.050229010064394e-06
1.159786212489123e-05 9.679233879317834e-06 -3.742848790182170e-06 -4.423788967677784e-06
1.169170030528617e-05 6.853255544193917e-06 -3.807141566537779e-06 -2.801448440525031e-06
1.168047952137082e-05 5.358375852645274e-06 -3.809026449528623e-06 -2.014287837928861e-06
1.142307241962570e-05 8.356546945222051e-06 -3.626194058681433e-06 -3.645935608078645e-06
1.286402273399100e-05 1.008254725654737e-05 -4.473508036899299e-06 -4.704852241247403e-06
1.418920779584881e-05 1.034596413067059e-05 -5.290603607265550e-06 -4.872010602712216e-06
1.277819394211130e-05 7.188346790429211e-06 -4.437342117373860e-06 -2.960874608316884e-06
1.288135770824217e-05 5.863782566777935e-06 -4.519862158799564e-06 -2.203347091596340e-06
1.554691452663437e-05 1.045457577586164e-05 -6.160388499765438e-06 -4.931688630530498e-06
1.402231704029792e-05 8.434065044349304e-06 -5.181771854890465e-06 -3.693805953413278e-06
1.418059283811629e-05 6.163515260049523e-06 -5.312456113181218e-06 -2.308729900659812e-06
1.584415627217977e-05 8.643293434559450e-06 -6.345549548084166e-06 -3.793370055879706e-06
1.707360912131108e-05 1.049123942512767e-05 -7.181314677876214e-06 -4.969920307741127e-06
1.553650360578442e-05 6.251837476112168e-06 -6.167516006361368e-06 -2.322588575964048e-06
1.920453421622444e-05 1.052809766392152e-05 -8.593840425791602e-06 -4.995059825106204e-06
1.750755120158356e-05 7.605020759093490e-06 -7.452671783040598e-06 -3.109658819677155e-06
1.707143103196856e-05 6.216145771883560e-06 -7.182274326737928e-06 -2.235346440384422e-06
2.220579050669091e-05 1.058444635231721e-05 -1.065795438153123e-05 -5.059782828333245e-06
2.070487287140555e-05 8.180718702688105e-06 -9.584867366613126e-06 -3.429992056409057e-06
1.920541024026335e-05 6.169882241397410e-06 -8.603435971178999e-06 -2.131416050073278e-06
2.626983139494498e-05 1.064479437094674e-05 -1.350272738808810e-05 -5.125796253275469e-06
2.422093494258787e-05 8.353104797871472e-06 -1.201595756672077e-05 -3.510558375463539e-06
2.220607148622543e-05 6.117517720997732e-06 -1.058700862412750e-05 -1.997330558161969e-06
3.060113831474861e-05 1.069548121818642e-05 -1.658865423392522e-05 -5.179617733444171e-06
2.842020939242855e-05 8.353763815521585e-06 -1.495552821136313e-05 -3.504005147033150e-06
2.626964250819787e-05 6.061410578380462e-06 -1.342015488979662e-05 -1.887417159802699e-06
3.501617768339429e-05 1.073813594799769e-05 -1.977429532518108e-05 -5.162853880670281e-06
3.279554423351472e-05 8.354658126484337e-06 -1.810498973237498e-05 -3.498881351874356e-06
3.060093658547599e-05 6.013007337861340e-06 -1.647966107354689e-05 -1.827987141308924e-06
3.950264492128127e-05 1.077463590190368e-05 -2.291485273236508e-05 -5.164774967421282e-06
3.724818804302726e-05 8.355453084688741e-06 -2.130766721990652e-05 -3.480355699227792e-06
3.501593037837229e-05 5.972053298593158e-06 -1.973026265972972e-05 -1.761386863594794e-06
4.405022584344093e-05 1.080551292306852e-05 -2.604199940240894e-05 -5.138861897000008e-06
4.176670282065376e-05 8.356160645542790e-06 -2.445854752351483e-05 -3.434451266130902e-06
3.950225998917676e-05 5.937155571694599e-06 -2.291759414555439e-05 -1.736789126452922e-06
4.865010696524797e-05 1.083103630466385e-05 -2.927224140838649e-05 -5.195871601519886e-06
4.634195880705003e-05 8.356701624624913e-06 -2.760076406693357e-05 -3.412676429553187e-06
4.404970826833358e-05 5.907341752878129e-06 -2.605677288496532e-05 -1.750787567535928e-06
5.329143589923601e-05 1.084991016640111e-05 -3.267712409698000e-05 -5.237267372304811e-06
5.096477860305742e-05 8.357285523506251e-06 -3.085985998981039e-05 -3.355801118309392e-06
4.864966453390911e-05 5.882868389784776e-06 -2.923386179710429e-05 -1.655114730971570e-06
5.796000458466921e-05 1.086093322763609e-05 -3.619019330793053e-05 -5.198073718769828e-06
5.562240463922727e-05 8.357690740292158e-06 -3.432263788054735e-05 -3.338940127819915e-06
5.329125478514378e-05 5.865029359435200e-06 -3.254654500247528e-05 -1.496342232700009e-06
6.264105827824472e-05 1.086507378591053e-05 -3.960802857812321e-05 -5.091940678182951e-06
6.029951488933210e-05 8.357795842459030e-06 -3.787400304038637e-05 -3.333587704472881e-06
5.796007512866752e-05 5.854624253333674e-06 -3.604699347819886e-05 -1.464614929579422e-06
7.266950552095072e-05 1.058978381850656e-05 -4.641463126019542e-05 -4.707324327703776e-06
7.200471011224957e-05 1.086516881211386e-05 -4.597850547384277e-05 -4.891564059739891e-06
6.473863321205502e-05 8.357939314398306e-06 -4.106639387317305e-05 -3.305790210022383e-06
6.732375055624277e-05 1.086531014670602e-05 -4.283370544150300e-05 -4.977117555491292e-06
6.264086714229204e-05 5.850839723833767e-06 -3.955402813998011e-05 -1.517684609915317e-06
7.294486535806456e-05 9.924957357357825e-06 -4.659444071364546e-05 -4.267826456678126e-06
7.137174232749337e-05 8.357941400201742e-06 -4.557108068596879e-05 -3.252108743414547e-06
6.732361615585082e-05 5.850506172390659e-06 -4.284468279743747e-05 -1.570256615440292e-06
7.294469077778965e-05 6.791022789441337e-06 -4.658774980096960e-05 -2.240648329050435e-06
7.200452151582400e-05 5.850825734500702e-06 -4.597548783643883e-05 -1.623279350779732e-06
7.266931962850630e-05 6.126208290064510e-06 -4.640808142834397e-05 -1.804953415332773e-06
