5.930701960503783e-05 -7.903502035334163e-06 2.288993414434377e-05 -3.942448309466278e-06
5.955708803838944e-05 -7.299838253601099e-06 2.299439531627770e-05 -3.704288668714367e-06
5.955737725518225e-05 -4.454113526065215e-06 2.305187101196798e-05 -2.604736720646930e-06
5.930735091838108e-05 -3.850493969692144e-06 2.295476793561223e-05 -2.371279888613677e-06
5.870332561156139e-05 -8.153545157202734e-06 2.264392102723137e-05 -4.039563895626959e-06
5.757116400402029e-05 -5.877026310282032e-06 2.224377371737657e-05 -3.157827695314663e-06
5.870372081411012e-05 -3.600470571053873e-06 2.271823073972554e-05 -2.275377647367518e-06
5.445241930467070e-05 -8.153353232822225e-06 2.100635717106529e-05 -3.991033605105602e-06
5.445300514337196e-05 -3.600848214677300e-06 2.109919765065787e-05 -2.270793115646088e-06
5.210592305927006e-05 -5.877053653336671e-06 2.016172413011840e-05 -3.108224840474254e-06
5.020207518429152e-05 -8.151415260663203e-06 1.948369169566781e-05 -3.902078215304301e-06
5.020306632745494e-05 -3.603004477575503e-06 1.951105310602193e-05 -2.265395645071201e-06
4.807906322945985e-05 -5.877230408565403e-06 1.867383994233926e-05 -3.070076864544361e-06
4.595824163713062e-05 -8.145638270170208e-06 1.788471299065477e-05 -3.844753312282046e-06
4.595927724070641e-05 -3.609241196805951e-06 1.786823840069903e-05 -2.369302048366828e-06
4.384113775869385e-05 -5.877384761852588e-06 1.733640891854236e-05 -3.089747578087891e-06
4.172998009203466e-05 -8.133616923191609e-06 1.640585649356890e-05 -3.747062469079740e-06
4.173138647524345e-05 -3.621574265439211e-06 1.651880430594427e-05 -2.443200541110018e-06
3.962516070263418e-05 -5.877760514970134e-06 1.616267717806011e-05 -3.124428064722138e-06
3.753046886506888e-05 -8.114607506392956e-06 1.532508489249253e-05 -3.598238914217177e-06
3.753168839045707e-05 -3.641038329261019e-06 1.533865296661929e-05 -2.545220588215192e-06
3.544422322105073e-05 -5.878124930537263e-06 1.516886163810942e-05 -3.159957562604560e-06
3.337379393153687e-05 -8.086706027240762e-06 1.468115412301592e-05 -3.522111204737247e-06
3.337465381724958e-05 -3.669444523755109e-06 1.447633457952333e-05 -2.668010352854233e-06
3.131431838517697e-05 -5.878477626896025e-06 1.436421524874202e-05 -3.158596597365188e-06
2.927840086075826e-05 -8.047221479438792e-06 1.400902991261591e-05 -3.606717656468567e-06
2.927879728827032e-05 -3.709506522882999e-06 1.373324452640282e-05 -2.686843998943273e-06
2.725681690312906e-05 -5.878800023442574e-06 1.354883907074484e-05 -3.107969680066368e-06
2.526861488631346e-05 -7.993411923819136e-06 1.314366748230881e-05 -3.640993304750670e-06
2.526879540334179e-05 -3.764278423880790e-06 1.299631580343784e-05 -2.591474367570610e-06
2.329947576203754e-05 -5.879182901398034e-06 1.264140661092732e-05 -3.093739361867715e-06
2.137520933710941e-05 -7.922371911656971e-06 1.206592411226660e-05 -3.695600607063865e-06
2.137521211639252e-05 -3.836363549744580e-06 1.198380437732040e-05 -2.494374110776717e-06
1.947512229880122e-05 -5.879482709736606e-06 1.151363190777122e-05 -3.104263826085317e-06
1.763111550698250e-05 -7.832707220650146e-06 1.077118855417857e-05 -3.885286796350747e-06
1.763097778011859e-05 -3.927249409596895e-06 1.063601976733281e-05 -2.289246543841686e-06
1.588851106282302e-05 -5.879177520765843e-06 1.002538536534213e-05 -3.084822004288841e-06
1.420963615856014e-05 -7.726708313715303e-06 9.189114634959943e-06 -4.022296329223185e-06
1.420918629672945e-05 -4.038379577398500e-06 9.093330278642112e-06 -2.155840301263410e-06
1.296847501720075e-05 -6.018108020218927e-06 8.531118166457740e-06 -3.150244508372523e-06
1.176507151415909e-05 -7.626295785683336e-06 7.858267267195388e-06 -4.012098802948232e-06
1.176257803846931e-05 -4.143214691146585e-06 7.792383334674405e-06 -2.087901618275186e-06
1.008348779807299e-05 -7.537558436769602e-06 6.830084379785428e-06 -3.963458413832379e-06
1.038372209524351e-05 -6.456487040202086e-06 7.012774419913759e-06 -3.339006182012039e-06
1.007929177103711e-05 -4.211145841329629e-06 6.815539699548072e-06 -2.081352068914695e-06
8.911485791136410e-06 -4.283996032935121e-06 6.156238336426257e-06 -2.092481032823153e-06
-1.099557647772237e-06 -1.071138473348821e-06 -8.338725622850547e-07 6.733674314217749e-07
-1.120718532602568e-06 -1.019919815758407e-06 -8.401830432785607e-07 6.882245269371091e-07
-1.120437034450346e-06 -8.304480012581447e-07 -8.418759122515838e-07 7.475136758919913e-07
-1.099424243578810e-06 -7.805529018438696e-07 -8.357122621030133e-07 7.642539722213792e-07
8.904067548698841e-06 -7.474837240453792e-06 6.146455167485172e-06 -3.937536922892830e-06
7.891230261701087e-06 -7.359965707431185e-06 5.548712058375239e-06 -3.888828657136755e-06
8.650391607614478e-06 -5.484361340437247e-06 6.015798023859400e-06 -2.770927593144811e-06
7.869578611664898e-06 -4.271795256861455e-06 5.555029571725284e-06 -2.054224131898319e-06
-1.048649282048817e-06 -1.092530156634987e-06 -8.187346559461376e-07 6.672201904591611e-07
-9.979096355877626e-07 -8.849428949391845e-07 -7.995296038279211e-07 7.277898401521614e-07
-1.049417338093697e-06 -7.600532559771371e-07 -8.193054038932830e-07 7.705159386503291e-07
7.553023096691499e-06 -6.389527450999090e-06 5.360940958670111e-06 -3.321724133566908e-06
6.925473550503193e-06 -7.120392185755788e-06 5.017895126332539e-06 -3.747300294274388e-06
6.034247561593722e-06 -6.800191295469652e-06 4.517589921763996e-06 -3.539109665550329e-06
7.249781952795317e-06 -5.111108267048442e-06 5.197106669561405e-06 -2.530322971947899e-06
6.920888405322456e-06 -4.110253655119934e-06 5.018613351978644e-06 -1.921130217431731e-06
-7.055027411211393e-07 -1.100351561184492e-06 -6.919843165896606e-07 6.678629659378380e-07
-7.058549135372716e-07 -7.560487996029870e-07 -6.818256127397136e-07 7.777192757576462e-07
-5.278219380793964e-07 -9.290508854079073e-07 -6.241991460552702e-07 7.485418401398998e-07
5.229886613475962e-06 -6.376634844687947e-06 4.003780343146087e-06 -3.288154607464329e-06
5.900799762798248e-06 -5.853218636306458e-06 4.443093037348861e-06 -2.955116096619880e-06
6.201917016369867e-06 -4.715176983754438e-06 4.628735609759727e-06 -2.259363635913479e-06
6.072997450803791e-06 -3.818837644116127e-06 4.564219500947078e-06 -1.696978365071348e-06
-3.343673854675910e-07 -1.134578303538901e-06 -5.229529773983646e-07 6.354871183238490e-07
-3.347884845031379e-07 -7.249159450145692e-07 -5.027307888755721e-07 9.132841539340491e-07
-1.141240129349235e-07 -9.302432907538059e-07 -3.516177726765535e-07 8.000233161676332e-07
4.501822584872042e-06 -5.895920791351659e-06 3.525514083656707e-06 -3.009897079337365e-06
3.878461161193877e-06 -5.366513491467952e-06 3.128922476184051e-06 -2.708186708670889e-06
5.176007664472721e-06 -4.551597505365509e-06 3.987620775286108e-06 -2.153053073333500e-06
5.342822033133944e-06 -3.406828409851734e-06 4.096697468972839e-06 -1.393664372975951e-06
1.398253243413764e-07 -1.206683222325363e-06 -1.395306487257007e-07 5.684001185464855e-07
1.397987564791785e-07 -6.542680963376403e-07 -1.397856618790825e-07 1.065262744730633e-06
4.039269033703108e-06 -4.596383526489401e-06 3.238729683689788e-06 -2.221803262777065e-06
3.355378293091778e-06 -4.780866346512585e-06 2.769028276427226e-06 -2.351474555754993e-06
4.297305854484307e-06 -3.778357405802026e-06 3.409341835030046e-06 -1.626503117620238e-06
4.740758250451001e-06 -2.925303063105630e-06 3.687719996853473e-06 -9.793440707924263e-07
4.207515144401151e-07 -9.307016172549944e-07 1.132179945182604e-07 8.307134570634666e-07
7.566945539968146e-07 -1.311015510224315e-06 4.008016713660094e-07 5.031117566282138e-07
7.560036103104824e-07 -5.493608118216280e-07 4.202961221409100e-07 1.201502159526470e-06
2.909147028701885e-06 -4.172800003622109e-06 2.449029478743388e-06 -1.909040470730302e-06
2.575713049405838e-06 -3.575834258478389e-06 2.169826670236950e-06 -1.453216472391466e-06
2.338649217858228e-06 -2.961479060737373e-06 1.923389564817497e-06 -9.611653744575125e-07
3.783853732268326e-06 -3.080681608023603e-06 3.053622459184741e-06 -1.068740488216538e-06
4.270094913976469e-06 -2.407502900788122e-06 3.401125629645750e-06 -5.602999160059442e-07
1.026937789404528e-06 -9.320644409886582e-07 6.440039277467204e-07 8.651889744716864e-07
1.360253718158404e-06 -1.413512027026869e-06 9.280777844408129e-07 4.319694681471710e-07
1.361046152335015e-06 -4.405778077724828e-07 9.338909993882184e-07 1.305672845202417e-06
2.906660514562980e-06 -2.951293654882728e-06 2.429394238741621e-06 -9.661988079391522e-07
2.171021596995404e-06 -2.362699554559527e-06 1.736409753145527e-06 -4.370985652405871e-07
1.895903940321127e-06 -1.499857252234601e-06 1.435964778996066e-06 3.372802474539662e-07
2.041530204165774e-06 -1.590349343012180e-06 1.576571179143054e-06 2.559581130845346e-07
2.106108675595113e-06 -1.781665252705253e-06 1.642035381249018e-06 8.137842430010862e-08
3.435796237354022e-06 -2.336041368497141e-06 2.832401787813152e-06 -4.877408688305569e-07
3.916797100864999e-06 -1.881934155126645e-06 3.225167964588978e-06 -9.134865861223148e-08
1.659308659073623e-06 -1.003734497504396e-06 1.199725858583655e-06 8.062138285580442e-07
1.931525325151114e-06 -3.588537329936772e-07 1.464797237572367e-06 1.416058562162130e-06
2.568633267973717e-06 -1.947259038947169e-06 2.083298650016009e-06 -8.549601508154363e-08
2.068463732085012e-06 -1.239217583886083e-06 1.602906321858301e-06 5.797912688367743e-07
2.242815475173875e-06 -1.526333285548918e-06 1.765520987881904e-06 3.157376649805564e-07
3.203078013637939e-06 -1.722621080472045e-06 2.646304528529842e-06 9.097385927804461e-08
3.684868821317078e-06 -1.377272547076482e-06 3.097624923378264e-06 4.197151873711624e-07
2.107970901364171e-06 -6.829109597088615e-07 1.641461349977823e-06 1.109902778686679e-06
2.107060875470647e-06 -2.760223176396627e-07 1.628950274916351e-06 1.504203450628687e-06
2.701816188783850e-06 -1.096530115636830e-06 2.206734919089967e-06 7.090816011790513e-07
3.589100909269366e-06 -8.958060275558000e-07 3.041183034616772e-06 8.902702888698923e-07
3.574954326205249e-06 -4.491695242844250e-07 3.072458430722885e-06 1.324374563940787e-06
2.452582028749277e-06 -3.760451723177717e-07 1.970112861783063e-06 1.402911160074354e-06
2.215585832226225e-06 -1.103030710669318e-07 1.724022978941947e-06 1.680703631229283e-06
2.358835723263166e-06 3.240917002060152e-07 1.826958685312289e-06 2.148280899896859e-06
3.144502429828706e-06 -3.768895551274507e-07 2.633088493657368e-06 1.385582619598198e-06
2.550261496801843e-06 7.093724333045699e-07 1.986521192900789e-06 2.599857436693486e-06
3.653291236235744e-06 -8.689323143961613e-09 3.205564572386169e-06 1.750418514279916e-06
2.763525837959162e-06 3.504142219758912e-07 2.244654027216172e-06 2.160089859814098e-06
3.321874812978467e-06 3.818884085815588e-07 2.835748764928481e-06 2.183480094975073e-06
2.767981744048798e-06 1.062034255450295e-06 2.199341920491496e-06 3.029132189003917e-06
3.795836536783794e-06 3.827152711115906e-07 3.440482448277615e-06 2.178265055492240e-06
3.633864573873392e-06 7.391572502075684e-07 3.245390140524313e-06 2.598079159116829e-06
3.294176216991045e-06 9.488557805740363e-07 2.799846123410505e-06 2.867453433736763e-06
3.016679375217942e-06 1.365600418104352e-06 2.450243139662197e-06 3.427883991589520e-06
3.279309447031544e-06 1.625301449310889e-06 2.759313431925243e-06 3.820337988568204e-06
3.984195247518086e-06 7.264747766753248e-07 3.757323183594144e-06 2.543432225166863e-06
3.822656686629615e-06 1.105194512004172e-06 3.511612962974440e-06 3.038648588887612e-06
3.639680041703807e-06 1.516224001288146e-06 3.238262747219846e-06 3.651742718824437e-06
3.563694054589527e-06 1.838015481635229e-06 3.125185322648968e-06 4.242068634714205e-06
4.211675049301646e-06 1.009721400163967e-06 4.181247783376969e-06 2.812563387221119e-06
4.134397219554380e-06 1.507373020763682e-06 4.038102774824829e-06 3.626353615946406e-06
3.853796026475047e-06 2.014366892037138e-06 3.560475546178094e-06 4.638016178831269e-06
4.141213212847749e-06 2.145520044192393e-06 4.103730471459401e-06 5.033992646070112e-06
4.429982772935279e-06 2.230074299082409e-06 4.708967552647487e-06 5.380790237091787e-06
4.461559597887004e-06 1.606654569608662e-06 4.751689717536117e-06 3.801580310709629e-06
4.463006968340137e-06 1.227655705818217e-06 4.731481320400958e-06 3.032718880063301e-06
4.401153064481090e-06 1.954948800520291e-06 4.601068471513932e-06 4.636772287706858e-06
4.707924109591788e-06 2.284958857597508e-06 5.410875809224709e-06 5.642313887865128e-06
4.971765574952254e-06 2.301688578934438e-06 6.226288678126230e-06 5.866572686484317e-06
4.703027233365145e-06 1.689767900370479e-06 5.385240323532298e-06 3.959555190473456e-06
4.721496433197050e-06 1.391037751641531e-06 5.459800898449282e-06 3.209384964316471e-06
5.226925227668681e-06 2.290063511046282e-06 7.086426900364213e-06 5.993624933672418e-06
4.958351190231864e-06 1.945415595238424e-06 6.096718461622039e-06 4.664920887497836e-06
4.980896016736128e-06 1.500706771159489e-06 6.231268037987738e-06 3.287651498999714e-06
5.286079381866542e-06 1.977597578088132e-06 7.291365022903249e-06 4.805508144812050e-06
5.478823815373547e-06 2.258190874678021e-06 8.131198222659765e-06 6.056408759362686e-06
5.234701539554539e-06 1.549548824144848e-06 7.076284934277271e-06 3.269467985519429e-06
5.797444759838561e-06 2.225304654202937e-06 9.574072302936547e-06 6.100425761001976e-06
5.560012317457008e-06 1.809841673470430e-06 8.432487917925878e-06 4.116763179381791e-06
5.480110831991907e-06 1.582036228271378e-06 8.143555609786953e-06 3.194262649076753e-06
6.164509576377410e-06 2.171692556842480e-06 1.169192525164977e-05 6.111207407513296e-06
5.998610650667901e-06 1.901699168272750e-06 1.062327159757960e-05 4.439056842227308e-06
5.796031344193707e-06 1.626395466457442e-06 9.600162409082234e-06 3.111029330031396e-06
6.541774386681240e-06 2.110507664695481e-06 1.446263045855440e-05 6.067834651193391e-06
6.370945070066272e-06 1.925135716091068e-06 1.305548133671262e-05 4.539406226342824e-06
6.163725329339890e-06 1.680355788557441e-06 1.161862078884350e-05 3.033988220847014e-06
6.828459701566005e-06 2.056708182490594e-06 1.730578945944875e-05 6.028565837337312e-06
6.702030766375776e-06 1.926935779883485e-06 1.586359370749744e-05 4.495155590988206e-06
6.541284714225280e-06 1.742126456299124e-06 1.439825451503591e-05 2.995190161670146e-06
7.020073798133375e-06 2.010754800009312e-06 2.012080528653726e-05 6.016510972882536e-06
6.938860585857873e-06 1.928403276211358e-06 1.872253430716826e-05 4.488015632956815e-06
6.828109308419527e-06 1.798654081574554e-06 1.724509107551485e-05 2.925299588497710e-06
7.130354971726895e-06 1.971336570952435e-06 2.299730586112919e-05 5.965075176418908e-06
7.087674380758588e-06 1.929693422021710e-06 2.161686691129403e-05 4.459350688508060e-06
7.019733671817227e-06 1.847366181817766e-06 2.017661279529952e-05 2.909261339031173e-06
7.170453759860236e-06 1.937456443261318e-06 2.595160242877360e-05 5.995319205147623e-06
7.161152686762861e-06 1.930704807106235e-06 2.454068025800191e-05 4.428664530640645e-06
7.129988618037774e-06 1.889170168343825e-06 2.310262613454921e-05 2.899494749693291e-06
7.150670060903308e-06 1.909105627194145e-06 2.893519613279640e-05 6.010853909933713e-06
7.169573220751413e-06 1.931481396254909e-06 2.748516766685348e-05 4.391519394786700e-06
7.170156440227793e-06 1.924830388152090e-06 2.604684196759263e-05 2.871543169435007e-06
7.082292893913320e-06 1.887064114538131e-06 3.196110847013163e-05 6.013458513849678e-06
7.123535177248738e-06 1.932097994716416e-06 3.046333627147482e-05 4.362687708761293e-06
7.150461301731806e-06 1.954526965710363e-06 2.897183318022303e-05 2.791046528225666e-06
6.978524805602108e-06 1.872002178714281e-06 3.511724603476170e-05 6.017117973771923e-06
7.035285573454261e-06 1.932436749625517e-06 3.354067020444701e-05 4.328479639630097e-06
7.082418503473394e-06 1.977453742757730e-06 3.200610392672802e-05 2.704203393896934e-06
6.853271624076715e-06 1.863995257775179e-06 3.836471244780598e-05 6.069561506968135e-06
6.918374188485376e-06 1.932697515146532e-06 3.674812917444870e-05 4.297221152292833e-06
6.978663086803201e-06 1.993123471918578e-06 3.514288624948653e-05 2.589141914259093e-06
6.564827599070032e-06 1.869058102449538e-06 4.569387115441303e-05 5.906091701693584e-06
6.583902342607398e-06 1.861148708295358e-06 4.520211843033933e-05 6.107127923093812e-06
6.793804470423308e-06 1.932949602145902e-06 3.992110823301713e-05 4.266906306084753e-06
6.719017354176756e-06 1.861306529360499e-06 4.178856794730603e-05 6.103481063644238e-06
6.853282043392537e-06 2.001729077168480e-06 3.844704921881490e-05 2.483392180860584e-06
6.556926563007477e-06 1.888141738415441e-06 4.589949557509745e-05 5.418585527665055e-06
6.602135233453406e-06 1.933115117709858e-06 4.475484493816559e-05 4.270226551251678e-06
6.718955224992483e-06 2.004768581376915e-06 4.181638319829958e-05 2.449768008560667e-06
6.556898279285851e-06 1.978105711807768e-06 4.594663014362604e-05 3.095509679700745e-06
6.583857463080420e-06 2.005082000330912e-06 4.525013610490023e-05 2.399846188823901e-06
6.564793405168430e-06 1.997178342689238e-06 4.574362202704389e-05 2.602874774434792e-06
