6.083557591198251e-05 -8.169168295916725e-06 2.169221593143753e-05 -3.798397832552795e-06
6.109202367091389e-05 -7.550165823598394e-06 2.178846234625903e-05 -3.594094849605296e-06
6.109204448293588e-05 -4.631998623492762e-06 2.197831835131637e-05 -2.683970889202252e-06
6.083560202867678e-05 -4.013007103260545e-06 2.190802203519435e-05 -2.499192942589637e-06
6.021648617595475e-05 -8.425548644798221e-06 2.147466168553060e-05 -3.881651628437915e-06
5.905519701330265e-05 -6.091098134631427e-06 2.124358694701080e-05 -3.175917655658767e-06
6.021652328201952e-05 -3.756632276911959e-06 2.172688665894282e-05 -2.423702384898004e-06
5.585742082254533e-05 -8.424391294577158e-06 2.012581966319148e-05 -3.898440538050635e-06
5.585749264615620e-05 -3.757825952671818e-06 2.041661499517066e-05 -2.462141152900330e-06
5.345167032462622e-05 -6.091037611012217e-06 1.947776863242121e-05 -3.144835262446134e-06
5.150177900226109e-05 -8.419791241550067e-06 1.867433000695772e-05 -3.933069008971627e-06
5.150202263836598e-05 -3.762461777387737e-06 1.899462496945478e-05 -2.357668622988500e-06
4.932753725042230e-05 -6.090972280048473e-06 1.805095197763479e-05 -3.193136660104971e-06
4.715931877927841e-05 -8.409045742139392e-06 1.727225694469073e-05 -3.905103176586931e-06
4.715968381431385e-05 -3.773074858831135e-06 1.760479879458996e-05 -2.483379591253532e-06
4.499591890132495e-05 -6.090908201769633e-06 1.669255263956087e-05 -3.151832859795049e-06
4.284295132756454e-05 -8.390874967066633e-06 1.593153816944296e-05 -3.754423946373177e-06
4.284351159971583e-05 -3.791087985443763e-06 1.655719909809121e-05 -2.548735919866378e-06
4.069782009228977e-05 -6.090891977373772e-06 1.553677956787016e-05 -3.149586051643610e-06
3.856733849578476e-05 -8.365532064705640e-06 1.495643852393206e-05 -3.631941222968009e-06
3.856784947992298e-05 -3.816232979720852e-06 1.543346488945845e-05 -2.514575183709484e-06
3.644691445325301e-05 -6.090829854314897e-06 1.451094127765755e-05 -3.139011365081061e-06
3.434575420680863e-05 -8.332661653287614e-06 1.404724885357776e-05 -3.589189172968899e-06
3.434639984287013e-05 -3.848775120824838e-06 1.422449438702894e-05 -2.485376881351885e-06
3.225658405011219e-05 -6.090710496905626e-06 1.350489937592370e-05 -3.103911949734422e-06
3.019194178052972e-05 -8.291228375089390e-06 1.302360707294884e-05 -3.638565820655564e-06
3.019245960205591e-05 -3.889792849576238e-06 1.298511212542758e-05 -2.480450927413726e-06
2.814163078505686e-05 -6.090468937051571e-06 1.243968107959003e-05 -3.109847836227062e-06
2.612317391848364e-05 -8.238541667063923e-06 1.185898171261936e-05 -3.650022543531916e-06
2.612344452473392e-05 -3.941918464435311e-06 1.181865808758172e-05 -2.519502173900166e-06
2.412288131999304e-05 -6.090106181648564e-06 1.144680755668084e-05 -3.119293966867117e-06
2.216371072140478e-05 -8.171457747752844e-06 1.088467774814143e-05 -3.573872550704035e-06
2.216376560765419e-05 -4.008314016340939e-06 1.082587508116687e-05 -2.597049393297708e-06
2.022728003325654e-05 -6.089665849845547e-06 1.062409333705810e-05 -3.106957533560332e-06
1.834224115148220e-05 -8.087141111404345e-06 1.008397499866306e-05 -3.581976736782868e-06
1.834209438205054e-05 -4.092491703139673e-06 9.986432265419452e-06 -2.635408927509645e-06
1.655902480878780e-05 -6.088731977606539e-06 9.832152647249177e-06 -3.080813643165911e-06
1.483567158420408e-05 -7.986206029135295e-06 9.296325751496756e-06 -3.616326771657731e-06
1.483513331069713e-05 -4.197052384755797e-06 9.280389603459931e-06 -2.558162915509920e-06
1.356045389503889e-05 -6.231208385070067e-06 9.012343589164257e-06 -3.127945476884797e-06
1.231943886720669e-05 -7.889555785360135e-06 8.515334617754653e-06 -3.746136699038595e-06
1.231689968780937e-05 -4.296995658402866e-06 8.503851122205102e-06 -2.356508757250433e-06
1.058185312603700e-05 -7.803248428557858e-06 7.740092678298177e-06 -3.831475743231212e-06
1.089383504422351e-05 -6.684088276657764e-06 7.930770937628400e-06 -3.325150753006649e-06
1.057740194730035e-05 -4.362203620175841e-06 7.847459288812983e-06 -2.303143198182468e-06
9.367097691905191e-06 -4.432582329068569e-06 7.142657199264571e-06 -2.194484937990792e-06
-1.159214626669318e-06 -9.950121871759951e-07 -9.410984348415244e-07 1.220699030973565e-06
-1.181229336132730e-06 -9.417524760094919e-07 -9.593154870068411e-07 1.258857025538895e-06
-1.180990583873542e-06 -7.448482600361516e-07 -9.582669376960904e-07 1.394629123123099e-06
-1.159161855608510e-06 -6.929863116992868e-07 -9.403281156586365e-07 1.432324975532228e-06
9.360414922580132e-06 -7.741890109292663e-06 7.142701269620096e-06 -3.878056035970118e-06
8.307761769662241e-06 -7.625849702038973e-06 6.553529721034026e-06 -3.904100206485572e-06
9.098281686592409e-06 -5.677223690679656e-06 7.026638035129731e-06 -2.869818109118348e-06
8.286094189493722e-06 -4.414785735661065e-06 6.517809911357972e-06 -2.095075799391405e-06
-1.106289031106308e-06 -1.017236846398328e-06 -8.985862067262248e-07 1.205783133065681e-06
-1.053690544857710e-06 -8.014023176639935e-07 -8.581278699458393e-07 1.354788742907721e-06
-1.107200479663104e-06 -6.716624959282683e-07 -8.986734948446437e-07 1.447408963458632e-06
7.957234971671689e-06 -6.618251134460063e-06 6.369613427052380e-06 -3.397579240950398e-06
7.302202459341888e-06 -7.380561379200321e-06 5.960585298771298e-06 -3.851311553799662e-06
6.371161004607641e-06 -7.049149816914725e-06 5.313436529325374e-06 -3.678999247592043e-06
7.641514363342871e-06 -5.287176361117273e-06 6.135407798185074e-06 -2.616532162331161e-06
7.297891637608426e-06 -4.240954605955877e-06 5.909714059599367e-06 -1.906652572691539e-06
-7.496608088303262e-07 -1.026145901255092e-06 -6.356110287364600e-07 1.190747798153126e-06
-7.503262346835695e-07 -6.678122372514246e-07 -6.368132044064892e-07 1.439445051862494e-06
-5.649056175812475e-07 -8.485969426940275e-07 -5.073537626282645e-07 1.315562091294245e-06
5.528564289368088e-06 -6.609728658838640e-06 4.712258602007616e-06 -3.432870524645083e-06
6.232495983876067e-06 -6.061598147477979e-06 5.210982988238710e-06 -3.080451181840334e-06
6.546980642308780e-06 -4.871940662271202e-06 5.425875147856363e-06 -2.316175910828022e-06
6.412050608513386e-06 -3.931089526764419e-06 5.366793343571671e-06 -1.645109504832468e-06
-3.626092738355165e-07 -1.064969874246747e-06 -3.330511848012622e-07 1.101025443493375e-06
-3.636827273436740e-07 -6.358143483072702e-07 -3.547900583770413e-07 1.495525026447811e-06
-1.318468965664318e-07 -8.522302301338080e-07 -1.301417579849705e-07 1.269636689925099e-06
4.764064526214698e-06 -6.108223914488295e-06 4.159851999359584e-06 -3.145908498735234e-06
4.107287484848205e-06 -5.554003001495856e-06 3.659949418650416e-06 -2.786961837228511e-06
5.471967703858865e-06 -4.699218791987995e-06 4.664049779427869e-06 -2.202956729073542e-06
5.647066468264932e-06 -3.495060006279679e-06 4.821647507777439e-06 -1.291201177738184e-06
1.361308643184054e-07 -1.145658030584328e-06 1.129314605319937e-07 1.013771110152653e-06
1.350918516334240e-07 -5.625870416927847e-07 9.660565971728365e-08 1.472784805102599e-06
4.276247038010272e-06 -4.745823392683233e-06 3.779149830457059e-06 -2.226469523550087e-06
3.554702803318640e-06 -4.939924789092648e-06 3.205607238759934e-06 -2.363190570429122e-06
4.547695638736159e-06 -3.884763458287722e-06 3.987515890320038e-06 -1.574253118141740e-06
5.014731834152994e-06 -2.984877359852428e-06 4.368277600714765e-06 -8.658096027447995e-07
4.326056240648852e-07 -8.560251918324471e-07 3.492342957078411e-07 1.231985544412060e-06
7.892743304790277e-07 -1.261209517683525e-06 6.445023193649689e-07 8.821029928724061e-07
7.873486349730419e-07 -4.534573477986312e-07 6.537914353577431e-07 1.578132265550396e-06
3.082562664635057e-06 -4.300035107395415e-06 2.805339940428991e-06 -1.864283263438132e-06
2.728221021200783e-06 -3.669725256308691e-06 2.478473389329438e-06 -1.371996181896795e-06
2.475582392592627e-06 -3.020527592787075e-06 2.243759265866365e-06 -8.590361663194732e-07
4.005425521193410e-06 -3.147814070432754e-06 3.577081455978200e-06 -1.000383583093392e-06
4.519292296719772e-06 -2.435515568429175e-06 4.025367711417134e-06 -4.114757298973966e-07
1.075408580400684e-06 -8.607490589343776e-07 8.951028875357808e-07 1.202129787273595e-06
1.430440599978716e-06 -1.374024602714902e-06 1.249633709631842e-06 6.789970082429046e-07
1.430068608930191e-06 -3.399678696827940e-07 1.189508306673416e-06 1.633375011063506e-06
3.077664131964362e-06 -3.010218446949260e-06 2.754927168425733e-06 -8.619231106605106e-07
2.296604796137951e-06 -2.386234499021442e-06 2.066229191811393e-06 -3.045862207976076e-07
2.000783267671446e-06 -1.468583573357853e-06 1.725257309337053e-06 5.647331997106972e-07
2.156363126169169e-06 -1.565591679655762e-06 1.857353511598806e-06 4.712022226172770e-07
2.225912770127268e-06 -1.769452957263773e-06 1.934386110236110e-06 2.729135910680025e-07
3.637287641266000e-06 -2.359042702946105e-06 3.237404675176535e-06 -3.084055461953978e-07
4.147002738611464e-06 -1.877305621357144e-06 3.700089929444237e-06 1.415987193818812e-07
1.748081513644840e-06 -9.396026222076805e-07 1.509805010560325e-06 1.050997454499142e-06
2.036825604890065e-06 -2.552077946135999e-07 1.784332346852103e-06 1.697967843907141e-06
2.717976660626088e-06 -1.945907352426401e-06 2.413509978358987e-06 8.182113696265378e-08
2.184307135644465e-06 -1.191665919490260e-06 1.882845405967299e-06 8.103903247745853e-07
2.370820224915129e-06 -1.497928380506039e-06 2.053127470685727e-06 5.272037852645326e-07
3.390754573302900e-06 -1.707923887591751e-06 3.018944073033692e-06 2.966657714926157e-07
3.902749114516950e-06 -1.340993418050954e-06 3.494080706708668e-06 6.350985989396586e-07
2.225080999682932e-06 -6.001938709415331e-07 1.950157561152526e-06 1.369009493739555e-06
2.223102081282712e-06 -1.678976800327740e-07 1.960161835351927e-06 1.779333982789903e-06
2.858408514323697e-06 -1.041998286708506e-06 2.514775625844529e-06 9.514161507842972e-07
3.802169575593139e-06 -8.293854452116918e-07 3.402327357518543e-06 1.146551974431055e-06
3.789941076827512e-06 -3.545755949310388e-07 3.407147384154119e-06 1.587585875587860e-06
2.591086931710563e-06 -2.753207033843279e-07 2.302209253386506e-06 1.674473399578972e-06
2.337828405481797e-06 7.940197922079443e-09 2.067281342145910e-06 1.942717458300654e-06
2.488452752347323e-06 4.712694744622093e-07 2.182210246345678e-06 2.376922613310963e-06
3.330112047757537e-06 -2.783192955992013e-07 2.970971504910687e-06 1.657376333476173e-06
2.690097134920136e-06 8.864983739298577e-07 2.335475447357382e-06 2.779142280189053e-06
3.877472991474339e-06 1.132588198502031e-07 3.514975995264385e-06 1.993747702048044e-06
2.921000137282403e-06 4.981895776578055e-07 2.582403016269819e-06 2.388292546053897e-06
3.521941492069447e-06 5.308678324940262e-07 3.151537759966497e-06 2.396549440699975e-06
2.921438398974258e-06 1.268021303027257e-06 2.508432142218754e-06 3.148729611608290e-06
4.036416134056457e-06 5.309219700219117e-07 3.696993046808187e-06 2.385100151463601e-06
3.862123850388403e-06 9.150708632537923e-07 3.501675930886685e-06 2.759064516770722e-06
3.491014686207178e-06 1.143655812405145e-06 3.073450149179111e-06 2.998517727021758e-06
3.187682361016316e-06 1.601696992004806e-06 2.733035495580383e-06 3.510670892963754e-06
3.472873841455139e-06 1.890940336995115e-06 3.020352181896356e-06 3.884704896246577e-06
4.248969481719936e-06 8.992079283262820e-07 3.948638083090467e-06 2.715353393478216e-06
4.071132811418968e-06 1.313936357532167e-06 3.730137539609380e-06 3.162092169879150e-06
3.868284520417336e-06 1.769878362192867e-06 3.468849992189249e-06 3.728354925586151e-06
3.783844981670606e-06 2.132861295421228e-06 3.357297986061028e-06 4.277030206834195e-06
4.507611777241075e-06 1.204790205760882e-06 4.320772021971949e-06 2.973350516882677e-06
4.421300703423752e-06 1.760088479170945e-06 4.201678985373813e-06 3.705998461997641e-06
4.105702988784312e-06 2.335658517461955e-06 3.744889072464328e-06 4.641121433560013e-06
4.430664822081034e-06 2.491161579635753e-06 4.226604121833798e-06 4.995017330021997e-06
4.761275309347287e-06 2.597662962669884e-06 4.778345885946931e-06 5.316310401073603e-06
4.795928078062639e-06 1.871378669091638e-06 4.817532828625169e-06 3.869010730449709e-06
4.796918939847532e-06 1.441982116238191e-06 4.798934668241070e-06 3.183518379643228e-06
4.725405869814391e-06 2.273209946522058e-06 4.679475914617225e-06 4.629414312896546e-06
5.086027977900832e-06 2.669071980023619e-06 5.433800051573335e-06 5.556385546504770e-06
5.400948099102414e-06 2.697735256684273e-06 6.176087829206393e-06 5.746731676310614e-06
5.077352790329305e-06 1.965044675969341e-06 5.383113952048598e-06 4.014861187930675e-06
5.100265837635656e-06 1.618610322149997e-06 5.442770571355670e-06 3.338972483577219e-06
5.709520080830236e-06 2.691854297750911e-06 6.959069096168639e-06 5.844943856805571e-06
5.379935608032543e-06 2.266611771383122e-06 6.056476442034429e-06 4.673092431497500e-06
5.409779439020972e-06 1.734425990402592e-06 6.150269792670766e-06 3.400878454231845e-06
5.780583765074084e-06 2.305999629696742e-06 7.144001248573830e-06 4.781743860654089e-06
6.024199352570103e-06 2.663182395853271e-06 7.872273592081248e-06 5.903666138229340e-06
5.717150157540919e-06 1.782901678856032e-06 6.948323750502094e-06 3.387684221707573e-06
6.432939462280340e-06 2.633103398431671e-06 9.190307533245712e-06 6.000598849713973e-06
6.123174975641912e-06 2.094046026978495e-06 8.145201998085739e-06 4.151182080596087e-06
6.026324463599198e-06 1.809537230354799e-06 7.898065017861723e-06 3.295961796439316e-06
6.933280859914975e-06 2.584137581889697e-06 1.117992137726246e-05 6.047699969450828e-06
6.699911345723248e-06 2.207161067684029e-06 1.019893951536106e-05 4.472105334546708e-06
6.432690604640950e-06 1.846170832840344e-06 9.247040245464340e-06 3.171072580072223e-06
7.500093932463947e-06 2.526311251338021e-06 1.390649484974190e-05 6.086459102676572e-06
7.233091879563225e-06 2.235185049853923e-06 1.253043224129105e-05 4.581170203086857e-06
6.933714979579455e-06 1.890798486306112e-06 1.117141644680616e-05 3.108327515063133e-06
7.992740336717914e-06 2.471262960352933e-06 1.679287598513706e-05 6.148941051997900e-06
7.763328060726210e-06 2.233429646039948e-06 1.535203688115642e-05 4.554502122946164e-06
7.500884487870896e-06 1.942816353375531e-06 1.390587335146509e-05 3.049245893496380e-06
8.389190279877960e-06 2.420106966147498e-06 1.972341721065178e-05 6.116623321528656e-06
8.206984117338345e-06 2.231379177394136e-06 1.829649388377781e-05 4.516179969858634e-06
7.993542832529436e-06 1.993614710318340e-06 1.681257276349132e-05 2.941063860497910e-06
8.698295600833117e-06 2.375739478279944e-06 2.280427625154733e-05 6.130000745600952e-06
8.557534094025358e-06 2.229483902652307e-06 2.129404147978658e-05 4.483316218678206e-06
8.389818876887538e-06 2.040800118051919e-06 1.979254627336774e-05 2.897766200515007e-06
8.935230739638933e-06 2.340524638850566e-06 2.599490782429922e-05 6.122329022263900e-06
8.827524888711868e-06 2.227839992841512e-06 2.443338172194706e-05 4.449819320274605e-06
8.698644115125834e-06 2.081580900820237e-06 2.286762981674424e-05 2.821224633825881e-06
9.118071503335882e-06 2.314898656623613e-06 2.915699756633085e-05 6.102191583519507e-06
9.034382853649633e-06 2.226588397860888e-06 2.760025019909530e-05 4.432321492721972e-06
8.935454146158031e-06 2.113716571161573e-06 2.602215196516060e-05 2.746528232318752e-06
9.263196272759527e-06 2.297570907009170e-06 3.232468807626473e-05 6.064778997716875e-06
9.195837480469614e-06 2.225825996751278e-06 3.078990984973701e-05 4.394898274844008e-06
9.118184231496657e-06 2.137340390132018e-06 2.918728428667131e-05 2.689404291976256e-06
9.384158241933927e-06 2.286749326492460e-06 3.555574441231930e-05 6.151996543074709e-06
9.326932268085270e-06 2.225321422449935e-06 3.397460057699286e-05 4.358282195351852e-06
9.263406619904552e-06 2.153430533713437e-06 3.240265504548114e-05 2.658538740166023e-06
9.490867308891995e-06 2.280330520881147e-06 3.894667001350604e-05 6.203333679717632e-06
9.439368294630738e-06 2.224939613135986e-06 3.727957255348944e-05 4.337993205048059e-06
9.384375768025923e-06 2.163543097530158e-06 3.565064600907521e-05 2.591030519094753e-06
9.698490462690702e-06 2.270271058693268e-06 4.659584084473065e-05 6.032809650776525e-06
9.684873926208748e-06 2.275939806453943e-06 4.607979450083434e-05 6.245228208914650e-06
9.535943510840770e-06 2.224723574500996e-06 4.054693165443806e-05 4.318551979602362e-06
9.589530438244461e-06 2.276754857804198e-06 4.250450395177281e-05 6.222366073953624e-06
9.490886571543360e-06 2.169466528497977e-06 3.902460211127018e-05 2.515723964039816e-06
9.704123298134095e-06 2.256607537295638e-06 4.681032706080673e-05 5.517160003917250e-06
9.672049188542863e-06 2.224494606110359e-06 4.559306459692614e-05 4.296035287826524e-06
9.589505345682249e-06 2.172414439273829e-06 4.252584301181297e-05 2.420855812680594e-06
9.704014348446197e-06 2.192438887907122e-06 4.682574762893443e-05 3.062249445871244e-06
9.684773716611061e-06 2.173140790121374e-06 4.610088988213543e-05 2.339248848803403e-06
9.698379216971887e-06 2.178799489213645e-06 4.661409278798315e-05 2.550326074326198e-06
