-1.802482988160553e-06 1.834304007563011e-06 4.450595397967228e-05 -6.395497124916547e-06
-1.781832381128158e-06 1.884252149585158e-06 4.467343556803073e-05 -5.977938224840284e-06
-1.781976474214259e-06 2.119575223989815e-06 4.462389932525342e-05 -3.884127993135779e-06
-1.802650163966408e-06 2.169541023134694e-06 4.444982869125250e-05 -3.463286359316641e-06
-1.852364304661030e-06 1.813600309270320e-06 4.409449676997523e-05 -6.569049665728010e-06
-1.945911975291026e-06 2.001930367325433e-06 4.319083152071264e-05 -4.924153213467083e-06
-1.852566802301340e-06 2.190249130798557e-06 4.402919328283956e-05 -3.288554276005454e-06
-2.203714051327597e-06 1.812694900498959e-06 4.096102592941679e-05 -6.532299329550338e-06
-2.203845492567695e-06 2.190709210854397e-06 4.088418299554214e-05 -3.322723826896040e-06
-2.398914790178438e-06 2.001342808203833e-06 3.938764295380013e-05 -4.925856705219231e-06
-2.558397178145297e-06 1.810346866368759e-06 3.806838530117644e-05 -6.367074310837810e-06
-2.558138647272746e-06 2.191401228250378e-06 3.796914191849384e-05 -3.470631174817247e-06
-2.736811088941738e-06 2.000652965973873e-06 3.686021266536742e-05 -4.850854919743754e-06
-2.916567765320300e-06 1.808971903291338e-06 3.543108871038237e-05 -6.321368363471369e-06
-2.915491810376549e-06 2.191055078391094e-06 3.538473249340475e-05 -3.398204277456292e-06
-3.095285259915402e-06 1.999586109904341e-06 3.411183518069400e-05 -4.849778248805071e-06
-3.273832944215024e-06 1.810536211901717e-06 3.282320907304582e-05 -6.328077271927525e-06
-3.272471232683948e-06 2.187354229452839e-06 3.259439272495512e-05 -3.278081156821557e-06
-3.449719538422623e-06 1.998269555111155e-06 3.119445041460970e-05 -4.848427716481477e-06
-3.622332824503488e-06 1.816909126860739e-06 2.982509572291055e-05 -6.541540163590996e-06
-3.620935148558666e-06 2.178239163341962e-06 2.942362095278017e-05 -3.056790683541132e-06
-3.790496673953420e-06 1.996597478416094e-06 2.789593539474833e-05 -4.852360591864993e-06
-3.951409354298169e-06 1.828950173518691e-06 2.647440030413354e-05 -6.705631453534182e-06
-3.950227966929027e-06 2.162397029520302e-06 2.602597019397572e-05 -2.970841953731707e-06
-4.105939252695503e-06 1.994497021699236e-06 2.437815894962126e-05 -4.877818819718036e-06
-4.248222588509735e-06 1.848255932467072e-06 2.302781662044139e-05 -6.714315992877057e-06
-4.247367929678469e-06 2.138430075423078e-06 2.271430320354293e-05 -3.090125109975080e-06
-4.381811544878634e-06 1.992045206136590e-06 2.090297041168145e-05 -4.858224549841632e-06
-4.497300292570976e-06 1.876331204306347e-06 1.965201023431936e-05 -6.676800368416983e-06
-4.496692275950221e-06 2.105029080766266e-06 1.950819837232428e-05 -3.233882127603125e-06
-4.601048131567332e-06 1.989274898231331e-06 1.766305196594672e-05 -4.882569116874528e-06
-4.680119047549134e-06 1.914537443456325e-06 1.640855509403452e-05 -6.590050553598101e-06
-4.679527923131047e-06 2.060968158555811e-06 1.648448961594477e-05 -3.378926458007057e-06
-4.744057053708422e-06 1.986289679043969e-06 1.476283931694758e-05 -4.910744280341035e-06
-4.776786725946181e-06 1.963668644456791e-06 1.333539095904253e-05 -6.455067718073472e-06
-4.776096106216132e-06 2.005506735017014e-06 1.362416688099510e-05 -3.460969221413123e-06
-4.791097933212876e-06 1.983546720064494e-06 1.209258047968272e-05 -4.953141164500990e-06
-4.769446584108894e-06 2.022650419639575e-06 1.066118054079079e-05 -6.292621775968347e-06
-4.768752172275570e-06 1.937672996295445e-06 1.094109630926779e-05 -3.604066454338789e-06
-4.741880230564640e-06 1.987303956626183e-06 9.842919050065768e-06 -5.093512063541639e-06
-4.677264077303655e-06 2.079124225828590e-06 8.927508306150884e-06 -6.177205485803747e-06
-4.677770047217960e-06 1.874083918731546e-06 9.034895972599585e-06 -3.676567188360620e-06
-4.553160297850994e-06 2.129322200294442e-06 7.797715676575062e-06 -6.105380848223042e-06
-4.594020516496912e-06 2.023423717423394e-06 7.977273359106965e-06 -5.454325346897482e-06
-4.554646631659044e-06 1.832874177308361e-06 7.808655649979381e-06 -3.821270624159996e-06
-4.432616567043156e-06 1.789323166886592e-06 6.954942393618600e-06 -3.930601372968940e-06
1.026682710964226e-06 -2.487843629569112e-07 -1.139543928510011e-06 -1.555753606675935e-06
1.047447747014399e-06 -2.985867533396901e-07 -1.163889249793479e-06 -1.501615987962271e-06
1.047387818996588e-06 -4.847056401783943e-07 -1.167872492793949e-06 -1.305852110390967e-06
1.026699723363763e-06 -5.340948662361815e-07 -1.143536717019757e-06 -1.249168991349495e-06
-4.437802307438250e-06 2.164723572133969e-06 7.084329714253729e-06 -6.049626682085628e-06
-4.298752940670743e-06 2.189100932612927e-06 6.439783327741424e-06 -5.988087461368995e-06
-4.423227887286769e-06 1.927970273712160e-06 6.762649404042006e-06 -4.718222629815041e-06
-4.312304173294212e-06 1.731784438087196e-06 6.330300715490211e-06 -4.034465565024347e-06
9.770592386438709e-07 -2.282792369856771e-07 -1.082617417929301e-06 -1.578355155515941e-06
9.267713404410989e-07 -4.324709636222210e-07 -1.034702026629618e-06 -1.359129436144866e-06
9.772930206849193e-07 -5.548565235964798e-07 -1.086969501216119e-06 -1.222428978631302e-06
-4.264722389345655e-06 2.064862158072821e-06 6.195925191285135e-06 -5.360018433019735e-06
-4.141816025120103e-06 2.203636442196945e-06 5.840277140361250e-06 -5.822910349919386e-06
-3.960241048574682e-06 2.184306991221348e-06 5.253776117895908e-06 -5.599669213207398e-06
-4.222250438335932e-06 1.854105446442947e-06 5.984987947303197e-06 -4.553225554626766e-06
-4.159689187797619e-06 1.635883995461501e-06 5.781402516355548e-06 -3.942456350769938e-06
6.399330823082723e-07 -2.240935438483402e-07 -6.984935758564244e-07 -1.616807283519567e-06
6.393302458062347e-07 -5.617125437966645e-07 -6.991393415058355e-07 -1.192505575504706e-06
4.649624711556697e-07 -3.934435101018730e-07 -4.516833905284727e-07 -1.423490138318679e-06
-3.756268328226848e-06 2.146877309909542e-06 4.721568323559417e-06 -5.316148342795851e-06
-3.946442456665856e-06 2.011060612229506e-06 5.147935247286686e-06 -5.004855377260006e-06
-4.014044736565857e-06 1.755005999571819e-06 5.380853391922032e-06 -4.262363277301538e-06
-3.991957350682092e-06 1.496503826076544e-06 5.372033641221940e-06 -3.764840677248018e-06
2.761874840987320e-07 -1.947728129542642e-07 -2.236804965335827e-07 -1.677861175546131e-06
2.760673721632423e-07 -5.928564614937487e-07 -2.180832784209239e-07 -1.151996607872614e-06
6.188235739365660e-08 -3.941776294461006e-07 5.803784003778792e-08 -1.405695099988144e-06
-3.544497558271321e-06 2.068058239821533e-06 4.277252516621178e-06 -5.034154304780855e-06
-3.317143590812486e-06 1.947792867384506e-06 3.931956332358274e-06 -4.691285667770248e-06
-3.756263378680490e-06 1.702536979022552e-06 4.770300563669028e-06 -4.151664515653220e-06
-3.819426601889122e-06 1.317785958225383e-06 4.994364272048848e-06 -3.517221445687810e-06
-1.830391579451377e-07 -1.300238107149248e-07 3.443213930161242e-07 -1.713830818533489e-06
-1.833048869670115e-07 -6.590752623658063e-07 3.384293443989807e-07 -1.093281664975296e-06
-3.372611826021275e-06 1.725425906720712e-06 4.047395398331027e-06 -4.185678731423879e-06
-3.084958668520278e-06 1.796114692245599e-06 3.583518080070601e-06 -4.306542251808958e-06
-3.473960021620129e-06 1.433909932610151e-06 4.250256853514763e-06 -3.694416970603067e-06
-3.653706102376426e-06 1.083044547567751e-06 4.574356662963400e-06 -3.066330479429783e-06
-4.520634001437553e-07 -3.947530482230751e-07 6.654593052988299e-07 -1.429516885045161e-06
-7.702383021719928e-07 -3.637239774532755e-08 1.065075779317774e-06 -1.825127592649081e-06
-7.700027542725503e-07 -7.538512478757816e-07 1.056685917028207e-06 -1.041000528716382e-06
-2.867614529752114e-06 1.599820852626565e-06 3.278116518966891e-06 -3.916917437300892e-06
-2.650952830114950e-06 1.347680225478605e-06 3.089928006316901e-06 -3.562983032380841e-06
-2.448892168878590e-06 1.062451631907394e-06 2.915556993056243e-06 -3.177932838573218e-06
-3.257338649925602e-06 1.139237149981081e-06 3.922112170878499e-06 -3.203979448653669e-06
-3.508480437397303e-06 7.899058020251068e-07 4.316914113471156e-06 -2.750487894911211e-06
-1.025663241734748e-06 -3.942785534694585e-07 1.357411568483282e-06 -1.442436109218584e-06
-1.337684091506954e-06 5.602368389060074e-08 1.718926225968804e-06 -1.956609745801022e-06
-1.337104993135875e-06 -8.491814711397354e-07 1.724913683728027e-06 -8.613858797955182e-07
-2.803677155649176e-06 1.071749389744977e-06 3.312058055518817e-06 -3.169381119305598e-06
-2.282232690147566e-06 7.315443825430000e-07 2.764289444814492e-06 -2.750760585762228e-06
-1.867538853744769e-06 1.356458869937966e-07 2.389709879991767e-06 -2.061554234493529e-06
-2.033407894621568e-06 2.105613958184410e-07 2.535281482894167e-06 -2.130336610017505e-06
-2.136152573030849e-06 3.560574268422112e-07 2.619329120947006e-06 -2.279618043510846e-06
-3.096205957221467e-06 7.423118497541578e-07 3.694536155594884e-06 -2.701795250126007e-06
-3.404884338067338e-06 4.450276901721887e-07 4.086394903955990e-06 -2.251033712774474e-06
-1.618676901886414e-06 -3.294484010817421e-07 2.064920620675982e-06 -1.472088889529691e-06
-1.832232342939370e-06 -9.150877713107077e-07 2.310151913240640e-06 -8.127637847810708e-07
-2.523642429102557e-06 4.885916303856618e-07 3.045582447128871e-06 -2.423376922356387e-06
-2.026046465837293e-06 -9.850846815579846e-08 2.539020338857244e-06 -1.785634333858282e-06
-2.221276656662002e-06 1.580944932725780e-07 2.723022198782217e-06 -2.062575064040732e-06
-2.962387196717444e-06 3.343242990896182e-07 3.565351392542887e-06 -2.161360970681891e-06
-3.354313719085317e-06 5.552754370426183e-08 3.970853933238386e-06 -1.858882472268437e-06
-2.005080887461216e-06 -6.071204120436966e-07 2.519957378738323e-06 -1.170140832123361e-06
-1.959136256195781e-06 -9.932435943116402e-07 2.493139110633117e-06 -7.429888663763825e-07
-2.582401314499914e-06 -1.743019733219277e-07 3.169980525836448e-06 -1.639396367588754e-06
-3.355591630285891e-06 -3.610343811999578e-07 3.968766344418202e-06 -1.374291592696386e-06
-3.469923180312836e-06 -8.037360719624303e-07 4.117658499186041e-06 -9.396048839715268e-07
-2.289256113971280e-06 -8.780447116647494e-07 2.847882610520304e-06 -8.774270328020240e-07
-2.025600045059315e-06 -1.174683067954880e-06 2.600589130588557e-06 -5.487232738017424e-07
-2.094707229945333e-06 -1.702172356996015e-06 2.741700258911387e-06 1.731356371671644e-08
-3.005090363491355e-06 -8.409987408693832e-07 3.639549869133035e-06 -9.192890007935333e-07
-2.228041969160510e-06 -2.259194504041557e-06 2.925000789464233e-06 5.582044625699811e-07
-3.680770682572379e-06 -1.265597193419044e-06 4.379322177605131e-06 -4.225913218457681e-07
-2.551528169406071e-06 -1.706056647832895e-06 3.180835018794886e-06 6.009059215504783e-08
-3.274761288286181e-06 -1.748969175858239e-06 3.981677012621660e-06 1.180687165508187e-07
-2.454522838504368e-06 -2.810735251601260e-06 3.174825373461941e-06 1.081968969408861e-06
-4.002848187764388e-06 -1.750520462485834e-06 4.669742938923950e-06 1.106584666060144e-07
-3.787579236052736e-06 -2.267874265435508e-06 4.482580840571186e-06 6.219355415244705e-07
-3.226371720865273e-06 -2.608855298392102e-06 3.962393085590509e-06 9.360887150414072e-07
-2.757760551600220e-06 -3.379155742742194e-06 3.462507709132779e-06 1.590313046338464e-06
-3.166572948962096e-06 -3.939905037865984e-06 3.861145821907193e-06 2.113959258496958e-06
-4.452479427906819e-06 -2.222080312859806e-06 5.056693625774105e-06 6.092246575227919e-07
-4.158526871726802e-06 -2.895265001774466e-06 4.835845187933011e-06 1.229693850021434e-06
-3.803617196151982e-06 -3.726001823459628e-06 4.496117209574566e-06 1.925409231634320e-06
-3.649674534560160e-06 -4.483377714433187e-06 4.328989117391323e-06 2.498483224193927e-06
-5.014142900190058e-06 -2.661767324853554e-06 5.482747033199025e-06 1.098223471271565e-06
-4.854588443909799e-06 -3.730805959012343e-06 5.382961210349552e-06 1.964648904779459e-06
-4.228676819495665e-06 -4.974096838166359e-06 4.855709242379981e-06 2.800275970511287e-06
-4.904404575505269e-06 -5.419115307857377e-06 5.388942150765706e-06 3.042195856837956e-06
-5.650334630863268e-06 -5.810781672625791e-06 5.948136096088851e-06 3.226459643912797e-06
-5.700647647584344e-06 -3.971313921278119e-06 5.933279530451479e-06 2.153983611207067e-06
-5.689512254484347e-06 -3.046055788989063e-06 5.933233595848402e-06 1.506625008514917e-06
-5.527030648408074e-06 -4.933547331505959e-06 5.866826684409124e-06 2.707866664515352e-06
-6.475579383016801e-06 -6.106933663444796e-06 6.468677572629985e-06 3.353238383102679e-06
-7.365796319993790e-06 -6.319191806386458e-06 6.891345996037647e-06 3.400536659031541e-06
-6.405817109366054e-06 -4.180860924662139e-06 6.313916297173786e-06 2.283078811307839e-06
-6.477068452025827e-06 -3.324960407957990e-06 6.350649280973051e-06 1.765479253558856e-06
-8.292828396661451e-06 -6.425009527015022e-06 7.317862112021241e-06 3.410735013761698e-06
-7.234136002237333e-06 -5.010823804503078e-06 6.813324302035214e-06 2.778222194682370e-06
-7.349122957365531e-06 -3.478023863592585e-06 6.819651080409938e-06 1.905535105057958e-06
-8.492471954004922e-06 -5.161191648037964e-06 7.377031823949031e-06 2.854537424362660e-06
-9.369602453000686e-06 -6.488102242701531e-06 7.732669495350971e-06 3.409859274668803e-06
-8.275898521555622e-06 -3.507250172937108e-06 7.296245152585333e-06 1.999062202543487e-06
-1.090471160049839e-05 -6.551944719530590e-06 8.310019474698984e-06 3.362202921927610e-06
-9.666294726221954e-06 -4.426041923758598e-06 7.895029128261519e-06 2.523219487932843e-06
-9.366228556204725e-06 -3.445198567167387e-06 7.750116278929287e-06 2.077959400144079e-06
-1.314442690051092e-05 -6.651418263193130e-06 8.997773632423857e-06 3.403371022163329e-06
-1.200764039573762e-05 -4.835620672477499e-06 8.687720888410627e-06 2.757887877120882e-06
-1.090656037095379e-05 -3.363036233223028e-06 8.339867004584709e-06 2.185034202706262e-06
-1.628801526131481e-05 -6.760554787892301e-06 1.013161785879731e-05 3.531619594267027e-06
-1.468528165454541e-05 -4.962395763712639e-06 9.646127503104194e-06 2.805403112553101e-06
-1.314523887883148e-05 -3.267484985807931e-06 9.174731179310062e-06 2.173097419019289e-06
-1.974498363310862e-05 -6.854891531482988e-06 1.150156647551718e-05 3.688240537457794e-06
-1.798744560185685e-05 -4.961938034001013e-06 1.084219743857458e-05 2.871541303127155e-06
-1.628812092054089e-05 -3.162708989597794e-06 1.030313901690096e-05 2.190397655342542e-06
-2.336390067588072e-05 -6.935752646234437e-06 1.308079492855658e-05 3.806727589843022e-06
-2.152900726294501e-05 -4.961986275897713e-06 1.226328359881684e-05 2.952255826162674e-06
-1.974488086140928e-05 -3.068979120578076e-06 1.158855107123319e-05 2.209041534881029e-06
-2.712125464285887e-05 -7.002983952053607e-06 1.456568378001260e-05 3.860374886187819e-06
-2.522140090684149e-05 -4.961992430249338e-06 1.377370840658105e-05 3.046237583243322e-06
-2.336381619368125e-05 -2.988242071401812e-06 1.300824528480235e-05 2.270951056073632e-06
-3.099102128570530e-05 -7.056393595887666e-06 1.600395780157753e-05 3.891523596924439e-06
-2.903941766934990e-05 -4.961951229043157e-06 1.526539691851272e-05 3.129001512445936e-06
-2.712122234600159e-05 -2.920912809264180e-06 1.447217280090875e-05 2.285776764321306e-06
-3.494810122086727e-05 -7.096910912218592e-06 1.732251890964229e-05 3.765903736349492e-06
-3.295687966566805e-05 -4.961702123712850e-06 1.674596313199869e-05 3.158781704552814e-06
-3.099108365057836e-05 -2.867300011418817e-06 1.600093876400337e-05 2.350323105891548e-06
-3.897015386175704e-05 -7.126042044648463e-06 1.842503528938267e-05 3.694313157818132e-06
-3.694996117500097e-05 -4.961210565646743e-06 1.796623554973428e-05 3.155281058472759e-06
-3.494824619644330e-05 -2.826041909891168e-06 1.745829946609532e-05 2.499032754626534e-06
-4.303733242319743e-05 -7.145367259765730e-06 1.933933225232690e-05 3.600879915497447e-06
-4.099756134138780e-05 -4.960716929511200e-06 1.895212721848738e-05 3.144110979107898e-06
-3.897011454945885e-05 -2.795944299879821e-06 1.856381903893590e-05 2.595348036501728e-06
-4.713236120235256e-05 -7.156590656464423e-06 2.016163024263272e-05 3.548492737408740e-06
-4.508138835610943e-05 -4.960328664366125e-06 1.978001495391845e-05 3.112085159258954e-06
-4.303717301803787e-05 -2.775612436359141e-06 1.941878132697106e-05 2.647398064165588e-06
-5.593936813293984e-05 -6.920687078818022e-06 2.200007915373753e-05 3.474300877910190e-06
-5.535526414766290e-05 -7.162608918613598e-06 2.188877038560919e-05 3.523091320687454e-06
-4.897166434629663e-05 -4.960092324125029e-06 2.056991889936719e-05 3.077612979675413e-06
-5.124162074663354e-05 -7.161674201798158e-06 2.106923148402609e-05 3.537754157073668e-06
-4.713230720625062e-05 -2.763762857894408e-06 2.019487532042997e-05 2.647318271996062e-06
-5.618131513943228e-05 -6.336618542109341e-06 2.204603713430535e-05 3.358895903590139e-06
-5.479892186663126e-05 -4.959848726786028e-06 2.178673070738248e-05 3.082627828596919e-06
-5.124168089465240e-05 -2.758251556395032e-06 2.106598827765629e-05 2.601540716519337e-06
-5.618131889073342e-05 -3.583072529741139e-06 2.205930937771831e-05 2.803518281548323e-06
-5.535528613891621e-05 -2.757107690769999e-06 2.189767054033229e-05 2.631015028470707e-06
-5.593937716150632e-05 -2.999020987688223e-06 2.201275946745194e-05 2.682406498774735e-06
