2.995260167023230e-05 -2.424510192248153e-06 -3.672217344365454e-05 5.125066178108021e-06
3.010119364488698e-05 -2.065795487075555e-06 -3.689006115382249e-05 4.729712208198040e-06
3.010113902943553e-05 -3.746213405563089e-07 -3.695967731207948e-05 2.823057331774773e-06
2.995254436097175e-05 -1.592753335466164e-08 -3.679613541744815e-05 2.418535932264125e-06
2.959386980235436e-05 -2.573093839362003e-06 -3.632214912352806e-05 5.288602180506031e-06
2.892068566800626e-05 -1.220210830725080e-06 -3.558900131258928e-05 3.781456804808921e-06
2.959381775239919e-05 1.326448782577756e-07 -3.639555284006364e-05 2.251115584857580e-06
2.706698920402557e-05 -2.572668951812257e-06 -3.345117200207785e-05 5.267821852542036e-06
2.706696780803902e-05 1.319602129090628e-07 -3.353509055875685e-05 2.286900572252845e-06
2.567245600504402e-05 -1.220545475223211e-06 -3.195510226913998e-05 3.798508634187700e-06
2.454261203988067e-05 -2.568728635547357e-06 -3.062334407272461e-05 5.249715986953114e-06
2.454274777862494e-05 1.270277214618216e-07 -3.066583453914613e-05 2.247043022088861e-06
2.328378801067023e-05 -1.221120990765442e-06 -2.933987251226228e-05 3.816728908576821e-06
2.203124468333123e-05 -2.558144773195817e-06 -2.802712908703241e-05 5.243086163345478e-06
2.203138989086133e-05 1.149998349806077e-07 -2.791724702950389e-05 2.306770449497845e-06
2.078371472606378e-05 -1.221843928892016e-06 -2.662444714969445e-05 3.839219396118103e-06
1.954836525926697e-05 -2.539215894750611e-06 -2.538936694063787e-05 5.216343339083008e-06
1.954871267469886e-05 9.439984297880739e-08 -2.529357810334086e-05 2.395759055916489e-06
1.832095167300008e-05 -1.222759437036295e-06 -2.393894271038923e-05 3.831977607475438e-06
1.711085189288776e-05 -2.511991253048964e-06 -2.278122596119713e-05 5.250537853860355e-06
1.711157578239998e-05 6.511867213825487e-08 -2.270329433490610e-05 2.416880612501620e-06
1.591126307959312e-05 -1.223750338615328e-06 -2.125398134099654e-05 3.798966359378622e-06
1.473234164935236e-05 -2.478121298709622e-06 -2.023491038284207e-05 5.177300702891629e-06
1.473382715095136e-05 2.918047369783425e-08 -2.014622048843062e-05 2.487872914472888e-06
1.356639280234731e-05 -1.224884208189074e-06 -1.872952159111774e-05 3.795545649134418e-06
1.242468617853061e-05 -2.437440734373256e-06 -1.784669410211322e-05 5.014930952053353e-06
1.242654165034403e-05 -1.355892673392471e-08 -1.779623509965336e-05 2.679344117535746e-06
1.129830125100561e-05 -1.226216423407827e-06 -1.648970369955677e-05 3.823553915370379e-06
1.020237868906493e-05 -2.387189737173794e-06 -1.563653617099880e-05 4.971637561236718e-06
1.020388824040582e-05 -6.607882484162738e-08 -1.571822638339867e-05 2.804592243642381e-06
9.124455966543656e-06 -1.227489782023777e-06 -1.453358672885514e-05 3.830177877354489e-06
8.085803124188154e-06 -2.324531646197767e-06 -1.353530007399015e-05 4.941644711322490e-06
8.086508049613960e-06 -1.313291602867939e-07 -1.383036961571863e-05 2.789243255119822e-06
7.068800613222909e-06 -1.228703701551844e-06 -1.263917629278950e-05 3.838616998458913e-06
6.100713826717975e-06 -2.246973416058129e-06 -1.150818429461280e-05 4.862739465194015e-06
6.100800877904999e-06 -2.121838342021672e-07 -1.182943371748680e-05 2.801834349994821e-06
5.195592356186200e-06 -1.229390103560134e-06 -1.072703616160834e-05 3.878287557560369e-06
4.345958729038504e-06 -2.155462940057298e-06 -9.741511142256170e-06 4.774295883813096e-06
4.345544017618458e-06 -3.098651669517935e-07 -9.891537657234444e-06 2.845075186299203e-06
3.724282252527508e-06 -1.297635599754768e-06 -9.132512892812287e-06 3.967720323491075e-06
3.144629014039221e-06 -2.069182340479853e-06 -8.513867813349616e-06 4.735895541042045e-06
3.142460781805676e-06 -4.010480706953298e-07 -8.560568999612122e-06 2.954534928987409e-06
2.353958359198802e-06 -1.993178237470066e-06 -7.710813545733787e-06 4.677406590062117e-06
2.483892449368548e-06 -1.500588617760981e-06 -7.849602284056264e-06 4.181408656459030e-06
2.350491497646325e-06 -4.599389386331018e-07 -7.703267792252202e-06 2.980630961623524e-06
1.822446425158910e-06 -5.228316601333460e-07 -7.111081286769857e-06 3.026213380749375e-06
9.585668855778745e-08 -1.793370254576785e-07 1.337842442932077e-06 1.494083854189661e-07
9.771106362834372e-08 -1.837145691669329e-07 1.356812706526183e-06 9.786771564182065e-08
9.774810059205830e-08 -2.002847416831800e-07 1.354802592291668e-06 -7.930426627400717e-08
9.589645285554081e-08 -2.047319493718312e-07 1.338204935606462e-06 -1.270886488601970e-07
1.816080320401402e-06 -1.939356912058243e-06 -7.132091828777178e-06 4.615357214434080e-06
1.377840458328740e-06 -1.865225861270302e-06 -6.659463077252763e-06 4.557585053579460e-06
1.693879639917843e-06 -1.057090979120879e-06 -6.980303153441958e-06 3.665377679940722e-06
1.357884702059695e-06 -5.507430184214489e-07 -6.598824425251201e-06 3.021270899353923e-06
9.147306760355869e-08 -1.775721803200238e-07 1.291493834248286e-06 1.723796434707525e-07
8.694902986833142e-08 -1.957683949504312e-07 1.240513803374111e-06 -2.795967379008100e-08
9.145316431074796e-08 -2.066465419947956e-07 1.294643103272174e-06 -1.496465823721801e-07
1.223904290627155e-06 -1.440113990811438e-06 -6.495855350868693e-06 4.085577139869234e-06
9.749511030094401e-07 -1.732399355121560e-06 -6.149924615039707e-06 4.486846613568076e-06
6.254316729644460e-07 -1.578026560929294e-06 -5.646826966266142e-06 4.361813658129265e-06
1.092658784883700e-06 -9.089315071758062e-07 -6.321861310197289e-06 3.448694006328655e-06
9.604448851555985e-07 -5.257910531390220e-07 -6.156826588251240e-06 2.917153931002674e-06
6.144752079803661e-08 -1.775494196906291e-07 8.841671761481975e-07 2.172510175186545e-07
6.132026469421783e-08 -2.073717749702749e-07 8.762571915982241e-07 -1.761756490433750e-07
4.608007174190060e-08 -1.925904972139314e-07 6.872581588794452e-07 2.082145493714685e-08
3.356288346749018e-07 -1.381028789970215e-06 -5.197296771266157e-06 4.162815340200817e-06
5.645011451296572e-07 -1.194831205046957e-06 -5.590048840981065e-06 3.857628023299362e-06
6.780740818320520e-07 -7.647592434687509e-07 -5.769270908161655e-06 3.241787067465308e-06
6.242426774416213e-07 -4.618155952958773e-07 -5.712929299551820e-06 2.715813111668656e-06
2.964631247558168e-08 -1.753637429495801e-07 4.558132863474820e-07 2.678139448030032e-07
2.966387052207587e-08 -2.098767834246366e-07 4.568432369551140e-07 -2.111788080630605e-07
1.123345218168107e-08 -1.925025400598998e-07 1.554398326219042e-07 2.597371442409950e-08
9.037828338037287e-08 -1.179956902918252e-06 -4.778130258898867e-06 3.901764509646080e-06
-8.974338679597949e-08 -9.799265835722693e-07 -4.396016966723054e-06 3.615647259864852e-06
3.063611147337124e-07 -7.121282373357502e-07 -5.209101200413635e-06 3.137957433768324e-06
3.520629028901304e-07 -3.609498474590549e-07 -5.361454623582733e-06 2.453830713685748e-06
-9.762524417411300e-09 -1.695954786734594e-07 -2.002192498148548e-07 3.879627043311891e-07
-9.509726353810492e-09 -2.147775885778765e-07 -2.046978232106752e-07 -3.439863505426416e-07
-4.161767578589587e-08 -7.200304401326975e-07 -4.511870249963236e-06 3.165792439055335e-06
-2.133203942196059e-07 -7.707061178869889e-07 -4.017363289520788e-06 3.286625943440120e-06
2.729461793757040e-08 -4.800576711376898e-07 -4.716592668033423e-06 2.682919144604019e-06
1.424289459096442e-07 -2.607341762329608e-07 -5.061757568014917e-06 2.110944740969986e-06
-3.246098872876542e-08 -1.918020195466529e-07 -5.731141187515189e-07 1.806707478849486e-08
-5.982583790145849e-08 -1.600581612516396e-07 -1.023473626883107e-06 5.428082135761839e-07
-5.966630175016391e-08 -2.222755570531901e-07 -1.019348371914228e-06 -5.000808672319852e-07
-3.060271529854204e-07 -5.784594583442266e-07 -3.672224018389237e-06 2.921078445785169e-06
-3.392099028181895e-07 -4.290997512672456e-07 -3.379527899568429e-06 2.532759914228471e-06
-3.301848738660350e-07 -2.928148347858460e-07 -3.125662416653488e-06 2.108298949026278e-06
-1.017673032843345e-07 -3.053420994875380e-07 -4.341939580440195e-06 2.208053581321647e-06
-1.142873927477403e-08 -1.807565051545409e-07 -4.766740280946929e-06 1.649997496244738e-06
-8.170932244155445e-08 -1.910836629126730e-07 -1.381827346643452e-06 2.961447583302675e-08
-1.095039195081401e-07 -1.495905936526763e-07 -1.762387141620697e-06 6.130609129633479e-07
-1.083316497279430e-07 -2.296090714902386e-07 -1.775390467222958e-06 -5.405038932956435e-07
-2.654179827198927e-07 -2.811713987452082e-07 -3.618072830474452e-06 2.113032008898159e-06
-3.077589405706065e-07 -1.956183649470731e-07 -2.925943377761056e-06 1.616999243947756e-06
-1.757535555249638e-07 -1.383529011452295e-07 -2.429605929214538e-06 7.385998960038056e-07
-2.093522688336442e-07 -1.350896709146638e-07 -2.651615467298042e-06 8.546580803122013e-07
-2.440834845630112e-07 -1.385290197040696e-07 -2.776561412108391e-06 1.071187210587276e-06
-1.799717563546625e-07 -1.742156563516077e-07 -4.078697426113035e-06 1.600581845852814e-06
-1.310420501049402e-07 -1.315654319320549e-07 -4.547611876439997e-06 1.167475762852575e-06
-1.351175085794523e-07 -1.853962194717700e-07 -2.112065972664973e-06 1.166207538478940e-07
-1.316160723766555e-07 -2.323020410331376e-07 -2.409754900247982e-06 -6.465382825346624e-07
-2.579931653615684e-07 -1.373443053114676e-07 -3.265483405587029e-06 1.250836553204105e-06
-1.894568923749795e-07 -1.553253145251879e-07 -2.649211123082677e-06 4.177117190580144e-07
-2.282794326348985e-07 -1.354789719167947e-07 -2.896924128764449e-06 7.830409910431672e-07
-2.145105976672128e-07 -1.207648892517769e-07 -3.863835925176539e-06 1.004502392597136e-06
-2.217615612522310e-07 -1.238610297749789e-07 -4.381890032102260e-06 5.920823565706125e-07
-1.531671552660912e-07 -1.994447801787700e-07 -2.635158646024460e-06 -2.540122138709345e-07
-1.216620357042367e-07 -2.414788637199114e-07 -2.580653377830817e-06 -7.446367768976183e-07
-2.261665933885086e-07 -1.285283693797156e-07 -3.345837631324961e-06 2.961716415141586e-07
-2.747918595785775e-07 -1.466403899140429e-07 -4.320420438047018e-06 7.219909138346384e-08
-3.625330012418575e-07 -2.065342600515859e-07 -4.429518983711883e-06 -4.886682390605920e-07
-1.598734806797159e-07 -2.174015361346196e-07 -3.000780347764618e-06 -5.967484958269480e-07
-1.074200579985838e-07 -2.768311964646257e-07 -2.673270994702524e-06 -9.632726556105244e-07
-7.517012765863669e-08 -4.051213786646224e-07 -2.800218486875392e-06 -1.585591534043274e-06
-2.762920845699840e-07 -1.921739777648809e-07 -3.851008875292752e-06 -5.482064847926334e-07
-6.115011482819592e-08 -5.822493547712027e-07 -3.009979439720135e-06 -2.186507792389462e-06
-4.674743885461652e-07 -2.841647497738777e-07 -4.672528337081500e-06 -1.065310116072463e-06
-1.700713655900445e-07 -3.929362824862117e-07 -3.369667222665186e-06 -1.591459361853968e-06
-3.670419092946601e-07 -4.054636316016399e-07 -4.187003163103534e-06 -1.641858399834910e-06
-9.821858192611041e-08 -7.739561757272176e-07 -3.284396978729054e-06 -2.762108375346038e-06
-6.154619277897152e-07 -4.060227503876895e-07 -5.018019049530504e-06 -1.662140792450818e-06
-5.544200386939529e-07 -5.712606883363128e-07 -4.748670372535873e-06 -2.227883335345648e-06
-3.481250689871219e-07 -6.946145379056664e-07 -4.124396133442900e-06 -2.553972766890151e-06
-1.723030485429350e-07 -1.005939346224981e-06 -3.625359052160739e-06 -3.356180613732010e-06
-3.138235729887396e-07 -1.257629502169589e-06 -4.063147503065660e-06 -3.931601529792219e-06
-8.284551384859768e-07 -5.458755790312475e-07 -5.423592453719433e-06 -2.205315129432427e-06
-7.110961218472519e-07 -8.096354458559860e-07 -5.109533726222780e-06 -2.883951095066117e-06
-5.624027928841981e-07 -1.167365529357685e-06 -4.724090311791468e-06 -3.715644525013772e-06
-4.960083515945255e-07 -1.523892350047833e-06 -4.570526379650271e-06 -4.448373662643013e-06
-1.099176287444902e-06 -6.978662969620534e-07 -5.954823135898643e-06 -2.691142152489994e-06
-1.029792826759066e-06 -1.176127271125339e-06 -5.814901414384600e-06 -3.689443211899444e-06
-7.436634075100773e-07 -1.773264176296366e-06 -5.180486846389705e-06 -4.895463828045458e-06
-1.061919605425243e-06 -2.015714585624209e-06 -5.850273695387065e-06 -5.257483251842809e-06
-1.429194645552153e-06 -2.246175694240867e-06 -6.576995038790459e-06 -5.566939415790485e-06
-1.446604103962260e-06 -1.291462463143537e-06 -6.591885889842424e-06 -3.904333156628265e-06
-1.437435901843791e-06 -8.479280484325762e-07 -6.558836487047528e-06 -3.069700866300159e-06
-1.357744353200934e-06 -1.778363829608603e-06 -6.469856953582978e-06 -4.776547895780317e-06
-1.859125194049370e-06 -2.425332875708146e-06 -7.348914243186147e-06 -5.797663624947940e-06
-2.342318227341465e-06 -2.565820466073369e-06 -8.086291815548564e-06 -5.941349634505576e-06
-1.811820138432786e-06 -1.393936410853200e-06 -7.239679970865622e-06 -4.111096343073419e-06
-1.851531777568892e-06 -9.545134011324725e-07 -7.267211688166189e-06 -3.354324249282277e-06
-2.856548467028254e-06 -2.646485628962603e-06 -8.832003658163856e-06 -5.991955839923193e-06
-2.256745139302915e-06 -1.839178640387993e-06 -8.000108939337506e-06 -4.860788931559817e-06
-2.324956158276354e-06 -1.002780957181269e-06 -8.032534623737249e-06 -3.557505494609961e-06
-2.964957889344793e-06 -1.928026557565680e-06 -9.030708627761405e-06 -4.969932956874188e-06
-3.477204234584229e-06 -2.707236815799378e-06 -9.691130098736569e-06 -5.959104965530893e-06
-2.839939632739552e-06 -9.975779936422429e-07 -8.846798227123426e-06 -3.647329894296225e-06
-4.382882336088862e-06 -2.768328526977364e-06 -1.085567051724957e-05 -5.967821222154210e-06
-3.642150882072320e-06 -1.503518345954142e-06 -9.969123626121566e-06 -4.404283862319751e-06
-3.473871607064194e-06 -9.378696224377319e-07 -9.720789384868934e-06 -3.638176630139863e-06
-5.750837188071934e-06 -2.861749315869910e-06 -1.234896933263155e-05 -5.940966000000826e-06
-5.047226260250733e-06 -1.742439475308746e-06 -1.167427008865521e-05 -4.760782454008481e-06
-4.384612639581191e-06 -8.597722195999863e-07 -1.088660339037538e-05 -3.666966980285574e-06
-7.728547723781048e-06 -2.960616933761641e-06 -1.425105534753478e-05 -5.866194665902901e-06
-6.711894437321346e-06 -1.819596132358524e-06 -1.333925841721819e-05 -4.880514340277416e-06
-5.751565078385636e-06 -7.712485149498295e-07 -1.243255786230115e-05 -3.817744328787868e-06
-9.946504482572608e-06 -3.040559292279639e-06 -1.602153360878794e-05 -5.836254065787841e-06
-8.813340995051853e-06 -1.819775927225684e-06 -1.514308114387424e-05 -4.888875246367864e-06
-7.728664600365726e-06 -6.777431576571425e-07 -1.427331798942584e-05 -3.915812187737130e-06
-1.229358523793477e-05 -3.103429593883241e-06 -1.772428110416975e-05 -5.746168135848682e-06
-1.110063816952232e-05 -1.820494279969264e-06 -1.684993872701307e-05 -4.878043660375489e-06
-9.946401342791496e-06 -5.997805894621939e-07 -1.600578755211843e-05 -3.957283932710545e-06
-1.474233753918801e-05 -3.152048229074966e-06 -1.933178396576913e-05 -5.773055189716131e-06
-1.350287150407775e-05 -1.821082612989458e-06 -1.847543691147466e-05 -4.885993472387764e-06
-1.229331749562044e-05 -5.383268952343553e-07 -1.762117963232384e-05 -4.000053568752501e-06
-1.726896440767018e-05 -3.188389666459166e-06 -2.093022071146997e-05 -5.791491839606460e-06
-1.599433726079708e-05 -1.821300938109360e-06 -2.007947560055686e-05 -4.880997008099154e-06
-1.474217121656137e-05 -4.904781500819402e-07 -1.924939326712607e-05 -4.014313711600214e-06
-1.985197878222731e-05 -3.213202995995372e-06 -2.262578385010108e-05 -5.954240683859978e-06
-1.855272131485201e-05 -1.821173033949950e-06 -2.168518880456433e-05 -4.879190704889937e-06
-1.726887580793758e-05 -4.541328361495663e-07 -2.084290748127950e-05 -3.952878142860763e-06
-2.247156275340907e-05 -3.228076166897009e-06 -2.473585349873979e-05 -6.141763006945237e-06
-2.115726664982001e-05 -1.820853548604659e-06 -2.356028550692257e-05 -4.902665876391415e-06
-1.985204522671837e-05 -4.287486940269914e-07 -2.254155937988784e-05 -3.865428180748739e-06
-2.511134449919463e-05 -3.235855680770775e-06 -2.723087100814501e-05 -6.378709236393242e-06
-2.378930271972732e-05 -1.820322260933883e-06 -2.584737667851797e-05 -4.936007804528390e-06
-2.247188142477481e-05 -4.130161084338519e-07 -2.461571811338610e-05 -3.702869805273223e-06
-2.776054953261290e-05 -3.239049843630280e-06 -3.022022477807956e-05 -6.567346085137971e-06
-2.643514971580316e-05 -1.819669947564180e-06 -2.860770962261436e-05 -4.908241890620109e-06
-2.511180977893990e-05 -4.041020969602494e-07 -2.715151191391105e-05 -3.446931616859260e-06
-3.344390885795517e-05 -3.084130906584952e-06 -3.727702944980509e-05 -6.525220996419724e-06
-3.306703155149135e-05 -3.240222402631045e-06 -3.679560866305855e-05 -6.721640696495772e-06
-2.894863129202129e-05 -1.819281745635789e-06 -3.159070675656093e-05 -4.937113731168512e-06
-3.041346998363101e-05 -3.239932105235468e-06 -3.341953641858839e-05 -6.649867262286206e-06
-2.776071080869636e-05 -3.999690002142130e-07 -3.009946243980368e-05 -3.250949258660079e-06
-3.360001615219024e-05 -2.707274578854970e-06 -3.747577569783554e-05 -6.045953969442720e-06
-3.270812753333699e-05 -1.818951459684455e-06 -3.630338730276886e-05 -4.897157960522612e-06
-3.041347803377994e-05 -3.982708752423596e-07 -3.339885843698049e-05 -3.167917357814254e-06
-3.359994921356644e-05 -9.306532364634215e-07 -3.743277427561031e-05 -3.770748456421525e-06
-3.306697800585366e-05 -3.977411789984353e-07 -3.675265448493651e-05 -3.103632495405249e-06
-3.344384256806654e-05 -5.538210337202473e-07 -3.723273039887995e-05 -3.298246759149610e-06
