7.907626700772204e-05 -1.155927176107099e-05 7.733783072088936e-07 -9.185406300198501e-07
7.936927574486668e-05 -1.085198313828838e-05 7.224925035791214e-07 -1.041543244024076e-06
7.936939782111403e-05 -7.517650115185048e-06 7.095104538427975e-07 -1.583320685879500e-06
7.907640584771766e-05 -6.810380527695591e-06 7.607843624429313e-07 -1.712375984517293e-06
7.836890827249120e-05 -1.185222502536423e-05 8.943385693059008e-07 -8.665863146917122e-07
7.704220382012298e-05 -9.184835114135602e-06 1.095480986709400e-06 -1.316285968445881e-06
7.836907207704306e-05 -6.517436335079814e-06 8.853802342203371e-07 -1.767264575786325e-06
7.338860275420123e-05 -1.185153547378690e-05 1.732736891033570e-06 -8.611315418382360e-07
7.338887841871230e-05 -6.518293838713167e-06 1.757606629718394e-06 -1.806263268675743e-06
7.063997212701712e-05 -9.184991868527138e-06 2.203541717883789e-06 -1.317883375613740e-06
6.841074013204933e-05 -1.184940005656977e-05 2.545069123416569e-06 -9.736716092936137e-07
6.841092956173194e-05 -6.520693315437476e-06 2.605912536170141e-06 -1.792085419847177e-06
6.592343021853233e-05 -9.185165207754672e-06 2.947846863740462e-06 -1.282026311255351e-06
6.343915678779470e-05 -1.184478160620708e-05 3.247042251505575e-06 -1.029585211211596e-06
6.343918585421190e-05 -6.525980188454948e-06 3.407535534281514e-06 -1.711310172313549e-06
6.095648795356797e-05 -9.185569250526287e-06 3.550873916443811e-06 -1.272010100561732e-06
5.847944215336493e-05 -1.183659349177847e-05 3.750610883237533e-06 -9.904598120570777e-07
5.847960166587629e-05 -6.535060382893377e-06 4.107699204690334e-06 -1.680819632655864e-06
5.600530826768265e-05 -9.186182417740003e-06 4.034481766462432e-06 -1.269821047082953e-06
5.353945622298636e-05 -1.182481138975658e-05 4.240145076080656e-06 -1.019983328222903e-06
5.353948830857489e-05 -6.548104599489000e-06 4.722732733998316e-06 -1.527263433663043e-06
5.107775228286104e-05 -9.186963182006363e-06 4.534542800930058e-06 -1.266699168318321e-06
4.862647469816837e-05 -1.180997118204620e-05 4.734413928956755e-06 -1.019224654982946e-06
4.862642999608644e-05 -6.564960122589483e-06 5.216909243063360e-06 -1.430886485048985e-06
4.618010475394058e-05 -9.188104138217976e-06 5.109545232261610e-06 -1.293991467701242e-06
4.374522245629444e-05 -1.179291380272636e-05 5.108914797091456e-06 -1.018943612801834e-06
4.374534686947990e-05 -6.584760220775200e-06 5.437421154270148e-06 -1.356596629094825e-06
4.131611728323672e-05 -9.189399383893818e-06 5.530842897162817e-06 -1.288565604037185e-06
3.890026580508164e-05 -1.177227879329479e-05 5.289464411081105e-06 -1.164299647904481e-06
3.890102074393067e-05 -6.608300788818650e-06 5.452616522208306e-06 -1.203895371798941e-06
3.649199895513308e-05 -9.190817263066648e-06 5.639540954553567e-06 -1.246396518136244e-06
3.410014609371303e-05 -1.174557273032326e-05 5.411144591143363e-06 -1.251542783557404e-06
3.410157399490809e-05 -6.637731658396551e-06 5.415790012499209e-06 -1.072925714761083e-06
3.171866483220553e-05 -9.192304938486504e-06 5.503454441953603e-06 -1.163986966899517e-06
2.935906458774784e-05 -1.170906927894857e-05 5.338617084374645e-06 -1.245488610302745e-06
2.936034403486456e-05 -6.677101912804316e-06 5.231005333810625e-06 -9.785606152837912e-07
2.710742456074084e-05 -9.193443383226698e-06 5.122554257255477e-06 -1.105365103453677e-06
2.488394694261518e-05 -1.166118068934455e-05 4.926488200092735e-06 -1.358526425799546e-06
2.488460228223579e-05 -6.729902481417302e-06 4.816188254997470e-06 -8.419278736352873e-07
2.322583597276043e-05 -9.384548341217798e-06 4.679227204066089e-06 -1.064629235351015e-06
2.156375765673277e-05 -1.161209803945512e-05 4.402889878616165e-06 -1.379198228191202e-06
2.156297003749511e-05 -6.783238242225872e-06 4.464656690042046e-06 -7.793453250097740e-07
1.919705832864933e-05 -1.156602587797824e-05 4.145236531746182e-06 -1.344379847858167e-06
1.964503443717701e-05 -1.001033491266209e-05 4.202369116502116e-06 -1.137297278003786e-06
1.919484501512453e-05 -6.819532389405770e-06 4.135593466342256e-06 -7.351150946026593e-07
1.750310340517718e-05 -6.859445867503329e-06 3.972213374223761e-06 -7.595817057504472e-07
-2.771922625909838e-06 -6.048876981327263e-08 -5.297958569505844e-07 1.240944233031906e-06
-2.827319517606866e-06 7.263058062258353e-08 -5.392498534947640e-07 1.265979018094551e-06
-2.827042973727969e-06 5.690481951175602e-07 -5.487724311888586e-07 1.364267449680980e-06
-2.771893165053594e-06 7.005725482581779e-07 -5.401354158106429e-07 1.390906787603882e-06
1.749920243655138e-05 -1.153234402007736e-05 3.922191122746099e-06 -1.332400174182714e-06
1.598837264075659e-05 -1.141510056156962e-05 3.729426213600217e-06 -1.292683898839509e-06
1.714787766145516e-05 -8.614343636999655e-06 3.922468513555485e-06 -9.775071613673542e-07
1.597823961319406e-05 -6.770406547725536e-06 3.803498777886796e-06 -7.271177422370480e-07
-2.639353461051451e-06 -1.154648066936569e-07 -5.068691785881073e-07 1.230325641201020e-06
-2.505473390204145e-06 4.290031627028574e-07 -4.893176234406186e-07 1.331680151907309e-06
-2.640271864817488e-06 7.556073843410462e-07 -5.147607277630562e-07 1.401590862693404e-06
1.550034593383071e-05 -9.981002841693057e-06 3.680919839922664e-06 -1.112130405010745e-06
1.451655813673379e-05 -1.112069298926001e-05 3.561201544146519e-06 -1.243139415066309e-06
1.311076274755392e-05 -1.067585606057713e-05 3.431051039781022e-06 -1.233589570809531e-06
1.504673022819237e-05 -8.031161956876607e-06 3.682656098225856e-06 -8.892608784012550e-07
1.453359511024587e-05 -6.437012665633897e-06 3.612371096751419e-06 -6.028874543166885e-07
-1.740089020869037e-06 -1.285618611679670e-07 -3.773191219120860e-07 1.235431871928677e-06
-1.738956282283334e-06 7.724750800770155e-07 -3.582961536174728e-07 1.420998874313409e-06
-1.273554335214679e-06 3.228295513140714e-07 -2.824041065010558e-07 1.366040824397437e-06
1.179137161926541e-05 -1.007148834099911e-05 3.199985881295513e-06 -1.227089104008217e-06
1.291738880411640e-05 -9.209133542532228e-06 3.440168253303400e-06 -1.048996489786853e-06
1.340034656621242e-05 -7.385617983470482e-06 3.461504567748567e-06 -7.427907384536782e-07
1.320208695336126e-05 -5.878227998453723e-06 3.386639390447670e-06 -3.998687293388543e-07
-7.690991030524492e-07 -2.092193966748607e-07 -1.801669969081793e-07 1.294977534417767e-06
-7.687801893975280e-07 8.562905893341878e-07 -1.551563907163452e-07 1.512362079011033e-06
-1.955666063916296e-07 3.243742809402842e-07 -3.609117676282652e-08 1.455172982164493e-06
1.056255474043187e-05 -9.339067449037905e-06 2.919641052214233e-06 -1.114031715417640e-06
9.452522028288371e-06 -8.490324102025801e-06 2.674559140603580e-06 -9.688265875607315e-07
1.171994123995697e-05 -7.105183624242215e-06 3.176678434293557e-06 -6.391277127169596e-07
1.201970294225867e-05 -5.111080429129225e-06 3.199961451302653e-06 -1.900298333415833e-07
4.611925538578363e-07 -3.857115559559991e-07 1.242182333490558e-07 1.307839903513487e-06
4.619416217408302e-07 1.036621623708314e-06 1.595321539859093e-07 1.665446016676946e-06
9.734615579346784e-06 -7.194673123716533e-06 2.754655149117466e-06 -6.852464119892654e-07
8.468320188868257e-06 -7.527764099310530e-06 2.391215780129325e-06 -7.693154761343509e-07
1.020321880247448e-05 -5.748683617970609e-06 2.869258581709124e-06 -3.184322700028308e-07
1.101567184446713e-05 -4.181852487885403e-06 3.049746148160138e-06 4.311102272031258e-08
1.184534418687500e-06 3.263562626059952e-07 3.327317245317468e-07 1.503213098702635e-06
2.043036795942158e-06 -6.416755580638530e-07 5.746676471278275e-07 1.209743237427837e-06
2.042387338240120e-06 1.298514867342606e-06 5.688106897421165e-07 1.797626806880376e-06
7.604072575683477e-06 -6.479754030809324e-06 2.120474016533644e-06 -4.566257669132148e-07
6.889110598402521e-06 -5.375924701608510e-06 1.907815014035265e-06 -1.553977814489978e-07
6.318038711554960e-06 -4.206763489558167e-06 1.716739640441950e-06 1.735878117598358e-07
9.251762688397650e-06 -4.459058712525468e-06 2.568162899774413e-06 4.788759809311257e-08
1.021184777028962e-05 -3.130555975267462e-06 2.823738158518204e-06 4.606929640800808e-07
2.733190358276175e-06 3.255062683743670e-07 7.801910716822292e-07 1.525277200167167e-06
3.578356851314457e-06 -8.937748480520203e-07 1.012994851829264e-06 1.195853865429100e-06
3.579168404962441e-06 1.564580282810634e-06 1.018763579541774e-06 1.865507620904985e-06
7.518453813610716e-06 -4.205020226338740e-06 2.081452724160424e-06 1.611014572654393e-07
5.882496666182559e-06 -3.000531163576787e-06 1.576217959069937e-06 5.596191927226370e-07
4.974991768692591e-06 -1.107933551410179e-06 1.349057448463222e-06 1.166577103478425e-06
5.384043393139190e-06 -1.322395825705017e-06 1.462556601710610e-06 1.098650911206110e-06
5.604617837742353e-06 -1.759281833195331e-06 1.518955617007854e-06 9.583068697469507e-07
8.588856540542796e-06 -2.977748835031384e-06 2.388612746580047e-06 5.333668722438598e-07
9.617072864707984e-06 -2.001815841473375e-06 2.690676257874619e-06 8.225682173676293e-07
4.338640761634057e-06 1.481222162286967e-07 1.206753315767069e-06 1.488051194323195e-06
4.972031298225412e-06 1.756310229187111e-06 1.356511410025217e-06 1.927560958121619e-06
6.713275394003790e-06 -2.146005454026196e-06 1.844338793007064e-06 8.354217337967103e-07
5.408183015558910e-06 -4.611858299958506e-07 1.476302933231201e-06 1.345140346620162e-06
5.892892037268113e-06 -1.169962655429996e-06 1.613415587118002e-06 1.139357952827261e-06
8.112060352386237e-06 -1.652578067802763e-06 2.242895460581381e-06 9.643365719726234e-07
9.251760786263677e-06 -8.407839404023407e-07 2.580970417297852e-06 1.233174758978599e-06
5.429581236838776e-06 9.296921734925300e-07 1.488227710127492e-06 1.701271097347932e-06
5.365303161144583e-06 1.966143601897443e-06 1.451637267087278e-06 1.987548482710907e-06
6.963035865543618e-06 -1.776552155224269e-07 1.923687940336193e-06 1.418026621165868e-06
9.131858995980913e-06 3.277698471714058e-07 2.521178238816438e-06 1.544100947911765e-06
9.270373645390969e-06 1.489152357695092e-06 2.507473175196350e-06 1.869306918901370e-06
6.249347975544575e-06 1.682968670424490e-06 1.724276971871685e-06 1.906588832013465e-06
5.591729288553125e-06 2.420748994284770e-06 1.506674659229032e-06 2.113282451555626e-06
5.864259497086816e-06 3.684742251973691e-06 1.572632839259538e-06 2.461910697363743e-06
8.095484328451120e-06 1.630221106000108e-06 2.204062175472362e-06 1.917714888262510e-06
6.284302194526746e-06 4.931143180490238e-06 1.693669486158856e-06 2.786126503188802e-06
9.658880011529076e-06 2.669351288636851e-06 2.564688111401933e-06 2.192232060901921e-06
6.996005320318088e-06 3.722059582097059e-06 1.921646291670409e-06 2.457263075214267e-06
8.687453769656658e-06 3.818962037026311e-06 2.309973203594171e-06 2.476564307837724e-06
6.865357831925011e-06 6.129959773567863e-06 1.829398653094525e-06 3.079192852160196e-06
1.028269238060201e-05 3.821208521653550e-06 2.737445442551605e-06 2.489342383855448e-06
9.784525288283485e-06 4.977146699230509e-06 2.594097972062207e-06 2.739510607984700e-06
8.585172147784558e-06 5.709463438950122e-06 2.258566237821236e-06 2.929201668078448e-06
7.591613235720410e-06 7.294479352399304e-06 2.018385636815792e-06 3.374844059841385e-06
8.483268124999521e-06 8.395841986869744e-06 2.210499527153560e-06 3.611400956592779e-06
1.114247028142434e-05 4.896757356217891e-06 2.943983105032041e-06 2.690591215644887e-06
1.053412721158366e-05 6.299422211531708e-06 2.749073882333844e-06 3.011227449760942e-06
9.813951789701863e-06 7.963229598930061e-06 2.509083401280718e-06 3.492463645475945e-06
9.505864491349011e-06 9.417024959972728e-06 2.430749611258247e-06 3.920343598851343e-06
1.220823657823765e-05 5.855126548647488e-06 3.227888250790512e-06 2.865911902337063e-06
1.189075216904085e-05 7.958744065978948e-06 3.100653353807679e-06 3.461262682466712e-06
1.067101230226790e-05 1.032025930186265e-05 2.708537449407810e-06 4.227082516636474e-06
1.196977286107169e-05 1.110484974872407e-05 3.090248101977636e-06 4.509856476240730e-06
1.336889182861879e-05 1.175771480404223e-05 3.549018502973799e-06 4.787663647360462e-06
1.347764505321405e-05 8.416449516155710e-06 3.576035091823893e-06 3.602053661836482e-06
1.346328249739934e-05 6.657388429653130e-06 3.572692682783827e-06 3.051339457122692e-06
1.316044361653919e-05 1.019107501172562e-05 3.461904144190196e-06 4.205294927961298e-06
1.486682961388719e-05 1.224006203746457e-05 4.121770736870089e-06 4.999942203796012e-06
1.643860701030092e-05 1.255775146629514e-05 4.751422001474785e-06 5.183739153753051e-06
1.476273146449633e-05 8.811227410619987e-06 4.056510691054934e-06 3.730287426949452e-06
1.488521536449952e-05 7.246142154428595e-06 4.099119712206920e-06 3.179683159120214e-06
1.805140880680849e-05 1.269125133165749e-05 5.382373899585967e-06 5.295905898507857e-06
1.623765717256980e-05 1.028706510256448e-05 4.644031266031887e-06 4.269393717834894e-06
1.642666928509203e-05 7.593568887218384e-06 4.726529631755932e-06 3.214227591863660e-06
1.840419597830228e-05 1.053637761244068e-05 5.546516583885488e-06 4.359834202143781e-06
1.986986787506062e-05 1.273967362239571e-05 6.197013691865969e-06 5.363366062925968e-06
1.803775332528199e-05 7.693526963460292e-06 5.382696871152682e-06 3.162433524775377e-06
2.241190558200522e-05 1.278788816573446e-05 7.400791879329446e-06 5.419779168940104e-06
2.038569748472821e-05 9.299528730675113e-06 6.451164984643719e-06 3.788808190858031e-06
1.986728567705884e-05 7.645599611813989e-06 6.228123151703904e-06 3.071992102102670e-06
2.600111672931492e-05 1.286105522151934e-05 9.140176627409287e-06 5.485648357512410e-06
2.420450863770743e-05 9.984860543091751e-06 8.237488679852324e-06 4.058623693045052e-06
2.241334291614990e-05 7.583907399281373e-06 7.366658982564556e-06 2.981889692562211e-06
3.087241298956441e-05 1.293876663592752e-05 1.173469279700763e-05 5.629399074858459e-06
2.841505658837025e-05 1.019024818537818e-05 1.036255238226331e-05 4.111498008368572e-06
2.600184993316200e-05 7.514546359998370e-06 9.145829448696186e-06 2.792659803989366e-06
3.607304414107960e-05 1.300301804830556e-05 1.482280904268258e-05 5.725154540213870e-06
3.345327942617644e-05 1.019055087820876e-05 1.319886173602828e-05 4.081195310674542e-06
3.087252376097690e-05 7.441300953822537e-06 1.171862545972659e-05 2.556510391870940e-06
4.137863207407592e-05 1.305533372679528e-05 1.808821791056205e-05 5.798864169293804e-06
3.870970749209335e-05 1.019145082718560e-05 1.641130441132736e-05 4.042954126766520e-06
3.607282031594893e-05 7.379065718595609e-06 1.478449603442239e-05 2.326530182337862e-06
4.676965037705881e-05 1.309771916846976e-05 2.150027188379704e-05 5.721350246240500e-06
4.406102419886699e-05 1.019255980878748e-05 1.980252724378553e-05 3.993956048047505e-06
4.137819116896858e-05 7.328812817729414e-06 1.810125867171199e-05 2.183176412425277e-06
5.222845424161094e-05 1.313165429271354e-05 2.478275550482191e-05 5.665620632401760e-06
4.948863266326451e-05 1.019393862414465e-05 2.315187677260539e-05 3.940860146957127e-06
4.676901036050958e-05 7.288779913291829e-06 2.153113283379008e-05 2.196617909627290e-06
5.773986272418422e-05 1.315778622366913e-05 2.796196886360528e-05 5.554767544236545e-06
5.497614080662496e-05 1.019536709023341e-05 2.639308568608551e-05 3.899158381765720e-06
5.222783001583393e-05 7.257626193355528e-06 2.482863464391911e-05 2.209299735463394e-06
6.329051218593537e-05 1.317693101101239e-05 3.096296955370633e-05 5.465539414133474e-06
6.050940445834199e-05 1.019676145443465e-05 2.945910020900725e-05 3.894803329667277e-06
5.773932753527764e-05 7.234274126203743e-06 2.795068441458483e-05 2.296523263287655e-06
6.886817896738912e-05 1.319003067213985e-05 3.383682335485119e-05 5.377364253204414e-06
6.607547305574562e-05 1.019812834688747e-05 3.238882103771961e-05 3.911625825500281e-06
6.328999485218724e-05 7.217919493637991e-06 3.091900291732226e-05 2.366577306064339e-06
7.446199864185136e-05 1.319756723677973e-05 3.639194131915053e-05 5.243769654255263e-06
7.166295339701851e-05 1.019928851009689e-05 3.512333093654660e-05 3.927927381431648e-06
6.886770879671874e-05 7.207413414683196e-06 3.374960315680019e-05 2.425688265091530e-06
8.646261793775384e-05 1.287226301228512e-05 4.140163672201344e-05 5.045668819826856e-06
8.566683384754483e-05 1.320186287276641e-05 4.107502427604901e-05 5.179696634928343e-06
7.697026269073183e-05 1.020014796684133e-05 3.748239277177451e-05 3.911157146502232e-06
8.006350682294186e-05 1.320089057133692e-05 3.879976414107629e-05 5.154052040263313e-06
7.446156624627360e-05 7.202004180801796e-06 3.637425307265415e-05 2.535500526290432e-06
8.679224175248694e-05 1.207650879239683e-05 4.153747928516521e-05 4.719852808505190e-06
8.490898846490310e-05 1.020070771419267e-05 4.076768674686932e-05 3.936582508145747e-06
8.006330690079068e-05 7.199947342167889e-06 3.879826891912144e-05 2.668434000128661e-06
8.679213294753345e-05 8.324982933368461e-06 4.155263218036014e-05 3.151068633252862e-06
8.566668007546552e-05 7.199583067066154e-06 4.108519285868879e-05 2.681129131036818e-06
8.646249214721770e-05 7.529200194416564e-06 4.141640570518887e-05 2.818679481508564e-06
