-1.345156844156247e-04 1.874571710856720e-05 -1.741660613743603e-05 2.104976977071403e-06
-1.350517982628365e-04 1.745152547500039e-05 -1.748071537972075e-05 1.939383555749364e-06
-1.350518718969917e-04 1.135038473009329e-05 -1.741446954156604e-05 1.244807949930643e-06
-1.345157676436118e-04 1.005618650453943e-05 -1.734334998401096e-05 1.075620807646739e-06
-1.332214188820375e-04 1.928177242486530e-05 -1.725826774164245e-05 2.175740438628190e-06
-1.307937713874281e-04 1.440094648117405e-05 -1.696456533104838e-05 1.584867854917000e-06
-1.332215117797993e-04 9.520124761391658e-06 -1.717687318578010e-05 1.003897350467690e-06
-1.241083192422863e-04 1.928048979667291e-05 -1.615366635285100e-05 2.271727373341709e-06
-1.241083493339607e-04 9.521043520802755e-06 -1.607360483853025e-05 9.325781297447678e-07
-1.190779781541513e-04 1.440055011476324e-05 -1.538175077374409e-05 1.636561374189685e-06
-1.149987644874103e-04 1.927510507123553e-05 -1.506814078645676e-05 2.375876487333376e-06
-1.149986853416988e-04 9.525709924420165e-06 -1.481300857350190e-05 9.595628909376741e-07
-1.104473952627467e-04 1.440008398449408e-05 -1.407181059743899e-05 1.600710069640752e-06
-1.059031233889574e-04 1.926256839844863e-05 -1.359454583461465e-05 2.456812278857394e-06
-1.059030098775675e-04 9.537076862365353e-06 -1.340767578719747e-05 9.403066918436961e-07
-1.013630833275810e-04 1.439930708367570e-05 -1.264371402866207e-05 1.635084230194610e-06
-9.683676630878038e-05 1.923937120281881e-05 -1.207494917931724e-05 2.495091109944790e-06
-9.683694316447697e-05 9.558564979764579e-06 -1.202107997968957e-05 9.410611910095365e-07
-9.231850194517819e-05 1.439835517038788e-05 -1.122754923966351e-05 1.683802079122591e-06
-8.782254030513763e-05 1.920232509470540e-05 -1.067676549506805e-05 2.378300843064518e-06
-8.782295097645714e-05 9.593420420147666e-06 -1.074889813769023e-05 9.945127872010580e-07
-8.333945148947860e-05 1.439735143056021e-05 -9.958313857991322e-06 1.733644725404807e-06
-7.888894475551170e-05 1.914888096213082e-05 -9.513470605637408e-06 2.278420390094769e-06
-7.888936891191104e-05 9.644676797803113e-06 -9.455151573990799e-06 1.037259825509808e-06
-7.445676844392153e-05 1.439622303688348e-05 -8.734118296215490e-06 1.730490371389542e-06
-7.006878137429054e-05 1.907658938683050e-05 -8.270995170363236e-06 2.320446648161107e-06
-7.006944040590899e-05 9.714780079459464e-06 -8.173784443328326e-06 9.696991080649974e-07
-6.570581599005743e-05 1.439509920238111e-05 -7.559579979948593e-06 1.733218304691413e-06
-6.140017400776664e-05 1.898295254492669e-05 -6.957171815805716e-06 2.390367599588218e-06
-6.140075825279405e-05 9.805986468108451e-06 -6.852458928936931e-06 9.439386300800443e-07
-5.712646624239647e-05 1.439385647869542e-05 -6.260674867570670e-06 1.707108325784673e-06
-5.292450296063199e-05 1.886616423434988e-05 -5.565092801849136e-06 2.328483250269811e-06
-5.292502059918136e-05 9.920161293285519e-06 -5.345669266170352e-06 1.009917906430695e-06
-4.876151168692792e-05 1.439253289269396e-05 -5.005233987412932e-06 1.658733884529889e-06
-4.468493482704235e-05 1.872445855870184e-05 -4.386986007696343e-06 2.273762843763774e-06
-4.468455965293932e-05 1.005976904034856e-05 -4.061204791935856e-06 1.077567977968153e-06
-4.081491817822363e-05 1.439020136961310e-05 -3.915131314004633e-06 1.635906723144509e-06
-3.704290584256798e-05 1.855901143334218e-05 -3.479113468467618e-06 2.192147602979953e-06
-3.704152284881439e-05 1.022931549782213e-05 -3.215469980099622e-06 1.256441136018695e-06
-3.424141578019280e-05 1.470581362257889e-05 -3.161792493840918e-06 1.646243982297657e-06
-3.147977629710851e-05 1.840227043686146e-05 -2.948348111836373e-06 2.086687237449282e-06
-3.147504853975217e-05 1.038960711706317e-05 -2.811707822317279e-06 1.318624249224217e-06
-2.758158610512202e-05 1.826304598550835e-05 -2.486178524933573e-06 2.061518673170650e-06
-2.829937893358417e-05 1.572708113661052e-05 -2.566310185227302e-06 1.759171905276571e-06
-2.757410096557334e-05 1.049362705367289e-05 -2.530064764109572e-06 1.394588296748221e-06
-2.482475104354045e-05 1.060585920601248e-05 -2.294452393253010e-06 1.367796261743928e-06
3.544160178290072e-06 1.202008098768617e-06 7.478249192323033e-08 4.819729297289000e-07
3.614741581304797e-06 1.031984892410177e-06 8.468890200696186e-08 4.648392798828283e-07
3.614233492597632e-06 3.997973372437956e-07 7.344993591123287e-08 3.882497425251186e-07
3.544060507626846e-06 2.326499018512173e-07 5.959671998099114e-08 3.684981448807819e-07
-2.481452164944788e-05 1.816408368317194e-05 -2.235802869551759e-06 2.078255298691503e-06
-2.239165536663589e-05 1.793561036727503e-05 -1.986965581313492e-06 2.078157855391603e-06
-2.423079020687189e-05 1.344639636892920e-05 -2.244201349503758e-06 1.584929314309759e-06
-2.235810086896317e-05 1.051261776500495e-05 -2.067038279933070e-06 1.331185095963672e-06
3.374950923006076e-06 1.272491426944074e-06 5.149854481984529e-08 4.871739919716180e-07
3.204881484166673e-06 5.793222670487691e-07 1.559805840319270e-08 4.073817590700957e-07
3.376719545889604e-06 1.631579173360098e-07 3.486576329028699e-08 3.634761784437856e-07
-2.159676730669909e-05 1.562513732189008e-05 -1.915777931405090e-06 1.856324354302836e-06
-2.005383941934151e-05 1.741665675621895e-05 -1.778747816387930e-06 2.005934062236368e-06
-1.785440108811092e-05 1.667785694883354e-05 -1.583388613308387e-06 1.921954880529193e-06
-2.086956250154540e-05 1.252788794644397e-05 -1.879531257623503e-06 1.527304697969521e-06
-2.006236260043027e-05 1.004309940292491e-05 -1.794764630027388e-06 1.270372849253857e-06
2.229428157917299e-06 1.293137504247772e-06 -6.097746031732830e-08 4.441940732067325e-07
2.229331385526118e-06 1.454349197956171e-07 -4.933561284539471e-08 4.152006401694244e-07
1.635710883441081e-06 7.205675697680846e-07 -7.571779524550025e-08 4.369676239400499e-07
-1.582562720248682e-05 1.568678281023201e-05 -1.370303814914312e-06 1.853794308401575e-06
-1.753967719429441e-05 1.436388908357787e-05 -1.543454540674388e-06 1.721453953602469e-06
-1.828897166859097e-05 1.153034180586599e-05 -1.619374735479052e-06 1.411184742911882e-06
-1.797445305462232e-05 9.235687367133905e-06 -1.590012284362529e-06 1.194956657751000e-06
9.919426119049730e-07 1.401590773790567e-06 -5.579420383269431e-08 4.070085281341478e-07
9.931097558194851e-07 4.301505910523498e-08 -6.230701289394393e-08 4.393570397413667e-07
2.612706756506215e-07 7.240957731662355e-07 -3.540171214879996e-08 4.186242831052073e-07
-1.395908354395794e-05 1.452094122837683e-05 -1.179691675595902e-06 1.818845152086298e-06
-1.231118589627874e-05 1.320042528575687e-05 -9.622005347277537e-07 1.691099833418377e-06
-1.570265155827098e-05 1.110498141317043e-05 -1.327690598129884e-06 1.399968421272841e-06
-1.614436588468652e-05 8.115669900435619e-06 -1.350945929667556e-06 1.074926058393308e-06
-5.776747756407175e-07 1.633508351381784e-06 -1.055742401368539e-08 4.078407193032079e-07
-5.767613147875168e-07 -1.818107622672712e-07 -8.242017213544877e-10 3.985263220660606e-07
-1.273201840346579e-05 1.122895939198551e-05 -9.895203512729977e-07 1.462295834863688e-06
-1.088493006397514e-05 1.171944860285643e-05 -7.719797740488414e-07 1.530768549393565e-06
-1.342003697380143e-05 9.075554410866446e-06 -1.018576177365469e-06 1.188428387764581e-06
-1.460921885867203e-05 6.780274598354538e-06 -1.105412003254470e-06 8.630330752117649e-07
-1.499850680828225e-06 7.277583309022078e-07 -2.571232767093662e-08 4.020647429832234e-07
-2.597010721824881e-06 1.967233588995159e-06 -7.217490187687280e-08 4.334916287644837e-07
-2.593950819644156e-06 -5.109768097327738e-07 -9.019249629541826e-08 3.430578133101004e-07
-9.647819092486753e-06 1.013936852235512e-05 -6.019082405943452e-07 1.360532998212585e-06
-8.666991473490112e-06 8.525639639205694e-06 -4.072707896651310e-07 1.121593376242156e-06
-7.921091186015974e-06 6.838658041888200e-06 -2.979286728999889e-07 8.826409159855956e-07
-1.203126192950830e-05 7.189269971758766e-06 -8.301483486680924e-07 9.339454134809815e-07
-1.339155140537674e-05 5.303110648302518e-06 -9.486980860427862e-07 7.456424253180152e-07
-3.477149351397011e-06 7.348593143428303e-07 -1.174414954634932e-07 3.930248721297858e-07
-4.557974257663319e-06 2.295047139372863e-06 -1.995664237728593e-07 4.732734127484006e-07
-4.557880586948645e-06 -8.485503791666369e-07 -1.680814874101778e-07 2.906803326592754e-07
-9.574294970560381e-06 6.825264229784336e-06 -5.135784335969252e-07 8.797170814618545e-07
-7.369442292674379e-06 5.139948525749599e-06 -2.288907036549799e-07 6.685674907937151e-07
-6.320197043192837e-06 2.571768460586698e-06 -2.946123502047164e-07 4.638043642618174e-07
-6.820841391833219e-06 2.853547642910287e-06 -2.549120162960725e-07 4.588432757621111e-07
-7.072598163962866e-06 3.436525090872617e-06 -2.227781411507860e-07 4.900417239584341e-07
-1.107442045208882e-05 5.091132669884291e-06 -6.650105031678170e-07 6.984640999943892e-07
-1.248179770861572e-05 3.755868840523719e-06 -7.838899593869736e-07 5.854458148260080e-07
-5.527528493589319e-06 9.675456083118148e-07 -2.618368760873937e-07 3.932807976954431e-07
-6.364918576983994e-06 -1.095242515840224e-06 -3.237739773363866e-07 2.859639300842494e-07
-8.519174559246002e-06 3.947993345165405e-06 -3.597825436485445e-07 5.507603025080867e-07
-6.874715788093887e-06 1.739617966472363e-06 -2.838483079544740e-07 4.339775115536564e-07
-7.470143168997637e-06 2.654246106043901e-06 -2.631223888791811e-07 4.446571679159621e-07
-1.040813701329268e-05 3.280321729444559e-06 -5.848281658794539e-07 5.473227127996973e-07
-1.190141837979060e-05 2.211766197984665e-06 -7.055847028675479e-07 5.319898630214410e-07
-6.943244646192499e-06 -4.342673481199676e-08 -3.185601482375892e-07 3.187963068898603e-07
-6.894314235539563e-06 -1.360510733727731e-06 -3.569171919999762e-07 2.734357233070698e-07
-8.881201800668407e-06 1.338544924185287e-06 -3.841588582649138e-07 3.688413363685666e-07
-1.168327232462556e-05 6.940517069920183e-07 -6.349509979207360e-07 3.262309596892276e-07
-1.176542915039136e-05 -7.692020594998276e-07 -5.083232610939361e-07 2.841132667357754e-07
-8.015177540500817e-06 -1.014372347546782e-06 -3.485099638098003e-07 2.571445188115373e-07
-7.208609416868149e-06 -1.918331321924385e-06 -3.762743057087510e-07 2.656236268475003e-07
-7.603623182471268e-06 -3.436264819869933e-06 -3.765087638425502e-07 2.620874620322037e-07
-1.031552382675874e-05 -9.719735823276474e-07 -4.623451175695996e-07 2.428695671949145e-07
-8.171537419769868e-06 -4.876865292087729e-06 -3.622002857026042e-07 2.418983073407900e-07
-1.215711841630608e-05 -2.234677836234021e-06 -4.069079383034518e-07 2.756846855736539e-07
-8.986072809060901e-06 -3.498806844562469e-06 -3.338583852124580e-07 2.413496436607251e-07
-1.099086563642926e-05 -3.610716519643691e-06 -3.862152808070552e-07 2.542279852052562e-07
-8.892827883125442e-06 -6.238292037232495e-06 -3.908060497427834e-07 2.088379174229469e-07
-1.281090531787379e-05 -3.611736614264839e-06 -3.197033270925335e-07 2.778342793457765e-07
-1.222330129527252e-05 -4.946373290411401e-06 -3.386415598867366e-07 2.186670984605398e-07
-1.087527044178268e-05 -5.772900052463158e-06 -4.056830228527610e-07 1.829688362994438e-07
-9.763545599692812e-06 -7.511627680574479e-06 -4.103779661433576e-07 2.443892521363779e-07
-1.077615864773464e-05 -8.680907008789037e-06 -3.934143897988520e-07 2.867270982166004e-07
-1.370437542959433e-05 -4.867104508480642e-06 -2.816264524500910e-07 2.198922996084710e-07
-1.303344152148636e-05 -6.418029115545301e-06 -3.213803090552297e-07 2.219367231012785e-07
-1.224916390945200e-05 -8.211110504058664e-06 -3.795217119015827e-07 2.854587727861029e-07
-1.191659533440280e-05 -9.732589401461662e-06 -3.735737482242660e-07 3.388363118280129e-07
-1.480712395480835e-05 -5.954139822498581e-06 -2.144798431979354e-07 2.444326360967567e-07
-1.446394041447142e-05 -8.193711919852344e-06 -2.271480005381148e-07 2.860575140425226e-07
-1.317298650654457e-05 -1.064891255692612e-05 -3.101943223615382e-07 3.890182282426601e-07
-1.453122177053005e-05 -1.142004074393826e-05 -2.171685096040697e-07 3.987501375915451e-07
-1.597174838116874e-05 -1.203596807897629e-05 -1.141481218272695e-07 3.926190496249780e-07
-1.609609396905208e-05 -8.667839081639084e-06 -1.689960633571755e-07 2.976292259895909e-07
-1.608827099421839e-05 -6.838744359544393e-06 -1.849344889269553e-07 2.724853513966965e-07
-1.577337611026989e-05 -1.047580184423438e-05 -1.355435758932945e-07 3.396819490881199e-07
-1.747848710759222e-05 -1.248326430673989e-05 1.614431345074160e-09 3.801597475886284e-07
-1.903150795645987e-05 -1.275810646448208e-05 3.523049285957777e-08 3.649652514787255e-07
-1.739150556007941e-05 -9.074162086185472e-06 -1.028172642788671e-07 3.116475802086363e-07
-1.751157133949028e-05 -7.489358441843963e-06 -1.283324219053834e-07 2.679085133831040e-07
-2.060865686203936e-05 -1.285405350374825e-05 6.671462872471072e-08 3.417464761540835e-07
-1.885471513114827e-05 -1.053949032673059e-05 2.621100126630820e-08 3.703502549951890e-07
-1.903334786746562e-05 -7.885022243763765e-06 -2.495708675614274e-08 2.593322480786703e-07
-2.095754371229799e-05 -1.077404590275738e-05 9.966773460598662e-08 3.576687379577200e-07
-2.235125787407687e-05 -1.286067801850750e-05 1.404886757260459e-08 2.725970368985850e-07
-2.060689322371719e-05 -8.014937767579202e-06 7.513908099461133e-08 2.683729541360242e-07
-2.475444062778667e-05 -1.286617612298139e-05 -1.661503015514521e-08 2.218686592995752e-07
-2.285579004080412e-05 -9.590126976287203e-06 1.024357456721289e-07 3.493769273233282e-07
-2.235151597060195e-05 -8.006538582621980e-06 8.839601886805202e-08 3.185474570843577e-07
-2.806747054001849e-05 -1.287231669333025e-05 -3.183532747161792e-07 1.315789931598387e-07
-2.642668054127293e-05 -1.024112259408356e-05 -8.082090928129674e-08 3.393091463161474e-07
-2.475519370120677e-05 -7.997037867116633e-06 2.093022663729983e-08 4.115841108780982e-07
-3.244912939178692e-05 -1.287554518285585e-05 -6.979326035798141e-07 8.632331572885318e-08
-3.025760921447581e-05 -1.043012045075550e-05 -4.427870838195706e-07 3.034096699977160e-07
-2.806822898500308e-05 -7.988835435271278e-06 -1.909932419527505e-07 5.061990809113296e-07
-3.701954486098193e-05 -1.287632125530897e-05 -1.192757212272524e-06 1.585435203246800e-07
-3.473422652193121e-05 -1.042849953889828e-05 -9.226362031220459e-07 3.284287612100936e-07
-3.244994604776651e-05 -7.982887752620070e-06 -6.697491858624243e-07 5.920919780405220e-07
-4.159226895206910e-05 -1.287680679789674e-05 -1.621703852849078e-06 2.119491132032150e-07
-3.930572831372501e-05 -1.042709882950620e-05 -1.421925078883441e-06 3.413361477134363e-07
-3.702019116019714e-05 -7.979338315848063e-06 -1.226536362482376e-06 6.027021269057220e-07
-4.616846151883406e-05 -1.287846217803264e-05 -1.774682821682595e-06 3.275282581794205e-07
-4.387968766371280e-05 -1.042583733053574e-05 -1.738354908246761e-06 3.491570001643940e-07
-4.159268990347433e-05 -7.976292408552485e-06 -1.671487040772825e-06 5.483980151854801e-07
-5.075164588721992e-05 -1.288211967660685e-05 -1.695071040812234e-06 5.023659849563683e-07
-4.845873001038288e-05 -1.042466554793392e-05 -1.805794557486982e-06 3.667307411577124e-07
-4.616886094351337e-05 -7.972071386853825e-06 -1.837271488694168e-06 3.910200135540524e-07
-5.534588310454537e-05 -1.288759183341464e-05 -1.293944635555960e-06 6.464682647801996e-07
-5.304691736954751e-05 -1.042348053533877e-05 -1.561813405856423e-06 3.588885155954326e-07
-5.075219542420262e-05 -7.965942345996499e-06 -1.760816875282921e-06 1.596642000870987e-07
-5.995437006253086e-05 -1.289418501431047e-05 -4.664521996738113e-07 8.126394047083863e-07
-5.764791050697984e-05 -1.042228953817437e-05 -9.301711960969290e-07 3.024076016203868e-07
-5.534659207981132e-05 -7.958142475207548e-06 -1.320321224455124e-06 -4.673792643993539e-08
-6.457810275857439e-05 -1.290084827146077e-05 7.728708561526124e-07 1.019982474445586e-06
-6.226398154417818e-05 -1.042130638802191e-05 1.036888671703199e-07 2.764646888097681e-07
-5.995496727533572e-05 -7.949442164624228e-06 -4.965643860563169e-07 -2.450770932536622e-07
-6.921483431436342e-05 -1.290576216162838e-05 2.277318019373178e-06 1.036825447800576e-06
-6.689484010413220e-05 -1.042057488348316e-05 1.506778285426181e-06 2.344628015218274e-07
-6.457849911775204e-05 -7.941169341407347e-06 7.827285758809607e-07 -4.753416345665823e-07
-7.916665014121184e-05 -1.263512837877113e-05 5.605999922859417e-06 8.995283015642025e-07
-7.850669172687918e-05 -1.290848044359449e-05 5.386184878540238e-06 9.884639946249835e-07
-7.129478911294747e-05 -1.042003888290048e-05 2.960651735952779e-06 1.939131589010727e-07
-7.385965831590011e-05 -1.290811996316081e-05 3.853629853716008e-06 9.513461508049602e-07
-6.921518877679130e-05 -7.934863645684542e-06 2.251113339279585e-06 -5.738892270678161e-07
-7.944001745043493e-05 -1.197518953327406e-05 5.696169945796732e-06 6.814516909285733e-07
-7.787832820486365e-05 -1.041967707594254e-05 5.152635542340013e-06 1.536530969123395e-07
-7.385983436118012e-05 -7.931673268433933e-06 3.831629504740806e-06 -6.283892777241752e-07
-7.944010441150497e-05 -8.864100028489916e-06 5.653284760463162e-06 -3.494543696771166e-07
-7.850682303378099e-05 -7.930854470830589e-06 5.342813949608297e-06 -6.490385764779952e-07
-7.916675316423884e-05 -8.204190287512135e-06 5.561288498271499e-06 -5.618610088830302e-07
