2.373412722924956e-05 -2.211827766905237e-06 3.632157324117096e-05 -5.508670996283389e-06
2.385656852730858e-05 -1.916258575105090e-06 3.644130452767486e-05 -5.209001118643025e-06
2.385689191290277e-05 -5.230128369708317e-07 3.636840444860528e-05 -3.812686679839483e-06
2.373449462192429e-05 -2.274793327360951e-07 3.624484301073992e-05 -3.531531235332400e-06
2.343854946980075e-05 -2.334259469932744e-06 3.602611557606322e-05 -5.632077645925290e-06
2.288437854270296e-05 -1.219697443705941e-06 3.544215523886163e-05 -4.504208347446474e-06
2.343897962402376e-05 -1.050625623555986e-07 3.595317741976372e-05 -3.416980027384212e-06
2.135718234148837e-05 -2.334196957483993e-06 3.402795898112518e-05 -5.617360415196539e-06
2.135767801323018e-05 -1.050198315917783e-07 3.396440432821587e-05 -3.457982361349553e-06
2.020801624033861e-05 -1.219293338216510e-06 3.283176779684361e-05 -4.501825859893442e-06
1.927577922768728e-05 -2.332015450595273e-06 3.186733682037296e-05 -5.702544037707114e-06
1.927616974934183e-05 -1.060705884111992e-07 3.199630260251219e-05 -3.565071534991642e-06
1.823619068848328e-05 -1.218731479178088e-06 3.092330184574227e-05 -4.501614157711306e-06
1.719966284860162e-05 -2.325643919666457e-06 2.960256341923716e-05 -5.708812376635607e-06
1.719956823281814e-05 -1.111329513832589e-07 3.004732506579884e-05 -3.568801029682200e-06
1.616550245203001e-05 -1.217715129555577e-06 2.891485199723569e-05 -4.592097910268838e-06
1.513850474394583e-05 -2.312752870133996e-06 2.749747145337018e-05 -5.674164457303996e-06
1.513856855290122e-05 -1.218001172612654e-07 2.794767335899103e-05 -3.606522269960066e-06
1.411615398042663e-05 -1.216608323895349e-06 2.696123602483664e-05 -4.663194405260425e-06
1.310590050995907e-05 -2.291912578493365e-06 2.552534169725471e-05 -5.722251422834620e-06
1.310611156002607e-05 -1.401421092570443e-07 2.591985914789130e-05 -3.546663919463577e-06
1.210257747358590e-05 -1.215261887895328e-06 2.492515996596276e-05 -4.697157844780621e-06
1.111669350535468e-05 -2.262178435680105e-06 2.364261000440300e-05 -5.697605024692720e-06
1.111686907236493e-05 -1.666065236722837e-07 2.398015281715225e-05 -3.554528779230397e-06
1.014051982965024e-05 -1.213576626396725e-06 2.297664133175939e-05 -4.749958652588163e-06
9.188150560878288e-06 -2.221942102167563e-06 2.192069587731463e-05 -5.720619700993626e-06
9.188195972587517e-06 -2.030349285662144e-07 2.200757486683784e-05 -3.606804521929938e-06
8.249235891141962e-06 -1.211623420795963e-06 2.105926913605995e-05 -4.795804104300462e-06
7.341826743963547e-06 -2.168887203390362e-06 2.002839188534595e-05 -5.848142194685515e-06
7.341545290644370e-06 -2.520343656705264e-07 1.985029020129452e-05 -3.639501104924685e-06
6.452255469997016e-06 -1.209558698743574e-06 1.904945872316879e-05 -4.799459333440606e-06
5.603370823318452e-06 -2.101787454664810e-06 1.787591298437581e-05 -6.136841273286004e-06
5.602644915741770e-06 -3.150283979020860e-07 1.766395642665460e-05 -3.630285252946790e-06
4.776482205726649e-06 -1.207410660223784e-06 1.673448999192747e-05 -4.798729913371538e-06
3.999005402296806e-06 -2.021012862487166e-06 1.529206962540597e-05 -6.304503112495178e-06
3.997834405510628e-06 -3.920608195900146e-07 1.530337226314605e-05 -3.492454705999385e-06
3.276069872538423e-06 -1.204774411847791e-06 1.411234999547601e-05 -4.838200016369026e-06
2.607604517341050e-06 -1.929620204974292e-06 1.260341659250732e-05 -6.389462434021984e-06
2.606062997066554e-06 -4.827822738477714e-07 1.269085901339271e-05 -3.374651679267848e-06
2.120472694292010e-06 -1.254991440581415e-06 1.163058683713904e-05 -4.975365117898251e-06
1.675584268050996e-06 -1.846701337304371e-06 1.049940930459481e-05 -6.389131068784908e-06
1.672602426433136e-06 -5.655382472219523e-07 1.056078659617774e-05 -3.313541136271601e-06
1.074640343338728e-06 -1.775860752974281e-06 8.977761796470983e-06 -6.365707878301648e-06
1.169509617394149e-06 -1.405950332126638e-06 9.270425198733850e-06 -5.382327472539495e-06
1.070704021164813e-06 -6.174834125407951e-07 8.958468821250940e-06 -3.292092787115269e-06
6.763075507329574e-07 -6.727476471947730e-07 7.848610425095069e-06 -3.350756460679737e-06
2.413458601795079e-07 -6.906341373557420e-07 -1.069910789169875e-06 -8.183495622645918e-07
2.463241675193737e-07 -7.023240829025624e-07 -1.084432021081673e-06 -7.802444849016305e-07
2.463686485754595e-07 -7.470577795664214e-07 -1.073665679642225e-06 -6.366027128274982e-07
2.413494827189779e-07 -7.591259699755395e-07 -1.058427020539180e-06 -6.032955971296577e-07
6.713176205550526e-07 -1.726505973309625e-06 7.881316716305756e-06 -6.325642184472554e-06
3.499003841782071e-07 -1.663432210364164e-06 6.917484434147770e-06 -6.210653056559611e-06
5.773689734480245e-07 -1.070499964918863e-06 7.602168256782668e-06 -4.452551892537892e-06
3.314487781105841e-07 -7.021397724676913e-07 6.875183317499837e-06 -3.372028516915337e-06
2.296219085544063e-07 -6.859747133586977e-07 -1.033666704984285e-06 -8.341166197481417e-07
2.172667973659252e-07 -7.351821820709559e-07 -9.856625555043638e-07 -6.747646820936384e-07
2.293022943076609e-07 -7.644558086880317e-07 -1.023830038176742e-06 -5.906194787963791e-07
2.344562496187273e-07 -1.348779974676989e-06 6.587517492707383e-06 -5.292923976660146e-06
5.852667888769422e-08 -1.556350446633469e-06 6.019752851205196e-06 -5.971593599899352e-06
-1.874169499915109e-07 -1.437742635902965e-06 5.199810529630179e-06 -5.684923171509466e-06
1.381868417529390e-07 -9.637539380950680e-07 6.292044996624944e-06 -4.157755098246861e-06
4.416299417908707e-08 -6.952811348940254e-07 5.980666633485859e-06 -3.239008023015396e-06
1.487520472866112e-07 -6.872848162896448e-07 -7.684602122244125e-07 -8.100307039264210e-07
1.478346158403285e-07 -7.683034299701502e-07 -7.793798751173444e-07 -5.915155111878313e-07
1.065622026933810e-07 -7.292991073755204e-07 -6.897744710480853e-07 -6.969003569619297e-07
-3.837001442001855e-07 -1.288566700837247e-06 4.429689280771644e-06 -5.301517776131824e-06
-2.329831087379703e-07 -1.163218583233461e-06 5.072808677279418e-06 -4.813196969307876e-06
-1.545669541495650e-07 -8.641443523816114e-07 5.325945522165333e-06 -3.793913631847017e-06
-1.935296596828080e-07 -6.638941169265720e-07 5.196481322843355e-06 -2.962331444896845e-06
6.191292009464372e-08 -6.830764330455796e-07 -5.610703746472790e-07 -8.347819603950764e-07
6.099371293491465e-08 -7.786982972418704e-07 -5.578644486224388e-07 -5.395648647399926e-07
1.004676999593225e-08 -7.325553445666045e-07 -4.071840961308145e-07 -6.473184605957664e-07
-5.442146680860035e-07 -1.141904723215984e-06 3.724856586291715e-06 -4.836670274151014e-06
-6.516642188831935e-07 -1.001925125784205e-06 3.220765500228122e-06 -4.365657517664693e-06
-4.069316978027169e-07 -8.291980442129696e-07 4.373711677663929e-06 -3.627634876808161e-06
-3.808642974401810e-07 -6.094940679348777e-07 4.550449615668399e-06 -2.617855808424335e-06
-4.850284557655747e-08 -6.701895205821342e-07 -2.266113009580169e-07 -8.426036180023397e-07
-4.955331137395883e-08 -7.984633597765799e-07 -1.838307683731952e-07 -3.752869113284892e-07
-6.222421369804637e-07 -8.305271568397845e-07 3.377052089824247e-06 -3.681509306928389e-06
-7.135063889655907e-07 -8.593120653427889e-07 2.760831689914819e-06 -3.841148586108452e-06
-5.837156087000970e-07 -6.848409715816537e-07 3.629136033005373e-06 -2.961085088126332e-06
-5.207485925931901e-07 -5.641382177193282e-07 4.036267747143144e-06 -2.215374019613895e-06
-1.144650543397286e-07 -7.359925348323179e-07 7.019118557328652e-08 -5.858440755569071e-07
-1.917573077206121e-07 -6.497765543077183e-07 3.801162494126673e-07 -9.150991992013063e-07
-1.928848934369642e-07 -8.254275082176379e-07 3.883404265843639e-07 -2.259547597309500e-07
-7.531591123280957e-07 -7.360444598161809e-07 2.358517495592896e-06 -3.283699913623957e-06
-7.454428907962120e-07 -6.551376424462021e-07 2.094590849442740e-06 -2.807551542821814e-06
-7.053036677279014e-07 -5.900693185207790e-07 1.880421290356042e-06 -2.304016940061344e-06
-6.525418424963782e-07 -5.896908556108737e-07 3.162678304090834e-06 -2.358243074590738e-06
-6.206087591203712e-07 -5.441303177716526e-07 3.607351939576326e-06 -1.751324624477884e-06
-2.549678402497895e-07 -7.390055476953576e-07 6.412823007567821e-07 -5.312425502515714e-07
-3.313254408958176e-07 -6.288392373200219e-07 9.573685994540972e-07 -9.520354559072123e-07
-3.315213962819122e-07 -8.506370542843716e-07 9.806162810666084e-07 -4.733411382742738e-08
-7.104502195628674e-07 -5.794971114985406e-07 2.382002975878283e-06 -2.289894355499631e-06
-6.594272393337403e-07 -5.628179793026737e-07 1.724151927229675e-06 -1.756438979204478e-06
-4.781234323462906e-07 -6.092393659095903e-07 1.466822090843900e-06 -9.956113573427486e-07
-5.348092085825002e-07 -5.952531945287876e-07 1.603324286506466e-06 -1.071892175256763e-06
-5.815877605999274e-07 -5.754251018305222e-07 1.666055627483527e-06 -1.233554736822596e-06
-6.896388530783167e-07 -5.451151238459029e-07 2.867182061455557e-06 -1.716103087137558e-06
-7.008004177722327e-07 -5.579678002034378e-07 3.312976224446502e-06 -1.306042115305563e-06
-4.017242526888081e-07 -7.261686538928992e-07 1.246156244645047e-06 -5.400610046942301e-07
-4.349369914347397e-07 -8.655951337288991e-07 1.470807531797562e-06 9.035985074221832e-08
-6.579233392711420e-07 -5.536843140735819e-07 2.071204041360508e-06 -1.375782239582295e-06
-5.167135806390891e-07 -6.633295640263893e-07 1.621346402399599e-06 -7.541934209005062e-07
-5.823917945626112e-07 -6.048892555645295e-07 1.785984829635117e-06 -1.013631470392260e-06
-6.959362540915257e-07 -5.658946092845442e-07 2.650302602353005e-06 -1.163562242319286e-06
-7.677596137690339e-07 -6.139935296920324e-07 3.121611925317212e-06 -8.316370361425904e-07
-4.823354016515227e-07 -7.860459730676673e-07 1.642765951417630e-06 -2.230818238984062e-07
-4.474928484478975e-07 -8.868833549645140e-07 1.605723837551521e-06 1.841865413696579e-07
-6.417272835664823e-07 -6.544279609864662e-07 2.210803072852275e-06 -6.284761621559151e-07
-8.129456597801967e-07 -7.013718061042528e-07 3.067911736762470e-06 -4.311872728281467e-07
-9.071210489783050e-07 -8.259080126639596e-07 3.116134404476222e-06 3.365490138278686e-08
-5.356204928780652e-07 -8.471554435588305e-07 1.972936126692968e-06 7.700065808869624e-08
-4.462753973085313e-07 -9.479256962627778e-07 1.685860366850741e-06 3.635714654812771e-07
-4.296181034272414e-07 -1.146807788053730e-06 1.795149785350272e-06 8.645436238438576e-07
-7.553791134481940e-07 -8.196643589001299e-07 2.661218937357334e-06 8.699491771516344e-08
-4.393659841709386e-07 -1.392786426092872e-06 1.980325172642233e-06 1.357910975720329e-06
-1.032706913395896e-06 -9.694514042794147e-07 3.278364814081436e-06 4.951789511248869e-07
-5.876844115123929e-07 -1.136853687738268e-06 2.306242801901410e-06 8.580191985290768e-07
-8.781909385658134e-07 -1.154596689882922e-06 2.935896725872098e-06 9.049359274990683e-07
-5.085368237307671e-07 -1.650386350518627e-06 2.217539862581834e-06 1.820307700995048e-06
-1.214338253980056e-06 -1.155124528190820e-06 3.578418894188702e-06 9.446438403931805e-07
-1.125566314347871e-06 -1.384024263767792e-06 3.388957015214012e-06 1.338198014568684e-06
-8.532054895711236e-07 -1.547813372797860e-06 2.910726499782639e-06 1.605928342472938e-06
-6.225883722736255e-07 -1.946246583779802e-06 2.515768699880520e-06 2.291412052496888e-06
-8.128180712935282e-07 -2.258238065903215e-06 2.840927024258946e-06 2.696756328513275e-06
-1.473988760430530e-06 -1.354022814099139e-06 3.899917684371552e-06 1.294822548233424e-06
-1.322964951951892e-06 -1.694800716372069e-06 3.651909175425270e-06 1.803222156910129e-06
-1.134367855651942e-06 -2.144086520458778e-06 3.334798076874960e-06 2.518504891604334e-06
-1.050894652765061e-06 -2.580800852035643e-06 3.216785525809526e-06 3.124376241612746e-06
-1.802954669061876e-06 -1.558161214691427e-06 4.368929892413553e-06 1.638416069574502e-06
-1.715610830897974e-06 -2.152163610854921e-06 4.260698032947472e-06 2.509521040473677e-06
-1.362067608273224e-06 -2.880117520601978e-06 3.695359772966649e-06 3.524671180949721e-06
-1.751534645798840e-06 -3.166378087334700e-06 4.282010562419814e-06 3.879188457068827e-06
-2.196257720941247e-06 -3.434351290832746e-06 4.917065902646435e-06 4.159900879003221e-06
-2.219890662240264e-06 -2.292294715208421e-06 4.950780536181845e-06 2.722203061517169e-06
-2.210303020454769e-06 -1.751562208688009e-06 4.918468798608411e-06 1.979381520892115e-06
-2.112963230968388e-06 -2.878230370780056e-06 4.828130875449100e-06 3.467276714243269e-06
-2.709809102140829e-06 -3.641609724090212e-06 5.604462195247875e-06 4.362587820213995e-06
-3.282097492918848e-06 -3.801662173935187e-06 6.287228760164152e-06 4.513667236905275e-06
-2.656544044184477e-06 -2.416232115787314e-06 5.538600941436573e-06 2.894893447795913e-06
-2.703583733273156e-06 -1.889263369517244e-06 5.581780370971536e-06 2.231424270316613e-06
-3.888384088271863e-06 -3.891497994723452e-06 6.971663383782373e-06 4.575420192834183e-06
-3.184291705761245e-06 -2.944825255382614e-06 6.205482352107230e-06 3.516716286430619e-06
-3.263930783123226e-06 -1.954800625191757e-06 6.269789337788368e-06 2.344773480568244e-06
-4.016876782133425e-06 -3.048019098993905e-06 7.176060126444120e-06 3.603592524721270e-06
-4.614937091831561e-06 -3.957171283436456e-06 7.779006127901381e-06 4.534489354949879e-06
-3.870812280519936e-06 -1.953400316258540e-06 6.991768533962088e-06 2.349290096665730e-06
-5.671060802993265e-06 -4.023320875182054e-06 8.861801505271184e-06 4.541248466964679e-06
-4.809548020184032e-06 -2.550780565460815e-06 8.026180307802771e-06 3.071427006078664e-06
-4.611619205234987e-06 -1.888525204960491e-06 7.793434126454498e-06 2.345589497445835e-06
-7.256981001494982e-06 -4.124596389384664e-06 1.030810781657855e-05 4.490433056494327e-06
-6.443206886213655e-06 -2.829554910124694e-06 9.602805923481958e-06 3.382255947080487e-06
-5.673185051441061e-06 -1.803314247058293e-06 8.821169364307408e-06 2.356305383862712e-06
-9.537288837172520e-06 -4.231562327101629e-06 1.215738581593025e-05 4.444290486047216e-06
-8.366958472085681e-06 -2.918679350692606e-06 1.129656858266552e-05 3.469716083927726e-06
-7.257840821770008e-06 -1.706514458538433e-06 1.035554434517076e-05 2.372299330005935e-06
-1.208399535098490e-05 -4.317898932611031e-06 1.399074598230990e-05 4.401798000929839e-06
-1.078430492159228e-05 -2.918649909573351e-06 1.314845602575081e-05 3.442646537872356e-06
-9.537305964277514e-06 -1.604578783286515e-06 1.225573288278539e-05 2.421039985942461e-06
-1.477042362455009e-05 -4.385142973509471e-06 1.575333565148709e-05 4.410000498151239e-06
-1.340639435394326e-05 -2.919402350283376e-06 1.491947881604790e-05 3.435101146853881e-06
-1.208379140579428e-05 -1.520018152630796e-06 1.406657929322193e-05 2.473534699609978e-06
-1.756396868625749e-05 -4.435097265715699e-06 1.760490414585827e-05 4.449960030953084e-06
-1.615181277625234e-05 -2.920168756377692e-06 1.668487736264046e-05 3.446779345517191e-06
-1.477028951020810e-05 -1.454397364884952e-06 1.577556755335098e-05 2.509320223086158e-06
-2.043319695084089e-05 -4.469204495264579e-06 1.953570096243008e-05 4.552575985296762e-06
-1.898822514110711e-05 -2.920895635412116e-06 1.855030275666603e-05 3.467125064264125e-06
-1.756376914491835e-05 -1.405985365691529e-06 1.757254303341156e-05 2.477897567243390e-06
-2.335011081661338e-05 -4.489460307781397e-06 2.152401185893391e-05 4.522902412578343e-06
-2.188564123141067e-05 -2.921490957373506e-06 2.055712501754864e-05 3.491370078276584e-06
-2.043303945405045e-05 -1.373253720450555e-06 1.954509402960782e-05 2.373449348052108e-06
-2.629190429805748e-05 -4.499337400071066e-06 2.350074535735556e-05 4.536199387159789e-06
-2.481837038960120e-05 -2.921909578668908e-06 2.258253105607678e-05 3.500127724405716e-06
-2.335003474302750e-05 -1.353848733842620e-06 2.158074938007967e-05 2.384624708822429e-06
-2.924279208271661e-05 -4.502882216459615e-06 2.551099320478707e-05 4.590955334508726e-06
-2.776673500441131e-05 -2.922263031322169e-06 2.459727606387489e-05 3.487640858924756e-06
-2.629199998623545e-05 -1.344790767263382e-06 2.362134126670816e-05 2.406960037093901e-06
-3.219505250501632e-05 -4.503817347606337e-06 2.757588855810284e-05 4.649757056355512e-06
-3.071894882937135e-05 -2.922564948228395e-06 2.658424814390982e-05 3.457489494417194e-06
-2.924290562366440e-05 -1.341963546447144e-06 2.565314263174175e-05 2.388167879291447e-06
-3.851860335946366e-05 -4.330770275672592e-06 3.250099417432341e-05 4.610745589715468e-06
-3.809930037855080e-05 -4.504437944332723e-06 3.216306852700509e-05 4.747591708939422e-06
-3.351738483010131e-05 -2.922844355083558e-06 2.857474980669928e-05 3.455343048991602e-06
-3.514711066789956e-05 -4.504123355532867e-06 2.983408137153075e-05 4.694067684226998e-06
-3.219506822906654e-05 -1.341716207297836e-06 2.765691231346628e-05 2.330816670138689e-06
-3.869228541867296e-05 -3.911484864376526e-06 3.264130863489544e-05 4.276754406795800e-06
-3.770005273375311e-05 -2.923141705135850e-06 3.183627834256870e-05 3.479364114960402e-06
-3.514701363629655e-05 -1.341845801179855e-06 2.983038840303813e-05 2.259107022713862e-06
-3.869227366594889e-05 -1.934816236872574e-06 3.264137262188741e-05 2.679657114405731e-06
-3.809925908144501e-05 -1.341823805682554e-06 3.216323692343442e-05 2.208938506689779e-06
-3.851858289517197e-05 -1.515504735470630e-06 3.250120104255485e-05 2.345843953269569e-06
