-1.134815008412693e-04 1.585635129986026e-05 -3.099549513941504e-05 4.020315723698628e-06
-1.139291692572444e-04 1.477577965653516e-05 -3.106710327732687e-05 3.839445398078176e-06
-1.139290934140702e-04 9.681362873192524e-06 -3.104933635394811e-05 3.034802562608949e-06
-1.134814128523188e-04 8.600771127175930e-06 -3.097721455159429e-05 2.861364953766248e-06
-1.124007766491041e-04 1.630390343282080e-05 -3.082023254074725e-05 4.095991398731391e-06
-1.103732667357779e-04 1.222853433863540e-05 -3.051932822987034e-05 3.434853075174284e-06
-1.124006677145965e-04 8.153207503840169e-06 -3.080399749116629e-05 2.789351308785162e-06
-1.047909419641569e-04 1.630145423707638e-05 -2.967752721484693e-05 4.155174698968650e-06
-1.047907181438858e-04 8.155323626493677e-06 -2.967389027444321e-05 2.730038858270072e-06
-1.005920667005130e-04 1.222827778586301e-05 -2.888213384090564e-05 3.442586174913040e-06
-9.718987038580311e-05 1.629237004236678e-05 -2.825691832363277e-05 4.304194950994518e-06
-9.718954014853146e-05 8.163827947438598e-06 -2.825150984954470e-05 2.571226674230582e-06
-9.339586350154216e-05 1.222778752265919e-05 -2.729302130319832e-05 3.440906002388176e-06
-8.961196894847623e-05 1.627545388704054e-05 -2.645601901358270e-05 4.371329206725684e-06
-8.961200203089860e-05 8.179747548454251e-06 -2.653550246377810e-05 2.394791817529539e-06
-8.583429771919819e-05 1.222732068366511e-05 -2.542108389013031e-05 3.429857251407759e-06
-8.207139679778043e-05 1.625053513302364e-05 -2.449851876068223e-05 4.508464196771243e-06
-8.207196985435501e-05 8.203920378175965e-06 -2.461428808516292e-05 2.266190898121928e-06
-7.831775602823308e-05 1.222702597258679e-05 -2.340108407070427e-05 3.371802209367074e-06
-7.458385439722325e-05 1.621712526670468e-05 -2.230371482642521e-05 4.557166421888821e-06
-7.458476260563122e-05 8.236799854399094e-06 -2.247077674002309e-05 2.197309293699785e-06
-7.086242786973242e-05 1.222694155977363e-05 -2.123823153199203e-05 3.314884183178222e-06
-6.716725072240180e-05 1.617360424195553e-05 -1.991375859370604e-05 4.658657772340864e-06
-6.716831619212663e-05 8.280565047694636e-06 -2.012584830757464e-05 2.061577340717256e-06
-6.348786294133880e-05 1.222729381163629e-05 -1.878541630406958e-05 3.321374931712798e-06
-5.984226584913028e-05 1.611859961470492e-05 -1.742340232791603e-05 4.751501503028903e-06
-5.984329819317419e-05 8.336660189183757e-06 -1.747440197969640e-05 1.890652181718377e-06
-5.621585714967227e-05 1.222794076102030e-05 -1.602999558431351e-05 3.349612466927427e-06
-5.263156830635143e-05 1.605094910313586e-05 -1.475454330436889e-05 4.818718745447570e-06
-5.263284297906475e-05 8.406171453272787e-06 -1.463203139192167e-05 1.797225666017114e-06
-4.907067218120916e-05 1.222903030178219e-05 -1.307455534611108e-05 3.332857489831795e-06
-4.556119770538275e-05 1.596815499673406e-05 -1.183225741027867e-05 4.841703778995997e-06
-4.556271800459000e-05 8.491237982414840e-06 -1.175065541792392e-05 1.859136650301464e-06
-4.208041996197823e-05 1.223042681330179e-05 -1.018447320495340e-05 3.329991083659587e-06
-3.866211239019037e-05 1.586629609127534e-05 -9.056065301025918e-06 4.628191161815446e-06
-3.866311298369020e-05 8.596193448266375e-06 -9.076895114516287e-06 2.025121112693579e-06
-3.541366018370526e-05 1.223104713909443e-05 -7.835856710991520e-06 3.307098017859190e-06
-3.223730151919467e-05 1.574491375737922e-05 -6.850813803965268e-06 4.402544570697395e-06
-3.223737007436819e-05 8.725322431403502e-06 -6.893166940999852e-06 2.165628698096020e-06
-2.987662864867904e-05 1.249993112424043e-05 -6.135531973506586e-06 3.376859270530770e-06
-2.754054409837744e-05 1.562779124324969e-05 -5.512555489490283e-06 4.223559769384742e-06
-2.753786696213539e-05 8.849054541867992e-06 -5.506118061947895e-06 2.273728823491550e-06
-2.423733530455161e-05 1.552237148518692e-05 -4.609393204098339e-06 4.168336514485699e-06
-2.484939865759434e-05 1.336854569207400e-05 -4.762596216823673e-06 3.603571419519088e-06
-2.423231047052683e-05 8.930145734105047e-06 -4.572974188842964e-06 2.327253666074720e-06
-2.189603640000352e-05 9.017595725173205e-06 -3.913910218046022e-06 2.351437448472350e-06
3.215466217887211e-06 6.695156825377181e-07 4.238542486117193e-07 7.356987189150819e-07
3.279153669537398e-06 5.162261361954066e-07 4.264708465716035e-07 7.306625224709911e-07
3.278782944664231e-06 -5.424486852072041e-08 4.241107937283667e-07 7.189061178574581e-07
3.215446250348310e-06 -2.052086075053980e-07 4.216236733914147e-07 7.140937856274842e-07
-2.188735285395128e-05 1.544710882848659e-05 -3.990746833450890e-06 4.138752965602343e-06
-1.982266022981082e-05 1.526054270667801e-05 -3.387699853719017e-06 4.086811118955829e-06
-2.139412798733387e-05 1.143368676200124e-05 -3.779487602110911e-06 2.993703422402524e-06
-1.979809481986462e-05 8.929513219193548e-06 -3.343789095060624e-06 2.357287556099089e-06
3.062901962498862e-06 7.329717374124801e-07 4.180762812014833e-07 7.379841583412719e-07
2.909445345026389e-06 1.073116829672620e-07 4.142936432369671e-07 7.196903779114720e-07
3.064354896333585e-06 -2.681639518226564e-07 4.177326756795213e-07 7.104359547235916e-07
-1.914775823196906e-05 1.329373649942742e-05 -3.176804263492006e-06 3.535913644431161e-06
-1.782606621596205e-05 1.482777048953550e-05 -2.853315888211528e-06 3.924052948299068e-06
-1.594128688616102e-05 1.420382853336677e-05 -2.357019831804421e-06 3.716575551478439e-06
-1.852849844514247e-05 1.064861795275257e-05 -2.996403927562963e-06 2.814377317759254e-06
-1.783804498393124e-05 8.517406144379074e-06 -2.827975783643252e-06 2.292866916484332e-06
2.029449526778696e-06 7.507660727725058e-07 3.570059955362025e-07 7.607215292470553e-07
2.028787095077870e-06 -2.861764840900690e-07 3.648351901968177e-07 7.023121377642453e-07
1.492840743991936e-06 2.324656994452345e-07 3.105893649891070e-07 7.507669123772176e-07
-1.419505922381648e-05 1.336443365817041e-05 -1.924490946976209e-06 3.458688169185548e-06
-1.567429700722226e-05 1.222474563382914e-05 -2.256969837754576e-06 3.215597247222411e-06
-1.631825995553624e-05 9.791932397853518e-06 -2.446265864890844e-06 2.604455742066274e-06
-1.605021326076729e-05 7.811975089987134e-06 -2.400993716078904e-06 2.150232463036260e-06
9.105782065846597e-07 8.488845412928414e-07 2.735970220902332e-07 8.068770100583247e-07
9.109299017722165e-07 -3.831477345636129e-07 2.692118050489696e-07 7.180210368711295e-07
2.470608028824795e-07 2.332329825877138e-07 1.969787310030434e-07 7.915529206324237e-07
-1.258361967186205e-05 1.237034821716375e-05 -1.556700747868032e-06 3.204661793830760e-06
-1.115190622922019e-05 1.123787164564675e-05 -1.252103588447448e-06 2.914087977795107e-06
-1.409310547141255e-05 9.425466180509506e-06 -1.863903827089872e-06 2.522669703000829e-06
-1.447857957164274e-05 6.835079954932245e-06 -1.964530514703256e-06 1.926942001493035e-06
-5.156358811009851e-07 1.060209138424599e-06 1.141930971681726e-07 8.899815725331049e-07
-5.155942110205222e-07 -5.932372411210680e-07 1.438710141417500e-07 7.415359266813024e-07
-1.151736162067646e-05 9.536389566507577e-06 -1.313617240188188e-06 2.518856263747123e-06
-9.903604726647037e-06 9.963979831707496e-06 -9.964049481027960e-07 2.602899643457306e-06
-1.211782447936090e-05 7.666716342020396e-06 -1.414332215131650e-06 2.114063347815119e-06
-1.315631665976463e-05 5.664197173210411e-06 -1.639476532216473e-06 1.696155422125661e-06
-1.356700496517987e-06 2.339476834969731e-07 7.419777997737809e-08 8.252025683174342e-07
-2.357824548527106e-06 1.364316401159863e-06 -2.941387934703023e-08 9.608914236319208e-07
-2.355981303290024e-06 -8.983801917280193e-07 -2.897271277801162e-08 7.061636081124896e-07
-8.816817580599379e-06 8.597598059752189e-06 -7.836228983462005e-07 2.313083374600174e-06
-7.943486805772357e-06 7.189157447512397e-06 -6.319931422422220e-07 2.050671679191833e-06
-7.268004305401762e-06 5.710611912519438e-06 -5.401864718899053e-07 1.784859587604026e-06
-1.090524661264243e-05 6.020939739681948e-06 -1.201614361258377e-06 1.819628606793270e-06
-1.210513393007131e-05 4.359173706276199e-06 -1.448785315913317e-06 1.528800995397101e-06
-3.162166851618218e-06 2.378348782207436e-07 -1.085853349860061e-07 8.594737454681235e-07
-4.149470916014293e-06 1.662303994094189e-06 -2.075713039108973e-07 1.050741922205083e-06
-4.150105307474493e-06 -1.209420101406894e-06 -2.091123446710479e-07 7.120107978634205e-07
-8.739179223430104e-06 5.701786341555453e-06 -7.779352663894290e-07 1.776124808243871e-06
-6.762909395641735e-06 4.210472690106901e-06 -4.799004424883876e-07 1.519686405682840e-06
-5.767744520943281e-06 1.913875889531407e-06 -4.218912400368646e-07 1.107558511511328e-06
-6.232695722445880e-06 2.168634640744209e-06 -4.532830623129555e-07 1.145162563861199e-06
-6.472713148370978e-06 2.692962085801036e-06 -4.590842460851727e-07 1.232998735199673e-06
-1.006712985208663e-05 4.171577118853846e-06 -1.025387978394115e-06 1.486423045286156e-06
-1.132273636854771e-05 2.980618388562824e-06 -1.247803414173358e-06 1.258082703204242e-06
-5.036424536215427e-06 4.477655428746570e-07 -3.216251325932775e-07 9.002965413486887e-07
-5.792880300112345e-06 -1.435205719350414e-06 -4.324726158616887e-07 7.016503228289611e-07
-7.784546276474333e-06 3.154334218779298e-06 -6.603178605797304e-07 1.319621633533999e-06
-6.274364709642420e-06 1.155198692901103e-06 -4.745142407123687e-07 1.009591569732987e-06
-6.826407022007028e-06 1.987899154890884e-06 -5.230425392352159e-07 1.121771543795474e-06
-9.477452414369411e-06 2.556206630456786e-06 -9.500823376913352e-07 1.221569577802873e-06
-1.083009438022460e-05 1.590065758109193e-06 -1.150119541124686e-06 1.117164593379415e-06
-6.323575602360757e-06 -4.724896820937159e-07 -4.905564641966384e-07 8.016602143390033e-07
-6.268044388761367e-06 -1.678834995484899e-06 -5.021756050453567e-07 6.750178413444352e-07
-8.101866065545979e-06 8.011662447234557e-07 -7.210841870670575e-07 9.566200507023910e-07
-1.065271329451975e-05 2.113176871317682e-07 -1.106264159578251e-06 8.902439743809509e-07
-1.075979271296458e-05 -1.133005109954056e-06 -1.111866535442983e-06 7.404805541585573e-07
-7.295595649763833e-06 -1.357411663669121e-06 -6.063037258976633e-07 7.052169341213138e-07
-6.547266759737938e-06 -2.196564372707614e-06 -5.487962324242621e-07 6.028485118123625e-07
-6.893368435453925e-06 -3.616392750045788e-06 -6.126839117944880e-07 4.066557895283867e-07
-9.417573368527832e-06 -1.310700025358283e-06 -9.177405392758535e-07 7.158703167868754e-07
-7.402831634128919e-06 -4.983127973558144e-06 -6.792817100973122e-07 2.357149532517212e-07
-1.115288109378372e-05 -2.486984068109981e-06 -1.175038129032824e-06 5.625140202652211e-07
-8.178209659438929e-06 -3.668853399472965e-06 -7.359147285474275e-07 3.778482408450759e-07
-1.006245405430087e-05 -3.775558351559293e-06 -1.020848250497373e-06 3.707617405993751e-07
-8.069982172640395e-06 -6.283519091705774e-06 -7.548018175874639e-07 7.428185661389435e-08
-1.179777246351799e-05 -3.777529951591687e-06 -1.239016678132817e-06 3.984355286434569e-07
-1.124490454668892e-05 -5.044316729848210e-06 -1.177644205511735e-06 2.242470156582607e-07
-9.952823668545277e-06 -5.835041533404991e-06 -1.009783679005501e-06 1.090650228505572e-07
-8.885542734988970e-06 -7.516947015181119e-06 -8.386774826003490e-07 -8.377973838670731e-08
-9.853265155684891e-06 -8.662357804844013e-06 -9.740964356841621e-07 -2.553031378466906e-07
-1.268108467899331e-05 -4.964853960090418e-06 -1.365614178058147e-06 2.355648407044066e-07
-1.203386280799960e-05 -6.460655754261617e-06 -1.306624722789119e-06 3.329552725489172e-08
-1.127370448318911e-05 -8.206376354119824e-06 -1.202222196365706e-06 -1.823518532537090e-07
-1.095027015135674e-05 -9.703754361988706e-06 -1.141272608387496e-06 -3.734972848732070e-07
-1.377203483763778e-05 -6.004257338479766e-06 -1.507993187487292e-06 8.343011840068681e-08
-1.343903386424826e-05 -8.194517115214415e-06 -1.493372053176510e-06 -1.791139340678412e-07
-1.217402276054640e-05 -1.061609186560266e-05 -1.333613026282315e-06 -4.556444382029924e-07
-1.351163551196076e-05 -1.139265658743278e-05 -1.495810477816261e-06 -4.995755968114909e-07
-1.493779936728429e-05 -1.202167640809824e-05 -1.654599403814150e-06 -5.213282395100582e-07
-1.505592751650318e-05 -8.663425434094176e-06 -1.660486160275461e-06 -2.294936020439780e-07
-1.504507844544597e-05 -6.859261688318626e-06 -1.656615433564783e-06 -3.728356593858685e-08
-1.473568140351685e-05 -1.045939723040918e-05 -1.641778379091544e-06 -3.936674873040499e-07
-1.644201593639240e-05 -1.248109566749736e-05 -1.777871257576843e-06 -5.284853717646306e-07
-1.800128397796751e-05 -1.277017782103068e-05 -1.859899794995707e-06 -4.945827465664301e-07
-1.634841552419931e-05 -9.066150293878938e-06 -1.764031274376334e-06 -2.670674791087618e-07
-1.646886948682240e-05 -7.488389737994371e-06 -1.776941395983371e-06 -1.246606815201143e-07
-1.959038796773893e-05 -1.287843212670773e-05 -1.959073941621519e-06 -4.514680860620879e-07
-1.781635747141173e-05 -1.053493978044367e-05 -1.867480692159494e-06 -3.721626678721203e-07
-1.799803969906963e-05 -7.868154069953359e-06 -1.895934252754982e-06 -1.932386356238260e-07
-1.994055292154415e-05 -1.077461033870065e-05 -1.980168290198769e-06 -3.590474248523095e-07
-2.135767458031781e-05 -1.289831446711881e-05 -2.029949404985052e-06 -3.980849133911691e-07
-1.958449194235620e-05 -7.988667961046264e-06 -2.005488215870028e-06 -2.342360900197594e-07
-2.380555843745714e-05 -1.291690999828670e-05 -2.077297019042703e-06 -3.002028150669948e-07
-2.186611834861875e-05 -9.574199555690173e-06 -2.072258646773602e-06 -2.928130768502479e-07
-2.135697874604940e-05 -7.968057947612780e-06 -2.056537643494499e-06 -2.550351341443476e-07
-2.720473840132067e-05 -1.294230722483846e-05 -1.999828763639672e-06 -1.899384592114877e-07
-2.551589043387841e-05 -1.023656248946351e-05 -2.079022160334568e-06 -3.032888191232583e-07
-2.380638968174275e-05 -7.943266224994081e-06 -2.103696943506911e-06 -2.969047429872044e-07
-3.173301483291979e-05 -1.296427873460880e-05 -1.739355284489081e-06 -1.183289586520413e-07
-2.946298116664305e-05 -1.043094395806479e-05 -1.892586693998181e-06 -2.780366073356851e-07
-2.720539942460987e-05 -7.918482733573973e-06 -2.024378264722575e-06 -3.738431604889109e-07
-3.648202583940532e-05 -1.297731161593202e-05 -1.427750466573932e-06 -1.303000777192843e-07
-3.410373443957438e-05 -1.043020971530554e-05 -1.594521491671261e-06 -2.764723707978098e-07
-3.173346932618454e-05 -7.896588792255163e-06 -1.771875665777648e-06 -4.080276821703012e-07
-4.124799883997896e-05 -1.298350100475133e-05 -1.203857051635536e-06 -1.445624583012961e-07
-3.886309398687500e-05 -1.042966009911835e-05 -1.307911804014996e-06 -2.583936852519371e-07
-3.648222923964031e-05 -7.882637051516160e-06 -1.505479786025572e-06 -4.211551681007398e-07
-4.602118599532853e-05 -1.298483506382705e-05 -1.021639073491216e-06 -1.159210302216720e-07
-4.363411694593316e-05 -1.042895237409878e-05 -1.138742929290270e-06 -2.402090004051830e-07
-4.124812700204217e-05 -7.875230369202335e-06 -1.288567998255338e-06 -3.478821070918278e-07
-5.079505439556821e-05 -1.298335463154280e-05 -7.384410582483636e-07 -5.666761631542950e-08
-4.840861994780190e-05 -1.042782858623728e-05 -9.176745738609198e-07 -2.301843788201845e-07
-4.602160457282394e-05 -7.871986230390729e-06 -1.113466268078458e-06 -3.545056246025881e-07
-5.556652065161107e-05 -1.298066373044414e-05 -4.087608323056499e-07 -6.017976104520114e-08
-5.318161589926221e-05 -1.042646296107674e-05 -5.863279525201705e-07 -2.378466297706610e-07
-5.079571593930829e-05 -7.870946546503576e-06 -8.269015806141511e-07 -3.749154366752179e-07
-6.033477757865874e-05 -1.297771822563389e-05 -7.357490168833237e-08 -1.394126251967864e-07
-5.795144643599856e-05 -1.042517139775706e-05 -2.436700458464653e-07 -2.719141309476552e-07
-5.556711662178817e-05 -7.871091471928017e-06 -5.006562266849175e-07 -4.063958728663760e-07
-6.510021316172472e-05 -1.297520635915459e-05 4.608236333866400e-08 -2.583398517058522e-07
-6.271812436075210e-05 -1.042381053162099e-05 -4.402302361792795e-09 -2.820339160334130e-07
-6.033532655714277e-05 -7.871345889970094e-06 -1.962724502520706e-07 -3.950512169776358e-07
-6.986335049456472e-05 -1.297311871594442e-05 4.675935909295619e-09 -3.221329742284034e-07
-6.748227431334350e-05 -1.042256480186553e-05 8.984204263530457e-09 -2.992543606332700e-07
-6.510062163368245e-05 -7.871169003722398e-06 -4.314558566203532e-08 -3.425203070968083e-07
-8.006422214452833e-05 -1.269173102352640e-05 -2.321467140782517e-07 -2.979099260381068e-07
-7.938782460675269e-05 -1.297189735845379e-05 -2.166239404861743e-07 -3.034130843926341e-07
-7.199678786619513e-05 -1.042167533118774e-05 -8.915049112683863e-08 -2.876566497224790e-07
-7.462562879579162e-05 -1.297207366368557e-05 -1.306097806053479e-07 -3.300322750952359e-07
-6.986373990817322e-05 -7.870998023537769e-06 -8.405069744056340e-08 -2.781203948944612e-07
-8.034439762624290e-05 -1.201534452090718e-05 -2.398562464708904e-07 -2.852407524868415e-07
-7.874393334687144e-05 -1.042112021931550e-05 -2.287755667157523e-07 -2.630597602198053e-07
-7.462581829879061e-05 -7.870728744674329e-06 -1.771284568809779e-07 -2.568957934755880e-07
-8.034446758570678e-05 -8.826843894135613e-06 -2.944663886150205e-07 -2.071155234411076e-07
-7.938794261431668e-05 -7.870346405397337e-06 -2.777110826190235e-07 -1.881530637887647e-07
-8.006430840324847e-05 -8.150493177610998e-06 -2.905611676389655e-07 -1.928168540244872e-07
