7.986543028572234e-05 -1.233609788139030e-05 -2.608236247114889e-06 1.814345539123605e-07
8.014891072953885e-05 -1.165174411372273e-05 -2.682232868792228e-06 3.610869688725609e-09
8.014896961763684e-05 -8.425750135429499e-06 -2.832987294072438e-06 -8.632537216659860e-07
7.986549718066123e-05 -7.741395648477767e-06 -2.780247668395669e-06 -1.019967554331476e-06
7.918106015963214e-05 -1.261956575549785e-05 -2.434464952125090e-06 2.579066154801186e-07
7.789749639026959e-05 -1.003874555897992e-05 -2.164468520799776e-06 -3.985345481313918e-07
7.918113660311082e-05 -7.457925373482688e-06 -2.637775458391718e-06 -1.086572692435947e-06
7.436224204566790e-05 -1.261933225630905e-05 -1.049778421096316e-06 3.478580373174157e-07
7.436227194984021e-05 -7.457931728293375e-06 -1.334883240346544e-06 -1.106654293502339e-06
7.170197708735499e-05 -1.003848882261053e-05 -5.450054792190375e-07 -3.910831738286686e-07
6.954421038916716e-05 -1.261742467449264e-05 3.161802842206055e-07 1.994430245395124e-07
6.954401807245996e-05 -7.459024480598018e-06 7.249777491512917e-08 -1.052103619439977e-06
6.713600011935826e-05 -1.003795979188890e-05 5.777920162192196e-07 -3.215369381656603e-07
6.473051845388953e-05 -1.261268144597636e-05 1.321681724326720e-06 5.016139977259568e-08
6.473031352894745e-05 -7.462473040103490e-06 1.311050605057335e-06 -8.611088553204850e-07
6.232649265066114e-05 -1.003700832048315e-05 1.503332309686967e-06 -3.695068239737913e-07
5.992711388857686e-05 -1.260463729880822e-05 2.055449331132537e-06 -9.274012420512640e-08
5.992719156401397e-05 -7.468409621551853e-06 1.949430090992946e-06 -6.429905658435199e-07
5.753041122766666e-05 -1.003581846335602e-05 1.984380873359042e-06 -4.144302273153693e-07
5.513980785207956e-05 -1.259351609787505e-05 2.391469730927054e-06 -3.502786568845593e-07
5.514007233111057e-05 -7.476894224650106e-06 2.170153088741623e-06 -4.192395472990196e-07
5.275279349683196e-05 -1.003451160934368e-05 2.024680064250410e-06 -4.392938363746938e-07
5.037317206188342e-05 -1.258004556152486e-05 2.399126742303088e-06 -5.273314017983462e-07
5.037329449757706e-05 -7.487548508244156e-06 2.057572444438058e-06 -3.015049408022472e-07
4.799770460126737e-05 -1.003314294565199e-05 1.798198465411441e-06 -4.958275525836686e-07
4.563095919183954e-05 -1.256438935642536e-05 2.021333555762913e-06 -6.996026792667208e-07
4.563097510224574e-05 -7.500267559978379e-06 1.660493691452975e-06 -2.882245500827197e-07
4.326911127244235e-05 -1.003175793872536e-05 1.378588679745551e-06 -4.863743502344464e-07
4.091789364017397e-05 -1.254587969292553e-05 1.340199173694889e-06 -7.747408432179959e-07
4.091751870623330e-05 -7.515680420458961e-06 1.097723539385733e-06 -2.748471671568693e-07
3.857204703402345e-05 -1.003023823529642e-05 9.649524373622576e-07 -4.747090459172823e-07
3.623942529040884e-05 -1.252419567461815e-05 7.842495281252459e-07 -7.791364053892751e-07
3.623826798200121e-05 -7.534190193407643e-06 6.744025360768240e-07 -3.613154162709601e-07
3.391229397784383e-05 -1.002861111329249e-05 6.481537580226318e-07 -4.790593091714147e-07
3.160059258265593e-05 -1.250015653790143e-05 4.364280541009397e-07 -6.498065574565836e-07
3.159886470836365e-05 -7.555294383189629e-06 4.211298968871505e-07 -5.115315982123042e-07
2.938744461683505e-05 -1.002669420642352e-05 4.777703352923011e-07 -5.002613743938695e-07
2.719041451627554e-05 -1.247429961807255e-05 3.875433645153802e-07 -5.448460543361991e-07
2.718884983880130e-05 -7.578867584502934e-06 4.190272842036400e-07 -6.255832554059180e-07
2.554591776240128e-05 -1.021527669930668e-05 4.718939547429032e-07 -5.294506336231961e-07
2.388091758493350e-05 -1.245180921409318e-05 5.081845864857660e-07 -4.794656717311571e-07
2.387955630896272e-05 -7.599315326589877e-06 5.332239554767771e-07 -6.330206602516768e-07
2.149209170622440e-05 -1.243303779772114e-05 6.579744886158737e-07 -4.556956045044851e-07
2.195382960264600e-05 -1.084805052393707e-05 6.276364001046526e-07 -5.421861311643667e-07
2.149085212599906e-05 -7.611871874702639e-06 6.745654534310719e-07 -6.747579846353484e-07
1.976485494126901e-05 -7.625230873555227e-06 7.379559229809101e-07 -6.751628747686509e-07
-3.328130438852652e-06 2.873472278692999e-07 -3.861077564705972e-07 -3.989886499582208e-07
-3.394057686705596e-06 4.456418889655823e-07 -3.946038464652133e-07 -3.815408616411297e-07
-3.393760584681647e-06 1.036332182798625e-06 -3.957914789899492e-07 -3.068663981403860e-07
-3.328108028042941e-06 1.192927540936351e-06 -3.865531100853572e-07 -2.855419779682720e-07
1.976389093683662e-05 -1.241995390076567e-05 7.669708284954353e-07 -4.456072684834200e-07
1.820460119815695e-05 -1.231930875465016e-05 8.394137502207514e-07 -4.516440355555286e-07
1.941198387492759e-05 -9.424513832031753e-06 7.526385647865061e-07 -5.850948911388825e-07
1.820305281429334e-05 -7.503221599558327e-06 8.038042312949469e-07 -6.855507759869785e-07
-3.170469010414348e-06 2.220591982423771e-07 -3.661847399445806e-07 -4.059251127001374e-07
-3.011186505768972e-06 8.700803453336159e-07 -3.392904239561165e-07 -3.293157287787144e-07
-3.171420932710684e-06 1.258593221392213e-06 -3.635457558021430e-07 -2.766942175669060e-07
1.770737575529597e-05 -1.084272854626830e-05 8.550891727710299e-07 -5.216948900715499e-07
1.667216043001100e-05 -1.204016869319855e-05 9.151571696213807e-07 -4.647747155848514e-07
1.518922747629698e-05 -1.159395274398474e-05 9.525576524632813e-07 -4.945981693008553e-07
1.723910755031691e-05 -8.809193140188067e-06 8.603115574011028e-07 -6.156047639445914e-07
1.670042820039618e-05 -7.118397791783537e-06 8.783410326221260e-07 -6.570112893347013e-07
-2.100822223046201e-06 2.070637410248195e-07 -2.180477697372348e-07 -3.799772385449335e-07
-2.099166178629708e-06 1.279996346564833e-06 -2.057105891281729e-07 -2.738912405339920e-07
-1.544948948816068e-06 7.450565832574357e-07 -1.584084056837455e-07 -3.152394851898004e-07
1.377607640518622e-05 -1.098120228971102e-05 9.454060355238896e-07 -5.369945720381318e-07
1.499221139734912e-05 -1.005585277188034e-05 9.507109043511976e-07 -5.558373376308060e-07
1.550525052241136e-05 -8.117708186822677e-06 9.367983377982438e-07 -6.080013440257521e-07
1.529852627731965e-05 -6.485915218300831e-06 9.554760048196744e-07 -6.233700756566999e-07
-9.433588451232945e-07 1.101220393322014e-07 -1.022252733326677e-07 -3.729499844582304e-07
-9.426987914940913e-07 1.382662557049442e-06 -1.159552859022532e-07 -2.704590997840233e-07
-2.577830078527598e-07 7.477500876699230e-07 -5.440146708691854e-08 -3.197562444065000e-07
1.244620671703520e-05 -1.021793683114856e-05 9.294203449309206e-07 -5.661295176679236e-07
1.122148772418107e-05 -9.315058263778513e-06 9.622482156652495e-07 -6.013157872139124e-07
1.370650205850404e-05 -7.811305213636923e-06 9.379833584536875e-07 -6.053583567932505e-07
1.403831680557184e-05 -5.625107148007507e-06 9.759516371953470e-07 -6.227360925609264e-07
5.283309106754176e-07 -1.026513826869523e-07 -9.790005908991487e-09 -3.501389336855558e-07
5.291579122253534e-07 1.600953744290006e-06 3.009156327048193e-08 -2.370690787659016e-07
1.153115651785143e-05 -7.912530776571139e-06 9.675564703631564e-07 -6.202412489880170e-07
1.011633043095470e-05 -8.281487337937468e-06 9.118605295373246e-07 -6.190160739738474e-07
1.205130122650906e-05 -6.319432785850178e-06 9.866103311512721e-07 -6.160154508742113e-07
1.295594607516354e-05 -4.570858551268444e-06 1.005894547654352e-06 -5.979459115001896e-07
1.394903844083233e-06 7.502232633863516e-07 9.110566976776198e-08 -2.756325042409559e-07
2.424057480920462e-06 -4.108820224601286e-07 1.913576452815854e-07 -3.727435871302422e-07
2.423330284400686e-06 1.915965360918223e-06 1.975621560073193e-07 -1.598663385763164e-07
9.137429690487550e-06 -7.136283947539219e-06 8.518250874994522e-07 -5.853523699348848e-07
8.304256272696048e-06 -5.900885858845906e-06 8.364271730510081e-07 -5.986769998911826e-07
7.621148766819506e-06 -4.581101550235050e-06 7.949921917306415e-07 -5.994593154808889e-07
1.098796571502384e-05 -4.876090856992535e-06 9.554818666766119e-07 -5.921706340699149e-07
1.208133393867231e-05 -3.361147847650149e-06 1.001750737794962e-06 -5.626339873126163e-07
3.251552066492510e-06 7.490956201310472e-07 2.788192520288984e-07 -2.513052051051727e-07
4.266356420402042e-06 -7.158295288657004e-07 3.961933538831568e-07 -3.940521822744782e-07
4.266588260450501e-06 2.236069103739097e-06 3.635575046807060e-07 -1.071543405765807e-07
9.013905124743762e-06 -4.585325667021019e-06 8.545552847067729e-07 -5.988037777266674e-07
7.092738120486204e-06 -3.196408653027951e-06 7.420580428404517e-07 -5.516846885550585e-07
5.953253200329962e-06 -9.762767700908077e-07 5.391942237889447e-07 -4.164056883640815e-07
6.454082828821128e-06 -1.232740771210793e-06 5.921356189771735e-07 -4.341796673356040e-07
6.732140322557646e-06 -1.750180999548136e-06 6.440859413751515e-07 -4.633990721422398e-07
1.024058388588066e-05 -3.181706438022932e-06 9.113017929086292e-07 -5.389618613243925e-07
1.143604183232214e-05 -2.043858177822492e-06 9.750032375732488e-07 -4.615318302402950e-07
5.179460464100553e-06 5.359256127241815e-07 4.613492477682715e-07 -2.787774472403008e-07
5.929272187400621e-06 2.465417730914491e-06 4.963312407199556e-07 -9.102346805590924e-08
8.054206693237219e-06 -2.210466895820922e-06 7.824605584628955e-07 -4.983751876415042e-07
6.473367746023494e-06 -2.012711021841263e-07 5.772337278783980e-07 -3.583913183940348e-07
7.066553455390154e-06 -1.051943047617359e-06 6.576376609387898e-07 -4.239857204665856e-07
9.691804293811821e-06 -1.633493545011224e-06 8.868744637932585e-07 -4.465277574392626e-07
1.104712558796637e-05 -6.681662758913826e-07 9.986652905514410e-07 -3.852764103271577e-07
6.481854106975939e-06 1.469644824489001e-06 5.649487508679788e-07 -2.044700996770861e-07
6.391310241053367e-06 2.718893835224391e-06 5.293199382143656e-07 -5.828967992207555e-08
8.334593514866135e-06 1.222428702094200e-07 8.042694899223468e-07 -3.505832767740305e-07
1.093000932786284e-05 7.306373145920090e-07 1.049660149606853e-06 -3.051614796196043e-07
1.113467661724162e-05 2.137216836093841e-06 1.178340664587732e-06 -1.293961283153223e-07
7.457590337072074e-06 2.372119878802263e-06 6.814732818163674e-07 -1.156300738096774e-07
6.653483651239175e-06 3.274735499156601e-06 5.444470086044560e-07 3.721400414596751e-08
6.962193899918602e-06 4.833393581911202e-06 5.238138672316709e-07 3.371725105612322e-07
9.701210471023462e-06 2.298168230416200e-06 9.602319826617181e-07 -1.391382758377853e-07
7.454398945137835e-06 6.392935420204488e-06 5.390171696161484e-07 6.872975168676788e-07
1.164315755662901e-05 3.573481937628958e-06 1.357343547712867e-06 1.050269106351608e-07
8.348268469852076e-06 4.872254273759188e-06 7.589296593934890e-07 3.236413403002408e-07
1.044482010793530e-05 4.992978707611430e-06 1.146465880062287e-06 3.653878980010783e-07
8.161037715887239e-06 7.902577037991711e-06 6.286307687056499e-07 1.041165167801682e-06
1.245021676265440e-05 4.995798256031724e-06 1.620632732063124e-06 3.792671929841944e-07
1.183145240460837e-05 6.442498571922558e-06 1.501263166386891e-06 6.684553682147289e-07
1.031509914540694e-05 7.367625413536947e-06 1.114846730123531e-06 8.865246100172241e-07
9.056672050677481e-06 9.389187617032561e-06 7.952540354852650e-07 1.420939996939036e-06
1.017871171892831e-05 1.080950078863102e-05 1.079527086348162e-06 1.807604217113027e-06
1.356684228376769e-05 6.335394096688401e-06 1.960729685856796e-06 6.359264105311835e-07
1.279181521498744e-05 8.119199463473897e-06 1.771582216637604e-06 1.088124565875605e-06
1.187007720056512e-05 1.025526538212162e-05 1.517221439533452e-06 1.667233883470899e-06
1.147448778453929e-05 1.214156966582478e-05 1.413273481844377e-06 2.178010242323023e-06
1.495420617003601e-05 7.541002411603966e-06 2.376721897710632e-06 9.510228943088994e-07
1.454594602992579e-05 1.025366656765805e-05 2.272903363953586e-06 1.693025751974885e-06
1.296898257153138e-05 1.332614750062899e-05 1.815550160113519e-06 2.517895466214683e-06
1.465438955889230e-05 1.436703672536055e-05 2.291557523829904e-06 2.827720986833529e-06
1.648103167433525e-05 1.524595972481229e-05 2.818095502137411e-06 3.072638092625371e-06
1.661837141670698e-05 1.084880566813914e-05 2.822017815510809e-06 1.868925506437567e-06
1.659719775907131e-05 8.560566369837378e-06 2.808555924317537e-06 1.235432069947454e-06
1.620135498200552e-05 1.317522157928102e-05 2.729525022183777e-06 2.496184159121534e-06
1.845360570412948e-05 1.589908390737700e-05 3.413103043157270e-06 3.240187365504044e-06
2.053797859552430e-05 1.633875075713787e-05 4.000046615186233e-06 3.380119087432966e-06
1.830921471708810e-05 1.136349668940384e-05 3.305296073762887e-06 2.003694423884649e-06
1.847261053366370e-05 9.307336356771218e-06 3.347269092835708e-06 1.423045144732156e-06
2.268519772144218e-05 1.653243085364816e-05 4.589662543505290e-06 3.468719571986235e-06
2.026123040388584e-05 1.331586577025712e-05 3.895528386434189e-06 2.544094344418532e-06
2.051652194959413e-05 9.741640418349357e-06 3.954837311856489e-06 1.499557240295962e-06
2.315323709129691e-05 1.365128073947350e-05 4.734625210079255e-06 2.639575946434581e-06
2.512345606388195e-05 1.661535733013184e-05 5.289124919760288e-06 3.515702527600598e-06
2.266189308419172e-05 9.858200546022551e-06 4.593001180561490e-06 1.506967171194757e-06
2.854739810616830e-05 1.669732431801209e-05 6.318789858274881e-06 3.547463564610175e-06
2.581055851181360e-05 1.199222059332310e-05 5.521961075700594e-06 2.153934490810707e-06
2.511914997637610e-05 9.775067645781870e-06 5.314284555469781e-06 1.499699946344410e-06
3.341658748168051e-05 1.682070755291656e-05 7.730650302720091e-06 3.554908587454995e-06
3.097209408612718e-05 1.291154841284850e-05 7.037522266943045e-06 2.426536980211651e-06
2.854990785611565e-05 9.668284390416089e-06 6.320550163079280e-06 1.496204788586531e-06
4.006947179937938e-05 1.694997011850995e-05 9.664979002887992e-06 3.630225082947510e-06
3.670641944503881e-05 1.318796292307575e-05 8.689644890289147e-06 2.531668514995812e-06
3.341764549332606e-05 9.548735902028453e-06 7.757425460740209e-06 1.468201962005268e-06
4.721205422058450e-05 1.705548973899688e-05 1.183566617428120e-05 3.691212450566615e-06
4.360824604155502e-05 1.318598935650369e-05 1.070857777503632e-05 2.564517002239588e-06
4.006998162886390e-05 9.422489684421735e-06 9.678679207016232e-06 1.486442936595203e-06
5.453166917207193e-05 1.714053128431017e-05 1.397692357606587e-05 3.727356706440942e-06
5.084523548547401e-05 1.318474406303481e-05 1.289109182519325e-05 2.561546563143185e-06
4.721241671092973e-05 9.315030234545144e-06 1.182670221470816e-05 1.371697446955883e-06
6.199388788140730e-05 1.720782702669569e-05 1.613397860736466e-05 3.726773054115101e-06
5.824183149209826e-05 1.318351013888644e-05 1.504899710182256e-05 2.591937360312479e-06
5.453221467306914e-05 9.227618967352506e-06 1.396245669821252e-05 1.405303997367096e-06
6.956761782073621e-05 1.726017838728655e-05 1.819387185620966e-05 3.781188446437417e-06
6.576453147616996e-05 1.318254105979183e-05 1.718258377535460e-05 2.626717427862287e-06
6.199436972528423e-05 9.158173832874067e-06 1.614455336055046e-05 1.457796033447898e-06
7.722721042195116e-05 1.730059515165484e-05 2.028981911721298e-05 3.797078575581028e-06
7.338489641270058e-05 1.318200678304619e-05 1.924758110923763e-05 2.626973316211670e-06
6.956786587154926e-05 9.104327176925935e-06 1.825987316067516e-05 1.490473091315082e-06
8.495236670045804e-05 1.733074461292672e-05 2.229893746542834e-05 3.730699895276725e-06
8.108041528113044e-05 1.318183705083813e-05 2.133741416722872e-05 2.667671111604556e-06
7.722735691435240e-05 9.063173892645203e-06 2.033956660215119e-05 1.548167810677962e-06
9.272364506162014e-05 1.735063180664074e-05 2.421745310558140e-05 3.703639002175347e-06
8.883192763175325e-05 1.318192626644635e-05 2.328155697726852e-05 2.692098271722939e-06
8.495243513025344e-05 9.033042940656139e-06 2.235867381238405e-05 1.684868643946571e-06
1.005219686257276e-04 1.736148575546012e-05 2.604376408365065e-05 3.604943011728308e-06
9.661970628113646e-05 1.318204917480157e-05 2.516595721347522e-05 2.700722228001940e-06
9.272367999732376e-05 9.013359923456002e-06 2.425569531069029e-05 1.688155149694296e-06
1.172537252875954e-04 1.690637414565783e-05 2.967167776151651e-05 3.522522561398452e-06
1.161442978101318e-04 1.736590865581075e-05 2.942410517409748e-05 3.619050699439696e-06
1.040195653814834e-04 1.318206181018777e-05 2.685075513821722e-05 2.691794895993961e-06
1.083321959850340e-04 1.736546444180809e-05 2.778087922498661e-05 3.561861149052126e-06
1.005220747133164e-04 9.002620993853448e-06 2.607992211491554e-05 1.746773912384912e-06
1.177132690662587e-04 1.579695989084949e-05 2.977551672327659e-05 3.283387038887158e-06
1.150879977694177e-04 1.318201005514146e-05 2.919451886176301e-05 2.704095088053123e-06
1.083322798591553e-04 8.998661483319425e-06 2.779651714588113e-05 1.843049809150244e-06
1.177133825741713e-04 1.056699224795868e-05 2.980113114798950e-05 2.110505461649963e-06
1.161444200656945e-04 8.998036004619661e-06 2.945011980942740e-05 1.770639817905991e-06
1.172538458595556e-04 9.457571051957304e-06 2.969863209226468e-05 1.868312507067096e-06
