6.934525631996945e-05 -9.587164425198884e-06 1.465026861473807e-05 -2.391123031032721e-06
6.962683820343514e-05 -8.907530521193870e-06 1.466850538446142e-05 -2.340681263372960e-06
6.962708177539066e-05 -5.703387225497185e-06 1.469895544299499e-05 -2.033156927818199e-06
6.934553291924505e-05 -5.023766663383722e-06 1.468249514131576e-05 -1.973260008473945e-06
6.866550615251174e-05 -9.868655614889719e-06 1.460544013210455e-05 -2.413563956743081e-06
6.739043202125464e-05 -7.305489106581972e-06 1.450399268850799e-05 -2.197376094010050e-06
6.866582621401614e-05 -4.742278518925060e-06 1.463530337598442e-05 -1.946665312032205e-06
6.387901718533043e-05 -9.867038269499022e-06 1.420203838578905e-05 -2.462138660765606e-06
6.387939467641750e-05 -4.743581544187186e-06 1.420548515272914e-05 -1.911944129608546e-06
6.123848673883074e-05 -7.304973982317632e-06 1.395633599974391e-05 -2.199175309810729e-06
5.909865648947810e-05 -9.860624379059047e-06 1.366200959019782e-05 -2.435042877495282e-06
5.909907696086835e-05 -4.748950355177924e-06 1.358413191366477e-05 -1.787250909015424e-06
5.671316510713314e-05 -7.304520934564002e-06 1.341752195061660e-05 -2.187224515900298e-06
5.433367207808936e-05 -9.849480957656529e-06 1.308538595635426e-05 -2.395608679223497e-06
5.433396850028602e-05 -4.758987476788846e-06 1.276790169863911e-05 -1.694961934088706e-06
5.195855566299535e-05 -7.303752162109810e-06 1.278160750101886e-05 -2.142798604777462e-06
4.959227429504193e-05 -9.833005692200067e-06 1.251076649656692e-05 -2.366570112517498e-06
4.959289108028243e-05 -4.773744910299210e-06 1.201687366285141e-05 -1.697191833658215e-06
4.723233984483940e-05 -7.302891963360953e-06 1.211513465421190e-05 -2.074435685975680e-06
4.488488745973696e-05 -9.810165159989432e-06 1.188189093229505e-05 -2.445845348452683e-06
4.488526997437667e-05 -4.794460497279282e-06 1.138864913769553e-05 -1.701104880010661e-06
4.254554978668179e-05 -7.301809922866628e-06 1.136302333547098e-05 -2.018079929459588e-06
4.022438826465080e-05 -9.778738784484374e-06 1.111124567161657e-05 -2.493384132698517e-06
4.022425097869584e-05 -4.823225766636436e-06 1.077358628657760e-05 -1.727329064658343e-06
3.791345240487408e-05 -7.300507155307322e-06 1.063667506038271e-05 -2.014569957291108e-06
3.562837088019570e-05 -9.736531988997503e-06 1.024997605214655e-05 -2.523308998195994e-06
3.562782463827688e-05 -4.862724823198299e-06 1.007533978870757e-05 -1.673183074151804e-06
3.335659875633685e-05 -7.299098183660609e-06 9.902731379008840e-06 -2.019631663709655e-06
3.111922582976717e-05 -9.681824626735927e-06 9.412191395874737e-06 -2.505804874328571e-06
3.111859032339299e-05 -4.914693508641033e-06 9.277340767771214e-06 -1.655640759837830e-06
2.889900306713227e-05 -7.297680643699087e-06 9.173772312760446e-06 -2.078927504855525e-06
2.672194304639053e-05 -9.613442588662354e-06 8.638362181229289e-06 -2.495022137520824e-06
2.672118631248333e-05 -4.980297098749958e-06 8.471570094346966e-06 -1.662423454217147e-06
2.456612900907530e-05 -7.296117234780150e-06 8.352071507994092e-06 -2.123921072038089e-06
2.246169905081274e-05 -9.530795137771437e-06 7.854177677183650e-06 -2.542971271698152e-06
2.246060479426318e-05 -5.060239552370487e-06 7.649687876365073e-06 -1.697908813545220e-06
2.046547066055491e-05 -7.293992522935919e-06 7.471733528651055e-06 -2.156105519385690e-06
1.852636557057701e-05 -9.435439443541802e-06 7.127468154878179e-06 -2.584049972812528e-06
1.852479686540447e-05 -5.156398445401106e-06 6.983888817677213e-06 -1.695652156871614e-06
1.708699477848280e-05 -7.454877053774506e-06 6.839835394834497e-06 -2.181946082253289e-06
1.567375095289934e-05 -9.346243376161314e-06 6.534816146912279e-06 -2.648957933919584e-06
1.567061425635247e-05 -5.246225866502776e-06 6.504666542967933e-06 -1.713587796158245e-06
1.368222979227456e-05 -9.267742816391425e-06 6.015836163460014e-06 -2.680437341716324e-06
1.404662538364013e-05 -7.975142587968567e-06 6.133728947230238e-06 -2.310160219911484e-06
1.367775383415088e-05 -5.304137403480286e-06 6.006726688858477e-06 -1.655389539979722e-06
1.227733947872051e-05 -5.366610433244837e-06 5.670726217675322e-06 -1.613119513524004e-06
-1.713955422425318e-06 -7.816548776373806e-07 -8.294953173416616e-07 4.550599634240798e-07
-1.748700309031532e-06 -6.978939660281322e-07 -8.405050242054170e-07 4.876090576658937e-07
-1.748475505538999e-06 -3.866686755769838e-07 -8.522517728731103e-07 6.131100854980898e-07
-1.713952310725610e-06 -3.044285906502090e-07 -8.415306169902868e-07 6.496233934054791e-07
1.227181460251016e-05 -9.212090121683043e-06 5.625005672539737e-06 -2.717249053538513e-06
1.104129550733199e-05 -9.091206908915638e-06 5.286984124950710e-06 -2.713293652829129e-06
1.197291159780282e-05 -6.811937979337198e-06 5.617919013790346e-06 -2.049201732026353e-06
1.102217015037794e-05 -5.325022078465890e-06 5.329150096770098e-06 -1.508373860181694e-06
-1.630599214245448e-06 -8.164249762332530e-07 -8.024569571988360e-07 4.401884033755042e-07
-1.546851696186330e-06 -4.753028520330431e-07 -7.842397753835556e-07 5.765343377004395e-07
-1.631607459920919e-06 -2.703383987662991e-07 -8.113151803706496e-07 6.681991789560897e-07
1.063611871440996e-05 -7.916618489305357e-06 5.196452660815590e-06 -2.369750223369656e-06
9.856780959015235e-06 -8.821936694224478e-06 4.882702252574544e-06 -2.697912572838603e-06
8.746530096049157e-06 -8.443584122345161e-06 4.485101799179971e-06 -2.595705365217079e-06
1.026680050968478e-05 -6.347497886970640e-06 5.086174229315218e-06 -1.845816989452202e-06
9.858682888231964e-06 -5.094457573293016e-06 4.930382196036536e-06 -1.388889553366065e-06
-1.066316909160044e-06 -8.271189275310879e-07 -6.147090143140350e-07 4.033749233262713e-07
-1.066588736729412e-06 -2.629402880681728e-07 -5.827699397684925e-07 7.248517691462587e-07
-7.745826336850897e-07 -5.462413919676527e-07 -4.255290691780489e-07 5.822015331900475e-07
7.727003377593560e-06 -7.937543607434856e-06 4.152673506712553e-06 -2.434258438581833e-06
8.586092142787548e-06 -7.273182996402976e-06 4.451755159893874e-06 -2.182988963097997e-06
8.963446944894837e-06 -5.845488153211919e-06 4.571880976406964e-06 -1.679516047412801e-06
8.804069973896524e-06 -4.695475824553460e-06 4.490071831357714e-06 -1.235871717694574e-06
-4.587429954281201e-07 -8.798940863239701e-07 -2.188518538110206e-07 3.886349761189768e-07
-4.596972944711372e-07 -2.155546131818210e-07 -2.298380576390628e-07 8.053432180962135e-07
-1.018795532243211e-07 -5.492347278462222e-07 2.151609530370845e-08 5.974895169174547e-07
6.791998243497623e-06 -7.346565902379732e-06 3.834956910012914e-06 -2.233110476601511e-06
5.971683817094968e-06 -6.681104902806795e-06 3.457655774913884e-06 -1.986535394657315e-06
7.663436474579067e-06 -5.632520956659661e-06 4.146039717036886e-06 -1.596848613808255e-06
7.882909470277610e-06 -4.140660644250690e-06 4.195063309710842e-06 -1.000330006924035e-06
3.070134708443594e-07 -9.918012123945356e-07 2.914855105229749e-07 3.331712626651780e-07
3.062112464909739e-07 -1.096236578667098e-07 3.041380557644223e-07 8.996444091059810e-07
6.181477485221674e-06 -5.693237372429275e-06 3.543553030398855e-06 -1.611538696016344e-06
5.266365194014769e-06 -5.936936359561676e-06 3.168603711161129e-06 -1.721094951136021e-06
6.523021226756421e-06 -4.620419658687879e-06 3.696348407051254e-06 -1.191783882748817e-06
7.112810521542936e-06 -3.482091561519004e-06 3.937531273335686e-06 -7.394489340549251e-07
7.547774833571231e-07 -5.522277784590073e-07 5.782365395036811e-07 6.536769158471857e-07
1.286121093157132e-06 -1.151520746241261e-06 8.730708394282801e-07 3.384515412301951e-07
1.284258094159360e-06 4.551055317626703e-08 9.084570394598482e-07 1.061683425495315e-06
4.656684157651648e-06 -5.147297601643583e-06 2.919820374120768e-06 -1.477010329929543e-06
4.179159196201672e-06 -4.347498963734468e-06 2.638060506787296e-06 -1.096042800158439e-06
3.821251965296993e-06 -3.514355933063706e-06 2.439725232574811e-06 -7.009612839508167e-07
5.834962495109693e-06 -3.685496536548070e-06 3.415026689956391e-06 -8.144478427028485e-07
6.503647133339890e-06 -2.758034831296069e-06 3.695760917501328e-06 -3.830505317638633e-07
1.711525903269176e-06 -5.567375748412447e-07 1.124805195184640e-06 7.325067721689310e-07
2.231873156984823e-06 -1.306764681091456e-06 1.392271106137019e-06 3.474618064083201e-07
2.231672560830819e-06 2.038232993151974e-07 1.389613846595121e-06 1.183323279250021e-06
4.627222188711667e-06 -3.506232841488827e-06 2.840514605295744e-06 -7.023445135633816e-07
3.559020376072518e-06 -2.681222113297767e-06 2.290994158033232e-06 -3.430854020543378e-07
3.074007731076254e-06 -1.436280532744528e-06 1.868259866856931e-06 2.960335355919717e-07
3.310152734613625e-06 -1.570920438460303e-06 2.053242101520433e-06 2.108253962746731e-07
3.425945087674430e-06 -1.852007870103993e-06 2.163603541407975e-06 4.782254926463567e-08
5.362485869177826e-06 -2.654670274894885e-06 3.186910387206788e-06 -3.291614688762338e-07
6.047714658318703e-06 -2.004672319989832e-06 3.513718344313486e-06 -5.197534583109015e-08
2.697937109652376e-06 -6.692899134443740e-07 1.645743493650514e-06 7.114057978341248e-07
3.103457890225117e-06 3.194003403014837e-07 1.895001671709327e-06 1.283999198681261e-06
4.120352818664619e-06 -2.098142024721327e-06 2.567761162712546e-06 -8.607664339357215e-08
3.339679639303214e-06 -1.036893795906713e-06 2.050371296493603e-06 5.288742064102794e-07
3.620014638950291e-06 -1.474493435843268e-06 2.257410319448120e-06 2.627257289455254e-07
5.036580462793087e-06 -1.773627647231491e-06 3.028929262169583e-06 5.956019111042637e-08
5.754319566707647e-06 -1.258898462044817e-06 3.423274720528128e-06 3.436241733364402e-07
3.379351683464744e-06 -1.836962989479969e-07 2.062187174736968e-06 9.964828790859098e-07
3.361678516110278e-06 4.448200965810427e-07 2.047237614049262e-06 1.371708097650217e-06
4.300121517824226e-06 -8.385823966500884e-07 2.628597214043209e-06 6.030218648387622e-07
5.640707118294781e-06 -5.305207312888786e-07 3.400286282418141e-06 7.790998295272683e-07
5.664591330859116e-06 1.649580894718959e-07 3.462458018034944e-06 1.204537152528628e-06
3.895398268331587e-06 2.815225140000700e-07 2.374778653539116e-06 1.274921343998629e-06
3.516335939804417e-06 7.063549785561637e-07 2.132327481979657e-06 1.554184183098917e-06
3.714071487425688e-06 1.413056554881380e-06 2.199523790762313e-06 2.044128737504900e-06
4.982130249942882e-06 2.654765699970590e-07 3.042874817433308e-06 1.252641376347199e-06
3.991658810736707e-06 2.072697893554652e-06 2.321942997056704e-06 2.542122719236457e-06
5.833416076875072e-06 8.574370673346489e-07 3.593656230327468e-06 1.668709542939066e-06
4.362513532133753e-06 1.445793383279415e-06 2.605158201279716e-06 2.058051070409190e-06
5.290958495434480e-06 1.497734364805730e-06 3.233951972920540e-06 2.112317181422847e-06
4.333408972574257e-06 2.691290772341300e-06 2.533126117206379e-06 3.030810405192869e-06
6.119530903252016e-06 1.498569556158420e-06 3.835116174888920e-06 2.122296377807186e-06
5.848485239233368e-06 2.109687529154108e-06 3.664350796255960e-06 2.574656161856685e-06
5.240108357530618e-06 2.483175119421550e-06 3.200782707612738e-06 2.863144931488219e-06
4.739741228658188e-06 3.258205943998717e-06 2.804109546323576e-06 3.494978149388718e-06
5.200494084937771e-06 3.770312055207654e-06 3.151470045648581e-06 3.980547364737458e-06
6.507129430537244e-06 2.077210804069139e-06 4.228495275585685e-06 2.542794551897045e-06
6.207877495707157e-06 2.771602735538470e-06 3.996633862411000e-06 3.089765738346985e-06
5.860718963109981e-06 3.562430925506188e-06 3.702429218931019e-06 3.790621199775362e-06
5.714197306470366e-06 4.221363782967276e-06 3.561741414130450e-06 4.465591081954183e-06
6.982740304942660e-06 2.571791570915806e-06 4.691523427776899e-06 2.889517327018478e-06
6.832125694904976e-06 3.552428362890524e-06 4.573197051198060e-06 3.783795109399681e-06
6.269579678801018e-06 4.610248715051161e-06 4.047457687596390e-06 4.891985524704568e-06
6.857868037167552e-06 4.929588112491699e-06 4.606709911434858e-06 5.219822463353988e-06
7.474505735879489e-06 5.175557301674658e-06 5.218053960369695e-06 5.503777417295216e-06
7.530953514682150e-06 3.756976618666661e-06 5.271746490920521e-06 3.996649977429450e-06
7.529048590513419e-06 2.968549294896212e-06 5.259182498054325e-06 3.219656064473471e-06
7.394604159665815e-06 4.524668590619613e-06 5.127170233223795e-06 4.809367256086844e-06
8.108409888425858e-06 5.351297788560310e-06 5.877036680709173e-06 5.724892090856381e-06
8.751932937303919e-06 5.451922252028166e-06 6.620363247517565e-06 5.893077469404218e-06
8.077176237021839e-06 3.931323762460976e-06 5.852932663283191e-06 4.190235764404483e-06
8.126287586345695e-06 3.261465980050878e-06 5.899611118590802e-06 3.480687111450580e-06
9.399471372873547e-06 5.479554516937550e-06 7.377215337657663e-06 5.984421308085500e-06
8.686091423593943e-06 4.541243784262237e-06 6.516402260621200e-06 4.842937422596277e-06
8.757036378150818e-06 3.443697294337552e-06 6.634609996335618e-06 3.649638694971375e-06
9.543929277353293e-06 4.634627914036632e-06 7.523587697241969e-06 4.967698769539989e-06
1.010231030692129e-05 5.468656679378508e-06 8.267916163112279e-06 6.078503603439987e-06
9.402682668530687e-06 3.508575372356717e-06 7.374771657721340e-06 3.672980681189015e-06
1.105967655735773e-05 5.457614032440901e-06 9.474126759423448e-06 6.122746490553542e-06
1.030907796092217e-05 4.157316421499850e-06 8.505048358466849e-06 4.368531866136922e-06
1.010314820082220e-05 3.518611216562873e-06 8.270357357796809e-06 3.603852009983136e-06
1.235360901994637e-05 5.441287261283064e-06 1.130805405211257e-05 6.210729689670871e-06
1.171811174889200e-05 4.418443751844238e-06 1.035401624922034e-05 4.694752078661906e-06
1.105961848195983e-05 3.531646596090125e-06 9.488118885254678e-06 3.545073709996393e-06
1.403362244789216e-05 5.425992832678554e-06 1.388165748272068e-05 6.327072687086303e-06
1.319783931317429e-05 4.492540802451084e-06 1.251767049496818e-05 4.814329060548044e-06
1.235374441907276e-05 3.545739611822968e-06 1.125152803335897e-05 3.464856507487873e-06
1.576513659475652e-05 5.418047178990866e-06 1.691195243288898e-05 6.522970894414848e-06
1.490165274478947e-05 4.491539700551540e-06 1.529628422863418e-05 4.835212634429416e-06
1.403389586812048e-05 3.558318980933364e-06 1.379162940287634e-05 3.275331478553208e-06
1.749137514656332e-05 5.418503727281656e-06 2.028794299212407e-05 6.708360037035056e-06
1.662791145733241e-05 4.490476485903378e-06 1.852340135947056e-05 4.857214002043943e-06
1.576539964827066e-05 3.563974417848676e-06 1.684128459588302e-05 3.086842782735629e-06
1.922875024507909e-05 5.427300975756178e-06 2.392430404353182e-05 6.765677807325417e-06
1.835698015073668e-05 4.489526973540536e-06 2.211655071340689e-05 4.831230805428578e-06
1.749164784399544e-05 3.561454099124110e-06 2.029976342651158e-05 2.892960036951370e-06
2.099216248896098e-05 5.442476604716340e-06 2.755555850869481e-05 6.791617553906967e-06
2.010541352108049e-05 4.488662130131274e-06 2.579251646941178e-05 4.842623791861750e-06
1.922917578216864e-05 3.550808765229468e-06 2.398860012504315e-05 2.882290532588173e-06
2.279027152488135e-05 5.460725494177965e-06 3.107223434443360e-05 6.751485299416239e-06
2.188525280831764e-05 4.487827575260844e-06 2.934926687219018e-05 4.846702778393520e-06
2.099269598657898e-05 3.534055918705136e-06 2.760241474125131e-05 2.942479680991339e-06
2.462593357174826e-05 5.479403853176184e-06 3.448996674966614e-05 6.645503309998896e-06
2.370194100031156e-05 4.487090678699841e-06 3.279123341669139e-05 4.871546602165930e-06
2.279064209932168e-05 3.514278759430202e-06 3.106990831681611e-05 3.036519898959774e-06
2.649793875025881e-05 5.496241603021309e-06 3.778224625661680e-05 6.525625690500774e-06
2.555629840340448e-05 4.486318868459886e-06 3.615125026960502e-05 4.873172792987929e-06
2.462622431014182e-05 3.494088268268934e-06 3.446239731115871e-05 3.106717428016376e-06
2.840010399750909e-05 5.509167912229704e-06 4.076069245441748e-05 6.373841105221072e-06
2.744479765852719e-05 4.485644907195760e-06 3.933094256264326e-05 4.869274438379671e-06
2.649803669686861e-05 3.475683796112393e-06 3.776695156988827e-05 3.169940491496161e-06
3.252693355877894e-05 5.404455337969836e-06 4.631118264812466e-05 5.988743187455309e-06
3.225295092416806e-05 5.517889711152260e-06 4.595504279967374e-05 6.136757499454822e-06
2.925928937202035e-05 4.485125230057199e-06 4.203970314285936e-05 4.832990374676367e-06
3.032274718545418e-05 5.516358081242946e-06 4.347034702817988e-05 6.207096272605611e-06
2.840041233605077e-05 3.461502970772917e-06 4.080189184872393e-05 3.289932831934197e-06
3.264043212690304e-05 5.130558237288654e-06 4.645972704307555e-05 5.632309477094477e-06
3.199179258632573e-05 4.484804413432207e-06 4.564038195653327e-05 4.805686275694862e-06
3.032292663043856e-05 3.453607401434967e-06 4.349302875583267e-05 3.439033067777042e-06
3.264057682886915e-05 3.838964515323834e-06 4.648796556898612e-05 3.962046943845879e-06
3.225312747424212e-05 3.451651498563670e-06 4.598550223104279e-05 3.456090600088653e-06
3.252709306131275e-05 3.565077393400792e-06 4.634152927305374e-05 3.604401543186282e-06
