7.599735955451889e-05 -1.157810038246274e-05 -4.790741468767683e-06 2.346919866940387e-06
7.627690131419476e-05 -1.090320561842247e-05 -4.810261921312144e-06 2.318866250588365e-06
7.627712207183085e-05 -7.721807036628053e-06 -4.918765357056261e-06 2.204338541632237e-06
7.599760116282807e-05 -7.046887720800141e-06 -4.914604589432415e-06 2.185410579915246e-06
7.532249191991480e-05 -1.185765743408232e-05 -4.753201214308697e-06 2.356979884033251e-06
7.405707241324550e-05 -9.312531079901982e-06 -4.789519816490406e-06 2.278929788253180e-06
7.532274618217293e-05 -6.767316914311265e-06 -4.897792795746432e-06 2.178585217316813e-06
7.057124703015878e-05 -1.185801678039217e-05 -4.599008754979616e-06 2.333172612609525e-06
7.057149793652731e-05 -6.766645377442521e-06 -4.792375101769458e-06 2.219774409292769e-06
6.794733533323197e-05 -9.312048589143456e-06 -4.553971065765221e-06 2.254654257370821e-06
6.581701495779054e-05 -1.185934303299490e-05 -4.434950066930144e-06 2.336810031152384e-06
6.581750502790228e-05 -6.764329774547225e-06 -4.532141260232545e-06 2.097615952847839e-06
6.343880883263909e-05 -9.311566955971013e-06 -4.347385935645150e-06 2.289842167041412e-06
6.105876007187856e-05 -1.186058260480017e-05 -4.373187198481484e-06 2.411350661899364e-06
6.105914358548499e-05 -6.761723305597363e-06 -4.244703449620765e-06 2.156716296093900e-06
5.867831930017485e-05 -9.310644468825727e-06 -4.142042268843489e-06 2.305482097002827e-06
5.629677865805619e-05 -1.185989230247333e-05 -4.137771488829285e-06 2.380448324815749e-06
5.629728685155985e-05 -6.760278860791702e-06 -4.052261982537094e-06 2.308476933958650e-06
5.391591078168012e-05 -9.309574488505224e-06 -4.004370911398521e-06 2.349772909014000e-06
5.153578830435267e-05 -1.185590588507460e-05 -4.030405689628588e-06 2.431747302015277e-06
5.153626444861779e-05 -6.761837609282128e-06 -4.020461382431189e-06 2.403282535195115e-06
4.915776552247962e-05 -9.308221486782292e-06 -4.018578337701687e-06 2.404021703926789e-06
4.678389426209170e-05 -1.184618867555328e-05 -4.031914853735678e-06 2.464687142081330e-06
4.678433108423738e-05 -6.768663471407024e-06 -4.069698351567010e-06 2.423908446180132e-06
4.441393088004888e-05 -9.306659965035999e-06 -4.015112947280379e-06 2.407614120139336e-06
4.205315648442505e-05 -1.182868557188130e-05 -4.055466092757134e-06 2.452250528171284e-06
4.205323411765046e-05 -6.782714947975075e-06 -4.164937103823232e-06 2.483824645104683e-06
3.969851683012660e-05 -9.304800322823878e-06 -3.918827958162552e-06 2.365413014858095e-06
3.735922105638309e-05 -1.180244280925605e-05 -3.955952085665994e-06 2.520225088216467e-06
3.735899003942754e-05 -6.805299655006592e-06 -4.237752683511422e-06 2.427070001934494e-06
3.502859845871142e-05 -9.302990900216645e-06 -3.709898055662435e-06 2.387952401332428e-06
3.271937990546329e-05 -1.176715346399029e-05 -3.878465601841849e-06 2.476826382176732e-06
3.271908568394774e-05 -6.837113898668203e-06 -4.213839910281611e-06 2.319023781630730e-06
3.042143497209045e-05 -9.301211509549612e-06 -3.624284859666857e-06 2.421737254854328e-06
2.815040307101133e-05 -1.172261285507819e-05 -3.846409667897799e-06 2.326035453512294e-06
2.815005510205122e-05 -6.878076331905913e-06 -4.074300147482565e-06 2.356096999385090e-06
2.598372734387454e-05 -9.299083097538152e-06 -3.693754540098410e-06 2.393443007624080e-06
2.384717026760701e-05 -1.167080131302090e-05 -3.808084004333190e-06 2.317750007667333e-06
2.384650486282537e-05 -6.928050737841167e-06 -3.899003620649792e-06 2.298958335571231e-06
2.225305903882907e-05 -9.480149149544356e-06 -3.797633548152802e-06 2.375488420664093e-06
2.065541957551156e-05 -1.162221916434304e-05 -3.806519062628127e-06 2.377897263489854e-06
2.065363837195313e-05 -6.975460004215020e-06 -3.869458677089306e-06 2.248949494624081e-06
1.837814576270585e-05 -1.157888306874434e-05 -3.773510020463308e-06 2.399480146536535e-06
1.880993847539524e-05 -1.008019996152522e-05 -3.784728005301240e-06 2.380521502352208e-06
1.837525533686306e-05 -7.006323657402986e-06 -3.782032821658892e-06 2.250883986399218e-06
1.674491094059705e-05 -7.040347932818323e-06 -3.712552098733260e-06 2.237461670873951e-06
-2.611736127188009e-06 -4.292028914821451e-07 8.906644819915187e-07 3.247235401116581e-07
-2.663329508955987e-06 -3.050778763405836e-07 9.036915706177250e-07 2.895548221829561e-07
-2.663058319211984e-06 1.569402613279088e-07 9.155731703050867e-07 1.696014877505833e-07
-2.611758222767667e-06 2.792186636377662e-07 9.062996600781939e-07 1.346619607184606e-07
1.674264566708321e-05 -1.154765404956339e-05 -3.716196746271222e-06 2.382484332094840e-06
1.528435434051412e-05 -1.143581121639448e-05 -3.668784767018603e-06 2.389511419719576e-06
1.640408969129887e-05 -8.732863994446028e-06 -3.699729404643175e-06 2.285993108597968e-06
1.527427875389830e-05 -6.949647679258489e-06 -3.674548777277861e-06 2.210405692082028e-06
-2.488179193188109e-06 -4.805583989497653e-07 8.598305900216853e-07 3.409215168822838e-07
-2.363869780608734e-06 2.616252027855767e-08 8.377904632614975e-07 2.091373366000313e-07
-2.489374439840626e-06 3.302069821100183e-07 8.770462412434568e-07 1.183705978117066e-07
1.481372587496035e-05 -1.005153867128613e-05 -3.654031991328910e-06 2.344291594490916e-06
1.386220628949491e-05 -1.115338643525481e-05 -3.596101540602409e-06 2.406363623439362e-06
1.250155378612630e-05 -1.072396975875945e-05 -3.483256576868924e-06 2.404426121316190e-06
1.437502198746850e-05 -8.166664837401453e-06 -3.635098284583498e-06 2.245304829304860e-06
1.387798345117155e-05 -6.622264557865164e-06 -3.578904876352651e-06 2.134839651631519e-06
-1.651160795280381e-06 -4.949874178150351e-07 5.913952414573945e-07 3.957836751085278e-07
-1.650886026816912e-06 3.440479291612230e-07 5.858328465700583e-07 1.048608813756318e-07
-1.217272213846376e-06 -7.616188362634049e-08 4.493040465493042e-07 2.605398464328718e-07
1.122340202266594e-05 -1.013994601311813e-05 -3.387749812056181e-06 2.391928531142981e-06
1.231464454248862e-05 -9.305016532144577e-06 -3.469732039385592e-06 2.328761148243200e-06
1.278139518280170e-05 -7.539312043497615e-06 -3.510514899601345e-06 2.170996144740899e-06
1.258872376444810e-05 -6.076770847968161e-06 -3.515044354485722e-06 2.087513923042685e-06
-7.464786985193138e-07 -5.748687881320060e-07 3.005385527929030e-07 4.636249663379806e-07
-7.472962997735467e-07 4.202241381139644e-07 2.968038360877211e-07 1.124165441683487e-07
-2.112779577160758e-07 -7.865480113684565e-08 9.080782249018430e-08 3.220547605499998e-07
1.003180716543785e-05 -9.429924256518443e-06 -3.306909308571787e-06 2.378666236217082e-06
8.954484216353033e-06 -8.605989886156036e-06 -3.181835234726657e-06 2.320249567755756e-06
1.115276749310531e-05 -7.265116563804304e-06 -3.419168023079773e-06 2.153856603565427e-06
1.144197031436531e-05 -5.329999012292603e-06 -3.481668493798887e-06 2.019925629677770e-06
4.044685462656087e-07 -7.475157851318779e-07 -1.474995021296074e-07 6.271069636123604e-07
4.035842185630163e-07 5.871759014627948e-07 -1.310542222276907e-07 7.358273228417996e-08
9.227538571433405e-06 -7.349252343308670e-06 -3.226727110334724e-06 2.184857007787299e-06
8.000597262368309e-06 -7.671383978671289e-06 -3.012932138026839e-06 2.239422207417211e-06
9.680469115799013e-06 -5.946562807776307e-06 -3.316624898291083e-06 2.049972083675046e-06
1.046648374574309e-05 -4.426791310121163e-06 -3.443603673028736e-06 1.852137280212690e-06
1.082610036560302e-06 -8.185224120984095e-08 -3.957096432817256e-07 3.631567193665715e-07
1.891453885640990e-06 -9.972252474040605e-07 -7.735495910909901e-07 7.910352693489969e-07
1.889151270058535e-06 8.321664138814057e-07 -7.509403573386585e-07 -5.378313144612219e-08
7.163409072219426e-06 -6.652645773637842e-06 -2.849147580227634e-06 2.143255502863743e-06
6.472878581432297e-06 -5.580801469927516e-06 -2.650589180263189e-06 1.965016274295560e-06
5.925188793578583e-06 -4.447187237093888e-06 -2.485852764295761e-06 1.768643343633830e-06
8.757146729254350e-06 -4.693573487147459e-06 -3.176273393410664e-06 1.861079301837708e-06
9.683981020362718e-06 -3.407784017761144e-06 -3.386042219436680e-06 1.591058574644261e-06
2.540762438002046e-06 -8.740627210668879e-08 -1.058631840101873e-06 3.928184524071383e-07
3.340436159671914e-06 -1.243401328692687e-06 -1.333830344708140e-06 8.353329449450214e-07
3.339671852944280e-06 1.083660033282681e-06 -1.345202794839204e-06 -3.593350463594658e-08
7.082066970268360e-06 -4.445234222185671e-06 -2.763328720744239e-06 1.778390272970335e-06
5.509609610797086e-06 -3.279182162516887e-06 -2.344521697925123e-06 1.539691118845287e-06
4.660153671585697e-06 -1.453320032287960e-06 -1.875194968531918e-06 9.556944988967266e-07
5.045611535124979e-06 -1.660399298238207e-06 -2.059662359591846e-06 1.043971907446748e-06
5.251557700668587e-06 -2.081249468412436e-06 -2.177280529977568e-06 1.202075249088118e-06
8.113638369802210e-06 -3.258140771224617e-06 -3.028108715974290e-06 1.519733870012471e-06
9.102136675249782e-06 -2.318021787004920e-06 -3.301748952924685e-06 1.250361548756125e-06
4.058517676511242e-06 -2.594193359865056e-07 -1.596702159944611e-06 4.654488825497557e-07
4.662238372585175e-06 1.265921949293835e-06 -1.801005095753677e-06 -9.921492111836862e-08
6.310667478439411e-06 -2.453175621041244e-06 -2.546025641033216e-06 1.335539281842317e-06
5.070989551699847e-06 -8.393174625107202e-07 -2.040143456277574e-06 7.156472550860000e-07
5.529276896882832e-06 -1.515971300844054e-06 -2.250621218789886e-06 9.936321474315168e-07
7.652365247527590e-06 -1.980270110402018e-06 -2.931288638040144e-06 1.170337722144560e-06
8.740561218401876e-06 -1.203634521444265e-06 -3.274438883020563e-06 9.047397187037360e-07
5.095615238520238e-06 4.823119844764340e-07 -1.985845392584717e-06 2.016147899415871e-07
5.038262855202904e-06 1.464873088824110e-06 -1.938595003198350e-06 -1.874031161023708e-07
6.551283703537637e-06 -5.672001184260423e-07 -2.568767856641850e-06 6.518219420153215e-07
8.617336229700905e-06 -8.842718299880479e-08 -3.277499985898418e-06 4.615722050541098e-07
8.736666239836228e-06 1.012469171629060e-06 -3.425643169715227e-06 -3.601288951246668e-09
5.876841139038244e-06 1.197846849981163e-06 -2.262871176948877e-06 -7.904982448333608e-08
5.255815143594537e-06 1.893950268970664e-06 -2.015853974631208e-06 -3.886832474139347e-07
5.518637845087368e-06 3.083394982753103e-06 -2.114501145080106e-06 -9.332074644933959e-07
7.625517723705235e-06 1.149540638704722e-06 -2.955429743920099e-06 -3.686795149720251e-08
5.919378711072847e-06 4.251800945383079e-06 -2.272485100590797e-06 -1.459463697913543e-06
9.093490064114080e-06 2.127787603299443e-06 -3.657365081822594e-06 -4.906648708070195e-07
6.586585094264679e-06 3.119913559763651e-06 -2.545981395686111e-06 -9.561869289441555e-07
8.177636202963224e-06 3.209399969314501e-06 -3.237696219813666e-06 -1.009717527866246e-06
6.467153345987093e-06 5.373228491620893e-06 -2.486846917308195e-06 -1.974078909648305e-06
9.671388206929516e-06 3.210222949195172e-06 -3.937766975816574e-06 -1.005709771428312e-06
9.202510558228745e-06 4.293481923087582e-06 -3.713657756921871e-06 -1.531886562340366e-06
8.079702654843052e-06 4.979701111318313e-06 -3.192067144190889e-06 -1.824296893543575e-06
7.149584027655068e-06 6.460287415352594e-06 -2.751635312355306e-06 -2.527381500408801e-06
7.982969129114557e-06 7.486364935654289e-06 -3.145590393876384e-06 -3.084881126554908e-06
1.046982291656120e-05 4.217753046741325e-06 -4.322829761117334e-06 -1.523670601617138e-06
9.900337318994897e-06 5.528358661686007e-06 -4.061629809176992e-06 -2.166399020629842e-06
9.226278286535581e-06 7.081800332605693e-06 -3.748926125524807e-06 -2.901226647863770e-06
8.938051539386941e-06 8.438338419353695e-06 -3.608610743610482e-06 -3.538425035603715e-06
1.146144467725672e-05 5.112442637208180e-06 -4.774206951946797e-06 -2.007514681000970e-06
1.116321936950760e-05 7.075406496717531e-06 -4.649827462886975e-06 -2.922398602578079e-06
1.002408624132666e-05 9.280431795682501e-06 -4.151266680302783e-06 -3.916073805002120e-06
1.123466276497318e-05 1.001277933949024e-05 -4.683678328321058e-06 -4.201137743873317e-06
1.254024349223597e-05 1.062476438064482e-05 -5.273489649952016e-06 -4.473931297474893e-06
1.264281081122963e-05 7.501069790281612e-06 -5.272157309691742e-06 -3.105317448085682e-06
1.263078067698434e-05 5.859494393271720e-06 -5.267434700064744e-06 -2.378424268300846e-06
1.234534630782462e-05 9.159205732017639e-06 -5.172123561455422e-06 -3.824064689022293e-06
1.393869606622766e-05 1.107811569315497e-05 -5.906924722860334e-06 -4.686323516834287e-06
1.541002675593564e-05 1.137975750538876e-05 -6.518398448403716e-06 -4.819635929240558e-06
1.384186736150032e-05 7.868434216296743e-06 -5.795517064539882e-06 -3.275746952026882e-06
1.395767121423961e-05 6.405893638288322e-06 -5.828682179112825e-06 -2.621932893618800e-06
1.692114029426290e-05 1.150931453307416e-05 -7.118054440085002e-06 -4.881885576164287e-06
1.521978066549322e-05 9.249410416357087e-06 -6.432664996012028e-06 -3.915226059684154e-06
1.539882048542823e-05 6.725279877086593e-06 -6.482002809260357e-06 -2.796001612913350e-06
1.725123562763924e-05 9.483436962208195e-06 -7.252150978027119e-06 -4.004504074704576e-06
1.863101060546044e-05 1.156164856530487e-05 -7.829913470986475e-06 -4.912401152472559e-06
1.690772775524053e-05 6.813739445345076e-06 -7.136405406139661e-06 -2.868043526801635e-06
2.102871558270952e-05 1.161496454559592e-05 -8.854340487201283e-06 -4.949180376978495e-06
1.911422379352278e-05 8.317647549491759e-06 -8.030763898100975e-06 -3.477542772244634e-06
1.862864773697950e-05 6.761168152384218e-06 -7.842617086221123e-06 -2.816774642260400e-06
2.443510951427869e-05 1.169903975755029e-05 -1.032214326144092e-05 -4.983222588668694e-06
2.272539745494848e-05 8.962208205551376e-06 -9.614677692196343e-06 -3.765577451016096e-06
2.103087130392320e-05 6.690751906164702e-06 -8.890374504930244e-06 -2.731813909397503e-06
2.909247505592164e-05 1.179049387273000e-05 -1.251248653325739e-05 -5.084575043216071e-06
2.673762014821416e-05 9.155546974678451e-06 -1.141492257549252e-05 -3.815764107604649e-06
2.443634193038715e-05 6.608147033094833e-06 -1.041792024900524e-05 -2.686315316515611e-06
3.409736766276960e-05 1.186578379169904e-05 -1.508135349355545e-05 -5.308291568853743e-06
3.157167392695883e-05 9.154001574978516e-06 -1.373596529447573e-05 -3.809971400464949e-06
2.909315361368936e-05 6.518017364387303e-06 -1.256931001158170e-05 -2.559343751796096e-06
3.922818092412110e-05 1.192481887187692e-05 -1.805340885799260e-05 -5.476162985097554e-06
3.664426068659443e-05 9.153063179092995e-06 -1.645718409507380e-05 -3.797946163058564e-06
3.409789961634816e-05 6.441179469100686e-06 -1.509930027099596e-05 -2.347632930087621e-06
4.445529160947149e-05 1.196835992909985e-05 -2.134825129379152e-05 -5.597116815076819e-06
4.182814401682335e-05 9.152316290323115e-06 -1.958060679555984e-05 -3.811628415201024e-06
3.922856213709001e-05 6.380616922680024e-06 -1.798194942080408e-05 -2.166205764223593e-06
4.975049749978844e-05 1.199839945764930e-05 -2.470742346674907e-05 -5.662732496753752e-06
4.709359210963586e-05 9.151812657909422e-06 -2.294185111300272e-05 -3.839196253942230e-06
4.445548203795008e-05 6.335798027116831e-06 -2.123992236111756e-05 -2.083198185888989e-06
5.509038756447582e-05 1.201746770873045e-05 -2.805374725878940e-05 -5.650942117114978e-06
5.241456727742430e-05 9.151541749292221e-06 -2.631978903341157e-05 -3.838691509078936e-06
4.975053281625938e-05 6.304886703481266e-06 -2.462672149530363e-05 -2.016863848944755e-06
6.045632786205638e-05 1.202785685983709e-05 -3.143675942624324e-05 -5.616103083235715e-06
5.777037124243197e-05 9.151475474019069e-06 -2.966970991181142e-05 -3.838827206704738e-06
5.509045027023113e-05 6.285358964624161e-06 -2.797772110060170e-05 -2.052011505131502e-06
6.583386231053606e-05 1.203199390636598e-05 -3.479022484313857e-05 -5.610245488130815e-06
6.314421979046475e-05 9.151432123385837e-06 -3.306940568236532e-05 -3.869999661461193e-06
6.045663955100516e-05 6.274958107569105e-06 -3.134379091206582e-05 -2.072678164075750e-06
7.121393213681467e-05 1.203262872357633e-05 -3.799829046496992e-05 -5.550845216015192e-06
6.852404976032587e-05 9.151466606241188e-06 -3.638770495556131e-05 -3.852035875569942e-06
6.583424901897930e-05 6.270952143146981e-06 -3.474631772795432e-05 -2.088804870062472e-06
8.273447627948261e-05 1.171571201414881e-05 -4.437796337068227e-05 -5.397233582359791e-06
8.197066727318900e-05 1.203209289417952e-05 -4.395061044542797e-05 -5.572539125834000e-06
7.362359061856985e-05 9.151531529774933e-06 -3.930486896445779e-05 -3.921659528334317e-06
7.659283082630558e-05 1.203217938008133e-05 -4.099845330005393e-05 -5.520200099712921e-06
7.121408690928585e-05 6.270519019389140e-06 -3.787400250713604e-05 -2.221079020549524e-06
8.305085539613981e-05 1.095190132688584e-05 -4.455412356449108e-05 -4.969302031811258e-06
8.124350047926076e-05 9.151586630639140e-06 -4.351701490300950e-05 -3.939961374768953e-06
7.659279167437970e-05 6.270963537775795e-06 -4.095345440650838e-05 -2.315027180477142e-06
8.305082557054433e-05 7.351282818099552e-06 -4.450543992276904e-05 -2.939070833084030e-06
8.197063131116966e-05 6.271089866185330e-06 -4.389516361474927e-05 -2.335871181168644e-06
8.273444338333125e-05 6.587471344480803e-06 -4.432594116382719e-05 -2.512400986844615e-06
