5.139126010509734e-05 -6.671993915664446e-06 2.795443688906169e-05 -4.452309695640600e-06
5.162251628442222e-05 -6.113879860714106e-06 2.805475347629319e-05 -4.191799702733186e-06
5.162232778518880e-05 -3.482542363870966e-06 2.787192518265129e-05 -2.940378246426125e-06
5.139105057160076e-05 -2.924427559509755e-06 2.774673406173821e-05 -2.660543131273835e-06
5.083299900702853e-05 -6.903140937624357e-06 2.770084581682940e-05 -4.560456182407455e-06
4.978532791228463e-05 -4.798181061087210e-06 2.706892167774744e-05 -3.533372228043328e-06
5.083276688459036e-05 -2.693281040543171e-06 2.745744589666603e-05 -2.544477270738106e-06
4.690137208584701e-05 -6.900801999950832e-06 2.578611263836928e-05 -4.537998613289099e-06
4.690110990515856e-05 -2.695660181826273e-06 2.549407375009057e-05 -2.515971349529245e-06
4.473283307822144e-05 -4.798307779726552e-06 2.460672853698478e-05 -3.583208515541604e-06
4.297895832004007e-05 -6.890485386895047e-06 2.398170902589554e-05 -4.544551366571015e-06
4.297885789152662e-05 -2.706512072714147e-06 2.360757015158265e-05 -2.601518628110189e-06
4.102536631525959e-05 -4.798476074007921e-06 2.284929010761111e-05 -3.570713851102650e-06
3.908539582977598e-05 -6.868981540562821e-06 2.220715807470273e-05 -4.419991559825369e-06
3.908565331710543e-05 -2.728343283480539e-06 2.187296055768010e-05 -2.646752922901633e-06
3.715361111538647e-05 -4.798782116041729e-06 2.121472914020541e-05 -3.620085515397243e-06
3.524345622821858e-05 -6.835566504544185e-06 2.077660450010660e-05 -4.501487262073808e-06
3.524354465850068e-05 -2.762329686053188e-06 2.017684158792429e-05 -2.638128128221400e-06
3.334516410114506e-05 -4.799191125069129e-06 1.955345013857197e-05 -3.587510929020492e-06
3.147607303073507e-05 -6.790827328095255e-06 1.908266692389596e-05 -4.547352445530118e-06
3.147583346334420e-05 -2.807897067280645e-06 1.852234610085795e-05 -2.733590819829272e-06
2.962177981377092e-05 -4.799763433243609e-06 1.777430925289433e-05 -3.570192220534499e-06
2.780291649580840e-05 -6.736804810457338e-06 1.712620603894643e-05 -4.611439232551408e-06
2.780256225827653e-05 -2.863311652158208e-06 1.681262872297906e-05 -2.763872944356989e-06
2.600138307260826e-05 -4.800535148153687e-06 1.595042978839627e-05 -3.576690312987810e-06
2.424007701480238e-05 -6.675116935249717e-06 1.513849412706620e-05 -4.612086675932562e-06
2.423998414437602e-05 -2.926788043373119e-06 1.510815723273062e-05 -2.728606721888170e-06
2.249855233847627e-05 -4.801459203796273e-06 1.428171868281926e-05 -3.655237617733729e-06
2.080085461921776e-05 -6.606745313874764e-06 1.343947361668513e-05 -4.514100145382051e-06
2.080080473166379e-05 -2.997029515312270e-06 1.350303640207563e-05 -2.822873618627108e-06
1.912493416965693e-05 -4.802342924062707e-06 1.273589492820233e-05 -3.660943426313628e-06
1.749656964500094e-05 -6.531312094450858e-06 1.193718996594663e-05 -4.415120408572840e-06
1.749657347724488e-05 -3.074133950360366e-06 1.199630745509467e-05 -2.838612902445482e-06
1.589257958284560e-05 -4.802859406758502e-06 1.122570426348914e-05 -3.663257688868074e-06
1.434106233475598e-05 -6.446174143041290e-06 1.053224915776837e-05 -4.426541648909793e-06
1.434075573193191e-05 -3.160439564679626e-06 1.058025530485241e-05 -2.790310941182341e-06
1.287730646525541e-05 -4.802442677915431e-06 9.785601577370021e-06 -3.636387991118225e-06
1.146990562232846e-05 -6.351054382370897e-06 9.111103088212811e-06 -4.448992474512253e-06
1.146928276880848e-05 -3.259211907514233e-06 9.113928137949950e-06 -2.746344122683205e-06
1.043020142805646e-05 -4.918210324234806e-06 8.537351146598897e-06 -3.678324140109042e-06
9.423950763833110e-06 -6.263136568117970e-06 7.924977359849842e-06 -4.462866196417034e-06
9.421358216206179e-06 -3.349376730363302e-06 7.876098517113508e-06 -2.731621433169614e-06
8.018499008954114e-06 -6.186242917732943e-06 7.001368635719732e-06 -4.478191426967796e-06
8.268686516323144e-06 -5.283602994508701e-06 7.178135846834638e-06 -3.874110783975560e-06
8.014330754814123e-06 -3.407024938451792e-06 6.934499585451408e-06 -2.702839700277899e-06
7.038674020958082e-06 -3.468874876466052e-06 6.303207078014077e-06 -2.704348249778559e-06
-7.651200552465564e-07 -1.021985981315479e-06 -1.100137061085436e-06 -1.398157317948831e-07
-7.811201865290719e-07 -9.831377154864189e-07 -1.119204437945739e-06 -9.646718473311463e-08
-7.808488970870753e-07 -8.396888958724893e-07 -1.119344834900838e-06 6.437089444562260e-08
-7.649707528644636e-07 -8.019800506516763e-07 -1.100521365562913e-06 1.083922084776831e-07
7.033324269282609e-06 -6.131799427915449e-06 6.341337783455994e-06 -4.503415245612737e-06
6.187957637673164e-06 -6.033835206137074e-06 5.699640168307056e-06 -4.456995526039885e-06
6.820197556385019e-06 -4.470711239366345e-06 6.183917621380812e-06 -3.349426528874366e-06
6.167755452930289e-06 -3.460313800795694e-06 5.715224224760679e-06 -2.646861138637180e-06
-7.265338021159467e-07 -1.038268815743671e-06 -1.054992779447892e-06 -1.575836890037684e-07
-6.880778608651234e-07 -8.811505735666385e-07 -1.008916934045447e-06 2.010534871635403e-08
-7.271802564304237e-07 -7.865588123646450e-07 -1.055914933091222e-06 1.275471146117141e-07
5.904896166169039e-06 -5.223801466939209e-06 5.496714674739850e-06 -3.877067646920374e-06
5.383251309884892e-06 -5.830967672925648e-06 5.114997872497971e-06 -4.301651244002220e-06
4.642192038189677e-06 -5.560915887957057e-06 4.596015761196779e-06 -4.115749843728047e-06
5.650557940011085e-06 -4.159493545695667e-06 5.342210441852854e-06 -3.118687792946462e-06
5.375770547669287e-06 -3.329257955844309e-06 5.147201426424306e-06 -2.500021882137828e-06
-4.663579632614096e-07 -1.044734093872271e-06 -7.253481870710055e-07 -1.668026492116391e-07
-4.668242268017199e-07 -7.840812662826154e-07 -7.309709949965337e-07 1.336448339650128e-07
-3.314387837954431e-07 -9.153383163647323e-07 -5.456731105794035e-07 -2.608586707692005e-08
3.977669814277900e-06 -5.204085994501071e-06 4.097456237158512e-06 -3.885085457994287e-06
4.529702413655934e-06 -4.772912959030097e-06 4.526718602937014e-06 -3.554845341297101e-06
4.778087433644504e-06 -3.830834095406102e-06 4.715039727655073e-06 -2.855844163292712e-06
4.668864317379357e-06 -3.093621503390021e-06 4.635840238137868e-06 -2.263169351946880e-06
-1.849776861289334e-07 -1.070008822000014e-06 -3.715633989323541e-07 -1.994243594285607e-07
-1.853513415385170e-07 -7.621552634682157e-07 -3.515759065192070e-07 1.606616230584303e-07
-1.915257451956700e-08 -9.166979274408726e-07 -1.645885967808037e-07 -4.867150042425652e-09
3.378336498201726e-06 -4.801036992081043e-06 3.633185622886995e-06 -3.609293877979433e-06
2.871174072780894e-06 -4.360625816986055e-06 3.220835579808711e-06 -3.273618235426407e-06
3.928801589265343e-06 -3.694849897551121e-06 4.074970363505806e-06 -2.739208930075900e-06
4.061423399654183e-06 -2.761149944248866e-06 4.176928624217859e-06 -1.948797019745019e-06
1.701775578388678e-07 -1.120424535793820e-06 6.477960481138818e-08 -2.322898967444918e-07
1.699338996634106e-07 -7.139316259327644e-07 6.194918627859244e-08 2.545413957100375e-07
3.001322932349537e-06 -3.727571023233432e-06 3.320090674139940e-06 -2.773955418011838e-06
2.453215204219228e-06 -3.875753976040559e-06 2.864724048318537e-06 -2.897568705092645e-06
3.207457884622797e-06 -3.063343565432927e-06 3.472906640076629e-06 -2.209268650904530e-06
3.561890727054854e-06 -2.378333088242492e-06 3.782842618015631e-06 -1.605745597939705e-06
3.768984035232874e-07 -9.176332646354162e-07 2.954629927877406e-07 2.463210866666558e-08
6.204287691065776e-07 -1.190380666668114e-06 5.712996161946037e-07 -2.891679086382983e-07
6.197124839978096e-07 -6.447461426014984e-07 5.667346317191513e-07 3.569418550090056e-07
2.099933854516454e-06 -3.376491569920117e-06 2.551053167953072e-06 -2.499306366336606e-06
1.846749483951722e-06 -2.897271826655783e-06 2.279848439925728e-06 -2.075288507769528e-06
1.678434926401105e-06 -2.410017959931676e-06 2.043771088015233e-06 -1.621639013058940e-06
2.793893446943265e-06 -2.502364108101806e-06 3.111218949393996e-06 -1.731322500760539e-06
3.172084960154889e-06 -1.976386751256869e-06 3.472457901542471e-06 -1.214936757885304e-06
8.150175491904017e-07 -9.192575985618325e-07 7.910409064210309e-07 2.266915524002520e-08
1.050458202457777e-06 -1.256781928459836e-06 1.067429186410845e-06 -3.961832833051254e-07
1.051109133100597e-06 -5.750483636783090e-07 1.102992318509871e-06 4.865885889661023e-07
2.108440079929175e-06 -2.399233120045736e-06 2.502497128447731e-06 -1.629194196939493e-06
1.565168526501866e-06 -1.945999994289354e-06 1.859245992888293e-06 -1.159448985727905e-06
1.415843960400622e-06 -1.309955288611640e-06 1.538526873391315e-06 -4.436467829942746e-07
1.508006164391717e-06 -1.372173470241621e-06 1.665929196555218e-06 -5.148678071903081e-07
1.541407786656306e-06 -1.509654810468292e-06 1.738804928076581e-06 -6.765289516987307e-07
2.515526748620051e-06 -1.920983465042715e-06 2.866797159210865e-06 -1.164383749709283e-06
2.876021703411072e-06 -1.580038653539383e-06 3.251209883631335e-06 -7.955399192758489e-07
1.260680318674967e-06 -9.701161581735981e-07 1.341499418696948e-06 -1.263370245338466e-08
1.459349629255986e-06 -5.231933340426819e-07 1.570060516989897e-06 5.852202303685396e-07
1.867105382650011e-06 -1.627673570054456e-06 2.179439887012664e-06 -8.343615917441927e-07
1.535397843346804e-06 -1.127669358153317e-06 1.682791012103531e-06 -2.168891591220819e-07
1.644989815047588e-06 -1.325578502824093e-06 1.850487914162276e-06 -4.607176709381135e-07
2.335459145030928e-06 -1.460659566441102e-06 2.703241481950314e-06 -6.769428158474099e-07
2.675083400724295e-06 -1.214479382874781e-06 3.145806673630861e-06 -3.945515899854900e-07
1.578522826437329e-06 -7.448480331325949e-07 1.706525047390342e-06 2.960351911885587e-07
1.591158002277441e-06 -4.696936779462140e-07 1.698914867715874e-06 6.779659896468108e-07
1.973077378620383e-06 -1.014021717684751e-06 2.270921284519438e-06 -1.144638818254980e-07
2.584363502481310e-06 -8.778961322158362e-07 3.121861543268338e-06 7.414499545090964e-08
2.535514690495349e-06 -5.827227431295629e-07 3.171225004690476e-06 5.234981980626762e-07
1.822300590351170e-06 -5.327328123807771e-07 2.012328999557360e-06 5.922579878511061e-07
1.675349324747521e-06 -3.685693543228765e-07 1.779261715555186e-06 8.578788040539646e-07
1.792419439784988e-06 -1.167810983303051e-07 1.852252601976756e-06 1.343959842013955e-06
2.265908257249891e-06 -5.241219292020195e-07 2.724362864027757e-06 5.797179363730679e-07
1.935185114750982e-06 7.926055143828440e-08 1.967643688398025e-06 1.867851664959219e-06
2.544182541121369e-06 -3.023123753277662e-07 3.307678539088671e-06 9.655593868840182e-07
2.039295488582505e-06 -9.281944318622723e-08 2.267472337296981e-06 1.356771081461190e-06
2.351369254069725e-06 -7.696222497324093e-08 2.932336259228122e-06 1.402507057824996e-06
2.073535543099136e-06 2.455585146133094e-07 2.165434124749615e-06 2.385289386995850e-06
2.580001865121427e-06 -7.738809588537954e-08 3.573705719654956e-06 1.400921684532937e-06
2.490952334609511e-06 1.035472448028984e-07 3.387573902318412e-06 1.879502904800428e-06
2.338772609969887e-06 1.993467299443707e-07 2.886963822368437e-06 2.202072720170606e-06
2.217636079755465e-06 3.601664028202678e-07 2.450619920142234e-06 2.907788895562528e-06
2.341968397868697e-06 4.353774825659612e-07 2.817892264672833e-06 3.404471346128215e-06
2.620858033472832e-06 1.047806390344253e-07 3.995582650748306e-06 1.831060613925073e-06
2.556444479743373e-06 2.590913998305495e-07 3.730156517379321e-06 2.436530648784001e-06
2.489970405349252e-06 3.965881685694166e-07 3.405076076085042e-06 3.196835824068160e-06
2.464379198877691e-06 4.723808767342385e-07 3.255182181297440e-06 3.915412130661403e-06
2.665629899153228e-06 2.382838274929438e-07 4.506346017152019e-06 2.197123029721420e-06
2.639794004133435e-06 3.856046518948346e-07 4.344871920437697e-06 3.181358358424451e-06
2.562822518131353e-06 4.912277953902312e-07 3.768721459458034e-06 4.382946750098618e-06
2.630218100107351e-06 4.820829503009162e-07 4.376540531641578e-06 4.814280544898323e-06
2.679014224104164e-06 4.468310243716877e-07 5.079734781194012e-06 5.237286352266532e-06
2.694203841761903e-06 4.058913852954788e-07 5.143743920264535e-06 3.394661132440352e-06
2.699601467181079e-06 3.263227667412891e-07 5.144850315549895e-06 2.516610386103496e-06
2.688287408443516e-06 4.473931648080511e-07 4.949448074349565e-06 4.350502403060711e-06
2.694896247700225e-06 4.123390695602184e-07 5.909066888445824e-06 5.562676766009846e-06
2.680731696629076e-06 3.681334240966299e-07 6.844584900450998e-06 5.783942926406527e-06
2.711096193722534e-06 4.205538552555523e-07 5.853124997419994e-06 3.590481484567871e-06
2.708221945396183e-06 3.938268503715534e-07 5.932989571619240e-06 2.737121443357010e-06
2.648332265670725e-06 3.288346534053301e-07 7.821537019687935e-06 5.886803705089171e-06
2.705565693959658e-06 4.156674340189318e-07 6.709888041444377e-06 4.437015395668129e-06
2.694304301685681e-06 4.474682727307658e-07 6.851015089822361e-06 2.857391704333107e-06
2.645133189678356e-06 4.016537546598451e-07 8.024034607292505e-06 4.604791728814742e-06
2.572760089817377e-06 2.846722096399697e-07 8.916044657805324e-06 5.946180066316503e-06
2.660509775223791e-06 4.811280098683641e-07 7.816480153507355e-06 2.883494273408886e-06
2.431205376397144e-06 2.403595382790431e-07 1.051617183689725e-05 5.939889262724526e-06
2.561864553609714e-06 4.549903424680418e-07 9.256736458646114e-06 3.856360370732910e-06
2.575180873151546e-06 5.245865571395940e-07 8.939357407611099e-06 2.849690235539563e-06
2.147565064065863e-06 1.726049051912675e-07 1.272854962980724e-05 5.842667423522715e-06
2.307343424781752e-06 4.220887335758675e-07 1.164074388229603e-05 4.232658110364154e-06
2.430058306943892e-06 5.813918666353425e-07 1.053991111254183e-05 2.829909661111355e-06
1.647149606615588e-06 9.988450491462328e-08 1.527623906236311e-05 5.752511137848783e-06
1.917848600610642e-06 4.074071801593341e-07 1.396701370447419e-05 4.336541073194826e-06
2.146921897972451e-06 6.462339989522933e-07 1.263346597598865e-05 2.862676075009421e-06
1.006342804486083e-06 3.816385191028076e-08 1.782270451429239e-05 5.677718595967338e-06
1.345573398212696e-06 4.080055581471047e-07 1.648712430389849e-05 4.342721972117705e-06
1.646785513806446e-06 7.162603238140061e-07 1.513459894207497e-05 2.936133483315779e-06
2.607471821975220e-07 -1.377533212432263e-08 2.033734579176614e-05 5.709628832066333e-06
6.498071332237482e-07 4.081627792227148e-07 1.903237293456973e-05 4.333198910872379e-06
1.006210072966304e-06 7.778701065549245e-07 1.773354721112496e-05 2.994893283783176e-06
-5.734052747809044e-07 -5.664312893019409e-08 2.292727315897114e-05 5.740524322069277e-06
-1.428182976331050e-07 4.082209795125787e-07 2.161943089718438e-05 4.328585074290552e-06
2.607660754785992e-07 8.299861159612081e-07 2.037453498950157e-05 2.957624760947821e-06
-1.479411574361673e-06 -9.104303269410534e-08 2.548701220179549e-05 5.665686420500399e-06
-1.015560706283513e-06 4.081671461826743e-07 2.422227975781842e-05 4.339250117803657e-06
-5.731995955095523e-07 8.729942371222263e-07 2.297413602844076e-05 2.968257868391082e-06
-2.441364215686652e-06 -1.169020256078522e-07 2.791787203773228e-05 5.670816583032847e-06
-1.952247955250663e-06 4.081437807599831e-07 2.665479203465875e-05 4.380935549149356e-06
-1.479245116200001e-06 9.074106570799753e-07 2.545638094813604e-05 3.100675750062824e-06
-3.443673939950573e-06 -1.346167360394318e-07 3.034118367395481e-05 5.722921345068589e-06
-2.937007619336505e-06 4.082060822794402e-07 2.904993945886507e-05 4.372007047717307e-06
-2.441297590112679e-06 9.333633715503274e-07 2.783237401125038e-05 3.084495318785710e-06
-4.471573212717300e-06 -1.453847116146699e-07 3.284453144729614e-05 5.754226972297268e-06
-3.954385252860311e-06 4.082313166687288e-07 3.152460512669339e-05 4.376398652237274e-06
-3.443625595068569e-06 9.510538763397632e-07 3.024782058416130e-05 3.033142015020599e-06
-5.512907468689708e-06 -1.509729351203256e-07 3.549119537852809e-05 5.838489176960771e-06
-4.990657897753203e-06 4.080888642558854e-07 3.412016613703494e-05 4.389836435049352e-06
-4.471439026073284e-06 9.616887229336300e-07 3.278513542425980e-05 3.030023218857353e-06
-7.756222958878073e-06 -9.225236116439113e-08 4.115884056736702e-05 5.682933578693473e-06
-7.607459025347536e-06 -1.538577331324626e-07 4.078197674410342e-05 5.842156380776819e-06
-5.981261355321608e-06 4.076893227059053e-07 3.666100328095041e-05 4.410913320389223e-06
-6.559741985961301e-06 -1.532089892259873e-07 3.811559160083899e-05 5.856429353714247e-06
-5.512645062329806e-06 9.666794071086952e-07 3.545351766030948e-05 3.001110956136197e-06
-7.817842365757105e-06 5.649441253216435e-08 4.131408243221972e-05 5.300802682724623e-06
-7.465668709072184e-06 4.072257711509208e-07 4.041719473365986e-05 4.400929903237524e-06
-6.559563799949766e-06 9.681890830313053e-07 3.810394569348607e-05 2.947335400236455e-06
-7.817759942237807e-06 7.578898694857393e-07 4.129801121132519e-05 3.510480106439653e-06
-7.607333722056115e-06 9.682904101872206e-07 4.076487437800249e-05 2.970853257134422e-06
-7.756125517054812e-06 9.066670042906705e-07 4.114181364013404e-05 3.129725794823480e-06
