-1.392787031065880e-04 1.941135507488628e-05 -1.029768665914147e-05 1.705937547426869e-06
-1.398389047811488e-04 1.805904927478826e-05 -1.036085816925207e-05 1.554161353449916e-06
-1.398391195906300e-04 1.168381809320842e-05 -1.035847981112716e-05 9.855094041015871e-07
-1.392789504697513e-04 1.033154133686599e-05 -1.029490985567409e-05 8.364380914673865e-07
-1.379262969279718e-04 1.997147799098354e-05 -1.014771559582023e-05 1.770052519330523e-06
-1.353895466517847e-04 1.487146416400168e-05 -9.949396720359496e-06 1.274278296342697e-06
-1.379265933065035e-04 9.771429488585016e-06 -1.014565288327976e-05 7.739254240911484e-07
-1.284035207697066e-04 1.996982595332998e-05 -9.237901557296562e-06 1.793006295688066e-06
-1.284039069215207e-04 9.772870362896950e-06 -9.242921709226306e-06 7.525903834684777e-07
-1.231478154542652e-04 1.487104386437616e-05 -8.692255394728937e-06 1.249749689793301e-06
-1.188862380197035e-04 1.996213982981477e-05 -8.376698028239874e-06 1.745973466307101e-06
-1.188865963077196e-04 9.779298823602374e-06 -8.360016520284176e-06 7.516734570043857e-07
-1.141330968846087e-04 1.487041639106346e-05 -7.729846643168689e-06 1.214679354600237e-06
-1.093884137634106e-04 1.994596912402832e-05 -7.352704040385037e-06 1.688561770697655e-06
-1.093885037884996e-04 9.794109629357936e-06 -7.365825837513096e-06 7.586035046292646e-07
-1.046501155760617e-04 1.486963537118477e-05 -6.809676967022472e-06 1.199437091910855e-06
-9.992753849779035e-05 1.991828544203763e-05 -6.425364582078168e-06 1.744317104738149e-06
-9.992761222676597e-05 9.820316427123152e-06 -6.410360273132530e-06 7.131399856630702e-07
-9.521535990013723e-05 1.486896705960603e-05 -5.884673311166241e-06 1.156593943323959e-06
-9.052825013799010e-05 1.987578606133586e-05 -5.446944771877087e-06 1.663342942430802e-06
-9.052836714639128e-05 9.861613860052677e-06 -5.562689659424963e-06 7.552412530041608e-07
-8.585681530829307e-05 1.486834354905795e-05 -4.957748915039110e-06 1.144452028530064e-06
-8.122207781458059e-05 1.981458341423569e-05 -4.479113950160325e-06 1.608199063108396e-06
-8.122248860021080e-05 9.921596123236152e-06 -4.813804868950458e-06 7.369420417153452e-07
-7.660975506034243e-05 1.486789773783633e-05 -4.098979940785123e-06 1.140167432728322e-06
-7.204797928515814e-05 1.973172024835951e-05 -3.708486881323825e-06 1.562346235766245e-06
-7.204861377047651e-05 1.000384108724080e-05 -4.152226700048442e-06 7.280645459974093e-07
-6.751584571388397e-05 1.486771330852920e-05 -3.478830468104909e-06 1.149915368522534e-06
-6.304898322097973e-05 1.962572875075260e-05 -3.067899433966491e-06 1.502395872575424e-06
-6.304976354591283e-05 1.010963388304982e-05 -3.342807490780102e-06 7.024992018835076e-07
-5.861892132080401e-05 1.486768047922184e-05 -2.820992855851306e-06 1.173111016925116e-06
-5.426946922881805e-05 1.949552658326053e-05 -2.383893850801469e-06 1.455721740521289e-06
-5.427052249165693e-05 1.023999936479187e-05 -2.450657152371801e-06 7.463100451060822e-07
-4.996429910335229e-05 1.486768514314199e-05 -2.110444895768350e-06 1.148395826910225e-06
-4.575519654890385e-05 1.933886927533554e-05 -1.768288200527464e-06 1.462092408132466e-06
-4.575566374923601e-05 1.039703836229889e-05 -1.717338841192565e-06 8.346941032224159e-07
-4.176347261539186e-05 1.486641103419642e-05 -1.544771166506199e-06 1.148865846984021e-06
-3.787915464216451e-05 1.915811764629505e-05 -1.403502200355629e-06 1.330864395489809e-06
-3.787829745499800e-05 1.058416683198751e-05 -1.396662825071483e-06 1.053635943612885e-06
-3.499662806686558e-05 1.519166906572680e-05 -1.340735492328884e-06 1.181776955640541e-06
-3.216008665126647e-05 1.898929553299759e-05 -1.353657583856954e-06 1.215288250699919e-06
-3.215538149617773e-05 1.075797088298692e-05 -1.359085297116291e-06 1.197254650771695e-06
-2.815948977386526e-05 1.884151236127922e-05 -1.363370117534638e-06 1.242269535570515e-06
-2.889464763019302e-05 1.624018535909911e-05 -1.378392850592995e-06 1.191772490532101e-06
-2.815183456421496e-05 1.086930097386056e-05 -1.347116074037599e-06 1.171826728245063e-06
-2.533318664793089e-05 1.098851641317528e-05 -1.375760096183659e-06 1.154006995476596e-06
3.605971999499036e-06 1.420565153995764e-06 4.315935689479586e-07 8.432245754547342e-07
3.677557126879008e-06 1.248035500291795e-06 4.398516495643529e-07 8.215099779666882e-07
3.677011024939868e-06 6.068577883159585e-07 4.339462077130758e-07 7.438723023506854e-07
3.605853722734376e-06 4.373922459255990e-07 4.263259137274399e-07 7.278810234888355e-07
-2.532210205449203e-05 1.873729610008603e-05 -1.342351867677801e-06 1.287720499470365e-06
-2.283994968982428e-05 1.850085231854961e-05 -1.307728462117468e-06 1.290792532706975e-06
-2.472289333547756e-05 1.390094693766205e-05 -1.385999155067069e-06 1.191707958941337e-06
-2.280482249748216e-05 1.089664570545364e-05 -1.345225636202792e-06 1.103834183371497e-06
3.434302709927349e-06 1.492136829598018e-06 4.108278044957904e-07 8.522845390130858e-07
3.261925819347965e-06 7.891297591801196e-07 3.862965534646082e-07 7.664194458944018e-07
3.436185143053181e-06 3.669952374141493e-07 4.096754461221492e-07 7.242567428012413e-07
-2.202489763339988e-05 1.613294307040109e-05 -1.307538423446416e-06 1.238573958680991e-06
-2.044598307485309e-05 1.796663773903348e-05 -1.262386625801469e-06 1.290700083686984e-06
-1.819570865494240e-05 1.720869412908340e-05 -1.199405524047713e-06 1.273400578704211e-06
-2.128011845548771e-05 1.296131667201780e-05 -1.291777247945651e-06 1.153225591441537e-06
-2.045424197101741e-05 1.041969071136414e-05 -1.257380797228982e-06 1.066683477260542e-06
2.272553172293893e-06 1.513696714901323e-06 2.549612615261874e-07 8.547120112968429e-07
2.272507422750664e-06 3.490606703239157e-07 2.764598104805367e-07 7.521515987962633e-07
1.670185106324311e-06 9.326155804735723e-07 1.788078421613347e-07 8.122225494519798e-07
-1.612158622730529e-05 1.619261272631116e-05 -1.109717066598296e-06 1.253951858958201e-06
-1.787319098225531e-05 1.484010974125997e-05 -1.199838827821020e-06 1.184747683713092e-06
-1.863972293577095e-05 1.194183246069485e-05 -1.195550492576653e-06 1.119340964422312e-06
-1.831787464454756e-05 9.597349487406898e-06 -1.161880106755436e-06 1.016794868557629e-06
1.016487525962118e-06 1.624621771419749e-06 8.576860674268274e-08 8.722875285793351e-07
1.017405930489287e-06 2.434984583658813e-07 6.006936229421288e-08 7.319046663757818e-07
2.732900766362403e-07 9.354018864802896e-07 8.555497735376904e-09 7.874012733293414e-07
-1.421446733222239e-05 1.499914079825319e-05 -1.009649402820491e-06 1.220020996457841e-06
-1.253253488914143e-05 1.364883825902155e-05 -8.716026542170283e-07 1.159820990138732e-06
-1.599566336261640e-05 1.150775251205790e-05 -1.097503941489927e-06 1.094405789346616e-06
-1.644668519496649e-05 8.455629966655223e-06 -1.055146365430102e-06 9.380861094107180e-07
-5.805910943818401e-07 1.861089278940857e-06 -8.361065704393807e-08 8.857007760222829e-07
-5.799325998513746e-07 1.229321646965800e-08 -7.318444732716332e-08 6.938716475629127e-07
-1.296232188539830e-05 1.163449691048788e-05 -8.793711785144732e-07 1.077984750267755e-06
-1.107810525309372e-05 1.213518462754559e-05 -8.176256018905438e-07 1.095617792427590e-06
-1.366467036742243e-05 9.436391691980636e-06 -8.868275463973171e-07 9.756458985441552e-07
-1.487829528716069e-05 7.095226848823887e-06 -9.081000033695627e-07 8.685883924387965e-07
-1.520417010386328e-06 9.381822508335858e-07 -1.818227517253137e-07 7.889141487470715e-07
-2.638542546286094e-06 2.200748025420807e-06 -2.440075856864867e-07 8.505421736416011e-07
-2.635783009831422e-06 -3.246890671889996e-07 -2.559223606550289e-07 7.172314790204396e-07
-9.817145751714857e-06 1.052191167613787e-05 -7.780582846843232e-07 1.045869607816719e-06
-8.818969317412478e-06 8.876507417950472e-06 -7.121662772483304e-07 9.782690312451817e-07
-8.060465858316637e-06 7.156958717454129e-06 -6.273198208086247e-07 8.975644488283344e-07
-1.224833140657176e-05 7.513123655233117e-06 -8.140245321876511e-07 8.909870654624752e-07
-1.363516501740930e-05 5.591020072029102e-06 -8.271937565191808e-07 8.252925688181515e-07
-3.535859087383257e-06 9.444039968727226e-07 -2.978149959323138e-07 7.571456016818054e-07
-4.637028125699270e-06 2.533350061759626e-06 -3.674151242334400e-07 8.276928976134043e-07
-4.637405175333881e-06 -6.692811888688690e-07 -3.697320975065411e-07 6.645393225237045e-07
-9.744108290814779e-06 7.142851917796888e-06 -7.489566084453862e-07 8.954170763475796e-07
-7.499668233796373e-06 5.426978081927900e-06 -5.595165319887216e-07 8.255262249362903e-07
-6.432208263386437e-06 2.813636585415615e-06 -5.054074285036079e-07 8.161293031927427e-07
-6.942066547417445e-06 3.100022372981483e-06 -5.464642971827808e-07 8.080547142412840e-07
-7.198275286358959e-06 3.692981277981747e-06 -5.584348607765711e-07 8.015139891821872e-07
-1.127329161293280e-05 5.375917764730464e-06 -7.860527146273411e-07 8.414371531705791e-07
-1.270718263988455e-05 4.016321323253350e-06 -8.202853303701269e-07 8.293511815233616e-07
-5.625106591710939e-06 1.180455795965363e-06 -4.411826808051295e-07 7.409859775650493e-07
-6.478052491958023e-06 -9.208057997333963e-07 -5.049047351049936e-07 6.008346703124879e-07
-8.670817769047378e-06 4.213083817462015e-06 -6.231017893642119e-07 7.932434459890691e-07
-6.997054206791534e-06 1.966073779242818e-06 -5.513655758903466e-07 7.671895688013464e-07
-7.603214546580711e-06 2.896867665615345e-06 -5.821899771902357e-07 7.886369508500517e-07
-1.059501821946102e-05 3.532867053668317e-06 -7.266467371659023e-07 7.906222218563603e-07
-1.211600161848639e-05 2.445140606695436e-06 -8.197346262275116e-07 7.494317684800973e-07
-7.067076206740879e-06 1.504607666333161e-07 -5.499993308473401e-07 6.631295546192177e-07
-7.017150151006784e-06 -1.190995672237595e-06 -5.239847905074581e-07 5.802057045671155e-07
-9.040629690765937e-06 1.557230047369054e-06 -6.672268489328688e-07 7.466423926258368e-07
-1.189459895696464e-05 9.006658039620881e-07 -8.497283231701030e-07 7.193489935348676e-07
-1.197973218432185e-05 -5.892170453606028e-07 -8.864056483621726e-07 6.244627018731339e-07
-8.158967074343540e-06 -8.383687650062854e-07 -6.091605224134364e-07 6.091812581956442e-07
-7.337217786316117e-06 -1.759212612068692e-06 -5.258670681975105e-07 5.433825514609635e-07
-7.739649433130257e-06 -3.305796217153766e-06 -5.294838995928554e-07 4.133738050146280e-07
-1.050250284531216e-05 -7.952588492434762e-07 -7.822856221202613e-07 6.168976094791934e-07
-8.318389750273431e-06 -4.774275381432409e-06 -5.671892267084228e-07 2.403172136407901e-07
-1.238050221589215e-05 -2.081867237270695e-06 -9.454180065673208e-07 5.294765279176174e-07
-9.148585682740631e-06 -3.369399985886516e-06 -6.841891240745044e-07 4.302759885873944e-07
-1.119239992547615e-05 -3.483859720106454e-06 -8.672135833819214e-07 4.223867056712559e-07
-9.054186278040907e-06 -6.162379432400694e-06 -6.686701336300840e-07 6.036475818831859e-08
-1.304870474229097e-05 -3.485327899417211e-06 -1.077291506740797e-06 4.018501652289998e-07
-1.245023990545342e-05 -4.845857336357025e-06 -1.031937017196778e-06 2.473316135983900e-07
-1.107577906517635e-05 -5.688077509447875e-06 -8.984294250429440e-07 1.410401713460456e-07
-9.942631225677116e-06 -7.460599369382777e-06 -8.035709430893192e-07 -8.848075197680956e-08
-1.097632384357484e-05 -8.652626618450188e-06 -9.242137781464611e-07 -1.865516995491232e-07
-1.396103315357502e-05 -4.765502371434625e-06 -1.213521294541688e-06 2.565817437044615e-07
-1.327757064511171e-05 -6.346596898420274e-06 -1.135760959515651e-06 6.828511985591253e-08
-1.247877490237442e-05 -8.173922088602265e-06 -1.073962102920397e-06 -1.356920563350718e-07
-1.214017597308036e-05 -9.723462060486384e-06 -1.056251456358888e-06 -3.176374022989272e-07
-1.508597792732128e-05 -5.874830990424214e-06 -1.397427004285986e-06 1.041178541827131e-07
-1.473741227356021e-05 -8.156756015920598e-06 -1.381953061142383e-06 -1.518345425741274e-07
-1.342232801095027e-05 -1.065591202622832e-05 -1.234875562500472e-06 -4.461636887317970e-07
-1.480699676117727e-05 -1.143908373040948e-05 -1.417631489131748e-06 -5.328022739904456e-07
-1.627359868639800e-05 -1.206163722624532e-05 -1.563575747612856e-06 -5.296102400845829e-07
-1.639990933871375e-05 -8.640186688335061e-06 -1.614100340605029e-06 -2.279335453435051e-07
-1.639119009540622e-05 -6.778049127372834e-06 -1.591493451402881e-06 -2.804972603839967e-08
-1.607260005712260e-05 -1.047821274123554e-05 -1.573739040457081e-06 -4.240932059258223e-07
-1.780560083181036e-05 -1.251249139358897e-05 -1.689371628205223e-06 -5.060725130312620e-07
-1.938063129980452e-05 -1.278639115175983e-05 -1.815737737195247e-06 -4.632375351496269e-07
-1.771765908568809e-05 -9.054267356419533e-06 -1.772091623055766e-06 -2.868177738991125e-07
-1.783861857393400e-05 -7.443707430422948e-06 -1.767003507606493e-06 -1.590948736583677e-07
-2.097822092601094e-05 -1.287885594183176e-05 -1.891559388393170e-06 -4.046974585825183e-07
-1.920384489105231e-05 -1.054077162260971e-05 -1.860564984449406e-06 -3.469251468180791e-07
-1.938329738933689e-05 -7.850902946699393e-06 -1.871442925780490e-06 -2.678942785539020e-07
-2.133218308360380e-05 -1.077727745413192e-05 -1.926503737731605e-06 -3.586853009173842e-07
-2.273771604347863e-05 -1.287907871998363e-05 -1.890259092591367e-06 -2.963813840634932e-07
-2.097769448021970e-05 -7.987117470597265e-06 -1.906935866830095e-06 -3.173406211151695e-07
-2.515837652378716e-05 -1.287755454606988e-05 -1.788400001837038e-06 -1.924171313894254e-07
-2.324895757617420e-05 -9.583064044519790e-06 -1.899131664009781e-06 -3.940383517004424e-07
-2.273836592906736e-05 -7.984851502654269e-06 -1.876340270107495e-06 -4.171540772587255e-07
-2.847979157300765e-05 -1.287138136272987e-05 -1.501694759425304e-06 -9.476665730095325e-08
-2.683851832895237e-05 -1.023955012025613e-05 -1.647961041313431e-06 -3.560345120800532e-07
-2.515890403735734e-05 -7.984671590526621e-06 -1.756421377820768e-06 -5.409844940031511e-07
-3.284638601701730e-05 -1.285860447875292e-05 -8.536599871898070e-07 -3.436507381102068e-10
-3.066707923988049e-05 -1.042932528548506e-05 -1.164464236909254e-06 -3.688757788300976e-07
-2.848048548767994e-05 -7.988739282780689e-06 -1.414386680129809e-06 -6.095129510287869e-07
-3.737020642187465e-05 -1.284163631318484e-05 -9.837846579309532e-08 1.231280490286083e-07
-3.511375132643989e-05 -1.042789880019765e-05 -5.095467046323077e-07 -3.519730632670047e-07
-3.284714181533232e-05 -7.998612002914686e-06 -8.202865915335833e-07 -6.363201345102989e-07
-4.186230520608119e-05 -1.282405652498933e-05 6.536099487378941e-07 5.575898031528716e-08
-3.962191805467250e-05 -1.042640006484874e-05 2.382179306882910e-07 -3.125508825789212e-07
-3.737086711144550e-05 -8.012667046928314e-06 -1.363135663679568e-07 -6.964495911323973e-07
-4.632458182002745e-05 -1.280908523273899e-05 1.224282815057526e-06 -5.316738467021327e-08
-4.409808861206487e-05 -1.042492065279075e-05 8.928167130290693e-07 -2.877045140486342e-07
-4.186271712314695e-05 -8.027375364596972e-06 5.373045589605455e-07 -6.253529968021525e-07
-5.076570717586801e-05 -1.279991762951156e-05 1.557299064096498e-06 -1.465237100934239e-07
-4.854781282160388e-05 -1.042345191107403e-05 1.379881880858079e-06 -2.888362974035611e-07
-4.632486396390950e-05 -8.039270968793563e-06 1.092831225037004e-06 -5.132991116225661e-07
-5.519853557850947e-05 -1.279708269878773e-05 1.681787814859911e-06 -2.244213573004658e-07
-5.298268054146634e-05 -1.042210581401150e-05 1.608758132278762e-06 -3.063608264341135e-07
-5.076605653743205e-05 -8.045590640717687e-06 1.487930180674059e-06 -4.371951764188736e-07
-5.963479069071281e-05 -1.279893102686702e-05 1.769116002471387e-06 -3.106480834637822e-07
-5.741576001963540e-05 -1.042076748903319e-05 1.712140836934662e-06 -3.231840031045243e-07
-5.519906742465963e-05 -8.045694133424496e-06 1.638200983763721e-06 -3.791415531755464e-07
-6.408020057098861e-05 -1.280213836200423e-05 1.733561372504312e-06 -3.494373777533350e-07
-6.185624791867395e-05 -1.041945942197858e-05 1.703588199463069e-06 -3.186476764101746e-07
-5.963544399277437e-05 -8.041288161112664e-06 1.682675754930817e-06 -2.913375366987398e-07
-6.853398450746239e-05 -1.280455263507641e-05 1.603557333054741e-06 -3.984729456838716e-07
-6.630622399629647e-05 -1.041829094371909e-05 1.617012354632138e-06 -3.154788438970768e-07
-6.408075479516525e-05 -8.035620035689980e-06 1.604346381350752e-06 -2.802413672513491e-07
-7.808573866573960e-05 -1.254327900656015e-05 1.231278098186187e-06 -3.592618073244312e-07
-7.745234144453740e-05 -1.280563618012252e-05 1.244573021286900e-06 -3.709367725521456e-07
-7.053072839387769e-05 -1.041756915545357e-05 1.494791207422634e-06 -2.954373804048211e-07
-7.299244350590203e-05 -1.280555098790202e-05 1.404514444986900e-06 -4.571621794733804e-07
-6.853426981917265e-05 -8.031339666871337e-06 1.493446600263773e-06 -2.238915826196171e-07
-7.834810070088508e-05 -1.190988975636774e-05 1.224955958333143e-06 -3.372942452590951e-07
-7.684927039137439e-05 -1.041698662988960e-05 1.229351451894428e-06 -3.096277408704177e-07
-7.299255700236323e-05 -8.028988143404839e-06 1.383972390852415e-06 -1.768146782590595e-07
-7.834808198591113e-05 -8.924077179007854e-06 1.188233979740835e-06 -2.580440738610012e-07
-7.745236079661951e-05 -8.028391954420297e-06 1.206093234062531e-06 -2.204162159031744e-07
-7.808572964388025e-05 -8.290728487011473e-06 1.191877566058289e-06 -2.334202923243293e-07
