-1.240855715013858e-04 1.709885753597712e-05 2.679358358634733e-05 -2.595674069440151e-06
-1.245745585549421e-04 1.591833353996740e-05 2.692572770830286e-05 -2.307428480077644e-06
-1.245746936059503e-04 1.035338346544074e-05 2.704463444913424e-05 -1.032369112937409e-06
-1.240857302891855e-04 9.172898200968204e-06 2.693174874223263e-05 -7.660074613032129e-07
-1.229050583266449e-04 1.758785225105915e-05 2.648738516609639e-05 -2.711228788761491e-06
-1.206910208599499e-04 1.313589305953614e-05 2.608370328878145e-05 -1.686250608401847e-06
-1.229052589327777e-04 8.683922607387948e-06 2.665663456972300e-05 -6.589437418200612e-07
-1.145928024632896e-04 1.758801412913202e-05 2.467120404323979e-05 -2.605127325668724e-06
-1.145932129929888e-04 8.684101576879088e-06 2.488860178119256e-05 -7.311312911070304e-07
-1.100035991518472e-04 1.313617479573298e-05 2.375898511619247e-05 -1.615623389136560e-06
-1.062799983390339e-04 1.758660699343184e-05 2.304935891017209e-05 -2.454020622184566e-06
-1.062808113852182e-04 8.686363397964159e-06 2.327015031811029e-05 -6.914421092054808e-07
-1.021252863512821e-04 1.313666085623017e-05 2.226897448224150e-05 -1.630808672615533e-06
-9.797355513115035e-05 1.757991688919532e-05 2.145549251356556e-05 -2.490045286339914e-06
-9.797438746128095e-05 8.694157925646125e-06 2.162012433017886e-05 -7.123396820694085e-07
-9.382569958368745e-05 1.313716235792920e-05 2.075437325322208e-05 -1.569599397715689e-06
-8.968653517251514e-05 1.756411858012887e-05 1.964999910920212e-05 -2.487499438460310e-06
-8.968750213065307e-05 8.711016141687928e-06 1.993466624464591e-05 -6.207133599836468e-07
-8.555473728087294e-05 1.313779411801027e-05 1.897688726725675e-05 -1.560956365827268e-06
-8.143929597967461e-05 1.753640690174875e-05 1.775284855927502e-05 -2.574513138132137e-06
-8.144047369881735e-05 8.739970602253211e-06 1.801160774727339e-05 -4.281315558712439e-07
-7.733527928937084e-05 1.313844233188706e-05 1.691240922135754e-05 -1.542100294731903e-06
-7.325658274860868e-05 1.749414659692582e-05 1.572557056167020e-05 -2.692404198475196e-06
-7.325791720769557e-05 8.783271435183963e-06 1.580467712625324e-05 -2.400140526537747e-07
-6.919410839778481e-05 1.313917487727880e-05 1.469420981827725e-05 -1.502520871625326e-06
-6.516778974958879e-05 1.743469217378336e-05 1.345979360428437e-05 -2.701785709023630e-06
-6.516868883951818e-05 8.843746990564221e-06 1.333408707126207e-05 -2.360568139342406e-07
-6.116327862383011e-05 1.313994255509594e-05 1.244983894217066e-05 -1.449526217802654e-06
-5.720781290304123e-05 1.735547729509354e-05 1.104659190683438e-05 -2.653288781100055e-06
-5.720793031705387e-05 8.924544883097697e-06 1.100398065152637e-05 -3.032470633910126e-07
-5.328033905496775e-05 1.314074859745295e-05 1.026393976493323e-05 -1.452268417359750e-06
-4.941678106798093e-05 1.725359735948710e-05 8.818535869652797e-06 -2.639930801827776e-06
-4.941639839850942e-05 9.028485524706488e-06 8.933792660170478e-06 -3.429728411365850e-07
-4.558830722504124e-05 1.314129220157528e-05 8.055957100848620e-06 -1.451557911544064e-06
-4.183924109685919e-05 1.712598590008734e-05 6.771007141346172e-06 -2.543764756019153e-06
-4.183858025234553e-05 9.157864073784236e-06 6.961547626825194e-06 -3.700345389133327e-07
-3.828067181317823e-05 1.314071100192451e-05 5.954502196261672e-06 -1.489196310611832e-06
-3.481215232669923e-05 1.697591581146272e-05 4.887941266661686e-06 -2.420868505666136e-06
-3.481090718894717e-05 9.314135235730377e-06 5.078629833450597e-06 -4.814271666624174e-07
-3.223645547151770e-05 1.343227529418493e-05 4.298413475619836e-06 -1.584819031081176e-06
-2.969564450590450e-05 1.683551105824996e-05 3.611570129800807e-06 -2.338866928102660e-06
-2.969176103186257e-05 9.458982801455964e-06 3.702040730346932e-06 -6.189683313257237e-07
-2.610650085458766e-05 1.671336852848959e-05 2.900322353840643e-06 -2.233096335278413e-06
-2.676950127287260e-05 1.437454570498603e-05 3.019401408285603e-06 -1.794478260034738e-06
-2.610045251776828e-05 9.551292238867692e-06 2.909655474357645e-06 -6.690995407203395e-07
-2.356539764076149e-05 9.649602799439113e-06 2.391144414977746e-06 -8.018877773621984e-07
3.423508632810159e-06 7.387367445766257e-07 -3.634035857861226e-07 -2.229626126766608e-07
3.492697183467473e-06 5.722209156106364e-07 -3.679716627283002e-07 -2.092600948401408e-07
3.492226717932508e-06 -4.786264647136428e-08 -3.611479874970942e-07 -1.527537578248191e-07
3.423374556238642e-06 -2.119589832082903e-07 -3.556497159809944e-07 -1.417920628726007e-07
-2.355600989276910e-05 1.662762284485897e-05 2.377656231719329e-06 -2.157554951029408e-06
-2.131730251136250e-05 1.642216100239416e-05 2.025518565810467e-06 -2.061267601278043e-06
-2.301963449143502e-05 1.227197521831472e-05 2.251400882768683e-06 -1.405632528545390e-06
-2.128924187093609e-05 9.556803986832311e-06 1.923312684929158e-06 -8.677530814630441e-07
3.257734971930621e-06 8.076608724535189e-07 -3.513001081303632e-07 -2.284395513420549e-07
3.090605287379291e-06 1.277299543068272e-07 -3.314008042715948e-07 -1.663494533017133e-07
3.259115219926049e-06 -2.803816817725109e-07 -3.435730482253993e-07 -1.378973849949282e-07
-2.058461030525770e-05 1.428815496655855e-05 1.891953568340913e-06 -1.688962706603878e-06
-1.915338114656274e-05 1.594963245985687e-05 1.633754219873309e-06 -1.982212017218599e-06
-1.711245731160165e-05 1.527110771066079e-05 1.291020181174887e-06 -1.880208058619888e-06
-1.991297828724875e-05 1.142076315033838e-05 1.741670305414967e-06 -1.214791334947520e-06
-1.916490689880177e-05 9.112993634997864e-06 1.640934698414456e-06 -8.654143297470185e-07
2.134209708712677e-06 8.256076566208610e-07 -2.741545438526941e-07 -1.950619791130399e-07
2.133316460430257e-06 -2.997575877636437e-07 -2.718623196098818e-07 -1.295809839572251e-07
1.551514911738184e-06 2.625588078671122e-07 -2.515351695681766e-07 -1.549296011188224e-07
-1.522349482042395e-05 1.435909387881276e-05 1.035659965270900e-06 -1.700410208706354e-06
-1.682253306876502e-05 1.312664422080886e-05 1.259659923126980e-06 -1.506644600117730e-06
-1.751912943210030e-05 1.049311878188681e-05 1.376524768596765e-06 -1.116987167868209e-06
-1.722804645199086e-05 8.352435607706648e-06 1.331657315355703e-06 -7.914316045494635e-07
9.213263426581518e-07 9.271557535402870e-07 -2.201290086774094e-07 -1.781899690309969e-07
9.211763839838593e-07 -4.027612956083945e-07 -1.935553363466617e-07 -1.262654577706579e-07
2.053420687924458e-07 2.616313679762731e-07 -1.785647076822192e-07 -1.409652255322825e-07
-1.348150045036361e-05 1.328060308664656e-05 7.986681842546718e-07 -1.452964237702941e-06
-1.193633004706853e-05 1.205372681616961e-05 6.316273782235487e-07 -1.269091949906378e-06
-1.511136368884094e-05 1.009626283704779e-05 1.042451962376018e-06 -1.062996029916814e-06
-1.552593026200231e-05 7.299075731139974e-06 1.127813781152975e-06 -6.861388778783098e-07
-6.141085834557976e-07 1.146865726175449e-06 -1.355972003859155e-07 -1.776892917849521e-07
-6.146971455672008e-07 -6.252967623976753e-07 -1.418034515639830e-07 -1.100119013050402e-07
-1.233044954912308e-05 1.021419728093489e-05 6.913946529288994e-07 -1.043845673586361e-06
-1.059255963749492e-05 1.067480416375440e-05 4.953238838455499e-07 -1.085480768626283e-06
-1.297666620803355e-05 8.196568024836903e-06 7.980572658213138e-07 -8.366740796501709e-07
-1.409441851939918e-05 6.039009961926844e-06 9.893171083397119e-07 -6.222862738876668e-07
-1.515213250089470e-06 2.601642576295019e-07 -6.146108424048655e-08 -1.323101088395073e-07
-2.583338875155741e-06 1.463278796078931e-06 4.493437389998624e-08 -2.302520325324833e-07
-2.582150115808044e-06 -9.474997456295346e-07 4.052245114331104e-08 -2.876176097340781e-08
-9.424086195708109e-06 9.197716493808230e-06 3.822964711796736e-07 -9.002358325805874e-07
-8.489598839464042e-06 7.680030666077248e-06 3.640678923602813e-07 -7.612083539037748e-07
-7.771917812550955e-06 6.089508786740370e-06 3.541511277100254e-07 -6.259941713574806e-07
-1.166971632776099e-05 6.422745767272450e-06 6.398235635941878e-07 -6.618142501675892e-07
-1.295648721174081e-05 4.638850870589772e-06 8.121874345281601e-07 -4.471688926673060e-07
-3.441211746084867e-06 2.621977952053609e-07 1.291733998678623e-07 -1.417863125957431e-07
-4.489724242366561e-06 1.773189635864733e-06 1.741283837409968e-07 -2.535830742597490e-07
-4.491324042991852e-06 -1.274940004790003e-06 2.200754617502965e-07 -6.340059694384797e-08
-9.344976766333081e-06 6.078883194587674e-06 4.415624143764344e-07 -6.236302552685442e-07
-7.237710837517957e-06 4.480358615111700e-06 3.494344757413427e-07 -5.062422715416921e-07
-6.201958774508026e-06 2.033784446161217e-06 2.493628047580059e-07 -2.831489413006702e-07
-6.690269399713033e-06 2.302506675529070e-06 3.149680790012809e-07 -3.215081611587434e-07
-6.939299289951869e-06 2.859408921455469e-06 3.487068986196083e-07 -3.803595515823908e-07
-1.076701351208022e-05 4.437257605301020e-06 5.750821414289944e-07 -4.649716479230876e-07
-1.210739557608319e-05 3.164913246123664e-06 7.210153624436081e-07 -3.532310092801887e-07
-5.431779240686973e-06 4.833498976371673e-07 2.293962086153190e-07 -1.764821683308708e-07
-6.238152096776423e-06 -1.512626634763221e-06 2.917547135316715e-07 -3.170508881178979e-08
-8.330302793439937e-06 3.349350738027825e-06 4.254930569725450e-07 -4.070983863384471e-07
-6.738615656246291e-06 1.229024616527698e-06 3.147610432453396e-07 -2.117817105682506e-07
-7.317530136653914e-06 2.109709584818940e-06 3.763384423622146e-07 -3.075390015486166e-07
-1.013445711779225e-05 2.711036613133900e-06 5.288555626795415e-07 -3.270437674001716e-07
-1.156841875602424e-05 1.684528640122200e-06 6.463503216618402e-07 -2.121481468640707e-07
-6.798453771835657e-06 -4.941165399760796e-07 3.217493904276856e-07 -9.985763460476034e-08
-6.746665607233731e-06 -1.769327853939814e-06 2.865898945499671e-07 -1.634042504761135e-08
-8.671653839019816e-06 8.461187462814876e-07 4.460493032846963e-07 -2.010646431098608e-07
-1.136916220955788e-05 2.216917325408422e-07 6.341942553818448e-07 -2.061748027228023e-07
-1.146174292006554e-05 -1.196679569121560e-06 7.284887388362016e-07 -1.012058550418981e-07
-7.830257420090399e-06 -1.432642080926116e-06 3.739882805784903e-07 -6.208931237068830e-08
-7.047244117629854e-06 -2.311387328619677e-06 2.802773938629817e-07 3.190763898187959e-08
-7.424293774239047e-06 -3.790312833357562e-06 2.971479451068825e-07 1.942351730086702e-07
-1.005637088905375e-05 -1.389569074468955e-06 5.645670322192234e-07 -1.023959870396019e-07
-7.971188828750825e-06 -5.197640841059929e-06 3.547100924047269e-07 3.472454025361952e-07
-1.185144545311608e-05 -2.620432614676864e-06 8.689104865764210e-07 3.432838181633007e-08
-8.766515328444062e-06 -3.849960313105129e-06 4.724490157812544e-07 1.763949427852127e-07
-1.071784385231820e-05 -3.961504627303690e-06 7.214784810846771e-07 1.801938689962986e-07
-8.672668890491716e-06 -6.530218219145596e-06 4.302501909569049e-07 4.939424677410896e-07
-1.249517224764579e-05 -3.964458300915596e-06 1.022071732731002e-06 1.852308703800159e-07
-1.192313978637528e-05 -5.268983153841220e-06 9.287576932010571e-07 3.250081471795935e-07
-1.060712760876912e-05 -6.075822595093780e-06 6.920402079852205e-07 4.111116802796138e-07
-9.521352188995401e-06 -7.777212502421682e-06 5.406950804191275e-07 6.959073994885954e-07
-1.051159004470322e-05 -8.923309228751987e-06 7.020740998403356e-07 9.037496532405810e-07
-1.337180693907952e-05 -5.193013875352968e-06 1.177266915280281e-06 3.242336725539742e-07
-1.271691131136600e-05 -6.710663999570920e-06 1.067367754234667e-06 5.425008271629178e-07
-1.195173081556118e-05 -8.464685452123605e-06 9.269926971997296e-07 8.363445110442540e-07
-1.162694617555772e-05 -9.952335396035022e-06 8.861857047533974e-07 1.101322840397809e-06
-1.445085366636497e-05 -6.259241855405462e-06 1.382746763267513e-06 5.177722926048157e-07
-1.411674325704966e-05 -8.450339022859779e-06 1.357917864941165e-06 8.512601490230192e-07
-1.285629076608517e-05 -1.084851209542343e-05 1.133037442557339e-06 1.273898074184212e-06
-1.418329313966081e-05 -1.160119273668395e-05 1.392368202201498e-06 1.375228015871470e-06
-1.558897432236498e-05 -1.220027039384085e-05 1.653646067667681e-06 1.423432425103662e-06
-1.571005285775187e-05 -8.915755716618499e-06 1.624215029863173e-06 9.389779806732045e-07
-1.570196454688185e-05 -7.127974707844887e-06 1.583001128464805e-06 6.811214323135919e-07
-1.539620278310324e-05 -1.068002783187089e-05 1.622320479005991e-06 1.204006286993088e-06
-1.705675604902101e-05 -1.263517559611253e-05 1.921652373327675e-06 1.445912707482031e-06
-1.856755562371236e-05 -1.290178849555344e-05 2.132034148059157e-06 1.446206588255662e-06
-1.697248293341161e-05 -9.314172302029052e-06 1.862490858452391e-06 1.010667286771996e-06
-1.708877439716247e-05 -7.768217396154563e-06 1.839546399019568e-06 7.964746674103189e-07
-2.010001759427416e-05 -1.299506868361938e-05 2.303621655628409e-06 1.423863580466093e-06
-1.839644406732106e-05 -1.074300142143678e-05 2.127049761011948e-06 1.196120145481173e-06
-1.856904866723411e-05 -8.159150605401564e-06 2.095992147010576e-06 8.830056304713623e-07
-2.043831485686953e-05 -1.097278252461919e-05 2.372064054720699e-06 1.204289813183626e-06
-2.179167151507274e-05 -1.300298478159104e-05 2.464593024439044e-06 1.349245490359223e-06
-2.009773176306475e-05 -8.289183261307064e-06 2.324712851122867e-06 9.269603270104337e-07
-2.412481491296987e-05 -1.301241277542862e-05 2.641159375401369e-06 1.282728718099172e-06
-2.228000754176960e-05 -9.823297497556274e-06 2.573117718655765e-06 1.092130277969808e-06
-2.179024913890561e-05 -8.283746696574972e-06 2.514449361139293e-06 9.542593284359820e-07
-2.734942491756622e-05 -1.302940448291144e-05 2.676542449006922e-06 1.185001729351641e-06
-2.574894058467961e-05 -1.045952370891402e-05 2.726653718695722e-06 1.133436466490211e-06
-2.412413242899155e-05 -8.274799704036774e-06 2.671580512277371e-06 1.030002039417120e-06
-3.163838775678204e-05 -1.305142942044802e-05 2.730070881168550e-06 1.157304556985211e-06
-2.948760801536913e-05 -1.064723549625181e-05 2.748259375744803e-06 1.142266220222667e-06
-2.734857990448839e-05 -8.261812486983635e-06 2.764947065959738e-06 1.136727799582786e-06
-3.614361997871321e-05 -1.307242482731422e-05 2.660570647452583e-06 1.183214886167161e-06
-3.388479950448635e-05 -1.064957630609776e-05 2.716049255720324e-06 1.169358010712818e-06
-3.163755733911823e-05 -8.245100029503677e-06 2.764381630007178e-06 1.172550210626902e-06
-4.068171217534490e-05 -1.309137771088991e-05 2.549790360456754e-06 1.089410626601849e-06
-3.840710681605013e-05 -1.065205727901813e-05 2.628423710296009e-06 1.187268727751241e-06
-3.614286641630936e-05 -8.229166849190667e-06 2.670935052874790e-06 1.208026364768157e-06
-4.524840611584629e-05 -1.310768272156292e-05 2.230297940120648e-06 9.384927484507534e-07
-4.296026465153485e-05 -1.065445201369708e-05 2.433261631765861e-06 1.168762393903149e-06
-4.068096809738971e-05 -8.215224560613585e-06 2.532076994546570e-06 1.292789159277461e-06
-4.983901957682911e-05 -1.312103483081777e-05 1.734077651288779e-06 8.851493578946836e-07
-4.753978290761285e-05 -1.065674399559094e-05 2.002307696856559e-06 1.156186140866827e-06
-4.524766960170679e-05 -8.203574002113435e-06 2.233554000873214e-06 1.388826713002908e-06
-5.444722456106868e-05 -1.313055029850319e-05 1.107580113921147e-06 7.948984251450322e-07
-5.214040846651411e-05 -1.065902854989687e-05 1.437124326788929e-06 1.155712941582184e-06
-4.983819076440889e-05 -8.194831552652194e-06 1.729606059013613e-06 1.435152135957144e-06
-5.906515824681337e-05 -1.313599068428187e-05 4.685873736373027e-07 7.466765151407919e-07
-5.675487611005070e-05 -1.066110242359792e-05 7.991801825509397e-07 1.150881708222480e-06
-5.444649982217226e-05 -8.189577978128718e-06 1.119937387116820e-06 1.487036218888988e-06
-6.368593997826509e-05 -1.313820144144506e-05 -1.635838222425116e-07 8.001294872365085e-07
-6.137524575010673e-05 -1.066283837378150e-05 1.561459957088464e-07 1.128570923438873e-06
-5.906462357930452e-05 -8.188000017756858e-06 4.751513523896047e-07 1.509975665908005e-06
-6.830604373213028e-05 -1.313913669476878e-05 -8.553390331588060e-07 7.988036360435319e-07
-6.599603067288896e-05 -1.066427689279593e-05 -4.911740931932517e-07 1.171718640073926e-06
-6.368556319779301e-05 -8.188937738094019e-06 -1.557120448360540e-07 1.457671964190631e-06
-7.819966244158703e-05 -1.286829355104882e-05 -2.309607532213354e-06 8.152746374096867e-07
-7.754368958127947e-05 -1.314000263106161e-05 -2.209413057883525e-06 7.735046530774045e-07
-7.037502628202834e-05 -1.066531168659752e-05 -1.160047614036580e-06 1.160600268662828e-06
-7.292500461782278e-05 -1.313969242283455e-05 -1.511596732551692e-06 7.697957129052727e-07
-6.830573861647638e-05 -8.190630474220382e-06 -8.453029880264097e-07 1.522079217013681e-06
-7.847137493495185e-05 -1.221232419398691e-05 -2.351339042662139e-06 9.158706336486563e-07
-7.691912431459811e-05 -1.066611367956886e-05 -2.118842362678784e-06 1.148446600713616e-06
-7.292477180305614e-05 -8.191729572053536e-06 -1.520455756380544e-06 1.524053121854870e-06
-7.847133487437400e-05 -9.119947825182695e-06 -2.358453674548108e-06 1.385854496001588e-06
-7.754358284269025e-05 -8.192181017137698e-06 -2.218982026777726e-06 1.526792867711228e-06
-7.819960244215493e-05 -8.463920601403059e-06 -2.317856947669525e-06 1.485385756041390e-06
