-6.906208699933452e-05 9.990046077879675e-06 -4.207922107854987e-05 5.280779265029935e-06
-6.931630617573751e-05 9.376331835644539e-06 -4.219985941943408e-05 5.005984966896638e-06
-6.931652202292127e-05 6.483237045212014e-06 -4.231374592340064e-05 3.736754440718235e-06
-6.906233422018885e-05 5.869568132345307e-06 -4.220707843392996e-05 3.470090106913220e-06
-6.844836104490288e-05 1.024425490833510e-05 -4.179677760877442e-05 5.393820436502818e-06
-6.729738011379353e-05 7.929849771612128e-06 -4.138039847409083e-05 4.396119651949387e-06
-6.844865951635405e-05 5.615382568637072e-06 -4.194266794837374e-05 3.360750041131296e-06
-6.412703767651042e-05 1.024426155609103e-05 -3.997794294008883e-05 5.400822292863194e-06
-6.412749616654888e-05 5.615814554842990e-06 -4.013110093599206e-05 3.389228695371433e-06
-6.174168916581046e-05 7.930134666056040e-06 -3.899166603880286e-05 4.368375946696060e-06
-5.980643986031958e-05 1.024326251189698e-05 -3.808027901416763e-05 5.425241549768644e-06
-5.980693460249951e-05 5.617354042610529e-06 -3.831899875384204e-05 3.308651693000520e-06
-5.764741798446102e-05 7.930454953186664e-06 -3.711092573485142e-05 4.364407530523134e-06
-5.548977862799784e-05 1.024064352600013e-05 -3.609725237585946e-05 5.553664680565986e-06
-5.549018995451695e-05 5.620981275709737e-06 -3.630670677668969e-05 3.184277417520250e-06
-5.333374262847092e-05 7.930902386899528e-06 -3.487384405595583e-05 4.329456412074848e-06
-5.118065378364391e-05 1.023552723769729e-05 -3.376206914960950e-05 5.671056028922332e-06
-5.118137553647374e-05 5.627110599065712e-06 -3.402934408277317e-05 2.975538396227386e-06
-4.903020047576496e-05 7.931551438833441e-06 -3.229038095879675e-05 4.334944700122664e-06
-4.688428144677963e-05 1.022798631507148e-05 -3.104450095611344e-05 5.864344480975921e-06
-4.688521154699494e-05 5.635886189516128e-06 -3.119760943361707e-05 2.676923714832373e-06
-4.474182934964196e-05 7.932318587939775e-06 -2.935079282222770e-05 4.333091422244494e-06
-4.260561396938182e-05 1.021748970629991e-05 -2.798317830791744e-05 6.012932603133242e-06
-4.260664945175861e-05 5.648050086017676e-06 -2.790627905421496e-05 2.472213302024858e-06
-4.047401361124851e-05 7.933406159289305e-06 -2.610058405928222e-05 4.325170238164671e-06
-3.835076942361096e-05 1.020322109726438e-05 -2.458717229069116e-05 6.156170094475606e-06
-3.835206761153275e-05 5.664764452040357e-06 -2.429856673963411e-05 2.449806606097496e-06
-3.623433953805727e-05 7.934730465354667e-06 -2.262197857002389e-05 4.310607980654785e-06
-3.412924883997139e-05 1.018331596297822e-05 -2.102111114643455e-05 6.247625754648695e-06
-3.413078268995828e-05 5.687451231497409e-06 -2.074370473480706e-05 2.530016192839550e-06
-3.203355290927577e-05 7.936097238232740e-06 -1.910855538514128e-05 4.343484189668695e-06
-2.995369461419812e-05 1.015596862510147e-05 -1.743489912111865e-05 6.237591985577609e-06
-2.995510810517523e-05 5.717294694796651e-06 -1.742697255860657e-05 2.604290542818631e-06
-2.788553697716229e-05 7.937301421646776e-06 -1.562523709132146e-05 4.389839797676377e-06
-2.583880322795473e-05 1.012025411071988e-05 -1.398059308617688e-05 6.167184734136480e-06
-2.583946873471735e-05 5.755315323007223e-06 -1.412835336088781e-05 2.626980040639351e-06
-2.388681022648891e-05 7.937919995675170e-06 -1.233871642693900e-05 4.430154939807864e-06
-2.196065827231418e-05 1.007692998449459e-05 -1.084449249369676e-05 6.055529659639954e-06
-2.196063393146597e-05 5.802070176123718e-06 -1.093217454301673e-05 2.711320633737696e-06
-2.052408264129680e-05 8.103221445823157e-06 -9.722203181942426e-06 4.578369401505693e-06
-1.908379251176344e-05 1.003528726417826e-05 -8.674675500047759e-06 5.953540053900032e-06
-1.908279592730523e-05 5.846288327400239e-06 -8.652335224018926e-06 2.890158419984621e-06
-1.703089608703531e-05 9.998213351774986e-06 -7.259310960606485e-06 5.811804285111802e-06
-1.742068300434395e-05 8.646171768580999e-06 -7.485234297175377e-06 4.930472267429456e-06
-1.702927022353361e-05 5.874879660218606e-06 -7.206061456905773e-06 2.978590606313074e-06
-1.555953177466987e-05 5.905465321047341e-06 -6.242985249379567e-06 3.112748874315528e-06
2.485650633541782e-06 -1.765321618746197e-07 7.195978609806761e-07 7.039813495086539e-07
2.535364854924544e-06 -2.959395386544846e-07 7.317743716042854e-07 6.770736627339006e-07
2.535137526877938e-06 -7.415550304133629e-07 7.347857786426976e-07 5.780208090273089e-07
2.485623370037891e-06 -8.596883856197593e-07 7.224259544237026e-07 5.505129873739566e-07
-1.555634599078499e-05 9.971937424394108e-06 -6.264263138745382e-06 5.708792998790315e-06
-1.424083571865750e-05 9.873050765027363e-06 -5.472433605198262e-06 5.577431188553601e-06
-1.525236237008987e-05 7.432571330570954e-06 -6.014241033564504e-06 4.122661213032193e-06
-1.423375511892546e-05 5.822705877396886e-06 -5.418923964330909e-06 3.170504998815985e-06
2.366736596699816e-06 -1.272696944570625e-07 6.912209761419723e-07 7.149349106172046e-07
2.246547526506520e-06 -6.161133627512702e-07 6.698866655737682e-07 6.063645550551032e-07
2.367431728298223e-06 -9.092367048849905e-07 6.938316454111901e-07 5.386951211005791e-07
-1.381701212378013e-05 8.624438696613151e-06 -5.194576893126126e-06 4.812881836330319e-06
-1.295666255392393e-05 9.620976885883656e-06 -4.721370310205437e-06 5.362285856804041e-06
-1.172666297805692e-05 9.236020390708151e-06 -4.075200946163607e-06 5.111364320008223e-06
-1.342223538597427e-05 6.921914610362334e-06 -4.965037887655453e-06 3.840166584226506e-06
-1.297390616269203e-05 5.524594232840024e-06 -4.749109315383704e-06 3.126743638335161e-06
1.559809409000837e-06 -1.162060923491773e-07 5.368084924078434e-07 7.241872576646796e-07
1.558366870835827e-06 -9.258261396233545e-07 5.319573988457722e-07 5.265209933728718e-07
1.140256803042703e-06 -5.226231499909708e-07 4.252659206097596e-07 6.246694180620078e-07
-1.056777098659127e-05 8.711888404014003e-06 -3.537367351951637e-06 4.769318577107595e-06
-1.155888894980091e-05 7.953976393800330e-06 -3.978568643469858e-06 4.413707546339228e-06
-1.198224944500001e-05 6.354742347312281e-06 -4.212961340882995e-06 3.597173838150830e-06
-1.180920953733078e-05 5.026716075431169e-06 -4.131978503517286e-06 2.958703652749477e-06
6.865995438032422e-07 -4.451418948407871e-08 2.975672784883945e-07 7.641579495667439e-07
6.857271530567062e-07 -1.003994464555755e-06 3.198405999944352e-07 4.995623768798457e-07
1.693867361282840e-07 -5.260462432323068e-07 1.543717828848489e-07 6.479725569400290e-07
-9.485574948196147e-06 8.072494462756072e-06 -3.059240904292252e-06 4.382567888589912e-06
-8.502985439281810e-06 7.327765166341987e-06 -2.647239280775053e-06 4.010846373501613e-06
-1.050633937366168e-05 6.106968071173478e-06 -3.507924546687841e-06 3.487489028879939e-06
-1.077160302182952e-05 4.344476227932578e-06 -3.651665424675012e-06 2.674508395725287e-06
-4.224159014157319e-07 1.127737413885429e-07 3.084815566149726e-10 8.048396415327867e-07
-4.236924344603729e-07 -1.168905552845170e-06 4.823245178785997e-09 5.126256545998078e-07
-8.752267074876685e-06 6.186262503543933e-06 -2.755718960575626e-06 3.499272311846070e-06
-7.628090200948252e-06 6.481208698126958e-06 -2.300407433533387e-06 3.627747867078670e-06
-9.167276852902634e-06 4.906746457422106e-06 -2.955600241400098e-06 2.959511617890178e-06
-9.887569841398581e-06 3.515849266906691e-06 -3.315239383901625e-06 2.409361945892621e-06
-1.074581705300163e-06 -5.298047376116040e-07 -1.312523593806607e-07 6.839266679769117e-07
-1.847463802653026e-06 3.408831357138852e-07 -3.313311820513786e-07 9.516159364854716e-07
-1.847483215520770e-06 -1.406040981746187e-06 -3.231636835845214e-07 4.694325254320235e-07
-6.858197330442553e-06 5.555184018779574e-06 -2.009013871020265e-06 3.278681011587092e-06
-6.216976467829658e-06 4.574126685131634e-06 -1.789533509417487e-06 2.882428885012430e-06
-5.702310009362316e-06 3.533186100131295e-06 -1.609340271348739e-06 2.457852526837818e-06
-8.321985267371139e-06 3.760505705949855e-06 -2.655124000691303e-06 2.553928495265794e-06
-9.177471932222948e-06 2.575308161483836e-06 -3.046112382189221e-06 2.063081195492449e-06
-2.469129435735748e-06 -5.306866815041581e-07 -4.978209508873195e-07 7.267308270662614e-07
-3.229446744502916e-06 5.660022805520820e-07 -7.518189046816355e-07 1.106816738369068e-06
-3.230661004840673e-06 -1.646587301852845e-06 -7.489423703576066e-07 3.394882097962507e-07
-6.776762211678881e-06 3.532853597565295e-06 -2.022993408784144e-06 2.459718938007092e-06
-5.308876100261958e-06 2.454986905323112e-06 -1.471597671498868e-06 2.022930722804500e-06
-4.486799912621895e-06 7.576447342668588e-07 -1.173036147838403e-06 1.237445700135655e-06
-4.855574431147579e-06 9.502263795184204e-07 -1.302526126588066e-06 1.343011299299594e-06
-5.055332970666573e-06 1.342710148450817e-06 -1.376619297816090e-06 1.533508470228957e-06
-7.731485166968115e-06 2.437362861980409e-06 -2.412351417169218e-06 2.001971990394628e-06
-8.651428300006369e-06 1.562753443214591e-06 -2.797793551417941e-06 1.626494276709185e-06
-3.913794202415711e-06 -3.723831571321428e-07 -9.757673250579478e-07 8.079176719880838e-07
-4.483076069531299e-06 -1.820039919187129e-06 -1.180439281935048e-06 2.893934471984350e-07
-6.051896860628358e-06 1.690689702220407e-06 -1.778946612708720e-06 1.693094552109692e-06
-4.876531338695463e-06 1.756429420184456e-07 -1.309121637266826e-06 1.032896749942109e-06
-5.313303557151958e-06 8.131313897845298e-07 -1.482782871176189e-06 1.304642288943457e-06
-7.304819610186353e-06 1.248497684588863e-06 -2.249633110187124e-06 1.511086294663182e-06
-8.327969530043642e-06 5.184138832122279e-07 -2.650598578893747e-06 1.216800801406330e-06
-4.894566747066016e-06 -1.076175821914913e-06 -1.321759572662980e-06 5.674714019483874e-07
-4.836362115862534e-06 -2.009419688078530e-06 -1.325715990933057e-06 2.087174936187655e-07
-6.273394750990413e-06 -7.870874028385636e-08 -1.853975514192028e-06 9.656749774511254e-07
-8.221771080603419e-06 -5.341809067727355e-07 -2.626384958108025e-06 7.722935179365518e-07
-8.346688324893397e-06 -1.581069550956896e-06 -2.688105793268832e-06 3.461438402821193e-07
-5.631218336632989e-06 -1.754917196557011e-06 -1.629899024861957e-06 2.943693884929203e-07
-5.039721936032824e-06 -2.419299450533406e-06 -1.425177680832721e-06 3.529278115813036e-08
-5.284684689951160e-06 -3.557906154487118e-06 -1.561402630180529e-06 -4.113815518082227e-07
-7.290344492085243e-06 -1.708104658680042e-06 -2.294050601933607e-06 2.969790541394567e-07
-5.662997548346065e-06 -4.678346260453657e-06 -1.741187481321852e-06 -7.847131293546139e-07
-8.694572288610864e-06 -2.645034632481773e-06 -2.787248977771494e-06 -1.113456273486514e-07
-6.302224621525746e-06 -3.592007291247886e-06 -1.925051254284642e-06 -4.541968939615460e-07
-7.821189807369666e-06 -3.680083181359698e-06 -2.473924703009078e-06 -5.136839581275177e-07
-6.185950247250081e-06 -5.755581061271984e-06 -1.953497356369677e-06 -1.127901601651326e-06
-9.252049140239973e-06 -3.682719808438817e-06 -2.885312640773724e-06 -5.149161038075717e-07
-8.804137453541075e-06 -4.721900184505435e-06 -2.742435109504298e-06 -8.629205762385828e-07
-7.729362194130907e-06 -5.378868551644230e-06 -2.459705620435038e-06 -1.050735727163766e-06
-6.838652933734913e-06 -6.799305275072408e-06 -2.201346777178230e-06 -1.403621029288244e-06
-7.637878648328381e-06 -7.784777096599274e-06 -2.429663049891508e-06 -1.625640823306208e-06
-1.001914056514425e-05 -4.650796752866528e-06 -3.038404299000916e-06 -8.603534720509691e-07
-9.474082308909952e-06 -5.908394895201662e-06 -2.905970046925424e-06 -1.190293031962507e-06
-8.829484449985715e-06 -7.397760449760406e-06 -2.751026370796283e-06 -1.528944476943194e-06
-8.553642174831802e-06 -8.697028823378508e-06 -2.672868299851534e-06 -1.802400195701475e-06
-1.096931978369709e-05 -5.511904407158719e-06 -3.190235091184235e-06 -1.117115006826481e-06
-1.068472306677252e-05 -7.393883651070082e-06 -3.116166602156235e-06 -1.529027637065033e-06
-9.594952148466609e-06 -9.503472716814615e-06 -2.893878442238014e-06 -1.940613500157247e-06
-1.075397780627897e-05 -1.020326091616691e-05 -3.105723522130500e-06 -2.018502700922038e-06
-1.200210540849261e-05 -1.078539072305074e-05 -3.318512235555741e-06 -2.065095883324730e-06
-1.209984771906205e-05 -7.803409911796384e-06 -3.348040338208037e-06 -1.613250615970042e-06
-1.208776906014453e-05 -6.231535098718352e-06 -3.371017887478844e-06 -1.323412358260711e-06
-1.181662482281359e-05 -9.387719721654382e-06 -3.297716688752032e-06 -1.875099942144481e-06
-1.333704110313697e-05 -1.121587920073051e-05 -3.505196686135457e-06 -2.096208606453704e-06
-1.473817278074245e-05 -1.150016470621584e-05 -3.686531323125809e-06 -2.098454661688380e-06
-1.324492128219180e-05 -8.156534505196478e-06 -3.481217917082101e-06 -1.675812315736041e-06
-1.335425787264559e-05 -6.759631262002464e-06 -3.498526651784466e-06 -1.461884412210880e-06
-1.617559043003415e-05 -1.162068846456501e-05 -3.884812476448221e-06 -2.088698415053093e-06
-1.455879449065494e-05 -9.474121861172941e-06 -3.659594857356048e-06 -1.864618513344150e-06
-1.472726190669090e-05 -7.071302629379983e-06 -3.679120211481117e-06 -1.540445188042401e-06
-1.648939628704447e-05 -9.697898049792590e-06 -3.901602928059147e-06 -1.883652011337094e-06
-1.779723181879444e-05 -1.166680494036090e-05 -4.079110137848911e-06 -2.100616169060231e-06
-1.616259345913365e-05 -7.161252399739398e-06 -3.876541086360645e-06 -1.572479753472529e-06
-2.006607204678373e-05 -1.171433860031025e-05 -4.338195673672608e-06 -2.063374120578836e-06
-1.825579080912438e-05 -8.594775121113409e-06 -4.143812532309051e-06 -1.749734348735439e-06
-1.779370452698786e-05 -7.118426295721805e-06 -4.081572626480681e-06 -1.583421660562424e-06
-2.327773773882422e-05 -1.178928119423519e-05 -4.583520587913108e-06 -2.040576498610476e-06
-2.166724495602595e-05 -9.209109586674351e-06 -4.486733897796579e-06 -1.850261237019366e-06
-2.006634122461729e-05 -7.061309573502216e-06 -4.354879800587698e-06 -1.647159828271901e-06
-2.765551278341494e-05 -1.187388501175253e-05 -4.847186234824880e-06 -2.038812525578349e-06
-2.544287447113179e-05 -9.395617496589437e-06 -4.738989690530354e-06 -1.879975113096149e-06
-2.327718978086569e-05 -6.994247007264597e-06 -4.628364688721985e-06 -1.728349909824811e-06
-3.235466719439195e-05 -1.194831040403795e-05 -4.999564458879479e-06 -2.022436206372498e-06
-2.998260307577578e-05 -9.398654450085162e-06 -4.930601855928268e-06 -1.927708966125639e-06
-2.765458816372390e-05 -6.919540326260939e-06 -4.864861082859233e-06 -1.788694307239083e-06
-3.717557143849268e-05 -1.201131080920517e-05 -5.111216762444235e-06 -2.073233565635981e-06
-3.474584392965949e-05 -9.402022836239692e-06 -5.014524152730479e-06 -1.983362688551897e-06
-3.235364549013860e-05 -6.852264722787360e-06 -5.001812798685119e-06 -1.871787676762334e-06
-4.209691941693242e-05 -1.206221218785033e-05 -5.299026300917439e-06 -2.115881196486045e-06
-3.962083031688000e-05 -9.405214865411681e-06 -5.198243180416680e-06 -2.010418801789919e-06
-3.717457545994439e-05 -6.795932604401844e-06 -5.146022607053853e-06 -1.880911061363792e-06
-4.709641531689623e-05 -1.210170581376489e-05 -5.600378551640382e-06 -2.226757951060746e-06
-4.458496319665736e-05 -9.408081458195255e-06 -5.459536975845738e-06 -2.029064219140745e-06
-4.209612051111068e-05 -6.751062572342906e-06 -5.400844850248183e-06 -1.880077639232304e-06
-5.215442504353583e-05 -1.213159816808094e-05 -5.866938776150706e-06 -2.187869307389839e-06
-4.961664584102801e-05 -9.410601302001859e-06 -5.793298421596272e-06 -2.051981289022937e-06
-4.709574584782132e-05 -6.717030079006472e-06 -5.704019843671748e-06 -1.883248503726546e-06
-5.725593845472775e-05 -1.215355692998314e-05 -5.983138405249703e-06 -2.057399827522676e-06
-5.469874519949624e-05 -9.412841513879120e-06 -6.000290809330374e-06 -2.035727191326953e-06
-5.215386899839000e-05 -6.691924498623940e-06 -6.000435918888888e-06 -1.961139071365007e-06
-6.238777353769197e-05 -1.216836306481430e-05 -5.982981102344971e-06 -1.999489826356214e-06
-5.981758963928525e-05 -9.414754852499643e-06 -6.030383353634709e-06 -2.013634861926454e-06
-5.725543756999827e-05 -6.674157081028431e-06 -6.098677310842837e-06 -2.019907127351501e-06
-6.753732952195684e-05 -1.217653307810845e-05 -5.783731545633126e-06 -1.902601430661371e-06
-6.496035821074522e-05 -9.416229817941327e-06 -5.938518905121514e-06 -2.033603309629116e-06
-6.238736027865745e-05 -6.662688818273746e-06 -6.031271551217402e-06 -2.045234056325372e-06
-7.858529474438655e-05 -1.187686083150699e-05 -5.276256827886590e-06 -1.773553865657696e-06
-7.785274115942581e-05 -1.218028157640886e-05 -5.324462493091822e-06 -1.755785050439187e-06
-6.984679220731049e-05 -9.417091874202468e-06 -5.740053070362760e-06 -1.975786841275194e-06
-7.269455717462890e-05 -1.217971714959105e-05 -5.602243834575925e-06 -1.836068588926800e-06
-6.753713212996290e-05 -6.656834738718860e-06 -5.888797797405848e-06 -2.078417544099009e-06
-7.888873200662375e-05 -1.114432727352066e-05 -5.257250810551887e-06 -1.821115509766289e-06
-7.715524603140481e-05 -9.417646175689436e-06 -5.402334480815752e-06 -1.955284582909097e-06
-7.269449045486997e-05 -6.655102843233858e-06 -5.645125187548530e-06 -2.115113876944595e-06
-7.888880243821064e-05 -7.690933945816093e-06 -5.306686192282815e-06 -2.061195437448185e-06
-7.785278049843007e-05 -6.654920511382067e-06 -5.379028414960600e-06 -2.124482716309866e-06
-7.858535972659197e-05 -6.958360373190080e-06 -5.328869204526163e-06 -2.106369457522352e-06
