-8.103422337810566e-05 1.156601736085001e-05 -4.511395924215781e-05 6.136779822134009e-06
-8.133553454280037e-05 1.083868916138005e-05 -4.532449724341094e-05 5.628130297336306e-06
-8.133562036096153e-05 7.409918787731006e-06 -4.525805045621444e-05 3.170087655362415e-06
-8.103431813785293e-05 6.682583684786106e-06 -4.503470087402984e-05 2.641738022987967e-06
-8.030682335573402e-05 1.186727049325587e-05 -4.460294541164570e-05 6.346169770654566e-06
-7.894255063665608e-05 9.124315697051779e-06 -4.357504477589936e-05 4.382456748961224e-06
-8.030692517470085e-05 6.381326597033383e-06 -4.450051195226384e-05 2.423875056623897e-06
-7.518555394841141e-05 1.186632705311734e-05 -4.099870965356972e-05 6.320728274088430e-06
-7.518567814756646e-05 6.382214329494423e-06 -4.083388714705262e-05 2.438796574331144e-06
-7.235923613879862e-05 9.124205722631965e-06 -3.886474388795530e-05 4.422234283843349e-06
-7.006763310796780e-05 1.186333656959964e-05 -3.739180643860302e-05 6.341284273240561e-06
-7.006775587762193e-05 6.384826276987410e-06 -3.713706052745607e-05 2.434714723807951e-06
-6.751071777796166e-05 9.124062409233214e-06 -3.533774144865343e-05 4.358987910290052e-06
-6.495702042355478e-05 1.185858272678482e-05 -3.376995998213820e-05 6.267587472158489e-06
-6.495686829014477e-05 6.388858529894879e-06 -3.346831945648043e-05 2.439244394038812e-06
-6.240430344382319e-05 9.123628000469263e-06 -3.172922788686150e-05 4.337944454677686e-06
-5.985546426045983e-05 1.185270741028207e-05 -3.026574157944090e-05 6.163109324236419e-06
-5.985522293048645e-05 6.393801679509673e-06 -2.990878473388434e-05 2.504344732491232e-06
-5.730757263860604e-05 9.123219169885917e-06 -2.832253003005744e-05 4.336194362232482e-06
-5.476403513839989e-05 1.184616165014401e-05 -2.696322282336505e-05 5.991518350762297e-06
-5.476356702526709e-05 6.399722616034173e-06 -2.665804482994191e-05 2.661530335627682e-06
-5.222172089018710e-05 9.123007916613910e-06 -2.524796279062764e-05 4.328295996526037e-06
-4.968591421502251e-05 1.183683950216001e-05 -2.403552380785542e-05 5.798767103059307e-06
-4.968524667441503e-05 6.409136940594001e-06 -2.382372004491958e-05 2.833427707238229e-06
-4.715240873062583e-05 9.123227438714503e-06 -2.244469661619006e-05 4.325428589518618e-06
-4.462838613101104e-05 1.182297097331736e-05 -2.137959181658311e-05 5.744627053376027e-06
-4.462761581736893e-05 6.424014692207335e-06 -2.126918276175753e-05 2.926367997146918e-06
-4.210881851883791e-05 9.123876291893864e-06 -1.980787548244894e-05 4.319306272122209e-06
-3.960253003161734e-05 1.180308747880598e-05 -1.885722466461707e-05 5.717151651642939e-06
-3.960198551690937e-05 6.446021150301655e-06 -1.875963046486933e-05 2.946055036952545e-06
-3.710337659445078e-05 9.125141299487735e-06 -1.724573177047318e-05 4.345301506217520e-06
-3.462216577313773e-05 1.177529200592029e-05 -1.629037850898350e-05 5.691436491323510e-06
-3.462187667036137e-05 6.476746467925033e-06 -1.609696762770467e-05 2.976486701832600e-06
-3.215084305957192e-05 9.126702860299784e-06 -1.473514391563464e-05 4.345428319102246e-06
-2.970410435272801e-05 1.173653416757698e-05 -1.376456305399744e-05 5.668092480769548e-06
-2.970393640870979e-05 6.518952402524909e-06 -1.346339499623362e-05 3.014612356343806e-06
-2.736855100549614e-05 9.127922092691879e-06 -1.235490794743640e-05 4.313870363001580e-06
-2.506446152624094e-05 1.168468019288252e-05 -1.130019737868138e-05 5.706693098133481e-06
-2.506418401119988e-05 6.576063490409273e-06 -1.111585701045806e-05 3.062396863320725e-06
-2.334561915619082e-05 9.325584802660195e-06 -1.030443446216439e-05 4.419903763306488e-06
-2.162507765019293e-05 1.163050372229398e-05 -9.455699524657444e-06 5.684958838711876e-06
-2.162384738135180e-05 6.634655754323639e-06 -9.404577205772741e-06 3.058051484572302e-06
-1.917741098554088e-05 1.157826998892292e-05 -8.138874506543991e-06 5.667843466127297e-06
-1.963916714415696e-05 9.971917940060565e-06 -8.383640067361472e-06 4.787527224836125e-06
-1.917465617961388e-05 6.675061100509885e-06 -8.155944577008374e-06 3.117137954000693e-06
-1.742760274061235e-05 6.720183629292925e-06 -7.254929568063012e-06 3.122121084862296e-06
2.691131891000094e-06 -6.559069334937861e-08 8.544002783037234e-07 6.847366856748564e-07
2.743772456467131e-06 -1.920279115343615e-07 8.749622271310954e-07 6.350676874108247e-07
2.743533122400080e-06 -6.635358827943691e-07 8.616377391120942e-07 4.403409452745555e-07
2.691129562586252e-06 -7.884952107876153e-07 8.374051139504683e-07 3.920149155744476e-07
-1.742334771513862e-05 1.153951085942608e-05 -7.204611916255139e-06 5.646260869777275e-06
-1.586632972593261e-05 1.141466596494433e-05 -6.363132015387706e-06 5.577305361338795e-06
-1.705931570238173e-05 8.530281976327068e-06 -7.058396528179169e-06 4.036793795403938e-06
-1.585378599542647e-05 6.633327302529266e-06 -6.423308328101158e-06 3.052226889546125e-06
2.565218305395009e-06 -1.340522959046939e-08 8.041580146319204e-07 7.042055958052654e-07
2.438195059821323e-06 -5.306595824814256e-07 7.443103252144355e-07 4.902824474490810e-07
2.566083998832271e-06 -8.408417835537665e-07 7.877637556764605e-07 3.737159189856206e-07
-1.536210875113809e-05 9.936291056071759e-06 -6.097822965394997e-06 4.801189193701203e-06
-1.435220566460344e-05 1.110622989394707e-05 -5.599288451479663e-06 5.381261713797387e-06
-1.290970740804275e-05 1.064462569987958e-05 -4.870559971608437e-06 5.124954680612255e-06
-1.489420065635723e-05 7.931303462786923e-06 -5.877053209845260e-06 3.731339897129402e-06
-1.436667209750599e-05 6.297433404514188e-06 -5.585488021333384e-06 2.859878029429792e-06
1.711396609582124e-06 -8.081334934155023e-10 5.062348817697375e-07 6.717505426216936e-07
1.710178273361167e-06 -8.576770754129550e-07 5.110264138037130e-07 3.802922047704480e-07
1.267700325904713e-06 -4.302467441231929e-07 3.455931332240496e-07 5.194237199897375e-07
-1.156109592326216e-05 1.001866100765229e-05 -4.160445218343980e-06 4.803559441055236e-06
-1.270958642834167e-05 9.137953889211925e-06 -4.753534263284788e-06 4.352590671219106e-06
-1.320371780536086e-05 7.270601132150372e-06 -4.985347091313914e-06 3.349851076003942e-06
-1.299903110134922e-05 5.733205401022125e-06 -4.847570465400652e-06 2.580987859844038e-06
7.867884180788380e-07 7.823616731445578e-08 1.864809858419239e-07 6.556612184656048e-07
7.864762355552084e-07 -9.402498053381302e-07 1.864063662412390e-07 3.467634613551716e-07
2.381290193017209e-07 -4.317360284469535e-07 2.082841447198554e-08 5.049557386809213e-07
-1.030797321439012e-05 9.264144673886836e-06 -3.498618681822580e-06 4.407257261843540e-06
-9.181626916177937e-06 8.394112121023935e-06 -2.970434090496334e-06 3.937750520610844e-06
-1.148503560317769e-05 6.984362073631260e-06 -4.053635281579823e-06 3.191445214040112e-06
-1.178762258532724e-05 4.957728997761699e-06 -4.151661459246828e-06 2.232622098990812e-06
-3.924531095311945e-07 2.519747038192103e-07 -1.482812898578185e-07 7.041809721323523e-07
-3.928836361712873e-07 -1.116865077894057e-06 -1.332031199403644e-07 3.074932949499597e-07
-9.467677182706439e-06 7.073020537722277e-06 -3.095064427404787e-06 3.248553064716945e-06
-8.189055127426393e-06 7.409891230812359e-06 -2.516822896156519e-06 3.404147406573932e-06
-9.940895415835267e-06 5.605919737120313e-06 -3.264731359660985e-06 2.531943346443192e-06
-1.076124897323774e-05 4.022317721616671e-06 -3.586013394473510e-06 1.833587008810860e-06
-1.088913325092933e-06 -4.328863264649782e-07 -3.322994359530077e-07 5.046250674828636e-07
-1.918441282849604e-06 5.042728763530347e-07 -5.836407142189386e-07 7.918394680192055e-07
-1.917475086058757e-06 -1.373177180058803e-06 -5.990767028068428e-07 2.151179637678619e-07
-7.320011638191533e-06 6.342914596261826e-06 -2.131679297424995e-06 2.828826715516700e-06
-6.608637968107877e-06 5.227424754181770e-06 -1.888697693858942e-06 2.364748358360229e-06
-6.047662466248854e-06 4.050017826381799e-06 -1.715900590089916e-06 1.899954116252339e-06
-8.979246654552626e-06 4.302413589174034e-06 -2.825716122774814e-06 1.957382488249220e-06
-9.940838827853670e-06 2.970451179220985e-06 -3.185137434857296e-06 1.470890752870283e-06
-2.585673735432397e-06 -4.310641398041303e-07 -7.972544064431632e-07 5.151992314105025e-07
-3.405873066664498e-06 7.534344157707294e-07 -1.056285697803788e-06 8.947336448109192e-07
-3.406478154756625e-06 -1.634644836294939e-06 -1.051320463589413e-06 1.577288273376709e-07
-7.241953637172052e-06 4.046431088648103e-06 -2.152180365467401e-06 1.878420975613654e-06
-5.623137357417339e-06 2.842730120381665e-06 -1.596222649102127e-06 1.470533575767698e-06
-4.759367149103130e-06 9.657312542597765e-07 -1.484414915860652e-06 9.174696479334427e-07
-5.153684363256338e-06 1.177277005802810e-06 -1.557797164538904e-06 9.479685408553534e-07
-5.363031602886462e-06 1.608830457145908e-06 -1.576027170683421e-06 1.051733868497599e-06
-8.310921083387777e-06 2.817639061178268e-06 -2.566765545680238e-06 1.416512441202017e-06
-9.331619746985831e-06 1.848797903661879e-06 -2.900020126173739e-06 1.105246629431701e-06
-4.143498567008956e-06 -2.574577762882628e-07 -1.302220305340945e-06 5.715995671784860e-07
-4.765139850887960e-06 -1.824167211117146e-06 -1.493165341656258e-06 1.309956172736206e-07
-6.450461891186762e-06 1.989855938186912e-06 -1.920743787253371e-06 1.154601616042223e-06
-5.181251992795567e-06 3.352652214180910e-07 -1.589897862778896e-06 7.359379431901745e-07
-5.649668238235956e-06 1.028360376804498e-06 -1.686375316966346e-06 8.933779104336864e-07
-7.834179876336033e-06 1.502076515252087e-06 -2.413057219934756e-06 1.016757221458642e-06
-8.952889933252316e-06 7.045330788814830e-07 -2.753229411285072e-06 8.434626568362779e-07
-5.209331898858094e-06 -1.020685501380208e-06 -1.608451707953135e-06 3.470099837157929e-07
-5.152527458649218e-06 -2.028883508464737e-06 -1.616017974224197e-06 7.569914898752538e-08
-6.701318916753996e-06 5.240739440874137e-08 -2.031674250725071e-06 6.278531071414592e-07
-8.823083014809242e-06 -4.394825535123892e-07 -2.702533219034390e-06 5.059072593661111e-07
-8.940644899199142e-06 -1.567671942437334e-06 -2.694182216741419e-06 1.919807947870058e-07
-6.012770338372441e-06 -1.756252327483880e-06 -1.830650355023866e-06 1.348070199108017e-07
-5.377396725143696e-06 -2.468732542500384e-06 -1.694515087801457e-06 -4.613909278174108e-08
-5.650356294744116e-06 -3.685016550323817e-06 -1.803128774907389e-06 -3.718265922825776e-07
-7.803465368144154e-06 -1.709273238990702e-06 -2.364649151051262e-06 1.359303973082586e-07
-6.064465710525941e-06 -4.875248259258487e-06 -1.936252604802771e-06 -6.681018034541023e-07
-9.301185365775485e-06 -2.710787446507878e-06 -2.749361789141202e-06 -1.290364347166936e-07
-6.743065363111750e-06 -3.723746073779803e-06 -2.055842182869437e-06 -4.106460591962602e-07
-8.366200249174999e-06 -3.815881339186659e-06 -2.495837465973830e-06 -4.311050542582012e-07
-6.626712489827231e-06 -6.016037218825530e-06 -2.106329548626167e-06 -9.490512879882269e-07
-9.885464667702645e-06 -3.817427049524876e-06 -2.837747289924907e-06 -4.016592212544300e-07
-9.407643091541438e-06 -4.920924629879575e-06 -2.730000523913676e-06 -7.008929064223299e-07
-8.268135939285568e-06 -5.617454352205886e-06 -2.496290537025352e-06 -8.910784576905723e-07
-7.324738764601556e-06 -7.116949278068492e-06 -2.299008329406775e-06 -1.171080224144500e-06
-8.172902180193491e-06 -8.152863862828255e-06 -2.515320400438720e-06 -1.358341338745434e-06
-1.069060740932897e-05 -4.845925805049730e-06 -3.001734346508446e-06 -6.866668396063411e-07
-1.011430432582031e-05 -6.174660604853654e-06 -2.898004654183278e-06 -1.006730230178833e-06
-9.433487686772442e-06 -7.744158074305863e-06 -2.798253102451836e-06 -1.280669312520274e-06
-9.142655426274377e-06 -9.109241634047000e-06 -2.745698806687576e-06 -1.463162245774338e-06
-1.168866268216779e-05 -5.757379238527217e-06 -3.149445263450329e-06 -9.246750555009929e-07
-1.138861942006327e-05 -7.737849675700637e-06 -3.093390995554937e-06 -1.265890992768083e-06
-1.024127645156033e-05 -9.953342921606155e-06 -2.952706999760997e-06 -1.528591366252403e-06
-1.146031851230883e-05 -1.068346882034155e-05 -3.099608763493919e-06 -1.565033949776114e-06
-1.277075943441763e-05 -1.128801099785321e-05 -3.221883730669267e-06 -1.579831202396312e-06
-1.287449196999440e-05 -8.166925241549768e-06 -3.278306545457910e-06 -1.310501267618262e-06
-1.286222201761916e-05 -6.516649603026767e-06 -3.298964867322832e-06 -1.085162904090683e-06
-1.257763443808310e-05 -9.827010922806595e-06 -3.225490575518553e-06 -1.477695195935414e-06
-1.416909277425058e-05 -1.173387184911060e-05 -3.289361365590737e-06 -1.590352395421575e-06
-1.563338990317303e-05 -1.202544825184404e-05 -3.390300781055059e-06 -1.554584445986024e-06
-1.407439787652760e-05 -8.536723338386613e-06 -3.367598264220936e-06 -1.351616273971754e-06
-1.418851084751828e-05 -7.073916461290426e-06 -3.388464851525893e-06 -1.216821085062708e-06
-1.713402987997029e-05 -1.214586549568916e-05 -3.509402897495424e-06 -1.497812449399296e-06
-1.544870440041340e-05 -9.912633944755522e-06 -3.413043355931598e-06 -1.422526350084910e-06
-1.562398032858411e-05 -7.404019866769079e-06 -3.452508959772838e-06 -1.325500412842448e-06
-1.746260422575214e-05 -1.014375618037836e-05 -3.498596556586130e-06 -1.417656622773999e-06
-1.882202830540950e-05 -1.218670009438926e-05 -3.566424822293812e-06 -1.471868509860906e-06
-1.712254678853824e-05 -7.500818467145563e-06 -3.495297725166383e-06 -1.369126867082744e-06
-2.117843614230862e-05 -1.222737761692861e-05 -3.579503822435046e-06 -1.449981164262967e-06
-1.930177002206452e-05 -8.995808217133885e-06 -3.508182830609118e-06 -1.388397644709503e-06
-1.881972683125749e-05 -7.460567393396748e-06 -3.499722911756371e-06 -1.371735529593655e-06
-2.449741758567408e-05 -1.228880849284100e-05 -3.675353743889246e-06 -1.452496861417123e-06
-2.283770155363864e-05 -9.631744673968961e-06 -3.594336256430118e-06 -1.374339527856891e-06
-2.117946092840672e-05 -7.408669876514699e-06 -3.568642258861412e-06 -1.337623090338368e-06
-2.898959261936195e-05 -1.235261128490076e-05 -3.891874571391468e-06 -1.490329633162922e-06
-2.672555436816665e-05 -9.821831124517522e-06 -3.731282817477784e-06 -1.366490880574338e-06
-2.449776042638091e-05 -7.350692165781353e-06 -3.626685539034807e-06 -1.285136315150601e-06
-3.377072021866858e-05 -1.240303111380063e-05 -4.205643450548537e-06 -1.531609512950380e-06
-3.136493599519667e-05 -9.821878979417419e-06 -4.008644401154756e-06 -1.358817515470086e-06
-2.898958402433690e-05 -7.290372403232708e-06 -3.879430683780631e-06 -1.221763761098729e-06
-3.863179386029617e-05 -1.244204918706973e-05 -4.506631628293978e-06 -1.491680640465234e-06
-3.618929578174131e-05 -9.822369250184310e-06 -4.304863952142578e-06 -1.356388459069091e-06
-3.377055131451461e-05 -7.241164130703476e-06 -4.172210850110459e-06 -1.215825018761902e-06
-4.355548306386577e-05 -1.247267929991257e-05 -4.684283152908867e-06 -1.426970736459800e-06
-4.108428798586289e-05 -9.822714339417923e-06 -4.526564284593960e-06 -1.336550950897270e-06
-3.863170567858501e-05 -7.203044593089353e-06 -4.429452054270654e-06 -1.251024808431222e-06
-4.852965048240484e-05 -1.249794938397779e-05 -4.880151319982686e-06 -1.430600500146346e-06
-4.603482487341069e-05 -9.822994084058451e-06 -4.685294309218968e-06 -1.343025523924720e-06
-4.355549984145596e-05 -7.173017719852028e-06 -4.573400273434102e-06 -1.279569990239006e-06
-5.354570836385637e-05 -1.251848312191634e-05 -5.013716492345313e-06 -1.393024967934068e-06
-5.103127752289410e-05 -9.823174976275731e-06 -4.878283467884852e-06 -1.347711597484050e-06
-4.852961211087373e-05 -7.148211506245754e-06 -4.752260092996598e-06 -1.284049519972448e-06
-5.859595166289812e-05 -1.253433589961606e-05 -4.964777081828980e-06 -1.262114648162582e-06
-5.606585147511923e-05 -9.823161471647243e-06 -4.937481044635025e-06 -1.345685359613550e-06
-5.354576302291634e-05 -7.127846397795402e-06 -4.877352180698563e-06 -1.324578944780647e-06
-6.367181041720935e-05 -1.254567011254597e-05 -4.555978573330486e-06 -1.057836792944508e-06
-6.113037727900653e-05 -9.823031374232740e-06 -4.765044587850586e-06 -1.352981803310544e-06
-5.859606315616009e-05 -7.111860894875783e-06 -4.846097347113907e-06 -1.431298281953511e-06
-6.876406076807310e-05 -1.255230023736124e-05 -3.785518795196263e-06 -8.752054871731000e-07
-6.621595215090157e-05 -9.822943252028636e-06 -4.195950300578793e-06 -1.344888045389333e-06
-6.367186800464272e-05 -7.100302532405552e-06 -4.489994657748175e-06 -1.621651408791328e-06
-7.969289134111417e-05 -1.225554518054938e-05 -1.427188279099520e-06 -7.828437070788725e-07
-7.896816660485924e-05 -1.255571101450916e-05 -1.598402068682059e-06 -7.139847869602298e-07
-7.104820393497553e-05 -9.822789772348440e-06 -3.336940201624174e-06 -1.322561379697119e-06
-7.386497378422274e-05 -1.255506042665638e-05 -2.766583071114373e-06 -6.998403900081704e-07
-6.876416941962460e-05 -7.093446913803349e-06 -3.729662626342558e-06 -1.811738566952847e-06
-7.999308612570252e-05 -1.153085845033781e-05 -1.354050985828715e-06 -9.482686824705000e-07
-7.827804887606289e-05 -9.822655438344917e-06 -1.721454235775359e-06 -1.322842068539875e-06
-7.386501580224777e-05 -7.090369748663948e-06 -2.705127805475699e-06 -1.888996491584060e-06
-7.999311538290525e-05 -8.114437095469151e-06 -1.275491931691511e-06 -1.746290750288038e-06
-7.896820176351571e-05 -7.089588867972248e-06 -1.510852277036736e-06 -1.982957224187879e-06
-7.969292351572008e-05 -7.389752720188583e-06 -1.343231170312937e-06 -1.914803694542393e-06
