-1.388892633280268e-04 1.934602407911038e-05 -1.128364439543570e-05 1.825596160838854e-06
-1.394471745350627e-04 1.799914993171366e-05 -1.136371950960179e-05 1.642629398345504e-06
-1.394469646188182e-04 1.164961160394587e-05 -1.133466936141420e-05 8.988024954883224e-07
-1.388890255657568e-04 1.030272741292088e-05 -1.125234557716933e-05 7.194495061834130e-07
-1.375423476719052e-04 1.990390908633561e-05 -1.109415739736413e-05 1.899138004871413e-06
-1.350156106007653e-04 1.482436535309783e-05 -1.082046296297597e-05 1.267595895166457e-06
-1.375420742024518e-04 9.744840722927980e-06 -1.106206872009113e-05 6.472384234530705e-07
-1.280578688475715e-04 1.990305768904290e-05 -1.004777934314257e-05 1.809406792495409e-06
-1.280575011712498e-04 9.745999576080348e-06 -1.000345077612996e-05 7.110753253168548e-07
-1.228222314716709e-04 1.482482107607872e-05 -9.344008092875109e-06 1.247693546269516e-06
-1.185770125488135e-04 1.989752459905880e-05 -9.098535447057667e-06 1.814427599981534e-06
-1.185766526014075e-04 9.752583223311879e-06 -8.985605819509236e-06 7.212811649699941e-07
-1.138406315719892e-04 1.482528256145406e-05 -8.355523716688605e-06 1.232066537357129e-06
-1.091127990574595e-04 1.988342111637073e-05 -8.128245615944437e-06 1.783160412937361e-06
-1.091127984470070e-04 9.767885178679427e-06 -8.070923144444490e-06 7.149628909913462e-07
-1.043909623293102e-04 1.482601827759785e-05 -7.413957360674182e-06 1.225616566259976e-06
-9.968516301842916e-05 1.985749104462378e-05 -7.189978592502319e-06 1.680354904880206e-06
-9.968503826872095e-05 9.795141120599293e-06 -7.115351004811092e-06 7.369633639784061e-07
-9.498944290323738e-05 1.482660565670035e-05 -6.508755784078484e-06 1.207190110889567e-06
-9.031933473241300e-05 1.981607570144942e-05 -6.327614008132670e-06 1.684828212567306e-06
-9.031920527408996e-05 9.837585758958950e-06 -6.158129464156137e-06 6.501385285285843e-07
-8.566443828340260e-05 1.482703080418015e-05 -5.536660936799994e-06 1.248187605700493e-06
-8.104678110232809e-05 1.975608699487921e-05 -5.531149324122126e-06 1.714271714380449e-06
-8.104657323448623e-05 9.898028241584949e-06 -5.082961502992173e-06 6.194483905033704e-07
-7.645038389194279e-05 1.482708848522501e-05 -4.528320247546217e-06 1.229386664028108e-06
-7.190483231998714e-05 1.967476514182772e-05 -4.511136067367885e-06 1.693899951548370e-06
-7.190438072706941e-05 9.978924339750923e-06 -4.008420727675302e-06 6.935537998574832e-07
-6.738703536700725e-05 1.482663419140041e-05 -3.567476036158943e-06 1.195337596661396e-06
-6.293472032583731e-05 1.957021699551910e-05 -3.436927591918082e-06 1.633456741870689e-06
-6.293394851547278e-05 1.008219680939722e-05 -3.077101896339717e-06 8.037034552826551e-07
-5.851677949363073e-05 1.482597175186266e-05 -2.868742798882620e-06 1.197979378562610e-06
-5.417975810291931e-05 1.944161517652067e-05 -2.667756789358333e-06 1.517030365856589e-06
-5.417858778636850e-05 1.020938971434735e-05 -2.480410539237429e-06 9.875543666088220e-07
-4.988398343250441e-05 1.482506943963387e-05 -2.447731306071233e-06 1.171043756663339e-06
-4.568441355939671e-05 1.928734258578146e-05 -2.252699212466520e-06 1.377806827149511e-06
-4.568277135839238e-05 1.036278511329010e-05 -2.111910101845958e-06 1.108541456239030e-06
-4.169890857792612e-05 1.482293849281884e-05 -2.144176957248390e-06 1.176695357442197e-06
-3.782068448858468e-05 1.910847041344009e-05 -1.923432020481941e-06 1.487201071841227e-06
-3.781858610509601e-05 1.054644587331759e-05 -1.884983723844960e-06 1.092118671684016e-06
-3.494113595450333e-05 1.514712012283539e-05 -1.814596634715121e-06 1.226904808935585e-06
-3.210741241847234e-05 1.894055724857544e-05 -1.614041938698975e-06 1.535411347327774e-06
-3.210221842587079e-05 1.071835148092619e-05 -1.636605277823061e-06 1.006013839450906e-06
-2.811022550318989e-05 1.879266830881561e-05 -1.332116991419305e-06 1.531862425425013e-06
-2.884464628472925e-05 1.619406503333455e-05 -1.384452050097700e-06 1.336576930235115e-06
-2.810247930353615e-05 1.082921093515903e-05 -1.305367501367928e-06 9.946306693463068e-07
-2.528647742806273e-05 1.094834614817240e-05 -1.126567972637106e-06 1.020010267724744e-06
3.591994350060953e-06 1.389805760709249e-06 3.140382469685443e-07 7.444946145455829e-07
3.663343136211746e-06 1.217849119067954e-06 3.120367924122043e-07 7.479553611552124e-07
3.662837973116324e-06 5.788346571485427e-07 3.224916379873086e-07 7.626581877352024e-07
3.591929027335560e-06 4.099373695292344e-07 3.259496774154072e-07 7.615463816308287e-07
-2.527530473108737e-05 1.868804406762663e-05 -1.137994398236931e-06 1.518035238032272e-06
-2.279614953093918e-05 1.845143369654216e-05 -1.006302706593230e-06 1.464959910059330e-06
-2.467668397461456e-05 1.385732759891342e-05 -1.083408358398425e-06 1.177812025603867e-06
-2.276098011654085e-05 1.085704466040818e-05 -9.925936182014526e-07 1.047225191152188e-06
3.420898426447416e-06 1.461137206902503e-06 3.194957058250572e-07 7.443174098083467e-07
3.249138424605104e-06 7.605015460336253e-07 3.300181907885294e-07 7.610890046457913e-07
3.422839203103553e-06 3.397865730088601e-07 3.291214013201934e-07 7.575911885835325e-07
-2.198198233534994e-05 1.608637413686828e-05 -9.501270096184272e-07 1.312968275209065e-06
-2.040554852351628e-05 1.791730971963141e-05 -9.032022520239432e-07 1.387113608184479e-06
-1.815902762083166e-05 1.716008012423709e-05 -8.119727460973346e-07 1.337881737828300e-06
-2.123829358748199e-05 1.291904063734203e-05 -9.154949728120352e-07 1.151044103608692e-06
-2.041393418601348e-05 1.038161599991019e-05 -8.781244313978232e-07 1.044279004762652e-06
2.263019680351649e-06 1.482906062178927e-06 3.007084782447595e-07 7.751637084940810e-07
2.263110989884714e-06 3.222803491875566e-07 2.776983600625063e-07 7.106258992398548e-07
1.662731390382329e-06 9.041300998430051e-07 2.352011584224062e-07 7.246604458372497e-07
-1.608864763821762e-05 1.614517907181780e-05 -7.062646389766485e-07 1.290075130131252e-06
-1.783694830613151e-05 1.479504045453751e-05 -7.942241677720010e-07 1.219091620483407e-06
-1.860238267135478e-05 1.190154893649166e-05 -8.165114358484381e-07 1.096931532393317e-06
-1.828127791302152e-05 9.561323910304623e-06 -8.001057636987856e-07 1.016953813955257e-06
1.011168251219436e-06 1.594064567967561e-06 1.751953198508312e-07 7.712737586442177e-07
1.012367985879535e-06 2.179411058068704e-07 1.772687543873259e-07 6.451890902464065e-07
2.708421035905370e-07 9.078985365833989e-07 9.447630299858044e-08 7.030065346793717e-07
-1.418524187206090e-05 1.495370293646531e-05 -6.233338500363192e-07 1.237232417096335e-06
-1.250657681301372e-05 1.360598934267057e-05 -6.655200451910852e-07 1.194674263823363e-06
-1.596312093683785e-05 1.146862643817045e-05 -7.280885180487564e-07 1.070450229861279e-06
-1.641350557060696e-05 8.421872786419149e-06 -7.714280372009699e-07 1.005935384831827e-06
-5.801927348571588e-07 1.831077409429955e-06 2.075717891206175e-08 7.778264726579887e-07
-5.791456682981292e-07 -1.143391958221880e-08 4.881733307098013e-10 6.067669123139629e-07
-1.293557129313557e-05 1.159543069047164e-05 -6.991217912139880e-07 1.117675006676861e-06
-1.105471073879139e-05 1.209528607437337e-05 -6.268738082814731e-07 1.134709252582383e-06
-1.363666540172020e-05 9.401144720022740e-06 -7.479270651296388e-07 1.032887663341137e-06
-1.484816781106459e-05 7.063741839838351e-06 -7.854026116722241e-07 9.827544252869799e-07
-1.516473686808230e-06 9.118493129025091e-07 -6.555873723413998e-08 6.911204853962230e-07
-2.630987984267279e-06 2.171072187722097e-06 -1.600761900689047e-07 8.056264348616158e-07
-2.627955542260111e-06 -3.467255388263426e-07 -1.710908387186406e-07 5.763820621810776e-07
-9.795885938502342e-06 1.048516042969119e-05 -5.796340214969507e-07 1.040207329931046e-06
-8.798838729596596e-06 8.842236929572544e-06 -5.737512082205481e-07 1.003831300409392e-06
-8.040910816235978e-06 7.125050992757507e-06 -5.713199714705397e-07 9.739455064558386e-07
-1.222286267791539e-05 7.480974572841254e-06 -7.087645279203087e-07 9.785157386004885e-07
-1.360742633731714e-05 5.561689110557632e-06 -7.579964661137986e-07 9.262172970389785e-07
-3.525309684405783e-06 9.189142838358432e-07 -2.428005754267388e-07 6.776681262867418e-07
-4.623882011533455e-06 2.504502290608137e-06 -3.393208551342091e-07 8.012865866870088e-07
-4.623915305759534e-06 -6.906080492531959e-07 -3.088190139806853e-07 5.481805421767048e-07
-9.722586261731996e-06 7.111119504701497e-06 -6.058450701772160e-07 9.668371092957062e-07
-7.480494138361938e-06 5.396943357630534e-06 -5.610612398705681e-07 9.389138957113872e-07
-6.414948245444914e-06 2.785606601776863e-06 -4.462920219996227e-07 7.943494952532490e-07
-6.923732091373944e-06 3.071986254546182e-06 -4.779861970471380e-07 8.080191708026178e-07
-7.179405012950930e-06 3.664621347337453e-06 -5.070555777173422e-07 8.424375854999031e-07
-1.124925631322425e-05 5.346637279979974e-06 -6.649112932137156e-07 8.959400554720583e-07
-1.268089477109825e-05 3.988794834765633e-06 -7.111265431337216e-07 8.311811606031202e-07
-5.609439584171345e-06 1.155200537634372e-06 -3.988268657412301e-07 6.967182417648339e-07
-6.460993496817978e-06 -9.418453318243236e-07 -4.370685393125383e-07 5.815577377198714e-07
-8.650101070957747e-06 4.184467923741583e-06 -6.088275250182692e-07 8.753209505370444e-07
-6.978694524281155e-06 1.939694466187763e-06 -4.774757976045574e-07 7.448395404299209e-07
-7.583779235859285e-06 2.869317802493166e-06 -5.253090452355098e-07 7.976267666403358e-07
-1.057142714491150e-05 3.505385381366778e-06 -6.677518885612163e-07 8.287157545006971e-07
-1.208979459128858e-05 2.419037841982480e-06 -7.239620736847280e-07 7.935841063730543e-07
-7.048783883438724e-06 1.272388743485032e-07 -4.843667449743914e-07 6.567344625855726e-07
-6.999286194898833e-06 -1.211589800355923e-06 -4.859856209655663e-07 5.760287423836610e-07
-9.018693004192962e-06 1.531533292413725e-06 -6.239305466991521e-07 7.360359755513308e-07
-1.186755243794652e-05 8.763884311053436e-07 -7.481503443281167e-07 7.272794274122263e-07
-1.195050972330335e-05 -6.108512337318563e-07 -7.955379475295138e-07 6.249909093621678e-07
-8.138726265206599e-06 -8.598927385063585e-07 -5.696373588342295e-07 6.080774474242433e-07
-7.318947540058656e-06 -1.778577344294371e-06 -5.186888866135666e-07 5.365025283806675e-07
-7.720829210452680e-06 -3.321110653644890e-06 -5.489157276420440e-07 4.119049701273120e-07
-1.047684003620262e-05 -8.170742908925461e-07 -6.981151192495778e-07 6.187369014339519e-07
-8.298504420309174e-06 -4.784661888436840e-06 -5.836022907668522e-07 2.937323006449696e-07
-1.234814809233824e-05 -2.100436762207782e-06 -8.535402373561148e-07 4.976196624545710e-07
-9.125926366204860e-06 -3.384791447564634e-06 -6.349903614472106e-07 4.010630888601730e-07
-1.116308066199624e-05 -3.498700084980857e-06 -7.766844924682347e-07 3.794214404428112e-07
-9.032018691884457e-06 -6.167658617905510e-06 -6.289292938010663e-07 1.815228119483397e-07
-1.301200137906134e-05 -3.499946541182203e-06 -9.570117894514321e-07 3.778064728752127e-07
-1.241503514935144e-05 -4.855886358119755e-06 -9.285768544044468e-07 2.803062918766167e-07
-1.104603454329770e-05 -5.695197951494423e-06 -7.970581069394757e-07 2.162253949676972e-07
-9.917298996879734e-06 -7.460355476214092e-06 -6.897649934342696e-07 5.595628313123221e-08
-1.094625595747175e-05 -8.646805711594959e-06 -7.898462469166717e-07 -9.439707769620193e-08
-1.391874103296050e-05 -4.775716885276812e-06 -1.097875226079345e-06 2.847421434649438e-07
-1.323769217043284e-05 -6.350483999783293e-06 -1.045506520101145e-06 1.394670208465871e-07
-1.244196967622412e-05 -8.170100269552489e-06 -9.516099086221746e-07 -4.679171117191012e-08
-1.210467109067801e-05 -9.713035637647552e-06 -9.065988326239185e-07 -2.203840878139235e-07
-1.503745918146612e-05 -5.880291870524105e-06 -1.226089957748288e-06 1.672328419886726e-07
-1.468957083321823e-05 -8.152587467640310e-06 -1.201210008463959e-06 -6.308541513831191e-08
-1.338023361853961e-05 -1.064166909288135e-05 -1.046050409684893e-06 -3.227754664307996e-07
-1.475819735523323e-05 -1.142232165878421e-05 -1.200185391730486e-06 -3.849655885391214e-07
-1.621846441583734e-05 -1.204414573528947e-05 -1.374585961970846e-06 -4.233908853024468e-07
-1.634452869598291e-05 -8.633773101285640e-06 -1.346543973216953e-06 -1.297563375245086e-07
-1.633634980153705e-05 -6.779053413695844e-06 -1.338979774274361e-06 5.267336310895857e-08
-1.601798275833830e-05 -1.046534149878614e-05 -1.343372540137064e-06 -2.845967016205281e-07
-1.774457522707988e-05 -1.249507461780123e-05 -1.579056270070200e-06 -4.329821193059570e-07
-1.931548707416522e-05 -1.277050103955963e-05 -1.705179549938002e-06 -4.229410097453011e-07
-1.765696579161949e-05 -9.046070860145047e-06 -1.485039736291671e-06 -1.816615420471461e-07
-1.777799533121069e-05 -7.440910179602392e-06 -1.474781575930370e-06 -2.618707333505846e-08
-2.090986902184170e-05 -1.286498744224266e-05 -1.788595123394302e-06 -4.199789351409705e-07
-1.913805456080114e-05 -1.052872830010418e-05 -1.680092911107726e-06 -3.087830721119492e-07
-1.931782587127174e-05 -7.844802229952757e-06 -1.663662218785475e-06 -8.747529195717480e-08
-2.126284698113787e-05 -1.076548189306856e-05 -1.803075949901506e-06 -3.259506187099774e-07
-2.266839174584706e-05 -1.286823490090127e-05 -1.875953532432640e-06 -4.034046424843497e-07
-2.090866416520440e-05 -7.978907061374408e-06 -1.787734266963748e-06 -1.186310805094030e-07
-2.509053171714473e-05 -1.286986240837586e-05 -1.936590265654698e-06 -3.003341434942674e-07
-2.317855431782961e-05 -9.571762355494915e-06 -1.956643957106789e-06 -2.602235213611415e-07
-2.266876657269651e-05 -7.974154161112517e-06 -1.911785822112601e-06 -1.711301958547596e-07
-2.842018795821284e-05 -1.286810558795645e-05 -1.816032339473077e-06 -1.455777062053274e-07
-2.677337320637661e-05 -1.022837951963989e-05 -1.926604981687017e-06 -2.821708099935545e-07
-2.509096747274336e-05 -7.970321112014639e-06 -1.965188134469369e-06 -2.998887489836983e-07
-3.280505593437682e-05 -1.285879951368063e-05 -1.491618592637019e-06 -1.651660924149117e-08
-3.061533228325475e-05 -1.041856092051509e-05 -1.704619493402414e-06 -2.651840625960328e-07
-2.842042584614313e-05 -7.970391322710904e-06 -1.869268697771023e-06 -4.127604793109950e-07
-3.735226144158081e-05 -1.284361841437949e-05 -9.377871928503520e-07 7.755803146744463e-08
-3.508337120832066e-05 -1.041700242677140e-05 -1.215873844182171e-06 -2.838814484069714e-07
-3.280527539999042e-05 -7.976741128513675e-06 -1.486031587234428e-06 -5.485303417240079e-07
-4.186993903250397e-05 -1.282663227435511e-05 -1.811665628674416e-07 1.516388286810839e-07
-3.961651620103809e-05 -1.041547249523764e-05 -5.311463562932848e-07 -2.975850857854332e-07
-3.735261949998051e-05 -7.988655571726467e-06 -8.634984883223521e-07 -6.309882265031819e-07
-4.635788486890371e-05 -1.281106058462355e-05 6.850761904746138e-07 2.035977483332994e-07
-4.411893165035180e-05 -1.041404295390506e-05 2.890438652355413e-07 -2.841015133883557e-07
-4.187054628310528e-05 -8.002708027043073e-06 -9.326800763617817e-08 -7.007415452154799e-07
-5.082157430471381e-05 -1.279923218991597e-05 1.522776720908066e-06 4.670435920665124e-08
-4.859347592957228e-05 -1.041289425079854e-05 1.195374210536775e-06 -2.716840823788740e-07
-4.635852612161633e-05 -8.015752357209141e-06 7.653880317219015e-07 -7.189496165507009e-07
-5.526863551497030e-05 -1.279197953387980e-05 2.073235240835885e-06 -6.619182945426269e-08
-5.304731256701243e-05 -1.041200404999313e-05 1.889149202754854e-06 -2.514104812648903e-07
-5.082196859389257e-05 -8.025738366519031e-06 1.592333540825692e-06 -5.857564268021822e-07
-5.970784648154315e-05 -1.278924101234774e-05 2.207949559851415e-06 -1.854438236717104e-07
-5.748889219403744e-05 -1.041133339458123e-05 2.270462642975407e-06 -2.031735429088157e-07
-5.526875155934463e-05 -8.031457902948736e-06 2.119458918745401e-06 -4.193856796176041e-07
-6.414696133123064e-05 -1.278964019318133e-05 1.973181959499053e-06 -3.080811956802372e-07
-6.192702154735111e-05 -1.041076341575208e-05 2.219797185723945e-06 -1.754973379237424e-07
-5.970790097858157e-05 -8.032915198118447e-06 2.326680544749233e-06 -2.202592996727283e-07
-6.859067288086461e-05 -1.279170034635545e-05 1.622841771925025e-06 -3.257068897799110e-07
-6.636797923123121e-05 -1.041029211618809e-05 1.863080359072689e-06 -1.505758786175982e-07
-6.414708760445911e-05 -8.031357476418692e-06 2.091881238819146e-06 8.977685739252677e-09
-7.812378111190946e-05 -1.253221238751715e-05 8.722278311212948e-07 -2.999921586770247e-07
-7.749153069618957e-05 -1.279408380948459e-05 9.141540279795812e-07 -3.182626579832035e-07
-7.058297407210590e-05 -1.040992648344488e-05 1.484815150630836e-06 -1.433912134563126e-07
-7.303971571452077e-05 -1.279362169288645e-05 1.242077652509569e-06 -2.943043131107475e-07
-6.859087601716153e-05 -8.028430208161655e-06 1.731715968897689e-06 7.925700546037453e-08
-7.838567114736667e-05 -1.189998674325899e-05 8.557721574268514e-07 -2.551021905442100e-07
-7.688952376646622e-05 -1.040976623592880e-05 9.736975710365868e-07 -1.345821018844860e-07
-7.303977452099227e-05 -8.026062172883801e-06 1.262870965143621e-06 4.933058727716352e-08
-7.838572183419177e-05 -8.919514544599406e-06 8.820361162008673e-07 -3.196425084181055e-08
-7.749159125095723e-05 -8.025423220120170e-06 9.431814008781209e-07 3.057893968728354e-08
-7.812383644841728e-05 -8.287291609888779e-06 8.999767246309070e-07 1.172113396200629e-08
