-4.536730340268600e-05 6.875615888568282e-06 -4.752036129801663e-05 5.873371551790476e-06
-4.552566661388151e-05 6.493238262066672e-06 -4.771540250396980e-05 5.402591552974694e-06
-4.552529255036169e-05 4.690715265841211e-06 -4.779610678778247e-05 3.135491822992518e-06
-4.536688186499697e-05 4.308322756062422e-06 -4.760990878117944e-05 2.665970105309036e-06
-4.498495194946445e-05 7.034004931540732e-06 -4.705157847084747e-05 6.070002056772958e-06
-4.426758453514555e-05 5.591937280113222e-06 -4.617012990439946e-05 4.281529364478548e-06
-4.498447164068252e-05 4.149930945454806e-06 -4.715139651566643e-05 2.469586420668729e-06
-4.229279999539806e-05 7.034331052273405e-06 -4.358382723380535e-05 6.096815317068228e-06
-4.229221461105886e-05 4.149923300197613e-06 -4.370681975092477e-05 2.462390106344340e-06
-4.080600033127693e-05 5.592390026877875e-06 -4.189547312508637e-05 4.292742931814796e-06
-3.959977449528125e-05 7.035382291375503e-06 -4.027392686806497e-05 5.981167506669325e-06
-3.959936950401248e-05 4.149897183967817e-06 -4.026375031022072e-05 2.456785908296191e-06
-3.825248497240803e-05 5.592674044948071e-06 -3.879292129666967e-05 4.361732288863668e-06
-3.690533248070624e-05 7.036144546738782e-06 -3.720250972355403e-05 6.024908404662034e-06
-3.690532174264816e-05 4.149845575039331e-06 -3.684658095040477e-05 2.532540101922000e-06
-3.555764226199026e-05 5.593289335901882e-06 -3.544294922116557e-05 4.347089647468355e-06
-3.421055669939562e-05 7.036690867757119e-06 -3.391460471771209e-05 6.163229161623952e-06
-3.421011591967155e-05 4.150419335608093e-06 -3.363411826187430e-05 2.586541513714847e-06
-3.286248754636130e-05 5.593945819046073e-06 -3.212332242325624e-05 4.333930244909694e-06
-3.151654263710862e-05 7.035759903281658e-06 -3.034681123674214e-05 6.270989343260354e-06
-3.151601599413208e-05 4.152799377179875e-06 -3.040563206684326e-05 2.631114520479999e-06
-3.017008812186001e-05 5.594648295016527e-06 -2.879649183271966e-05 4.346839109953902e-06
-2.882703395354588e-05 7.032788039405368e-06 -2.675236166783095e-05 6.251741673678414e-06
-2.882674024969745e-05 4.157246251530602e-06 -2.710363214799134e-05 2.656145130809294e-06
-2.748473425700221e-05 5.595500938371204e-06 -2.541923515999231e-05 4.367515613101698e-06
-2.614676561672413e-05 7.027837790904167e-06 -2.329009361832116e-05 6.231573997790522e-06
-2.614653969302516e-05 4.163930368713130e-06 -2.371598082357039e-05 2.557767892470601e-06
-2.481061148228961e-05 5.596526015004268e-06 -2.192646476108397e-05 4.415631746248499e-06
-2.347953521619376e-05 7.021504125064214e-06 -2.001023997266944e-05 6.143243952482639e-06
-2.347916424957804e-05 4.172527280060041e-06 -2.035753744600500e-05 2.566639630215952e-06
-2.215055332839187e-05 5.597600143200771e-06 -1.854482824219228e-05 4.388609018660527e-06
-2.082708238548077e-05 7.014186881470788e-06 -1.692413240288523e-05 5.966114272249755e-06
-2.082693302210132e-05 4.182343020155909e-06 -1.709256764242361e-05 2.669621409425498e-06
-1.950622626556877e-05 5.598718473304230e-06 -1.543578505696999e-05 4.389433062779110e-06
-1.819138237956249e-05 7.005483507552162e-06 -1.402571264883757e-05 5.826284185316541e-06
-1.819158477056284e-05 4.193550961438574e-06 -1.408192977072483e-05 2.802066257768343e-06
-1.693287596196177e-05 5.599934610193916e-06 -1.267001754880880e-05 4.371807122027735e-06
-1.568102296983496e-05 6.994924980836250e-06 -1.153089606814009e-05 5.642423626996906e-06
-1.568140962218851e-05 4.207231213997732e-06 -1.145978787050074e-05 3.017045910778193e-06
-1.474477087607056e-05 5.709477443316621e-06 -1.062239046861471e-05 4.423173135490186e-06
-1.379566636092255e-05 6.984367823219253e-06 -9.835071522710082e-06 5.503539085811978e-06
-1.379573865202887e-05 4.220232535032906e-06 -9.804319602510209e-06 3.143611964712789e-06
-1.243471675425362e-05 6.974994326633139e-06 -8.643145426957096e-06 5.445704209686212e-06
-1.269796564846777e-05 6.071918895625711e-06 -8.855946232108896e-06 4.682140042824199e-06
-1.243449938311071e-05 4.228690345772194e-06 -8.637440404960561e-06 3.191652905496861e-06
-1.145139055721572e-05 4.237539018441111e-06 -7.877245033093423e-06 3.232703866843480e-06
1.960981825414433e-06 -3.379823019091486e-07 1.141366728845855e-06 7.506058796812788e-07
1.999814850131381e-06 -4.311587166685872e-07 1.170636772038567e-06 6.788986992659382e-07
1.999687917254790e-06 -7.790357897486862e-07 1.166434084163859e-06 4.045663847046794e-07
1.961020718244056e-06 -8.713004623208615e-07 1.136125561226725e-06 3.334620791729565e-07
-1.145022795616649e-05 6.968389555000521e-06 -7.832473941683541e-06 5.414273298515756e-06
-1.056208707748772e-05 6.911719880935869e-06 -7.128004447677638e-06 5.339258586676272e-06
-1.125004574777259e-05 5.262377130762179e-06 -7.702302543632162e-06 4.023244613207336e-06
-1.056202082593589e-05 4.169183740442009e-06 -7.166126238698564e-06 3.191163693443234e-06
1.868162381696260e-06 -2.995899648866050e-07 1.070331138119304e-06 7.800829715719544e-07
1.774329881084640e-06 -6.812665108773850e-07 9.881884124167222e-07 4.845808660094343e-07
1.868711431109705e-06 -9.100318118579793e-07 1.064347281277194e-06 3.059114520790425e-07
-1.027906155094555e-05 6.071007686500238e-06 -6.902489400995895e-06 4.662548169304666e-06
-9.689317217075695e-06 6.753383439460878e-06 -6.465595920850415e-06 5.170137694358925e-06
-8.844964596953612e-06 6.500287803844039e-06 -5.847021058650282e-06 4.948442646605447e-06
-1.001298106395129e-05 4.913262596480499e-06 -6.710794260291774e-06 3.764821599400065e-06
-9.706773484816878e-06 3.950796067774274e-06 -6.467078918693440e-06 3.031632869675187e-06
1.238175450234723e-06 -2.909880191418121e-07 5.854276788395181e-07 7.562255478963561e-07
1.237247766185939e-06 -9.225966349141567e-07 5.782715490678506e-07 3.218060421998612e-07
9.110522061210871e-07 -6.075653100120591e-07 3.751908516257107e-07 5.219858454600029e-07
-8.039433760143454e-06 6.152650708504482e-06 -5.258570423532029e-06 4.664868478939699e-06
-8.733186494390878e-06 5.624669265154131e-06 -5.754051527950533e-06 4.281818334824908e-06
-9.026136351903807e-06 4.520457790715157e-06 -5.955070178084911e-06 3.459176705097190e-06
-8.909277569329357e-06 3.590401523867153e-06 -5.848208773123370e-06 2.797041388032407e-06
5.571420779010913e-07 -2.340073212006228e-07 1.597283629332407e-07 7.265162324030999e-07
5.568727354800154e-07 -9.822555564225992e-07 1.714725601688226e-07 3.001352857851801e-07
1.543470614776513e-07 -6.086840219753486e-07 -7.683459027447534e-08 4.999777100732776e-07
-7.281160757176622e-06 5.719556317418646e-06 -4.716227871259892e-06 4.333053714544847e-06
-6.581694958245681e-06 5.206600174813121e-06 -4.293044561005510e-06 3.966911853367900e-06
-8.001597443721284e-06 4.347028483508941e-06 -5.201434366552956e-06 3.343135199532588e-06
-8.192709871769182e-06 3.098948835551876e-06 -5.312733469676124e-06 2.521001984386155e-06
-3.076118505043301e-07 -1.084375194548983e-07 -3.903461580850848e-07 8.155862041950014e-07
-3.079399354575612e-07 -1.109946726011306e-06 -3.899090716126007e-07 1.624414947794921e-07
-6.759073278739375e-06 4.407003215769394e-06 -4.410242968779186e-06 3.417313120320507e-06
-5.947842077331003e-06 4.618737880690718e-06 -3.927360498784519e-06 3.554592663056312e-06
-7.058018996078713e-06 3.496491161656597e-06 -4.588312907881124e-06 2.816946600434879e-06
-7.577565521829095e-06 2.495001348725485e-06 -4.899092546340628e-06 2.207103338328330e-06
-8.168283301703076e-07 -6.094830936314658e-07 -7.386160190713455e-07 4.778949211581909e-07
-1.422431945744216e-06 7.455877053349501e-08 -1.122407109177656e-06 9.239865733431152e-07
-1.421726318273899e-06 -1.295471944846495e-06 -1.143167564454021e-06 2.380389795235314e-08
-5.385384723637003e-06 3.966604160886706e-06 -3.606059806150390e-06 3.118445920764935e-06
-4.903283629876488e-06 3.259735870357609e-06 -3.310181133403288e-06 2.696893875347327e-06
-4.503435262763467e-06 2.502181972377994e-06 -3.052104210770403e-06 2.246624605537341e-06
-6.449533620571248e-06 2.671037862890896e-06 -4.218739473431265e-06 2.325188231673790e-06
-7.081020552936761e-06 1.798270823186603e-06 -4.576184795033594e-06 1.806079216292387e-06
-1.909408037365579e-06 -6.082309809794887e-07 -1.455261822669467e-06 4.568814493606518e-07
-2.507749880347762e-06 2.558572928762265e-07 -1.869500997401855e-06 1.026910873673608e-06
-2.507685837211686e-06 -1.484790948368304e-06 -1.848248093254970e-06 -8.355968933517632e-08
-5.311362915340566e-06 2.505396499198645e-06 -3.553507448455120e-06 2.244614885727432e-06
-4.192039677916998e-06 1.703749791980025e-06 -2.853458157006907e-06 1.772015743480836e-06
-3.506044887322769e-06 4.108905060079214e-07 -2.481904198408889e-06 1.046653337933349e-06
-3.804677016395027e-06 5.617746485813556e-07 -2.650483705917327e-06 1.114736707509991e-06
-3.972640476271935e-06 8.642735720994951e-07 -2.738244792947929e-06 1.281093513663212e-06
-6.021667190263078e-06 1.695758186442513e-06 -3.979896201278597e-06 1.767907397898877e-06
-6.717194579519139e-06 1.034913131447727e-06 -4.381700121966897e-06 1.418586430463596e-06
-3.046281912842414e-06 -4.823674572307407e-07 -2.222184621018575e-06 5.422370609874101e-07
-3.484876046628543e-06 -1.620154410920125e-06 -2.477998110631824e-06 -1.475580438481246e-07
-4.749573543672383e-06 1.133583417928529e-06 -3.194564675219691e-06 1.438193239509775e-06
-3.812931759734973e-06 -4.563245723577491e-08 -2.667309277823009e-06 7.696435569289086e-07
-4.166677567401547e-06 4.558198431834963e-07 -2.857374807894129e-06 1.044849537822808e-06
-5.705184802734122e-06 7.972813998775748e-07 -3.780331733633165e-06 1.273341421509301e-06
-6.502107307790352e-06 2.315003252830329e-07 -4.267301877781542e-06 9.524790691276381e-07
-3.812234021080791e-06 -1.031535736122011e-06 -2.675419097925503e-06 2.075782370909782e-07
-3.753709172676795e-06 -1.770332908304136e-06 -2.636016668460973e-06 -2.340501250069908e-07
-4.911089919390346e-06 -2.309708861939270e-07 -3.282044383166153e-06 6.580109205801798e-07
-6.442403107870125e-06 -5.903581200084116e-07 -4.214324350879757e-06 4.611595895285899e-07
-6.578559661090608e-06 -1.423749405135250e-06 -4.225114520759408e-06 -4.982877567099985e-08
-4.385623447895327e-06 -1.562974175487083e-06 -3.009086695147382e-06 -1.134755280779376e-07
-3.904843299825099e-06 -2.102323361724652e-06 -2.726132604000305e-06 -4.261077605288634e-07
-4.079851139427193e-06 -3.038757195041573e-06 -2.861542434415837e-06 -9.636087610225077e-07
-5.722526700452284e-06 -1.515119672137137e-06 -3.743416594288941e-06 -1.256228931123472e-07
-4.365479145450575e-06 -3.985924786084802e-06 -3.082250382116493e-06 -1.434704107196952e-06
-6.897086603925527e-06 -2.278288016615560e-06 -4.320390835983653e-06 -5.698944023707293e-07
-4.909997144582093e-06 -3.059019539537392e-06 -3.346162961382626e-06 -9.859787326555771e-07
-6.176275082190475e-06 -3.131829022344120e-06 -3.942810266396331e-06 -1.037687824657722e-06
-4.786377553211268e-06 -4.906758020288004e-06 -3.353934118087507e-06 -1.869484741370544e-06
-7.399540392418618e-06 -3.133424596847532e-06 -4.511049299112715e-06 -1.061707476752284e-06
-7.025656282115705e-06 -4.012056928348202e-06 -4.322353705558442e-06 -1.490799561706943e-06
-6.096874063988207e-06 -4.577818092672080e-06 -3.942696340904467e-06 -1.728552300915894e-06
-5.325350523456612e-06 -5.822887667688372e-06 -3.659050723116289e-06 -2.219635381702336e-06
-6.010599064821810e-06 -6.704468817601931e-06 -3.959594899931905e-06 -2.480882156372475e-06
-8.096613708480555e-06 -3.944085715719421e-06 -4.713125241703149e-06 -1.487217676547309e-06
-7.619703176101331e-06 -5.040306942919479e-06 -4.529742689613157e-06 -1.905041953282475e-06
-7.050510858264178e-06 -6.361939718672151e-06 -4.338317565473561e-06 -2.362256433952772e-06
-6.805781124587295e-06 -7.537505213281713e-06 -4.263063455498840e-06 -2.678302310240794e-06
-8.963922986701441e-06 -4.679388370048161e-06 -4.919791729336709e-06 -1.804267214445288e-06
-8.711434870872070e-06 -6.362745018351258e-06 -4.820713908359462e-06 -2.310142782201215e-06
-7.730811922882548e-06 -8.280835631263335e-06 -4.531369277612103e-06 -2.839778638201226e-06
-8.781948734496347e-06 -8.938619881521349e-06 -4.782035969976862e-06 -2.947654357802544e-06
-9.925350134246753e-06 -9.498632072042868e-06 -5.026936714907884e-06 -3.017769428581073e-06
-1.000897697774679e-05 -6.734213190353549e-06 -5.111328440537083e-06 -2.397100479476694e-06
-9.994373455958960e-06 -5.305985947087996e-06 -5.127207725499394e-06 -2.026426772285873e-06
-9.747299249908792e-06 -8.193287571721025e-06 -5.022530184285806e-06 -2.757678028855173e-06
-1.116674355867113e-05 -9.915984952314778e-06 -5.249751830353519e-06 -3.074615555934968e-06
-1.248328912042872e-05 -1.020009892308248e-05 -5.522750624073040e-06 -3.124841225103561e-06
-1.107256201671139e-05 -7.056007282045737e-06 -5.330908372396397e-06 -2.480825395011625e-06
-1.117590262230114e-05 -5.764588544301534e-06 -5.353323837589893e-06 -2.200876013063626e-06
-1.384263430620817e-05 -1.032813494931958e-05 -5.769923178413533e-06 -3.139635257032557e-06
-1.230476735671341e-05 -8.287204138003477e-06 -5.519769446166561e-06 -2.716745142700333e-06
-1.246743526654218e-05 -6.029103582969437e-06 -5.559750489590557e-06 -2.310463264486107e-06
-1.413854005888252e-05 -8.500670881656052e-06 -5.842802022123716e-06 -2.769620847155292e-06
-1.539223385993019e-05 -1.038646009877994e-05 -6.082664813563555e-06 -3.114328452264513e-06
-1.382608603450143e-05 -6.097072642460073e-06 -5.763082367168641e-06 -2.332718583332103e-06
-1.757352316866414e-05 -1.044346296602627e-05 -6.477611294795544e-06 -3.106138141287199e-06
-1.582782297847014e-05 -7.446734899469145e-06 -6.157056790863258e-06 -2.606767628353200e-06
-1.538940963079353e-05 -6.038225234156418e-06 -6.060921431273386e-06 -2.349942211459787e-06
-2.068363271973701e-05 -1.052666673229585e-05 -6.922586363311829e-06 -3.039718569028542e-06
-1.912110623330405e-05 -8.031287025666526e-06 -6.698046207068309e-06 -2.737330545453715e-06
-1.757532543984808e-05 -5.963928264075842e-06 -6.431420509891241e-06 -2.393487387776686e-06
-2.493490929399904e-05 -1.060852435797415e-05 -7.256601066873771e-06 -2.932372705770273e-06
-2.278649875529627e-05 -8.207662569941233e-06 -7.113693530200743e-06 -2.799224912632483e-06
-2.068442947248641e-05 -5.883859274692148e-06 -6.855755447509943e-06 -2.484311268889929e-06
-2.948874789376609e-05 -1.066945556603650e-05 -7.388189396835074e-06 -2.843892960789175e-06
-2.719349429883574e-05 -8.206850404871655e-06 -7.343762883976332e-06 -2.807993176933562e-06
-2.493515414699583e-05 -5.805051083763909e-06 -7.229564835841352e-06 -2.632853605604832e-06
-3.413806338637393e-05 -1.071587564812218e-05 -7.458359813346072e-06 -2.887832878738197e-06
-3.179919802284658e-05 -8.206613365820915e-06 -7.415773444899729e-06 -2.808626061736926e-06
-2.948872935329422e-05 -5.744015611750356e-06 -7.376878948911360e-06 -2.770689259190718e-06
-3.886319050044488e-05 -1.075371482512338e-05 -7.655273441014230e-06 -2.948752088735344e-06
-3.648888922147738e-05 -8.206494920617361e-06 -7.499384745507296e-06 -2.791685172010862e-06
-3.413797777738007e-05 -5.697319556544977e-06 -7.452066892037706e-06 -2.769673133580805e-06
-4.365275435610737e-05 -1.078629181367846e-05 -8.068850085284723e-06 -3.061719908497962e-06
-4.124767032130119e-05 -8.206499944030355e-06 -7.775293796619477e-06 -2.801996319710241e-06
-3.886300564439167e-05 -5.659284751090824e-06 -7.572022998938810e-06 -2.661959881246722e-06
-4.849879595659021e-05 -1.081439756160268e-05 -8.556084970354082e-06 -3.067326981531689e-06
-4.606679720697122e-05 -8.206645874562264e-06 -8.269625501246163e-06 -2.848423439924498e-06
-4.365249198465315e-05 -5.626773208205575e-06 -7.965122289811992e-06 -2.588707816803778e-06
-5.339252844075368e-05 -1.083717992059000e-05 -9.034314721441366e-06 -3.089811904362963e-06
-5.093832831543328e-05 -8.206800372900388e-06 -8.780035222530488e-06 -2.816282433648716e-06
-4.849849477572847e-05 -5.599019711318197e-06 -8.490292655541023e-06 -2.549362070154630e-06
-5.832334596040213e-05 -1.085408618081203e-05 -9.563340284663865e-06 -3.178402960802161e-06
-5.585253838626206e-05 -8.206892321137056e-06 -9.251468639308512e-06 -2.824554634908683e-06
-5.339226647993976e-05 -5.576463051349303e-06 -8.971039533315673e-06 -2.554003241949089e-06
-6.327937198971852e-05 -1.086483721235711e-05 -1.038353443896080e-05 -3.351436495520084e-06
-6.079804263100917e-05 -8.206977975006981e-06 -9.884053354602822e-06 -2.802562182607270e-06
-5.832316559105040e-05 -5.559807260604577e-06 -9.499781419701820e-06 -2.458830527651124e-06
-7.393155864786199e-05 -1.057854510544004e-05 -1.308071872097314e-05 -3.407750591332736e-06
-7.322507613691241e-05 -1.087115745811210e-05 -1.288993001807608e-05 -3.485159760679718e-06
-6.550424192457700e-05 -8.206943606710947e-06 -1.083209242780844e-05 -2.790711096124564e-06
-6.824968528187468e-05 -1.087004815196158e-05 -1.153579015698366e-05 -3.453273803975431e-06
-6.327924688798991e-05 -5.549145427794386e-06 -1.034163498554727e-05 -2.264380483334144e-06
-7.422419296914152e-05 -9.872095444369999e-06 -1.315985834633040e-05 -3.218418238857857e-06
-7.255213682497571e-05 -8.206832188945048e-06 -1.269173409627348e-05 -2.768514406337445e-06
-6.824963471838612e-05 -5.543674217739096e-06 -1.151630005963184e-05 -2.079010135639832e-06
-7.422406751087192e-05 -6.541639086442860e-06 -1.313232535893369e-05 -2.336813341684864e-06
-7.322495353958215e-05 -5.542604352046908e-06 -1.285931256747078e-05 -2.071226837908919e-06
-7.393142862285003e-05 -5.835209434122213e-06 -1.305167299159020e-05 -2.149095506394827e-06
