-1.406908022513214e-04 1.868152912789425e-05 3.771159371319622e-06 2.397024857995799e-07
-1.412574169406886e-04 1.731379677246701e-05 3.764540023676785e-06 2.149721902241599e-07
-1.412575096228655e-04 1.086581052739185e-05 3.841494898258284e-06 1.477056085971962e-07
-1.406909056503912e-04 9.498084205595375e-06 3.854170237563936e-06 1.329395981048195e-07
-1.393229240963406e-04 1.924803368979297e-05 3.791912456200074e-06 2.499267792335860e-07
-1.367569690546015e-04 1.408982478504585e-05 3.860213014501358e-06 1.661299468281304e-07
-1.393230405503965e-04 8.931583209267843e-06 3.877305101136868e-06 1.273524706923705e-07
-1.296909964290969e-04 1.924616092881404e-05 3.905651058166141e-06 2.333750237483333e-07
-1.296911750014799e-04 8.933684194344285e-06 3.997802234237763e-06 1.123936530278360e-07
-1.243753393519699e-04 1.409005465254406e-05 4.021292314174467e-06 1.390870322580003e-07
-1.200662781221465e-04 1.923761617135909e-05 4.138368359848410e-06 3.194382106493122e-07
-1.200666220979888e-04 8.942781029607721e-06 3.988370843839028e-06 1.987906217350402e-07
-1.152602794854362e-04 1.409050098650125e-05 4.103927027876000e-06 8.841137061632931e-08
-1.104659139399994e-04 1.921848542395393e-05 4.548705984216998e-06 2.939823512797545e-07
-1.104661201710367e-04 8.962884719513172e-06 3.978596255517374e-06 1.658569180341269e-07
-1.056789714068614e-04 1.409096025864264e-05 4.166360805951856e-06 1.088447189757702e-07
-1.009130024260425e-04 1.918527964471262e-05 4.818412516052887e-06 2.275854831030414e-07
-1.009133616335210e-04 8.997094186607873e-06 4.146943222607713e-06 1.142918150056187e-07
-9.615934533092379e-05 1.409152007171349e-05 4.222105438254341e-06 1.385395819946435e-07
-9.143715479038145e-05 1.913562306464525e-05 4.892697637820704e-06 1.282941616249779e-07
-9.143754024991375e-05 9.048027100404532e-06 4.265761552350007e-06 1.232812133890385e-07
-8.673293481693504e-05 1.409212015704201e-05 4.321456173648118e-06 1.565550160220056e-07
-8.207130997503152e-05 1.906840506971721e-05 4.713323778304519e-06 4.697651431578275e-08
-8.207161936002602e-05 9.116690967734005e-06 4.274384698837933e-06 1.380173033307147e-07
-7.743322085824318e-05 1.409293104062341e-05 4.377662296227764e-06 1.653416355545261e-07
-7.284899136769805e-05 1.898345221127320e-05 4.346594940218316e-06 -4.747564243202774e-08
-7.284903261603701e-05 9.203388689432867e-06 4.162957634452588e-06 1.839574898227664e-07
-6.829346273765184e-05 1.409384156275520e-05 4.219295146895446e-06 1.569033662558784e-07
-6.380312887349831e-05 1.888044391194404e-05 3.882637666486060e-06 -1.318619018609621e-07
-6.380328309265191e-05 9.308285758247854e-06 3.981821584274034e-06 2.805015543784048e-07
-5.934713895836407e-05 1.409467432842609e-05 3.816957745345790e-06 9.676572267322923e-08
-5.496790237585877e-05 1.875784223045913e-05 3.393054784188484e-06 -2.055138455184937e-07
-5.496836673061244e-05 9.432419040022544e-06 3.526299333505810e-06 4.260749719754407e-07
-5.062925050794922e-05 1.409531978317559e-05 3.137967705541308e-06 5.740066415639418e-08
-4.637991812031918e-05 1.861238504071660e-05 2.747007983131392e-06 -3.843980516370600e-07
-4.637991212723530e-05 9.579325214276943e-06 2.697640186806394e-06 5.181054965538340e-07
-4.234580848759046e-05 1.409465788878507e-05 2.278676150771702e-06 5.501029733485635e-08
-3.841199942637546e-05 1.844327199039869e-05 1.820317577595373e-06 -4.804851582642455e-07
-3.841090721455494e-05 9.755785033121883e-06 1.756943436621021e-06 5.995769133998583e-07
-3.549007588336355e-05 1.442525423539990e-05 1.406484694647587e-06 -7.222776022635046e-09
-3.260811791431161e-05 1.828242507609546e-05 1.024278008412246e-06 -5.189537588677642e-07
-3.260357781358695e-05 9.922786618246091e-06 9.851549130972128e-07 5.800838884070104e-07
-2.853973976290124e-05 1.813828182516542e-05 4.819532538998731e-07 -4.943440132482452e-07
-2.928902912119670e-05 1.549213574303641e-05 5.821858366184176e-07 -1.547464147705143e-07
-2.853207325802506e-05 1.003191490536145e-05 5.149576946467699e-07 5.572082666044724e-07
-2.566219361571616e-05 1.015027382077329e-05 1.173568277897954e-07 5.058646929151915e-07
3.617584303785731e-06 4.761646638161058e-07 7.912390125031085e-08 -2.041414424331080e-07
3.689690636789419e-06 3.027525031372614e-07 8.034139596579018e-08 -2.102328265072380e-07
3.689307754780456e-06 -3.431144626362650e-07 7.188473249233538e-08 -2.303492552098067e-07
3.617582886615454e-06 -5.141004043401278e-07 7.034252224217934e-08 -2.329146427205694e-07
-2.565135565862820e-05 1.803498526827998e-05 5.471660932429548e-08 -4.206541095179551e-07
-2.312284827909002e-05 1.779611693589242e-05 -1.850835129398721e-07 -3.240970640186704e-07
-2.504176498939740e-05 1.311361921708594e-05 1.551619616285861e-09 1.555686822978019e-07
-2.308723308631929e-05 1.005519127648172e-05 -1.629778523676995e-07 4.324721586588512e-07
3.444926110907838e-06 5.478783295351597e-07 7.519548553220293e-08 -2.014722854332948e-07
3.270934716666096e-06 -1.604334392593080e-07 6.724604178576356e-08 -2.313312639012883e-07
3.446444454776893e-06 -5.854497024546695e-07 6.862896086212672e-08 -2.360524542667643e-07
-2.229301390818218e-05 1.538587547798912e-05 -2.842096750456201e-07 -7.749918637480129e-08
-2.068435127119096e-05 1.725332934728050e-05 -4.048867085880998e-07 -2.049136095236345e-07
-1.839163683260929e-05 1.648145734570475e-05 -5.583135212749540e-07 -1.074638146625137e-07
-2.153371620413510e-05 1.215719165738064e-05 -3.394983447282564e-07 1.933930022236503e-07
-2.069163192390030e-05 9.569457659153448e-06 -4.242234320467461e-07 3.785172472707187e-07
2.274576901418520e-06 5.669592550212216e-07 2.568428037299350e-08 -2.128298016964671e-07
2.273930736169980e-06 -6.051912152249990e-07 2.934627416872317e-08 -2.705838988171308e-07
1.668133190457858e-06 -1.873529568911201e-08 -8.287689774522989e-09 -2.390812925954020e-07
-1.627975616207464e-05 1.544612865511956e-05 -6.097552307665429e-07 1.401513900643230e-08
-1.806269939747959e-05 1.406960345850263e-05 -6.016582493890126e-07 4.376924267720567e-08
-1.884288383551859e-05 1.111926606878346e-05 -5.688760301954666e-07 2.392115326147266e-07
-1.851409272805072e-05 8.733737980045684e-06 -5.817408357316314e-07 2.642380678611641e-07
1.011257910913646e-06 6.757499472369113e-07 -5.020926882755735e-08 -1.944184754744745e-07
1.011848223653560e-06 -7.116083730609240e-07 -5.851882415836467e-08 -2.644453747305108e-07
2.649295254609652e-07 -1.710616823974176e-08 -9.202449438441927e-08 -2.181943944038601e-07
-1.433822310885637e-05 1.422994654285531e-05 -6.160454111567332e-07 9.447119792961944e-08
-1.262753602554251e-05 1.285478956512821e-05 -6.341044072053820e-07 1.533674088906739e-07
-1.614965470392120e-05 1.067738913177426e-05 -6.281598000680435e-07 2.037867283742574e-07
-1.660697993983327e-05 7.574052911667461e-06 -6.054505464399053e-07 1.530494144500254e-07
-5.919781577775718e-07 9.117734414306858e-07 -1.239804603049723e-07 -1.819142657269096e-07
-5.916013369986684e-07 -9.444210188406027e-07 -1.182253280275626e-07 -2.636422688317093e-07
-1.306412656573294e-05 1.080533755653786e-05 -6.343502784608293e-07 1.905097327178950e-07
-1.115058587623496e-05 1.131390728241464e-05 -5.836623515818330e-07 1.830155637564825e-07
-1.377688919946480e-05 8.571282654255627e-06 -6.247342876351347e-07 1.306346401635825e-07
-1.500881706506991e-05 6.193921420813855e-06 -6.240257384117972e-07 6.473540278036658e-08
-1.535498050714997e-06 -1.532511492019504e-08 -1.619921173464927e-07 -2.399172729137410e-07
-2.658112841841957e-06 1.252288151842197e-06 -2.363977888300318e-07 -1.610458379603965e-07
-2.655605841674604e-06 -1.284289452867101e-06 -2.233980466898820e-07 -3.090143996572187e-07
-9.870985407158002e-06 9.672901139683927e-06 -5.119462962247160e-07 1.141128331900840e-07
-8.860890847844523e-06 8.002083016165660e-06 -4.365281576519029e-07 5.912605428013179e-08
-8.096403273964967e-06 6.257602861084565e-06 -3.882898690112836e-07 7.226548060879418e-09
-1.233760431273360e-05 6.618282232519344e-06 -5.579421545899980e-07 4.142690339976506e-08
-1.374238564955858e-05 4.670851541430903e-06 -5.869177279307816e-07 -4.523181561881701e-08
-3.559471408329854e-06 -9.846847889896642e-09 -2.896263613853086e-07 -2.224312170002523e-07
-4.665685180547238e-06 1.586213641530733e-06 -3.306747739675351e-07 -1.573329109693097e-07
-4.666471478978671e-06 -1.631800135881230e-06 -3.420163924461741e-07 -2.488062302422043e-07
-9.799165688790401e-06 6.242561943106250e-06 -4.574836385939577e-07 8.499887255415500e-09
-7.532461388251158e-06 4.505610519213149e-06 -3.606738240382687e-07 -6.820079336903144e-08
-6.467985029017572e-06 1.867365007810543e-06 -3.947101695920123e-07 -1.543543548884862e-07
-6.978667431462554e-06 2.155493137292699e-06 -3.966683478688204e-07 -1.510958391268088e-07
-7.233815797630966e-06 2.753260010249047e-06 -3.851365514709036e-07 -1.354641952026324e-07
-1.134695392039505e-05 4.452973954547285e-06 -5.040828496693653e-07 -7.221447791776873e-08
-1.279569971719682e-05 3.079272587147055e-06 -5.383527333456065e-07 -1.160807385738937e-07
-5.658648026551921e-06 2.267290252651419e-07 -3.771573092483053e-07 -1.993506768401984e-07
-6.518550410606018e-06 -1.885887415499366e-06 -4.116855878795351e-07 -2.334912080267752e-07
-8.716740793809312e-06 3.277383655855899e-06 -4.077681539342423e-07 -1.257601446766894e-07
-7.035858838554995e-06 1.014991035391164e-06 -4.077917347349703e-07 -1.820345617010562e-07
-7.643078987884839e-06 1.950774151852439e-06 -4.026504550527394e-07 -1.616157117600224e-07
-1.065930869981971e-05 2.590640818660891e-06 -4.623654609040001e-07 -1.455476825702967e-07
-1.219040264882860e-05 1.495023495329620e-06 -4.910400904056248e-07 -1.670020200488239e-07
-7.109767505996028e-06 -8.100560491945733e-07 -4.124371596601899e-07 -2.246690818990695e-07
-7.062710777246169e-06 -2.157522511370695e-06 -4.206225505263853e-07 -2.312725677950531e-07
-9.091005528884576e-06 6.001391074123985e-07 -4.143688726310812e-07 -2.049937759556197e-07
-1.196095005124602e-05 -5.955284001951145e-08 -4.693467632415442e-07 -1.978160376095479e-07
-1.203600942744499e-05 -1.555015763712990e-06 -4.489677910749521e-07 -2.276931659567281e-07
-8.209002676265993e-06 -1.805018954184249e-06 -4.114273153531997e-07 -2.380569738005815e-07
-7.386648467148594e-06 -2.726756520420126e-06 -4.253478828893710e-07 -2.198551512768540e-07
-7.795276451766489e-06 -4.271847950322738e-06 -4.438750341911392e-07 -1.865901129152460e-07
-1.055715560747118e-05 -1.764551331968855e-06 -4.286279269340745e-07 -2.424758749537668e-07
-8.379801617732253e-06 -5.731765582016753e-06 -4.541879751770128e-07 -1.493449152052889e-07
-1.242668572038046e-05 -3.051670675140422e-06 -4.304624511745575e-07 -2.054851760194600e-07
-9.204094868389900e-06 -4.337487487807912e-06 -4.271557215671470e-07 -1.916964821864462e-07
-1.124042086003149e-05 -4.451627775706995e-06 -4.173875979373617e-07 -1.754339759890751e-07
-9.116702836945655e-06 -7.108874722207964e-06 -4.409771488808084e-07 -1.120409863841663e-07
-1.308120261915803e-05 -4.453143554991067e-06 -4.112740321046353e-07 -1.514210037496173e-07
-1.248466941561404e-05 -5.805749614204761e-06 -3.975616888092335e-07 -1.372820351912317e-07
-1.112426300993314e-05 -6.640271532723762e-06 -3.913494262886715e-07 -1.381867904792732e-07
-1.000294087283163e-05 -8.390019897244096e-06 -4.243841628354952e-07 -1.155401461315795e-07
-1.102700953256225e-05 -9.561527033252750e-06 -4.237606954177852e-07 -1.273937933748376e-07
-1.397356675274449e-05 -5.727953640106151e-06 -4.068741997933887e-07 -1.293491335904958e-07
-1.329844439993662e-05 -7.290547542043298e-06 -3.943281243093007e-07 -1.557867677347317e-07
-1.251091758102617e-05 -9.089889490477910e-06 -4.071335712184214e-07 -1.419758935859868e-07
-1.217731381443887e-05 -1.060944250222519e-05 -4.254588140312105e-07 -1.161049718571865e-07
-1.507315766315061e-05 -6.828281343862524e-06 -4.184127726852153e-07 -1.516405224560251e-07
-1.472922847092916e-05 -9.071490656845498e-06 -4.140118877789177e-07 -1.435956912745778e-07
-1.343833606325441e-05 -1.152007708640501e-05 -4.489219581288139e-07 -1.005737324026844e-07
-1.479420267733914e-05 -1.228168341151132e-05 -4.395185669447053e-07 -8.567130836646845e-08
-1.622789540917753e-05 -1.288479020491322e-05 -4.147525215296198e-07 -6.176444934837329e-08
-1.635356783446125e-05 -9.544934504007323e-06 -4.068191696735127e-07 -1.279586942767095e-07
-1.634675642722528e-05 -7.720378129993406e-06 -4.073322163927492e-07 -1.443736169761001e-07
-1.603344943782138e-05 -1.134139076579108e-05 -4.197454250934097e-07 -1.014251301131882e-07
-1.772059180047995e-05 -1.332140856733607e-05 -3.895015330510882e-07 -3.589456913292071e-08
-1.925374873730583e-05 -1.358613738503418e-05 -3.534314832445453e-07 1.585840290931747e-09
-1.763754465541161e-05 -9.950080643716205e-06 -3.997767453723206e-07 -1.244291263112629e-07
-1.775575949848585e-05 -8.377233774074579e-06 -3.875744604804292e-07 -1.446261419062360e-07
-2.080710920236314e-05 -1.367521298798811e-05 -2.967076524315727e-07 3.422095371138709e-08
-1.908310906353464e-05 -1.139943426607794e-05 -3.774709045816838e-07 -7.439602754259024e-08
-1.925769387817172e-05 -8.778935567419684e-06 -3.719024648508008e-07 -1.711341094665355e-07
-2.115104992448065e-05 -1.162973501684761e-05 -2.848161713866295e-07 -5.296780785336063e-08
-2.251724894558483e-05 -1.367628281272801e-05 -1.820987833364021e-07 6.518190732053450e-08
-2.080709043092468e-05 -8.913600734445227e-06 -3.139760463565416e-07 -1.875125007176588e-07
-2.487128464037189e-05 -1.367748602069395e-05 2.058102369399443e-08 7.843974381182413e-08
-2.301343292053690e-05 -1.046744036203250e-05 -1.366484701875608e-07 -1.115699171218207e-07
-2.251736623597836e-05 -8.912205334144975e-06 -1.735966253970714e-07 -2.079731181185863e-07
-2.810914057216057e-05 -1.367925647234110e-05 1.898283817544672e-07 3.435254705710917e-08
-2.650660158457809e-05 -1.110733180638649e-05 1.299704015896816e-07 -4.369551414402589e-08
-2.487150320257664e-05 -8.910058019400952e-06 5.386320870040507e-09 -1.892490515811007e-07
-3.238532011142488e-05 -1.368010564368104e-05 2.076900716785360e-07 -1.112810654395663e-08
-3.024701277970716e-05 -1.129357645260518e-05 2.206413891478648e-07 -1.321514925780140e-08
-2.810921625369708e-05 -8.907959429868006e-06 1.813820266539903e-07 -9.428002147525880e-08
-3.684109068992474e-05 -1.367933498595385e-05 8.187139487462526e-08 -8.463073002864935e-08
-3.461355503469088e-05 -1.129351686685078e-05 1.686763824151886e-07 -2.503894378276911e-09
-3.238532869793897e-05 -8.906931632905025e-06 2.049555670392556e-07 2.552466658831348e-09
-4.129407778487540e-05 -1.367810700352352e-05 -6.781957042569284e-08 -2.999536300759414e-08
-3.906807007499064e-05 -1.129350043171687e-05 -1.305765449640154e-08 2.476856697102820e-09
-3.684110947513965e-05 -8.907685820465422e-06 8.195638017636990e-08 7.602285489896004e-08
-4.574508118352067e-05 -1.367792692403104e-05 -1.004938722518410e-07 5.920469281600990e-08
-4.351967406996940e-05 -1.129363336755093e-05 -1.096625999791480e-07 3.533517500106943e-08
-4.129403541911473e-05 -8.908969853816571e-06 -8.404067846985217e-08 6.757385461220335e-08
-5.019615728690447e-05 -1.367864461468879e-05 -3.386964695048921e-08 9.802856109532773e-08
-4.797040906022823e-05 -1.129399417989635e-05 -7.919265802299364e-08 5.275769298737287e-08
-4.574495317546504e-05 -8.909689660526506e-06 -1.040514898996138e-07 4.180637229677047e-08
-5.464860617031237e-05 -1.367963449569519e-05 5.421842788035570e-08 6.470173443910873e-08
-5.242205529727622e-05 -1.129436236351115e-05 1.850791126904506e-08 4.233460182605187e-08
-5.019602569749583e-05 -8.909729663204820e-06 -2.878072830040557e-08 -6.684337833288326e-09
-5.910195862101505e-05 -1.367980428794986e-05 4.032584709363914e-08 -1.590367900730227e-08
-5.687527026787585e-05 -1.129460862794344e-05 7.466016849930783e-08 3.857282519321036e-08
-5.464853610774219e-05 -8.909353725603288e-06 5.538967340925311e-08 1.421939248590342e-08
-6.355471237446499e-05 -1.367962491122868e-05 -3.474902747194764e-08 -1.911546434989347e-08
-6.132845677873149e-05 -1.129477063392047e-05 -2.402442934265836e-09 1.519744201654200e-08
-5.910191375006926e-05 -8.909572739667081e-06 4.451755321611812e-08 7.302478897939209e-08
-6.800679107854729e-05 -1.367970786281048e-05 -1.931835281891260e-08 -9.474961535565814e-11
-6.578076912967347e-05 -1.129495800465043e-05 -3.531357303112335e-08 -1.734156653920757e-08
-6.355464245598623e-05 -8.910108065029472e-06 -1.847623847472545e-08 1.664097220107122e-08
-7.754441033598686e-05 -1.341829076864058e-05 -1.004829547498729e-08 -3.583805982065823e-08
-7.691194087276893e-05 -1.368025613814609e-05 1.429860975401820e-10 -3.819672652030572e-08
-7.000098678708994e-05 -1.129507909302173e-05 -3.377522218354813e-09 -1.454145899179135e-08
-7.245891817162351e-05 -1.368003833819939e-05 1.490745721267375e-08 -1.046218270547748e-08
-6.800674763058622e-05 -8.910355147143945e-06 -2.357602308607405e-08 -3.432235633604003e-08
-7.780638923232417e-05 -1.278583857199681e-05 -1.431369791780955e-08 -2.804237935588488e-08
-7.630977646111680e-05 -1.129510124365949e-05 1.160304267996403e-08 -2.877329858836614e-09
-7.245892117468979e-05 -8.910164263220060e-06 1.181895739045586e-08 -5.610207689229013e-09
-7.780638938214294e-05 -9.804361375732599e-06 -1.324145006147638e-08 2.155758866585066e-08
-7.691194261020638e-05 -8.909945928996223e-06 4.053852080018864e-10 3.032197857335626e-08
-7.754441091299465e-05 -9.171910591526794e-06 -9.065969587845969e-09 2.848807263527721e-08
