2.971833895588020e-06 9.394013335860703e-07 -4.113157646236608e-05 4.919359420128682e-06
3.020234301403754e-06 1.056106727294101e-06 -4.126315519210685e-05 4.602821333831999e-06
3.019961647467251e-06 1.606756282875545e-06 -4.128478414780774e-05 3.071381494362901e-06
2.971515438148964e-06 1.723520953219560e-06 -4.115451017695397e-05 2.748925574537791e-06
2.855010435350770e-06 8.910870312303602e-07 -4.081476788213147e-05 5.050817023082114e-06
2.635207919093515e-06 1.331477094777443e-06 -4.020209825267946e-05 3.834450834420008e-06
2.854615720293665e-06 1.771860638073211e-06 -4.083652265804391e-05 2.614769020031309e-06
2.031500683847276e-06 8.930555770122025e-07 -3.848358063064767e-05 5.047970203746609e-06
2.030936383940323e-06 1.769908652038316e-06 -3.852062751314469e-05 2.634707134498914e-06
1.578248734203839e-06 1.331380972160347e-06 -3.728471431024672e-05 3.866741208409151e-06
1.215288694391958e-06 9.014141063631227e-07 -3.630140864810971e-05 5.021389078230985e-06
1.215043445219143e-06 1.760972891449299e-06 -3.620277385650174e-05 2.666526619060273e-06
8.136862535796944e-07 1.331330670694115e-06 -3.521621334026580e-05 3.833052716240932e-06
4.225907281929054e-07 9.188310364908716e-07 -3.409287513876948e-05 5.139909550249662e-06
4.231598311895135e-07 1.743528518536762e-06 -3.403226139765251e-05 2.675666800166957e-06
3.891519131242134e-08 1.331067214165316e-06 -3.294044995009436e-05 3.829316014182942e-06
-3.284133006851065e-07 9.457251646356889e-07 -3.157303166181194e-05 5.317117020326855e-06
-3.279695089052327e-07 1.716452225972801e-06 -3.176342695340918e-05 2.531132261340717e-06
-6.851732242493924e-07 1.330758555212385e-06 -3.036637541470265e-05 3.863519919461593e-06
-1.020142753474110e-06 9.805189766623058e-07 -2.878609938625640e-05 5.445484496919034e-06
-1.020154998110327e-06 1.681131934920775e-06 -2.914555288561493e-05 2.363857666375830e-06
-1.342617998050157e-06 1.330401876918960e-06 -2.745313032829442e-05 3.886387884567293e-06
-1.638493577111521e-06 1.021701033111330e-06 -2.577222850352625e-05 5.461186554162298e-06
-1.639200878373141e-06 1.639185760558308e-06 -2.606847367510205e-05 2.235091672953579e-06
-1.921104330685615e-06 1.330214250595989e-06 -2.437010585108982e-05 3.896930031081552e-06
-2.173875166354980e-06 1.067379402837394e-06 -2.265888172832199e-05 5.451594765798818e-06
-2.175041285674091e-06 1.593180748667344e-06 -2.290028065486072e-05 2.229168910975125e-06
-2.413173769405824e-06 1.330291470789993e-06 -2.143221462927952e-05 3.893968742461357e-06
-2.621600755496852e-06 1.114847110432156e-06 -1.967674636035508e-05 5.384791461925632e-06
-2.622744953483025e-06 1.545751355754962e-06 -1.984067427345127e-05 2.272032961763917e-06
-2.816269294379010e-06 1.330507414025310e-06 -1.864727968983776e-05 3.899587618016951e-06
-2.979736404149186e-06 1.163871991333985e-06 -1.690909508238549e-05 5.339656210108859e-06
-2.980467042564158e-06 1.497155102145183e-06 -1.685805942575318e-05 2.311648944037690e-06
-3.128797589867914e-06 1.330794270244960e-06 -1.586218617508531e-05 3.875437595952064e-06
-3.245944778070130e-06 1.215836238616339e-06 -1.422849384388822e-05 5.358942794781802e-06
-3.246304033279594e-06 1.445699859711451e-06 -1.404160650616446e-05 2.355995372566993e-06
-3.344139258818829e-06 1.331451670429584e-06 -1.302602820072149e-05 3.842438290485904e-06
-3.409756416824885e-06 1.271432207038216e-06 -1.161508200976915e-05 5.326398216336547e-06
-3.410072195386980e-06 1.388927760583748e-06 -1.148358726540591e-05 2.503439911928483e-06
-3.450203215058668e-06 1.330130538892654e-06 -1.068446371300312e-05 3.913429514659856e-06
-3.459610076578709e-06 1.322497382043588e-06 -9.780547627429272e-06 5.180501436394118e-06
-3.461015457010904e-06 1.336949310061598e-06 -9.767462315010718e-06 2.649316690780787e-06
-3.447298763016779e-06 1.367812567602267e-06 -8.570329899473976e-06 5.031425241818378e-06
-3.464427658957385e-06 1.338955738944751e-06 -8.779445912995037e-06 4.227828979407250e-06
-3.450031694727891e-06 1.303422217764425e-06 -8.598202773482497e-06 2.721043644156106e-06
-3.414035194090345e-06 1.266756250868962e-06 -7.813583344811434e-06 2.779470517497420e-06
8.579788712358203e-07 -3.261724951892548e-07 1.150330879867351e-06 -2.259656931157494e-07
8.751030019449635e-07 -3.672160081738260e-07 1.182406853049960e-06 -2.949496616329178e-07
8.750669299132411e-07 -5.206635330824675e-07 1.182066378986841e-06 -5.629935631646076e-07
8.580095981157849e-07 -5.614028478828185e-07 1.148633943881696e-06 -6.346981819358685e-07
-3.417043660025333e-06 1.400307107076485e-06 -7.745991359533376e-06 4.972018818275206e-06
-3.359401743843198e-06 1.426967098391927e-06 -7.078924748083864e-06 4.884925116144238e-06
-3.419654371286183e-06 1.315188679660987e-06 -7.628120136436550e-06 3.606301534341056e-06
-3.373064826238464e-06 1.222761026116257e-06 -7.127698721362394e-06 2.766821657921448e-06
8.170895958139198e-07 -3.092987947354187e-07 1.075177534838217e-06 -1.992442270700783e-07
7.756838788291322e-07 -4.777265236023662e-07 9.945642989681030e-07 -4.852802491126605e-07
8.172693190480336e-07 -5.785740280986573e-07 1.071670027303031e-06 -6.611746172239281e-07
-3.350447931764183e-06 1.379027926294618e-06 -6.865742782214691e-06 4.229648144321038e-06
-3.284601654735109e-06 1.452677434350382e-06 -6.454639902574466e-06 4.712158632641253e-06
-3.186058570449182e-06 1.456037648890110e-06 -5.885446444641715e-06 4.512223498828762e-06
-3.333622258825831e-06 1.277377310766163e-06 -6.701439341314444e-06 3.359280130197131e-06
-3.301940865899164e-06 1.154982583159047e-06 -6.497416550387470e-06 2.631710382977405e-06
5.392998469856800e-07 -3.058075842940095e-07 6.084020090720237e-07 -2.301086782704699e-07
5.387693824703180e-07 -5.847003478542468e-07 6.173531455075054e-07 -6.174154633233586e-07
3.947497950387202e-07 -4.457635634152770e-07 4.080380546126660e-07 -4.276479920284822e-07
-3.062846552172363e-06 1.450900674397822e-06 -5.292882696676815e-06 4.272474730811529e-06
-3.182814939890200e-06 1.367371758404484e-06 -5.811181477923351e-06 3.872497149558693e-06
-3.222758097181758e-06 1.220092625613782e-06 -6.000379013583265e-06 3.074214655189657e-06
-3.213373736970965e-06 1.057030662522749e-06 -5.900125679591521e-06 2.353732084375276e-06
2.381560944781234e-07 -2.802860275599167e-07 2.196761952072092e-07 -2.391594777098088e-07
2.380401538831040e-07 -6.119060618853308e-07 2.068290485145135e-07 -6.549441061771387e-07
5.943813391528337e-08 -4.463884314811329e-07 -1.899301728967077e-08 -4.644670774108657e-07
-2.928735078222628e-06 1.415705631901970e-06 -4.729877209427216e-06 3.981854539708055e-06
-2.773852100539868e-06 1.348628227319773e-06 -4.244794831685843e-06 3.611748034329972e-06
-3.068415272127992e-06 1.188226094521422e-06 -5.254357120600137e-06 2.950125053281869e-06
-3.114066068555625e-06 9.315898962334167e-07 -5.376464547688791e-06 1.972832266209983e-06
-1.459328984664795e-07 -2.238729606200393e-07 -2.902363009557632e-07 -2.018654826196614e-07
-1.461060825710555e-07 -6.694219799614751e-07 -3.211079984463299e-07 -8.020150565467994e-07
-2.811767692825591e-06 1.208076984761246e-06 -4.373061977712885e-06 3.013880948430574e-06
-2.605669432755324e-06 1.258197870018863e-06 -3.750275526284461e-06 3.160888374016070e-06
-2.884339112089299e-06 1.009565953253921e-06 -4.563440898458671e-06 2.291189716225648e-06
-3.013458395837978e-06 7.605853072716420e-07 -4.938897210103353e-06 1.520850334191183e-06
-3.727419827252525e-07 -4.468345704377988e-07 -6.056901604252825e-07 -5.406898824959204e-07
-6.422719000034473e-07 -1.424826422322651e-07 -9.333794863509547e-07 -1.706286353645352e-07
-6.422058279299879e-07 -7.520025427605555e-07 -9.749078892751507e-07 -9.918669881345813e-07
-2.444607209549481e-06 1.131237635581194e-06 -3.293709749455493e-06 2.596765576316323e-06
-2.273577191334106e-06 9.522486574497373e-07 -2.915406060056818e-06 2.053683924317144e-06
-2.104919209496593e-06 7.432689622889172e-07 -2.616710421088694e-06 1.484387062874814e-06
-2.730720014090872e-06 8.013340622014144e-07 -4.067999944852393e-06 1.641932428036413e-06
-2.922579071997778e-06 5.373930360182231e-07 -4.539677879571599e-06 9.662137737928805e-07
-8.591947085850407e-07 -4.467095371948899e-07 -1.237402821028406e-06 -5.962611036991563e-07
-1.125539963885989e-06 -6.191167336305454e-08 -1.627279061006198e-06 -6.345389650871711e-08
-1.124920264391158e-06 -8.352266800210709e-07 -1.600106787742596e-06 -1.162423888492241e-06
-2.386315851888666e-06 7.527037670063257e-07 -3.212486208806767e-06 1.490500302961615e-06
-1.962123500959795e-06 4.902525175356768e-07 -2.397836546502294e-06 8.707251150436962e-07
-1.584154892632836e-06 7.972396109047221e-09 -2.128847847511095e-06 -5.254787196565636e-08
-1.731281501715282e-06 7.125435036156419e-08 -2.242899815557753e-06 2.528934385424913e-08
-1.825684267057690e-06 1.912856194746763e-07 -2.299001644145926e-06 2.295009950815472e-07
-2.613992713000388e-06 5.015386045465096e-07 -3.734309079755361e-06 8.713454560900832e-07
-2.861874782941602e-06 2.642121590493909e-07 -4.232656473701314e-06 3.860021060796104e-07
-1.365890540331845e-06 -3.917084567660894e-07 -1.938162392048473e-06 -5.252273542662249e-07
-1.542869239326672e-06 -8.923996693729804e-07 -2.206781234289895e-06 -1.239553518448608e-06
-2.152671405051755e-06 3.013077195536058e-07 -2.827378608260100e-06 4.264963742164560e-07
-1.719953384157578e-06 -1.914238038595664e-07 -2.285426347988134e-06 -3.191896697719460e-07
-1.893126154911327e-06 2.741020354066735e-08 -2.448964650423715e-06 -4.397146600997872e-08
-2.510843387047857e-06 1.762211333698956e-07 -3.510965743948323e-06 2.040396423126242e-07
-2.841662045902866e-06 -5.646327756307179e-08 -4.033706957725416e-06 -1.549797220297050e-07
-1.692868237296866e-06 -6.270763278600024e-07 -2.356259927850339e-06 -9.035699288593384e-07
-1.645573599591590e-06 -9.605317431320395e-07 -2.370505205882756e-06 -1.333181040268243e-06
-2.195795298680950e-06 -2.476626523614934e-07 -2.970306916476004e-06 -4.976422114902138e-07
-2.857305495867658e-06 -4.083435944357587e-07 -3.929859983084514e-06 -6.884642243568282e-07
-2.978583635478902e-06 -7.932881405856005e-07 -3.856122381684653e-06 -1.175863120517566e-06
-1.932345308470830e-06 -8.577969805743393e-07 -2.713009770155732e-06 -1.247944645137874e-06
-1.696893737329270e-06 -1.122412835001932e-06 -2.481482376936471e-06 -1.509623142554484e-06
-1.744910092737148e-06 -1.600372170442119e-06 -2.619826207050109e-06 -1.956666001435645e-06
-2.564938817103458e-06 -8.197938952702173e-07 -3.421113522067987e-06 -1.271863473174806e-06
-1.851787633911130e-06 -2.118664858311455e-06 -2.799057370234944e-06 -2.342986238159764e-06
-3.186871217641233e-06 -1.200291823124575e-06 -3.867434400124013e-06 -1.630267894530177e-06
-2.154767320719717e-06 -1.599746070702411e-06 -3.015283950305566e-06 -1.987614725070263e-06
-2.818140844191276e-06 -1.639125157601614e-06 -3.544292630399565e-06 -2.003357182808185e-06
-2.051987277390804e-06 -2.636977539213588e-06 -2.984563207646986e-06 -2.686741229773917e-06
-3.501844767201195e-06 -1.640489023524030e-06 -3.986869630930484e-06 -1.984916163115926e-06
-3.304043357115297e-06 -2.122038235022452e-06 -3.837689934288399e-06 -2.323573842387256e-06
-2.772445361859281e-06 -2.444186449468111e-06 -3.499845370449946e-06 -2.558670091687540e-06
-2.327777755210723e-06 -3.182364343257432e-06 -3.216695803773935e-06 -2.999414020970256e-06
-2.712878452020587e-06 -3.727710527528702e-06 -3.468053218270302e-06 -3.269534106191476e-06
-3.943788775417329e-06 -2.075877347009325e-06 -4.199136053709718e-06 -2.294007733432658e-06
-3.662647271187513e-06 -2.718454364496582e-06 -4.030776697501181e-06 -2.691441186250911e-06
-3.321169701056054e-06 -3.521487740280877e-06 -3.830757638759897e-06 -3.147592702911741e-06
-3.172556366292829e-06 -4.263063335219205e-06 -3.740762280934260e-06 -3.522692296935967e-06
-4.497221279104713e-06 -2.489197450248813e-06 -4.437138880815460e-06 -2.562246677712353e-06
-4.343320081036118e-06 -3.528396644097571e-06 -4.322695389663808e-06 -3.129623734342261e-06
-3.732907524034229e-06 -4.749148525702199e-06 -3.998342164453199e-06 -3.750332102390301e-06
-4.395757095506196e-06 -5.194700084698443e-06 -4.309358882808742e-06 -3.970098398048251e-06
-5.131522184165960e-06 -5.590771521385817e-06 -4.655002626410421e-06 -4.159487543949387e-06
-5.178784190593908e-06 -3.764695666144855e-06 -4.710319341849325e-06 -3.267831699923250e-06
-5.166136228438211e-06 -2.856251585461111e-06 -4.728045272606411e-06 -2.792488080676041e-06
-5.006925916791985e-06 -4.716589547634764e-06 -4.604357405628699e-06 -3.738831259547327e-06
-5.952300473354665e-06 -5.891115139611238e-06 -5.047582639590433e-06 -4.296010181278789e-06
-6.842032656676094e-06 -6.108591458526536e-06 -5.466695015618598e-06 -4.381824500613898e-06
-5.879974373698338e-06 -3.971137541872538e-06 -5.030954834823028e-06 -3.387277608379879e-06
-5.951145314500069e-06 -3.122715586964344e-06 -5.064501371438135e-06 -2.974520232489413e-06
-7.771334038576976e-06 -6.218864168723665e-06 -5.862153488580053e-06 -4.433215642060360e-06
-6.707365219962073e-06 -4.798442471730641e-06 -5.411377677882685e-06 -3.777305147802370e-06
-6.823381457469239e-06 -3.267059012914167e-06 -5.466520551137034e-06 -3.082957745003986e-06
-7.971142888434095e-06 -4.950034314840433e-06 -5.922490877235536e-06 -3.867438255431368e-06
-8.855117433417995e-06 -6.286280904894416e-06 -6.312836248237559e-06 -4.507553465757673e-06
-7.752791745324147e-06 -3.291630949540811e-06 -5.833355969418745e-06 -3.102519126115730e-06
-1.040344401627184e-05 -6.353766259350789e-06 -7.054862180021602e-06 -4.562716173944169e-06
-9.152825533445324e-06 -4.210977295087249e-06 -6.422790020802335e-06 -3.547091731845592e-06
-8.851515300758590e-06 -3.224683646006121e-06 -6.288959464647115e-06 -3.088462945582695e-06
-1.266730236623818e-05 -6.456419946552413e-06 -8.101635489648767e-06 -4.604480867557892e-06
-1.151758382308657e-05 -4.622968048318308e-06 -7.552505827651959e-06 -3.782474364362759e-06
-1.040528861244771e-05 -3.137563298535212e-06 -7.013992316839853e-06 -3.050607268557147e-06
-1.584398536188345e-05 -6.564142582514163e-06 -9.511477388426368e-06 -4.680102178932426e-06
-1.422509822761342e-05 -4.750726399350243e-06 -8.795578303091945e-06 -3.888847925998676e-06
-1.266785864259967e-05 -3.038947497515474e-06 -8.066999286761942e-06 -3.029768759789700e-06
-1.932684889528267e-05 -6.650589703195532e-06 -1.102936808635518e-05 -4.710556661533057e-06
-1.755889939477262e-05 -4.749734642708884e-06 -1.029313051709135e-05 -3.921333511718561e-06
-1.584421939266150e-05 -2.935176259817767e-06 -9.536583884365062e-06 -3.094615690142304e-06
-2.295195383875747e-05 -6.719290926703290e-06 -1.251840845575313e-05 -4.785047761553399e-06
-2.111803158961453e-05 -4.749253116381277e-06 -1.179520795737084e-05 -3.921348316752128e-06
-1.932693992765078e-05 -2.848273051626012e-06 -1.106566558297521e-05 -3.111485259921700e-06
-2.669101573805555e-05 -6.773530706162640e-06 -1.408068817665047e-05 -4.832959857747346e-06
-2.480451991777174e-05 -4.748653466065602e-06 -1.332241258519531e-05 -3.949668396685050e-06
-2.295216783396102e-05 -2.778629533724661e-06 -1.256448357047469e-05 -3.145996149231159e-06
-3.052011287705346e-05 -6.815615743899842e-06 -1.574424605945362e-05 -4.890790449234063e-06
-2.859229109389015e-05 -4.747964428015508e-06 -1.496029786475726e-05 -3.980757295551694e-06
-2.669119320777976e-05 -2.723057238783624e-06 -1.414701321646267e-05 -3.090398336435757e-06
-3.441847366114487e-05 -6.847068630579812e-06 -1.753569741040381e-05 -4.939890889913595e-06
-3.245931079037407e-05 -4.747250069827192e-06 -1.668943075963148e-05 -3.966939037338658e-06
-3.052027001677401e-05 -2.679647887275800e-06 -1.586361524064847e-05 -3.024969032290319e-06
-3.836672825889543e-05 -6.868542035773870e-06 -1.936894403014113e-05 -4.934648339573730e-06
-3.638576021718045e-05 -4.746435224397159e-06 -1.852235320509970e-05 -3.967600333554465e-06
-3.441858733338348e-05 -2.646669351524755e-06 -1.763780547799300e-05 -2.987867193228677e-06
-4.234761867295848e-05 -6.881384458160237e-06 -2.122100047012220e-05 -4.946548245620169e-06
-4.035302669342217e-05 -4.745567887535698e-06 -2.034982699682313e-05 -3.937528952701215e-06
-3.836684449115603e-05 -2.623442740147460e-06 -1.949936159375730e-05 -3.022854161006872e-06
-4.634678199134460e-05 -6.887764345845382e-06 -2.300087242912389e-05 -4.980587821208960e-06
-4.434523074605079e-05 -4.744739951420587e-06 -2.212805148113591e-05 -3.954796044260619e-06
-4.234777068696631e-05 -2.608847274763147e-06 -2.125590853007748e-05 -3.011097771677090e-06
-5.492948566591818e-05 -6.653973740919941e-06 -2.719844429494226e-05 -4.919870690312965e-06
-5.436042765488964e-05 -6.889696325336727e-06 -2.690641507240964e-05 -5.038005932796937e-06
-4.814086825766838e-05 -4.744147851157088e-06 -2.387094833219407e-05 -3.970757002769484e-06
-5.035311973374063e-05 -6.889699487812666e-06 -2.491332239567318e-05 -5.051803409133200e-06
-4.634690504486278e-05 -2.601055199655805e-06 -2.308088988756340e-05 -2.974988811809183e-06
-5.516519494092554e-05 -6.084901863672606e-06 -2.732133546776291e-05 -4.633935220173984e-06
-5.381859168277368e-05 -4.743622732413239e-06 -2.666271393757278e-05 -3.973728290135154e-06
-5.035321291377646e-05 -2.598048524824202e-06 -2.496516119784768e-05 -2.938791490080908e-06
-5.516515169792601e-05 -3.402351447744528e-06 -2.737884592856019e-05 -3.279238238133916e-06
-5.436042013290056e-05 -2.597618511065949e-06 -2.697159111613293e-05 -2.874530034346141e-06
-5.492945038665371e-05 -2.833320775622357e-06 -2.726035388790143e-05 -2.991970031983571e-06
