-1.350557578902711e-04 1.819832952139010e-05 1.874200461846292e-05 -2.035323146287265e-06
-1.355981298600479e-04 1.688908818804041e-05 1.884611263721440e-05 -1.787089602673997e-06
-1.355983041986399e-04 1.071672821332292e-05 1.887569916923586e-05 -5.165887867646787e-07
-1.350559506171271e-04 9.407483349613633e-06 1.877482425041395e-05 -2.654565748092684e-07
-1.337463984378009e-04 1.874061045726610e-05 1.849085485574081e-05 -2.137394855841264e-06
-1.312902918059113e-04 1.380293703249375e-05 1.797174118353348e-05 -1.149284320385552e-06
-1.337466089135738e-04 8.865200399786635e-06 1.852632870733152e-05 -1.614432710338360e-07
-1.245267234616626e-04 1.873894900490582e-05 1.657563518875419e-05 -2.080792423666184e-06
-1.245269917469575e-04 8.866836581125031e-06 1.664101286344263e-05 -1.787992460353618e-07
-1.194385338695621e-04 1.380274246266916e-05 1.565872838587516e-05 -1.118054549707152e-06
-1.153126986163140e-04 1.873209690557807e-05 1.487218765309330e-05 -1.949574251867725e-06
-1.153132848875982e-04 8.873576710092650e-06 1.492173893679777e-05 -2.585914005315217e-07
-1.107112338549658e-04 1.380254810858136e-05 1.420809116881205e-05 -1.150762919754177e-06
-1.061171096650781e-04 1.871749480435685e-05 1.352919273625195e-05 -1.885056495755431e-06
-1.061180070684603e-04 8.887821444439333e-06 1.343495143946890e-05 -2.938159683705844e-07
-1.015295596723954e-04 1.380229053219744e-05 1.269292208594478e-05 -1.135906337857338e-06
-9.695512456972331e-05 1.869252593355440e-05 1.211824537710151e-05 -1.850066900576874e-06
-9.695621505940580e-05 8.911687793320517e-06 1.188349640788516e-05 -2.776451776342154e-07
-9.239081025967048e-05 1.380194294399337e-05 1.114316147439628e-05 -1.125435206457032e-06
-8.784879360475928e-05 1.865303644755319e-05 1.068184168824644e-05 -1.890129706999903e-06
-8.784962532791356e-05 8.950048408778262e-06 1.029738168272938e-05 -2.337635990051341e-07
-8.332210063005874e-05 1.380150105317561e-05 9.603651780577575e-06 -1.090957167431562e-06
-7.883102185032746e-05 1.859337857072334e-05 9.169977131428796e-06 -1.913838869711101e-06
-7.883146030503788e-05 9.008573128982979e-06 8.754527413130089e-06 -3.255134242246479e-07
-7.436188412781918e-05 1.380097598764617e-05 8.067037789253163e-06 -1.072880674454647e-06
-6.994407617652614e-05 1.851010218207174e-05 7.707622420184248e-06 -1.830958410005501e-06
-6.994406788552864e-05 9.090599558009513e-06 7.493018533913843e-06 -4.725918014694427e-07
-6.555537255632938e-05 1.380015863843244e-05 6.711800141433589e-06 -1.032426878010076e-06
-6.123406640757648e-05 1.840245873825080e-05 6.406502915564268e-06 -1.729584377727934e-06
-6.123373475955717e-05 9.196642337403885e-06 6.525686647076162e-06 -5.939853850221228e-07
-5.694866232419795e-05 1.379911201241420e-05 5.689721702905481e-06 -1.052735937908068e-06
-5.274556025035465e-05 1.827133962441863e-05 5.351873523328676e-06 -1.619752056590349e-06
-5.274504584456416e-05 9.325666401583733e-06 5.582150860874598e-06 -5.472741451058996e-07
-4.858478580606172e-05 1.379764746363499e-05 4.860851152050251e-06 -1.090668192832910e-06
-4.452011760492518e-05 1.811601956736284e-05 4.375479667439192e-06 -1.543869112509427e-06
-4.451917439753266e-05 9.478499812197675e-06 4.500697457167424e-06 -5.632189640627999e-07
-4.066452469848409e-05 1.379479472945241e-05 4.021637560752649e-06 -1.082067561347352e-06
-3.691373319852922e-05 1.793995387557876e-05 3.437137997156574e-06 -1.608879366411652e-06
-3.691209538698695e-05 9.657154879317698e-06 3.466408469721514e-06 -5.446114051259662e-07
-3.412962000221589e-05 1.410770990589722e-05 3.119240211091309e-06 -1.146126935472304e-06
-3.138903606221411e-05 1.777800969187577e-05 2.816853289683195e-06 -1.585652403869341e-06
-3.138403428331466e-05 9.820888760941154e-06 2.806200630218336e-06 -6.052539742101872e-07
-2.752122885799697e-05 1.763808659515453e-05 2.340315327590671e-06 -1.543426709771177e-06
-2.823320633580102e-05 1.512073013191149e-05 2.411835144557512e-06 -1.289464390952195e-06
-2.751373039020897e-05 9.924660584847792e-06 2.401341089511943e-06 -7.103951336278765e-07
-2.478610272101998e-05 1.003528760226519e-05 2.084472877301934e-06 -7.119110649427052e-07
3.539009828637157e-06 6.160125419951429e-07 -5.508766412423770e-07 1.456373948707850e-07
3.609035490520475e-06 4.475105339361832e-07 -5.635731507642937e-07 1.787510600315417e-07
3.608592844671179e-06 -1.797861391651760e-07 -5.769074762121236e-07 2.910534551963980e-07
3.538935566871152e-06 -3.458087554097764e-07 -5.680488095467616e-07 3.224215874988272e-07
-2.477615178918607e-05 1.754009234741452e-05 2.074554265263315e-06 -1.486354420681018e-06
-2.237126233869938e-05 1.731411710659831e-05 1.829770122972835e-06 -1.470734475689720e-06
-2.419718095946288e-05 1.285577124075548e-05 2.001769151281669e-06 -9.632510576475465e-07
-2.233850067708251e-05 9.940653582446495e-06 1.846513746008224e-06 -7.425342192264587e-07
3.371292802008367e-06 6.857346593402805e-07 -5.208228556616507e-07 1.308320273171071e-07
3.202474286679746e-06 -2.292655994526532e-09 -5.038062735948228e-07 2.508847576352418e-07
3.372773504137269e-06 -4.150939079691749e-07 -5.408406931835216e-07 3.340073277023075e-07
-2.158260771689927e-05 1.501993017961830e-05 1.739042339479084e-06 -1.250472960728562e-06
-2.004921530217277e-05 1.680062928447418e-05 1.651056904824838e-06 -1.391882309747341e-06
-1.786288837526878e-05 1.606825401951258e-05 1.450804634919552e-06 -1.289421979357711e-06
-2.086089715701999e-05 1.194222387548278e-05 1.663296203735775e-06 -9.499186294146260e-07
-2.005899037643159e-05 9.470535248703575e-06 1.571812159914439e-06 -7.053958212035267e-07
2.234923381373742e-06 7.047132519708412e-07 -3.001592052499930e-07 7.839258849767784e-08
2.234071013651435e-06 -4.353921533183575e-07 -3.103144595612623e-07 3.124071649114471e-07
1.644768780759346e-06 1.345805703307289e-07 -1.914153901445273e-07 1.947231826609561e-07
-1.584347926995972e-05 1.508541408976993e-05 1.241867486489253e-06 -1.186541393908733e-06
-1.755081863117451e-05 1.376832115987117e-05 1.385864858281127e-06 -1.098364877908698e-06
-1.829617111022897e-05 1.094913648711849e-05 1.444945393544350e-06 -8.112889385943467e-07
-1.798384890282512e-05 8.662750665960853e-06 1.446684485625187e-06 -6.515692316485540e-07
1.004681003691555e-06 8.118360647514627e-07 -7.954254078807561e-08 8.138716163470643e-08
1.004830245521347e-06 -5.423576504306025e-07 -8.555491420664726e-08 3.056136101206709e-07
2.755174642621232e-07 1.348681977588097e-07 9.905978327772186e-09 1.859991399820751e-07
-1.398394354987377e-05 1.392712773115847e-05 1.070886852893093e-06 -1.118861271685455e-06
-1.233926912866119e-05 1.261302149139417e-05 8.909331959880736e-07 -9.818648970982119e-07
-1.572201927281384e-05 1.052481581445727e-05 1.204154615172716e-06 -7.715003912210655e-07
-1.616288951889837e-05 7.542958150157880e-06 1.274664797576048e-06 -5.773082449195684e-07
-5.623961112971392e-07 1.043375867813514e-06 7.097846357959034e-08 7.505681152067858e-08
-5.623502729780934e-07 -7.732905106244363e-07 8.450758906288295e-08 2.661174039936383e-07
-1.275909202932140e-05 1.064851965515375e-05 9.246596677465638e-07 -7.743234250881383e-07
-1.091361766165265e-05 1.113810028367639e-05 7.469377539643518e-07 -8.186527686121601e-07
-1.344599981741313e-05 8.499589982787469e-06 9.911968662230693e-07 -6.087231269913389e-07
-1.463360347028083e-05 6.206498000705250e-06 1.078846181808179e-06 -3.852191120932352e-07
-1.486260791671292e-06 1.355224505335261e-07 1.595946220159544e-07 1.284563607330958e-07
-2.585954985535554e-06 1.377577688965544e-06 2.867634454797574e-07 -4.123426012932919e-08
-2.583777314741443e-06 -1.108716628964194e-06 2.474924361568457e-07 1.944146239593177e-07
-9.676043497822882e-06 9.561975934513274e-06 6.403761244429207e-07 -6.638097534550498e-07
-8.692269709243245e-06 7.949264221724435e-06 6.177936586118866e-07 -5.398958474223070e-07
-7.942256963165013e-06 6.262209944637302e-06 6.159513794742502e-07 -4.093542103019721e-07
-1.205814435646055e-05 6.614270905210977e-06 8.900278342070674e-07 -4.194406163888126e-07
-1.341929320114191e-05 4.726262243476572e-06 9.912771793013530e-07 -3.359304815590915e-07
-3.469345592670880e-06 1.401285415346456e-07 3.398062526584031e-07 6.639272277413526e-08
-4.554505683594867e-06 1.706417657824408e-06 4.098573797014799e-07 -6.360159812213491e-08
-4.555280283455866e-06 -1.451771953556079e-06 3.687189908173000e-07 1.679371000180858e-07
-9.599387884035888e-06 6.249525921644082e-06 6.978666238409839e-07 -4.039139338811188e-07
-7.386741977401366e-06 4.560863600279583e-06 6.065018104012499e-07 -2.733668235191543e-07
-6.326415768450035e-06 1.984339586280678e-06 5.192513429913506e-07 -1.201179589084854e-07
-6.830735125330605e-06 2.267382480525961e-06 5.429529642013459e-07 -1.405433164635150e-07
-7.085255431466635e-06 2.852743029954160e-06 5.627548690419292e-07 -1.682723272085835e-07
-1.110116030518300e-05 4.513333036318224e-06 7.916691198367554e-07 -2.958365869814449e-07
-1.251205129854273e-05 3.174144142895565e-06 8.729638699250861e-07 -1.849985478728896e-07
-5.528864520965393e-06 3.719821674921588e-07 4.394358116139767e-07 3.570791281586670e-08
-6.369943009771056e-06 -1.702340936019789e-06 4.772979244877909e-07 1.500149994732112e-07
-8.538825814906206e-06 3.366608369419249e-06 6.469725735565390e-07 -2.047121044602535e-07
-6.883934319830159e-06 1.147900714983868e-06 5.403104155865123e-07 -6.710863279656345e-08
-7.483660298994757e-06 2.067165577905432e-06 5.796720792255936e-07 -1.318722289944326e-07
-1.043357481055033e-05 2.696764180020662e-06 7.520744897154197e-07 -1.482303753117656e-07
-1.193369856617836e-05 1.622978976675842e-06 8.174053479959234e-07 -1.001714078935400e-07
-6.951319170479657e-06 -6.449642919314980e-07 5.438354397559084e-07 6.746863632834890e-08
-6.901150066076567e-06 -1.970144812046414e-06 5.420178238961655e-07 1.448585650849415e-07
-8.900529882028657e-06 7.457008732327458e-07 7.053231996822609e-07 -4.262272029795013e-08
-1.171712307792157e-05 9.678036625574573e-08 8.177082309524085e-07 -9.738382415766069e-09
-1.180310966286604e-05 -1.376648399267878e-06 8.598856595305572e-07 6.314607059469691e-08
-8.028645496171901e-06 -1.622164732027943e-06 6.376519503117057e-07 9.988410223029726e-08
-7.216489442575271e-06 -2.533011690163655e-06 5.757599091177545e-07 1.574439552991828e-07
-7.612808726938173e-06 -4.064275578398091e-06 5.924371075888377e-07 2.308723712300744e-07
-1.034332903865855e-05 -1.579807940527353e-06 7.703401202053735e-07 6.184413713327866e-08
-8.184258803271311e-06 -5.517235353836637e-06 6.040949102984236e-07 3.633829693934261e-07
-1.219977195702095e-05 -2.853849488257312e-06 9.403494596635462e-07 1.470801645227353e-07
-9.005344820339440e-06 -4.127282845899068e-06 6.806741412299142e-07 2.272826835881784e-07
-1.102508469642002e-05 -4.241398535906189e-06 8.612188405019087e-07 2.519639023521287e-07
-8.911739421107527e-06 -6.890797081989307e-06 6.489236264332870e-07 5.052806045241338e-07
-1.285950950137667e-05 -4.243463099671403e-06 1.064504395983326e-06 2.694700328850011e-07
-1.226754009343714e-05 -5.589696926501557e-06 1.027964692965742e-06 3.802630951900065e-07
-1.090974803626208e-05 -6.422220356462579e-06 8.709474999989672e-07 4.522387150900058e-07
-9.789935408188887e-06 -8.174057087954257e-06 7.191235186645290e-07 6.622536386255344e-07
-1.081106771923564e-05 -9.351657272016999e-06 8.480651621083927e-07 8.182348608937717e-07
-1.375914455226331e-05 -5.510971187568396e-06 1.209443809358501e-06 3.728343158755765e-07
-1.308385801552787e-05 -7.073924302059808e-06 1.154918455837465e-06 5.297702951680722e-07
-1.229496908360781e-05 -8.879066559131702e-06 1.049977653476442e-06 7.516560608057010e-07
-1.196045159599449e-05 -1.040869092156378e-05 9.984706841372568e-07 9.328366056047923e-07
-1.486795764022194e-05 -6.608758018538671e-06 1.379167881465199e-06 4.796101062607202e-07
-1.452337955810150e-05 -8.862485369052598e-06 1.359274720538231e-06 7.444172210194836e-07
-1.322566017654490e-05 -1.132892327772679e-05 1.168213287783971e-06 1.031770279002897e-06
-1.459108308878264e-05 -1.210149040535725e-05 1.366024143632078e-06 1.134746013461223e-06
-1.603731130339535e-05 -1.271595136582576e-05 1.558003494714331e-06 1.159970101421602e-06
-1.616228307517942e-05 -9.340005253446680e-06 1.550867629581462e-06 8.198998543421716e-07
-1.615424173296164e-05 -7.501903312512724e-06 1.525080842538111e-06 5.811878696446203e-07
-1.583924597837779e-05 -1.115368032693753e-05 1.539121834571516e-06 1.022398727881607e-06
-1.754745675463787e-05 -1.316140237619290e-05 1.763670088297729e-06 1.145311334601344e-06
-1.910080920869852e-05 -1.343303450396985e-05 1.906162820214347e-06 1.114535995445588e-06
-1.746100249220787e-05 -9.748901084570070e-06 1.722112618632688e-06 8.750687945885243e-07
-1.758053397537599e-05 -8.159755790943030e-06 1.716436569727511e-06 6.887753218123523e-07
-2.067654332995483e-05 -1.352601448243998e-05 2.005561490653826e-06 1.076314146361170e-06
-1.892586221412903e-05 -1.121627757503437e-05 1.902471450018299e-06 9.981584513041748e-07
-1.910310941686875e-05 -8.561621928714462e-06 1.876704300294984e-06 7.797060260425655e-07
-2.102526255287199e-05 -1.145064733559778e-05 2.044305904412379e-06 9.933663585303055e-07
-2.241377030919438e-05 -1.352915128245289e-05 2.030200251155457e-06 9.926054632536981e-07
-2.067536013355664e-05 -8.695659900998758e-06 2.027260119157294e-06 8.445844980205463e-07
-2.480611075105700e-05 -1.353155087447667e-05 2.027677552177238e-06 9.197031278652615e-07
-2.291746486288460e-05 -1.027114018082538e-05 2.094222019349776e-06 9.590051034959395e-07
-2.241374258039284e-05 -8.692117656310066e-06 2.069066265291814e-06 9.113966427809914e-07
-2.809671763271056e-05 -1.353314617592425e-05 1.879116574880296e-06 7.614619360148196e-07
-2.646831616130537e-05 -1.092108906647620e-05 2.030938180086953e-06 9.402646665692098e-07
-2.480626610980721e-05 -8.688789679720373e-06 2.083131649836157e-06 9.885310086332659e-07
-3.243903744553211e-05 -1.353137912563294e-05 1.474927279906914e-06 6.211126100392201e-07
-3.026857340276419e-05 -1.111024484538576e-05 1.717498594388854e-06 9.050951066939490e-07
-2.809691903295570e-05 -8.687236905423054e-06 1.926260001894996e-06 1.090710897977132e-06
-3.695644920305349e-05 -1.352533100565030e-05 8.982462684813935e-07 5.410959440371030e-07
-3.469966709468384e-05 -1.111017094031274e-05 1.204433463471518e-06 9.045287003351823e-07
-3.243909803715685e-05 -8.688981699167182e-06 1.470859013073113e-06 1.182539978483642e-06
-4.145895742351243e-05 -1.351563706741882e-05 1.207278893978373e-07 4.659911102439466e-07
-3.921078606525577e-05 -1.111012494975755e-05 5.256665384955189e-07 8.889694990949342e-07
-3.695644851443415e-05 -8.694991333815525e-06 8.822445731610066e-07 1.247006051175734e-06
-4.593978350702867e-05 -1.350296509458898e-05 -6.563943983134908e-07 5.079243495909051e-07
-4.370346549397861e-05 -1.111017940555321e-05 -2.742621575038017e-07 8.753774948067777e-07
-4.145890524729717e-05 -8.704685714800701e-06 1.240023518139796e-07 1.278217111470146e-06
-5.039348879533437e-05 -1.348829131365947e-05 -1.289856241106173e-06 6.714328524444017e-07
-4.817144643336958e-05 -1.111043621441109e-05 -1.010251187901732e-06 9.107709430865541e-07
-4.593969605731137e-05 -8.717654517181054e-06 -6.484198564673028e-07 1.265734262802458e-06
-5.481774500365947e-05 -1.347377312937482e-05 -1.571077790442023e-06 8.622317990914793e-07
-5.261041962675384e-05 -1.111080985723935e-05 -1.495685700196462e-06 9.063061628847138e-07
-5.039336790154274e-05 -8.732918565766162e-06 -1.271430050224793e-06 1.135590727301617e-06
-5.921530261974376e-05 -1.346179852761968e-05 -1.415301558455397e-06 1.039382560362583e-06
-5.702047300160215e-05 -1.111109669776359e-05 -1.577609741989815e-06 8.795491013804647e-07
-5.481770492130775e-05 -8.748099656674706e-06 -1.578515650779505e-06 9.438154754715469e-07
-6.359345154115788e-05 -1.345399198364636e-05 -9.124039789010588e-07 1.230130081912962e-06
-6.140681340918142e-05 -1.111130253239906e-05 -1.213584502274495e-06 8.682795970618441e-07
-5.921521774266768e-05 -8.760571633910894e-06 -1.440045673809300e-06 7.032397258729717e-07
-6.796105706870692e-05 -1.344992344083573e-05 -1.350628660461347e-07 1.355262013716694e-06
-6.577838631844515e-05 -1.111135392362005e-05 -5.503601075095148e-07 8.785567774132331e-07
-6.359337166739593e-05 -8.768730266815431e-06 -8.872118875087164e-07 5.315254040638841e-07
-7.730761325699870e-05 -1.319137463088219e-05 1.909521281447521e-06 1.418176050308934e-06
-7.668788490595837e-05 -1.344808202463148e-05 1.764574163948287e-06 1.475970957556267e-06
-6.991599252596116e-05 -1.111123000010715e-05 2.659442281245329e-07 9.050904094533100e-07
-7.232464042083562e-05 -1.344843406894029e-05 7.983708451264749e-07 1.419815378990205e-06
-6.796110090938425e-05 -8.772715374009156e-06 -1.329565934025897e-07 4.438233641700857e-07
-7.756431293750891e-05 -1.257163699790373e-05 1.968960742519507e-06 1.275632411769098e-06
-7.609796734359856e-05 -1.111097425829405e-05 1.612558054631143e-06 9.267235966083697e-07
-7.232473445873780e-05 -8.773814129719405e-06 7.866423027022692e-07 4.252870681306277e-07
-7.756433370207843e-05 -9.650288395649541e-06 1.949419141227626e-06 5.856373217468235e-07
-7.668793322273222e-05 -8.773878784425097e-06 1.745641358693509e-06 3.895669520244326e-07
-7.730764243458530e-05 -9.030573936989397e-06 1.889097280694900e-06 4.460295569420091e-07
