-1.230828971593875e-04 1.721650711253769e-05 -2.938094278911795e-05 4.431418728585573e-06
-1.235712242598230e-04 1.603775083184679e-05 -2.954348408456391e-05 4.046436601698735e-06
-1.235711402703712e-04 1.048055278982227e-05 -2.956320833080214e-05 2.343944978620210e-06
-1.230828035579193e-04 9.301800279964106e-06 -2.940354918354882e-05 1.959027902797976e-06
-1.219040066313780e-04 1.770473462549861e-05 -2.899374504754308e-05 4.591654725650772e-06
-1.196924015080226e-04 1.325916932498698e-05 -2.833903159643385e-05 3.196772439383790e-06
-1.219039040179855e-04 8.813577146373167e-06 -2.901921759739720e-05 1.798569060106432e-06
-1.136029265841589e-04 1.770278878289702e-05 -2.633361831243745e-05 4.634024144069644e-06
-1.136027961399031e-04 8.815781685312410e-06 -2.638423224001160e-05 1.764268497787726e-06
-1.090221323488652e-04 1.325939730464422e-05 -2.486771153815943e-05 3.186382457723633e-06
-1.053095966091854e-04 1.769463631685013e-05 -2.366014432679100e-05 4.614659057742094e-06
-1.053094982987900e-04 8.824512358336598e-06 -2.371139966777478e-05 1.752967821798959e-06
-1.011691809487409e-04 1.325974225218746e-05 -2.224166145359534e-05 3.208503306820247e-06
-9.703885703038670e-05 1.767806723721756e-05 -2.094833189913815e-05 4.534362737947340e-06
-9.703909981561674e-05 8.842024105465255e-06 -2.079589395138220e-05 1.812608185824921e-06
-9.291542982143947e-05 1.326040712816355e-05 -1.967541947018329e-05 3.185760384900807e-06
-8.880796251098052e-05 1.765187778452730e-05 -1.852028234549122e-05 4.418613033106930e-06
-8.880831230604192e-05 8.869601630131294e-06 -1.821985773282531e-05 1.820249242458049e-06
-8.471094841183955e-05 1.326114821010492e-05 -1.739966750982607e-05 3.133967774762791e-06
-8.063690982633094e-05 1.761447386514536e-05 -1.641386855024258e-05 4.159540542391840e-06
-8.063731379326982e-05 8.908535537315115e-06 -1.598042381126060e-05 1.983021992279662e-06
-7.657699047530957e-05 1.326179153662565e-05 -1.531894570456524e-05 3.081173695754426e-06
-7.254820638648049e-05 1.756415499298936e-05 -1.452636787883483e-05 3.985106609894293e-06
-7.254832046237324e-05 8.959672972007329e-06 -1.407733379239862e-05 2.118111637909279e-06
-6.853710682357163e-05 1.326188593694611e-05 -1.347117253628030e-05 3.040248485728315e-06
-6.456608230393764e-05 1.749974279303200e-05 -1.293190334138618e-05 3.907709359945620e-06
-6.456583928200449e-05 9.023872888893843e-06 -1.251295436703891e-05 2.193242992707894e-06
-6.061663524104186e-05 1.326158793463349e-05 -1.188744938206562e-05 3.050183743283146e-06
-5.671652016339980e-05 1.742013404753682e-05 -1.163167106106822e-05 3.747996041231983e-06
-5.671622656789049e-05 9.102587476706618e-06 -1.122195486674844e-05 2.346392118333403e-06
-5.284292591155798e-05 1.326104743151808e-05 -1.057039433659550e-05 3.066145677124262e-06
-4.902910470674027e-05 1.732341069237945e-05 -1.041983756946745e-05 3.695051179075580e-06
-4.902854934011667e-05 9.197945402968618e-06 -1.001362191793160e-05 2.453890807296226e-06
-4.524685582330843e-05 1.326031815310373e-05 -9.431476255122182e-06 3.078433111235455e-06
-4.153597230004684e-05 1.720698459721895e-05 -9.178719795854374e-06 3.809761190830257e-06
-4.153475380158473e-05 9.313296319231300e-06 -8.840410745372564e-06 2.447632795632861e-06
-3.800894366904600e-05 1.325848799635304e-05 -8.292903532516469e-06 3.101421472415651e-06
-3.456316126939172e-05 1.707049493847658e-05 -7.890750226583413e-06 3.910427182994973e-06
-3.456131378724155e-05 9.453205017126195e-06 -7.676646259554849e-06 2.410732565112264e-06
-3.200112960177875e-05 1.354786208269316e-05 -7.253173011595452e-06 3.186306734622550e-06
-2.946729429106351e-05 1.694041531095501e-05 -6.760311473452365e-06 3.951474974443130e-06
-2.946311232633285e-05 9.586382722488031e-06 -6.672899152179305e-06 2.391515863127567e-06
-2.588373535634343e-05 1.682381260299243e-05 -5.838835000879285e-06 4.023573685182532e-06
-2.654723053232077e-05 1.448788363976871e-05 -6.024904097551731e-06 3.405477370615975e-06
-2.587732296849009e-05 9.673453241951620e-06 -5.779373879189048e-06 2.344308015164736e-06
-2.334290180988773e-05 9.767943408878697e-06 -5.170182104596810e-06 2.285343584888476e-06
3.390910981110480e-06 8.675636966371602e-07 5.332227145533107e-07 9.507904808582658e-08
3.457983775566650e-06 7.060967813434612e-07 5.456417219179545e-07 6.731128705484085e-08
3.457563415567435e-06 1.053134708578397e-07 5.328411413680038e-07 -4.393516176290463e-08
3.390861327999169e-06 -5.362203100765118e-08 5.179659644104869e-07 -6.925757781099169e-08
-2.333436534671609e-05 1.674037884118786e-05 -5.165428720262284e-06 4.071563570195222e-06
-2.109498682513078e-05 1.653632396217706e-05 -4.509668623844741e-06 4.069878572017790e-06
-2.279847278230734e-05 1.238790129994219e-05 -5.066835585541290e-06 2.905013986517639e-06
-2.106674312359018e-05 9.672716947503252e-06 -4.580623785385000e-06 2.175730645755372e-06
3.230198853862033e-06 9.344351477451382e-07 5.030723688402726e-07 1.053878239382186e-07
3.068538937972617e-06 2.756438822935496e-07 4.625100024368750e-07 -1.962226159194635e-08
3.231763882728869e-06 -1.198136523284508e-07 4.880391936318030e-07 -7.932632359646457e-08
-2.036242669010748e-05 1.440306539322795e-05 -4.322356668313037e-06 3.486618175422756e-06
-1.893050526368702e-05 1.606466249710705e-05 -3.925304319509755e-06 3.953411875677230e-06
-1.688835073121496e-05 1.538579990611794e-05 -3.382690030133420e-06 3.748976418029583e-06
-1.968989839759797e-05 1.153602713784050e-05 -4.161768470714569e-06 2.675515302497775e-06
-1.894077808474806e-05 9.227864680249914e-06 -3.952805605096195e-06 2.024125775478959e-06
2.141756905036789e-06 9.531830338352543e-07 3.188217418073361e-07 6.907971547284756e-08
2.141261984156684e-06 -1.377578424216226e-07 3.249352104902667e-07 -8.676515988315065e-08
1.577380937758679e-06 4.082065828884158e-07 2.194151285592513e-07 2.715954105656611e-09
-1.499928916732930e-05 1.447294559940433e-05 -2.852124456973212e-06 3.485586431967794e-06
-1.659797692472215e-05 1.324093938306208e-05 -3.300021301658149e-06 3.145768179943831e-06
-1.729419346186250e-05 1.060778013356334e-05 -3.483543538518521e-06 2.411512600604007e-06
-1.700223010804339e-05 8.467812257738395e-06 -3.376218088534884e-06 1.800239494869491e-06
9.656153932987356e-07 1.055275690356126e-06 7.943738357318156e-08 1.540017039518535e-07
9.661981469457494e-07 -2.371948517516161e-07 9.209556897883211e-08 -1.075357322381910e-07
2.703483861925487e-07 4.098848028601359e-07 -4.245140186309870e-08 3.814131849372142e-08
-1.325743502423754e-05 1.339334611267687e-05 -2.351187881251146e-06 3.174038649093212e-06
-1.171384510614577e-05 1.216598839566652e-05 -1.932979654566770e-06 2.847758920920835e-06
-1.488574522396062e-05 1.021049554078831e-05 -2.776514102050605e-06 2.298626025204664e-06
-1.529898717329067e-05 7.416177190253604e-06 -2.829993709821857e-06 1.500549723546153e-06
-5.282130646324428e-07 1.275808102384582e-06 -2.099056366634751e-07 2.124587062964293e-07
-5.278176737573061e-07 -4.544216163359581e-07 -2.101192316786059e-07 -1.243947698873603e-07
-1.210730551648692e-05 1.032742792720295e-05 -2.028439943327261e-06 2.352506314722004e-06
-1.037333705685204e-05 1.078709544169142e-05 -1.597457299451385e-06 2.479379421278886e-06
-1.275204225695652e-05 8.312618315435088e-06 -2.160076990324181e-06 1.754305848568906e-06
-1.386726042452685e-05 6.159810129601072e-06 -2.390623929704017e-06 1.169345821426376e-06
-1.407449584463390e-06 4.116338439617933e-07 -3.749697660559739e-07 4.150409373419893e-08
-2.453982647718561e-06 1.594075827040441e-06 -5.164536043249182e-07 1.951598965008148e-07
-2.451699735144293e-06 -7.720793023201638e-07 -4.947818796176220e-07 -8.600425332137097e-08
-9.208426896250853e-06 9.311229579018412e-06 -1.311177625560868e-06 2.054115663518211e-06
-8.278819348794650e-06 7.796997343805789e-06 -1.089434368713101e-06 1.638021696448575e-06
-7.566662695280630e-06 6.211073634010019e-06 -9.331133261145520e-07 1.206342207825816e-06
-1.144796249875232e-05 6.542804947644533e-06 -1.821796392490350e-06 1.260726835437282e-06
-1.272985486188307e-05 4.765661921242557e-06 -2.074326211392724e-06 8.406657275521397e-07
-3.294376000471105e-06 4.165887933619492e-07 -6.133963404737808e-07 7.336995365830752e-08
-4.326800140885082e-06 1.907187451303721e-06 -7.814671487131021e-07 2.814076199007421e-07
-4.327255855713854e-06 -1.097647189468853e-06 -7.456690324942049e-07 -8.563366711241777e-08
-9.131725774415906e-06 6.200015715103337e-06 -1.314422586888563e-06 1.195485084260319e-06
-7.037350721883422e-06 4.608499738728313e-06 -8.411578546227214e-07 7.875343659203149e-07
-6.015464062566369e-06 2.172269026730876e-06 -9.248143252079427e-07 3.286371831905001e-07
-6.498138290920448e-06 2.441031014062041e-06 -9.385245666134105e-07 3.726300448906552e-07
-6.743916459468948e-06 2.995492850891391e-06 -9.124065744178303e-07 4.640105938953588e-07
-1.054776575594487e-05 4.565068021144706e-06 -1.632003910569155e-06 8.066926728719490e-07
-1.188096379517288e-05 3.300269712268882e-06 -1.880481816662945e-06 5.775879340328140e-07
-5.253824576710882e-06 6.373248685134323e-07 -8.819677600284363e-07 1.614991860144086e-07
-6.050770286174736e-06 -1.335703348596605e-06 -9.922295883363661e-07 -7.582689101150206e-08
-8.124651124434766e-06 3.482625330928166e-06 -1.094627748838581e-06 5.360852688259959e-07
-6.545985716002721e-06 1.376942094160613e-06 -9.771219806252906e-07 2.422918684587102e-07
-7.119938342198029e-06 2.251069415896841e-06 -9.991307773439145e-07 3.493720546940492e-07
-9.917876735422846e-06 2.849307465310719e-06 -1.467171989300906e-06 4.519880900587389e-07
-1.134204319792580e-05 1.831120867491683e-06 -1.706152048845870e-06 3.018097049010357e-07
-6.605002281250356e-06 -3.288122033066681e-07 -1.037770412975266e-06 4.078447486611536e-08
-6.552901613562735e-06 -1.590888247352612e-06 -1.055897133387737e-06 -8.881304823562905e-08
-8.464045057002988e-06 9.989621549541831e-07 -1.207617317796097e-06 1.651627943409424e-07
-1.114276844435803e-05 3.816336895027113e-07 -1.603924311215075e-06 1.203772886521927e-07
-1.123583861863007e-05 -1.023053000046803e-06 -1.468871511213089e-06 -1.751217710783563e-08
-7.627447262742367e-06 -1.257569208186755e-06 -1.158067810304696e-06 -6.185705608417468e-08
-6.849762607406760e-06 -2.129544505041936e-06 -1.094745901900752e-06 -1.009022261897220e-07
-7.220442673392389e-06 -3.599656111771469e-06 -1.157715977976988e-06 -1.325352513772054e-07
-9.839178073940839e-06 -1.213729559424622e-06 -1.357097436749416e-06 -7.883396212944867e-08
-7.759717674031107e-06 -5.003319281478982e-06 -1.234502766360364e-06 -1.523794088484246e-07
-1.162679609973100e-05 -2.434332524535407e-06 -1.371370647904841e-06 -8.674536314584338e-08
-8.554418484621725e-06 -3.657463706024124e-06 -1.255514624125454e-06 -1.348218246197170e-07
-1.049819714380833e-05 -3.767347616721792e-06 -1.316019836084268e-06 -1.056319784690571e-07
-8.454573158262524e-06 -6.334003386497135e-06 -1.303285679079809e-06 -1.571123536429765e-07
-1.227409926588423e-05 -3.769338996466659e-06 -1.336302316958851e-06 -9.110971323245453e-08
-1.170377706583656e-05 -5.070274842408915e-06 -1.318212813844012e-06 -1.064255312362663e-07
-1.038576749081473e-05 -5.877954745152777e-06 -1.316379399185551e-06 -1.377097153772886e-07
-9.297995124406959e-06 -7.585418560910502e-06 -1.352956069362722e-06 -1.221884608041935e-07
-1.028725094178308e-05 -8.739781720726181e-06 -1.366162127642596e-06 -6.243376292192469e-08
-1.315887038657367e-05 -4.991909767137865e-06 -1.318569778080977e-06 -8.770446675503389e-08
-1.250113115081929e-05 -6.513336593999828e-06 -1.310643240654644e-06 -9.164957578022543e-08
-1.173119614883154e-05 -8.278322976373166e-06 -1.340454528683611e-06 -7.048025361098209e-08
-1.140420298824297e-05 -9.782010449679805e-06 -1.364890848660537e-06 -2.231845335333064e-08
-1.425062149658843e-05 -6.055739104461546e-06 -1.327492852611596e-06 -7.045119047903311e-08
-1.391364937986358e-05 -8.264277970860946e-06 -1.324956122716846e-06 -5.122877065959812e-08
-1.264082745123111e-05 -1.069201269387118e-05 -1.349974984930215e-06 4.798969611545502e-09
-1.398279455201904e-05 -1.146084594282142e-05 -1.328368075407476e-06 1.301896048332537e-08
-1.540844794276719e-05 -1.207773712703248e-05 -1.282514341001876e-06 4.391483405165459e-08
-1.552957110666388e-05 -8.734643057617341e-06 -1.335812441135133e-06 -3.559030579509496e-08
-1.552052233611196e-05 -6.925392419755734e-06 -1.340050095958024e-06 -5.393402644464334e-08
-1.521015345048844e-05 -1.052697597614833e-05 -1.307240712235089e-06 -8.951502591051406e-09
-1.690367442776011e-05 -1.252686692716494e-05 -1.227664860095543e-06 7.450885241486525e-08
-1.844796076857540e-05 -1.280570823020331e-05 -1.204295974171920e-06 1.089997633560153e-07
-1.681499023732858e-05 -9.137960837199998e-06 -1.324181987515798e-06 -2.791157585699852e-08
-1.693417594645881e-05 -7.565730724787085e-06 -1.329424211737846e-06 -7.194655512971176e-08
-2.001780311231889e-05 -1.290651997915525e-05 -1.160132721075287e-06 1.484734079017150e-07
-1.826934014736981e-05 -1.059570474509561e-05 -1.243909511805977e-06 4.404714539043412e-08
-1.844749556298660e-05 -7.954569466761477e-06 -1.246017222019122e-06 -1.024051566776776e-07
-2.036414342996929e-05 -1.083164747499088e-05 -1.144404329970049e-06 4.697378717488760e-08
-2.175685288549756e-05 -1.291996610511759e-05 -1.042730215686860e-06 1.913124846579203e-07
-2.001391475245591e-05 -8.081112386906787e-06 -1.136993954822189e-06 -1.199691479773500e-07
-2.416003533760042e-05 -1.293375842829071e-05 -8.176495634833689e-07 1.852784255163746e-07
-2.225806231474167e-05 -9.650104196799056e-06 -9.531174915516491e-07 -6.186003308366368e-08
-2.175579519402204e-05 -8.068499692645487e-06 -9.780823910752023e-07 -1.702657814192080e-07
-2.748885409596496e-05 -1.295507320797036e-05 -5.277216214316921e-07 1.846060247372368e-07
-2.583581768519897e-05 -1.030288838648306e-05 -6.309069312892374e-07 -1.366612456025073e-08
-2.416005295555440e-05 -8.051889360170737e-06 -7.512179597554257e-07 -1.913021253383451e-07
-3.192136799567121e-05 -1.297905957799484e-05 -2.218351742742408e-07 1.120143549168559e-07
-2.969834908132229e-05 -1.049502150584015e-05 -3.226265792738265e-07 -4.573023323014666e-09
-2.748864190308527e-05 -8.032831355568460e-06 -4.532141871556732e-07 -1.685051346691135e-07
-3.657964841947443e-05 -1.300047820202461e-05 -7.560283698949135e-08 5.059652833382432e-08
-3.424411196803251e-05 -1.049582062650960e-05 -1.014769417175275e-07 -3.099532450115926e-08
-3.192114074799749e-05 -8.011439135892981e-06 -1.553807339321205e-07 -1.507930282656856e-07
-4.127384899850044e-05 -1.301964058941872e-05 3.303162491607284e-08 4.268704035655660e-08
-3.892096099185777e-05 -1.049676841049384e-05 -1.480097003636917e-08 -4.068086231264160e-08
-3.657949962995919e-05 -7.991972017572917e-06 -1.622230237590607e-08 -1.543064043796373e-07
-4.599967792254703e-05 -1.303592860361336e-05 2.409837019470176e-07 1.201541811548492e-07
-4.363188468430537e-05 -1.049782543074740e-05 1.186028803344230e-07 -2.669080228138926e-08
-4.127365361443890e-05 -7.974775289142700e-06 6.959625753084328e-08 -1.498784021828556e-07
-5.075066869182790e-05 -1.304836979843243e-05 6.386640303634362e-07 1.929267076002263e-07
-4.837152256617435e-05 -1.049878071820028e-05 4.281037689535490e-07 -1.876564030840678e-08
-4.599953261170495e-05 -7.960655614161716e-06 2.937064877319775e-07 -1.679699856397300e-07
-5.551965071062879e-05 -1.305716633270855e-05 9.987433579323149e-07 9.552048039556578e-08
-5.313265747291126e-05 -1.049967477270785e-05 8.636670273076194e-07 -1.619642487487520e-08
-5.075051115537447e-05 -7.950091944400773e-06 6.831998295682780e-07 -2.130568160154422e-07
-6.029971368466333e-05 -1.306265513975913e-05 1.022691701221051e-06 -1.263416047536186e-07
-5.790831167422482e-05 -1.050062670694567e-05 1.120523917408919e-06 -1.001714859609322e-08
-5.551947934029628e-05 -7.943109095682205e-06 1.068887516167308e-06 -9.495412468251561e-08
-6.508601203965022e-05 -1.306630702936925e-05 6.888864381722562e-07 -2.416566836041862e-07
-6.269206048262992e-05 -1.050148051975731e-05 9.555781615882537e-07 -2.205016735887484e-08
-6.029963759786786e-05 -7.939390599764502e-06 1.141000259430115e-06 7.826384487838841e-08
-6.987621268458005e-05 -1.306883324916567e-05 1.895911410559383e-07 -2.707413905056139e-07
-6.748059160989074e-05 -1.050222116642970e-05 4.869561135770536e-07 -3.574844335710948e-08
-6.508603085441777e-05 -7.937331889852835e-06 8.142708762006636e-07 1.771766388719238e-07
-8.014358819886506e-05 -1.278886376668213e-05 -6.393878054863965e-07 -2.274127569818291e-07
-7.946274556887949e-05 -1.307086568701706e-05 -5.812654955797331e-07 -2.530824583531387e-07
-7.202268273790684e-05 -1.050283619631984e-05 1.877700446278586e-08 -3.606163988571059e-08
-7.466887862568749e-05 -1.307047604057566e-05 -1.960347477041241e-07 -2.604300952788004e-07
-6.987612820304928e-05 -7.936235268094316e-06 2.675145946995708e-07 2.119484404348636e-07
-8.042560679963424e-05 -1.210804151797489e-05 -6.620891458582053e-07 -1.677931929041539e-07
-7.881452705070872e-05 -1.050327514740562e-05 -5.236920192973922e-07 -2.676054037230031e-08
-7.466882416759506e-05 -7.935713676475267e-06 -1.877887191998059e-07 2.165502576986316e-07
-8.042569667231763e-05 -8.898460011824463e-06 -6.456467857404521e-07 1.024323197394297e-07
-7.946280703703916e-05 -7.935579467278990e-06 -5.646289094741077e-07 1.855549223850731e-07
-8.014367408069985e-05 -8.217598902038423e-06 -6.212754771606420e-07 1.611580940253674e-07
