7.823143362813301e-05 -1.322435613728405e-05 -1.702979065059139e-06 -3.308484893904098e-07
7.850269251734286e-05 -1.256957910562895e-05 -1.722363006192964e-06 -3.876468901251457e-07
7.850299232476696e-05 -9.482643701977150e-06 -1.685530302637919e-06 -6.723612346989082e-07
7.823177547061428e-05 -8.827911485089539e-06 -1.663080367323858e-06 -7.240732762353706e-07
7.757659037334527e-05 -1.349556368449287e-05 -1.651395095394116e-06 -3.063942354803073e-07
7.634827427359821e-05 -1.102618748508882e-05 -1.510009802128042e-06 -5.329480585144130e-07
7.757699514703813e-05 -8.556726377833574e-06 -1.610600727047760e-06 -7.458222347822682e-07
7.296520060353979e-05 -1.349478668007519e-05 -1.191758467530403e-06 -2.597534272239645e-07
7.296583241519819e-05 -8.558018371729260e-06 -1.185937605250417e-06 -7.763662602428374e-07
7.042075355003363e-05 -1.102659287276174e-05 -9.106223017404086e-07 -5.026705014280604e-07
6.835785567709799e-05 -1.349007224846229e-05 -7.247244071771783e-07 -2.527073859560984e-07
6.835863020130309e-05 -8.563709476654156e-06 -5.718088828641276e-07 -7.913656990658415e-07
6.605871093265877e-05 -1.102735281247366e-05 -3.811154093830422e-07 -5.142318113627326e-07
6.376523757208593e-05 -1.348005267773692e-05 -2.800793035440545e-07 -3.186107387571847e-07
6.376588624697411e-05 -8.575731469397749e-06 -2.589559980676164e-08 -6.649398929790324e-07
6.147719420782153e-05 -1.102824658613565e-05 -5.189718379105546e-09 -5.255050340938333e-07
5.919921467289717e-05 -1.346392899858590e-05 3.579264774759471e-08 -3.494316831542805e-07
5.920043223182308e-05 -8.593980041188576e-06 1.974015353653025e-07 -5.270498437508004e-07
5.692909249317241e-05 -1.102949860357193e-05 1.169084320220958e-07 -5.667920056093610e-07
5.467131054437795e-05 -1.344427629397420e-05 2.380167392608945e-07 -4.570568751437403e-07
5.467272742120727e-05 -8.616025975875177e-06 9.385916713238129e-08 -3.811779533113747e-07
5.242205727951621e-05 -1.103070651260007e-05 -4.001393719324694e-08 -5.500536871638072e-07
5.018504449186103e-05 -1.342443492276133e-05 2.300820209812104e-07 -6.226605071508012e-07
5.018606691730736e-05 -8.637694939014238e-06 -1.781824404231177e-07 -3.456424859777242e-07
4.795517236620180e-05 -1.103162506842209e-05 -3.194489194638772e-07 -4.918112978137380e-07
4.573629931083745e-05 -1.340717641221847e-05 -3.861504414319897e-08 -6.980897436615272e-07
4.573660056125120e-05 -8.656236502264168e-06 -5.113806475514520e-07 -3.653526485862060e-07
4.352243680594337e-05 -1.103208143844528e-05 -6.831413916395483e-07 -4.593712603288441e-07
4.131771196876125e-05 -1.339392868225888e-05 -4.331458555103748e-07 -7.236108713887050e-07
4.131781249251989e-05 -8.670423762897829e-06 -8.291095553566112e-07 -3.649182052705713e-07
3.911610260333935e-05 -1.103243520294036e-05 -9.413125782988858e-07 -4.270064211292467e-07
3.692041446827878e-05 -1.338597456945187e-05 -7.954973069752920e-07 -5.973069441668050e-07
3.692035221157475e-05 -8.678925089904944e-06 -9.522307097902659e-07 -3.827384183539359e-07
3.472579157646042e-05 -1.103255421914078e-05 -1.051453089118971e-06 -4.177612332178689e-07
3.253249352404609e-05 -1.338479269318657e-05 -1.083883470558833e-06 -4.265007729095751e-07
3.253231718959292e-05 -8.680146921248760e-06 -1.010452590421124e-06 -3.299233479436260e-07
3.042667365211868e-05 -1.103256581368668e-05 -1.125652538778155e-06 -4.294572516447824e-07
2.831759717548470e-05 -1.339053908904528e-05 -1.156742295510307e-06 -2.788350220002733e-07
2.831740309295389e-05 -8.674114467664695e-06 -1.038911365576946e-06 -4.005532870582516e-07
2.673460223323782e-05 -1.121739342178024e-05 -1.090667538206870e-06 -3.951291191926589e-07
2.511282924087310e-05 -1.339856938530378e-05 -1.015791970258532e-06 -1.250931638161531e-07
2.511293416511405e-05 -8.665922652231315e-06 -9.854842353699480e-07 -4.689756489134751e-07
2.277181922952087e-05 -1.340589790663684e-05 -8.004628171338230e-07 -4.594305959978518e-08
2.323251873444018e-05 -1.184160024234682e-05 -8.775468135370856e-07 -2.885373598492467e-07
2.277206075997517e-05 -8.660362309607873e-06 -8.279278672084760e-07 -5.302114009367700e-07
2.106520700245013e-05 -8.654590685137368e-06 -6.254637293689117e-07 -5.889222411200306e-07
-3.690327333074754e-06 -1.602039049235534e-07 -4.021429438945439e-08 -7.108497319518373e-07
-3.764778864239292e-06 1.874008874643951e-08 -4.563591782005557e-08 -7.019934264243048e-07
-3.764433470943426e-06 6.859345986968010e-07 -4.286412887607697e-08 -6.717405525831949e-07
-3.690327866097585e-06 8.626860715329929e-07 -3.782965613264082e-08 -6.616388437406807e-07
2.106590623965385e-05 -1.341078782019025e-05 -5.568242497584888e-07 -1.935660227521136e-09
1.951068504819435e-05 -1.332649712539597e-05 -3.503767402054966e-07 -8.998473955329363e-09
2.072293723866395e-05 -1.043857833111792e-05 -5.942724609551276e-07 -3.869783705564764e-07
1.951603330565556e-05 -8.513292353415022e-06 -4.001922952278164e-07 -6.518263621399350e-07
-3.512124176366570e-06 -2.341276143185521e-07 -2.830455937451280e-08 -7.141881344154513e-07
-3.332170596471480e-06 4.975854934413429e-07 -9.067732666933139e-09 -6.788746901971917e-07
-3.513452344832479e-06 9.365901189728779e-07 -2.541429707715164e-08 -6.558332628601691e-07
1.901962830762358e-05 -1.185810272781815e-05 -2.975474092102391e-07 -1.999920946581216e-07
1.797347618775874e-05 -1.306660679051083e-05 -1.463752082390040e-07 -4.340560368198890e-08
1.647286316103001e-05 -1.263158478365621e-05 3.332133833976926e-08 -1.043648649988506e-07
1.855253541056668e-05 -9.818349720889575e-06 -2.461238760155646e-07 -4.779577370463431e-07
1.800911522644049e-05 -8.103743886757958e-06 -1.717056787690647e-07 -6.764411223639802e-07
-2.303238216491840e-06 -2.521405734406167e-07 1.054550502545799e-07 -7.115275670512488e-07
-2.301959874970873e-06 9.583684119776868e-07 1.025858910339624e-07 -6.470232031416985e-07
-1.676184553875758e-06 3.538078770674918e-07 1.373324498350615e-07 -6.798834426608374e-07
1.502919776513013e-05 -1.202905562781046e-05 1.730087284199948e-07 -1.950634344759419e-07
1.627820147693851e-05 -1.108254335565158e-05 5.944350527810263e-08 -2.971830919096656e-07
1.679981751900664e-05 -9.113773978619795e-06 9.363030920117313e-09 -5.270376420284627e-07
1.659233430715014e-05 -7.437797316851484e-06 7.562875065188717e-08 -6.993134806716574e-07
-9.986848777518262e-07 -3.599696222351742e-07 1.669438229136635e-07 -7.164010584370441e-07
-9.986004043765426e-07 1.068361766230618e-06 1.828643950016329e-07 -6.124097721481603e-07
-2.299890288409029e-07 3.545961588890658e-07 2.180250126135989e-07 -6.418956388406784e-07
1.366189673256538e-05 -1.126433490464172e-05 3.050227751931417e-07 -3.132432338936313e-07
1.238836602009595e-05 -1.034779027954662e-05 3.780257445171965e-07 -4.073240802950019e-07
1.496317918339264e-05 -8.798460143827431e-06 2.506664594294909e-07 -5.355172994570464e-07
1.530955358200255e-05 -6.535568837194022e-06 2.881776817417554e-07 -7.348333118075503e-07
6.491343987914176e-07 -5.947302204965762e-07 2.390903909436213e-07 -6.437474402538185e-07
6.494482826763894e-07 1.304847874729572e-06 2.489731192208401e-07 -6.010253891860588e-07
1.270965922715405e-05 -8.907006870586197e-06 3.769526288061120e-07 -5.200334123241603e-07
1.122617173786321e-05 -9.292164207664259e-06 4.270682611639570e-07 -5.047907355322012e-07
1.325340899789641e-05 -7.252702449028355e-06 4.066236801253262e-07 -6.445522059627732e-07
1.420047415736712e-05 -5.422728781361100e-06 3.923649902370343e-07 -7.079943205222414e-07
1.614360209947710e-06 3.552399827441427e-07 2.880062934021338e-07 -6.106067602156242e-07
2.758027151121663e-06 -9.338810866787377e-07 3.435847575195377e-07 -6.551421278627810e-07
2.756723203824201e-06 1.647471905219890e-06 3.526415784542087e-07 -5.529307912478080e-07
1.019116530465180e-05 -8.110044150030401e-06 4.660244754405015e-07 -6.127256751250254e-07
9.294922362905815e-06 -6.815759476796717e-06 4.717066824210129e-07 -6.573815707338566e-07
8.547095912990081e-06 -5.424966026296870e-06 4.488144632336060e-07 -6.806521106674661e-07
1.213866925683694e-05 -5.740961711002642e-06 4.573929275230204e-07 -6.845958364042495e-07
1.329960382588435e-05 -4.133421012639360e-06 4.428141829164477e-07 -7.006754090815949e-07
3.676307084143208e-06 3.526665380730864e-07 3.810387167735778e-07 -6.034182620300375e-07
4.799519604312463e-06 -1.267850862544163e-06 3.738204909056586e-07 -6.317722995702437e-07
4.799249601899234e-06 1.995476721506789e-06 3.987232780845915e-07 -5.523683735057686e-07
1.004290493008156e-05 -5.433399712194901e-06 4.577840949545166e-07 -6.886127649137219e-07
7.962863016382947e-06 -3.950395958216207e-06 4.203681162869503e-07 -6.515305582414370e-07
6.670293525800996e-06 -1.552451012913964e-06 3.763945212052044e-07 -6.268582527220297e-07
7.229767674068185e-06 -1.832264719750471e-06 3.831536689707864e-07 -6.308626706245632e-07
7.546102474104334e-06 -2.394534208866680e-06 3.918623722027900e-07 -6.367760801321760e-07
1.135094875961953e-05 -3.940894993668719e-06 4.313848528502208e-07 -6.800061478744526e-07
1.263754672051495e-05 -2.715448631916062e-06 4.218621535792071e-07 -6.556022261257962e-07
5.809887650167513e-06 1.170037143271753e-07 3.817087409318766e-07 -5.913496184650013e-07
6.628399627660291e-06 2.243140607569036e-06 4.123087216169159e-07 -5.362084789299499e-07
8.993558264950600e-06 -2.896375692512635e-06 4.033882104500359e-07 -6.467450822082951e-07
7.243872758737149e-06 -6.988038999585583e-07 3.854357795261572e-07 -6.092819866777802e-07
7.905258652771279e-06 -1.634037921473401e-06 3.891329329037139e-07 -6.275137482357026e-07
1.076467297411978e-05 -2.272283965433598e-06 3.972954693363684e-07 -6.315628099634175e-07
1.224546023406408e-05 -1.218171994983979e-06 3.937072031664716e-07 -6.078841788789878e-07
7.240347640812833e-06 1.142338522029372e-06 4.066030516401648e-07 -5.569482525969684e-07
7.130389808159081e-06 2.521912343436086e-06 4.206947583699816e-07 -5.339385130901403e-07
9.288291345292059e-06 -3.544512000311533e-07 4.017816999773625e-07 -5.952128810718240e-07
1.213638584932473e-05 3.162599741717772e-07 3.971737816529810e-07 -5.696291407505765e-07
1.238962676863141e-05 1.872926164898343e-06 4.092579646621850e-07 -5.402678845926705e-07
8.307836793669806e-06 2.133903889134453e-06 4.169107937422475e-07 -5.371718133937393e-07
7.411922158747752e-06 3.139722014792677e-06 4.255544990005603e-07 -5.367767620212922e-07
7.738509756420746e-06 4.883725873009015e-06 4.330749261489025e-07 -5.505868932723887e-07
1.079602939365696e-05 2.043930139139765e-06 4.069471341540113e-07 -5.408413334993067e-07
8.271414236496449e-06 6.645116497207115e-06 4.370695395411130e-07 -5.845280792067427e-07
1.297942932799500e-05 3.467683259903114e-06 4.061033707192786e-07 -5.269471138796168e-07
9.283351532280709e-06 4.922144776662401e-06 4.131356810204604e-07 -5.428962243452992e-07
1.163767016842906e-05 5.058361010915971e-06 4.052207292819399e-07 -5.358748519266760e-07
9.055465011192386e-06 8.356924458899132e-06 4.276485877145534e-07 -6.212220761358620e-07
1.390891453504747e-05 5.061939068942573e-06 3.520673427675021e-07 -5.375084051076644e-07
1.321301637052143e-05 6.696503172792864e-06 3.478606651526001e-07 -5.641456779294304e-07
1.148982466878428e-05 7.746988956758530e-06 3.743637442033287e-07 -5.913688568042730e-07
1.005808401226602e-05 1.005647792912580e-05 3.918102421136702e-07 -6.737781899621964e-07
1.132975776510841e-05 1.168972321723861e-05 3.448444126813092e-07 -6.998559075492069e-07
1.519700038724567e-05 6.571780004695979e-06 2.784514450996250e-07 -5.544700792890082e-07
1.431251899473991e-05 8.606166867787405e-06 2.998842796389459e-07 -6.062306752507840e-07
1.325778108231230e-05 1.105528810172626e-05 3.001760720756904e-07 -6.851800229083721e-07
1.280416882173521e-05 1.323061658491655e-05 2.988128111378940e-07 -7.281159902678244e-07
1.679875016804033e-05 7.939161131556827e-06 2.186571464561657e-07 -5.736635878548014e-07
1.633033505513414e-05 1.105685880737683e-05 2.387895091182424e-07 -6.969309663758194e-07
1.451613714672874e-05 1.460482584323864e-05 2.621867340599811e-07 -7.632760245101198e-07
1.645857934150426e-05 1.581962777279839e-05 2.111928359053493e-07 -8.178091084474325e-07
1.857098098071235e-05 1.685394407534258e-05 1.729380076102619e-07 -8.485099260867216e-07
1.872656226288179e-05 1.174455719497118e-05 1.350927205080470e-07 -7.260750154282206e-07
1.870079284525835e-05 9.102316730733817e-06 1.216077558207138e-07 -6.310141702890628e-07
1.824271537833716e-05 1.444194726996672e-05 1.743203655894466e-07 -8.016449529669955e-07
2.086227734394442e-05 1.762556541020701e-05 1.380478072578917e-07 -8.692842535448782e-07
2.329328944884070e-05 1.815256261804521e-05 8.239293211066800e-08 -8.670781907808717e-07
2.068930655913573e-05 1.234009284513221e-05 9.064128546941932e-08 -7.454481411595207e-07
2.088060507306468e-05 9.953115255094137e-06 7.033431942655408e-08 -6.819292000718548e-07
2.580283452918940e-05 1.839220979353651e-05 2.709794481086594e-08 -8.628002044100928e-07
2.296286959871928e-05 1.461642183240472e-05 7.133108961251266e-08 -7.934933636881087e-07
2.326366246501566e-05 1.044316018521470e-05 4.419362624230598e-08 -7.078926701193550e-07
2.634814491282841e-05 1.501269893419095e-05 1.773610212012065e-08 -7.942841843660582e-07
2.866635965874196e-05 1.850600260415773e-05 -8.072705887752988e-08 -8.880194933420003e-07
2.577119230211316e-05 1.056856410826017e-05 3.207494116296778e-08 -7.013292285415583e-07
3.270141985480804e-05 1.862028501493185e-05 -2.420709843508819e-07 -9.173139457175210e-07
2.946884191298655e-05 1.306318219335749e-05 -6.025960528573138e-08 -7.486124699383803e-07
2.865970574980315e-05 1.045743550237534e-05 -3.954114143023449e-08 -6.737766708073187e-07
3.847467264839725e-05 1.879541775351885e-05 -4.667378739342919e-07 -9.510522955422986e-07
3.556800523961316e-05 1.414747040810958e-05 -2.984666113703793e-07 -7.609178004839989e-07
3.270397888702787e-05 1.031249695256579e-05 -1.682877783342729e-07 -6.048328303844451e-07
4.641716469207839e-05 1.898381535517581e-05 -8.988864421100692e-07 -1.015808208427611e-06
4.239277922209535e-05 1.447752149860523e-05 -6.590284934360031e-07 -7.773775890802777e-07
3.847528761616372e-05 1.014732919978942e-05 -4.001335538514782e-07 -5.188961129841974e-07
5.499838303663649e-05 1.914184640004638e-05 -1.370840709940936e-06 -1.002596543761166e-06
5.065950032038062e-05 1.447851426097361e-05 -1.151943221699486e-06 -7.863804522450849e-07
4.641675203368977e-05 9.970199933493414e-06 -8.640030480382815e-07 -5.380268618509868e-07
6.384107284024650e-05 1.927210988055379e-05 -1.720870439807870e-06 -9.308557366755325e-07
5.937930453014172e-05 1.448071198430520e-05 -1.575597961527587e-06 -7.786008137395826e-07
5.499755237048404e-05 9.817155545454974e-06 -1.336583603599367e-06 -5.507371933741185e-07
7.289724520649688e-05 1.937633258827381e-05 -1.886271327045804e-06 -8.469959686484186e-07
6.833705842220626e-05 1.448288283170799e-05 -1.829492544414570e-06 -7.944750443572373e-07
6.384044118640815e-05 9.691382163965759e-06 -1.669112489648947e-06 -6.304064560423973e-07
8.212037167912040e-05 1.945702999888025e-05 -1.971189300238544e-06 -8.500081222708093e-07
7.748418092694781e-05 1.448497860374421e-05 -1.944093081439109e-06 -7.742982120554925e-07
7.289680722422239e-05 9.591450875059746e-06 -1.856828731911177e-06 -6.929787220489675e-07
9.146893498901132e-05 1.951678318338811e-05 -2.233901094978983e-06 -9.645649543555770e-07
8.677656843314245e-05 1.448689494080800e-05 -2.056024847842867e-06 -7.486116208825589e-07
8.212001508991436e-05 9.514852443818498e-06 -1.940149240322765e-06 -6.589270178214487e-07
1.009068174222214e-04 1.955868398826762e-05 -2.702657041695364e-06 -9.933584006575895e-07
9.617525039991103e-05 1.448872143647639e-05 -2.425256193565846e-06 -7.619098224289597e-07
9.146846325930146e-05 9.458902518422179e-06 -2.134920911498299e-06 -5.676360516470152e-07
1.104037574815925e-04 1.958588264077461e-05 -3.265524305353917e-06 -1.015725899865217e-06
1.056472711549109e-04 1.449046007582014e-05 -2.926398005738777e-06 -7.480961807514540e-07
1.009062486801295e-04 9.420554025588791e-06 -2.577591960264060e-06 -5.101100372146284e-07
1.199351169457545e-04 1.960150992880425e-05 -3.761478160254464e-06 -9.639701287340890e-07
1.151651065411188e-04 1.449205200006941e-05 -3.504927572917397e-06 -7.407292499844404e-07
1.104032251643333e-04 9.396672858704354e-06 -3.129715147454428e-06 -4.556964247404066e-07
1.403929548285105e-04 1.904834785792040e-05 -4.327864193062502e-06 -8.244940111226588e-07
1.390363873756386e-04 1.961022567886843e-05 -4.292158724807199e-06 -8.398859972292453e-07
1.242105713049036e-04 1.449318471174596e-05 -3.894764226725922e-06 -7.613687234484344e-07
1.294836394353797e-04 1.960868462813838e-05 -4.031086321758571e-06 -8.751992930271585e-07
1.199348899061290e-04 9.383800186260509e-06 -3.682149117899970e-06 -5.423114137518358e-07
1.409548697956445e-04 1.769182828377606e-05 -4.342096125331306e-06 -7.880713412565017e-07
1.377445753606395e-04 1.449425228909786e-05 -4.256247489395832e-06 -7.121001426142481e-07
1.294834506184284e-04 9.378808506626405e-06 -4.040162825707679e-06 -6.061197877394690e-07
1.409549461065621e-04 1.129666330373062e-05 -4.326663844202029e-06 -6.417710186529254e-07
1.390363938232455e-04 9.378146639327187e-06 -4.282993718851641e-06 -6.013896426139063e-07
1.403930154849453e-04 9.940064271229604e-06 -4.313338075907537e-06 -6.130761274049783e-07
