7.922639713372078e-05 -1.175718312508526e-05 2.020380278587463e-06 -1.023271745021094e-06
7.951017654263636e-05 -1.107202835711956e-05 2.043159356324703e-06 -9.781918034437741e-07
7.951011773179862e-05 -7.842175004553902e-06 2.078252700600776e-06 -8.041686736400791e-07
7.922632573019770e-05 -7.156989546701810e-06 2.060797892742708e-06 -7.664765263252823e-07
7.854127726205833e-05 -1.204098963958444e-05 1.970407909509116e-06 -1.040615765214089e-06
7.725632096558134e-05 -9.457078581412281e-06 1.940460199083064e-06 -8.963833435325731e-07
7.854117988491590e-05 -6.873167024898592e-06 2.018969857118511e-06 -7.526540189442972e-07
7.371758905039661e-05 -1.204137797436701e-05 1.744379397491455e-06 -9.598498602246053e-07
7.371732330012979e-05 -6.872442376007142e-06 1.822676767059002e-06 -8.351001290600202e-07
7.105387665697574e-05 -9.456758095264931e-06 1.642852265812077e-06 -8.776632403330664e-07
6.889167504640788e-05 -1.204312646810698e-05 1.559782434730991e-06 -9.648132181022915e-07
6.889113891274445e-05 -6.869769653358030e-06 1.669997219962914e-06 -8.934676687794120e-07
6.647652084160355e-05 -9.456188896934177e-06 1.551164608022990e-06 -9.489796015067380e-07
6.405960928770344e-05 -1.204608404678942e-05 1.652383557769540e-06 -9.082779092098223e-07
6.405885905277293e-05 -6.865426116710180e-06 1.624544213528431e-06 -1.024222550739948e-06
6.164017287852427e-05 -9.455351008893155e-06 1.682977436195436e-06 -9.880717227162973e-07
5.921929407088949e-05 -1.204913188720136e-05 1.999832990341620e-06 -6.939877747499559e-07
5.921837222766160e-05 -6.860591822092402e-06 1.862724326753180e-06 -1.258789822934616e-06
5.679558498133850e-05 -9.454379904216036e-06 2.092883825190657e-06 -1.024634892387558e-06
5.437191750369905e-05 -1.205014407556640e-05 2.663687010108374e-06 -6.444075851580125e-07
5.437101799951515e-05 -6.857557006747344e-06 2.337147280875916e-06 -1.277687160624683e-06
5.194626766565386e-05 -9.453348106035500e-06 2.693409593713433e-06 -1.033883296932884e-06
4.952313114215874e-05 -1.204728579610205e-05 3.377135770208435e-06 -7.500306155435291e-07
4.952198040882048e-05 -6.858353122485004e-06 2.995070539321989e-06 -1.291122536600000e-06
4.709957689797946e-05 -9.452294384391937e-06 3.341622060150619e-06 -1.033761585149902e-06
4.468173294552593e-05 -1.203930109549421e-05 3.729331116680458e-06 -8.815871517721664e-07
4.468047501492118e-05 -6.864475361387228e-06 3.529878251687869e-06 -1.306202412045767e-06
4.226538459459693e-05 -9.451203644387865e-06 3.829957722150036e-06 -1.015690903852342e-06
3.985847493471929e-05 -1.202477883715471e-05 3.760647095380985e-06 -1.000647321086201e-06
3.985765465268735e-05 -6.877088897832265e-06 3.866174889260153e-06 -1.207003366175206e-06
3.745576223780735e-05 -9.450215245197736e-06 4.081065821625797e-06 -1.022261239975975e-06
3.506693488656563e-05 -1.200245693962807e-05 3.713568531191023e-06 -1.135066193025995e-06
3.506651031101146e-05 -6.897305376037629e-06 4.068970590980437e-06 -1.055514240252759e-06
3.268507583459613e-05 -9.449299328600625e-06 4.076064641480041e-06 -1.030086036888321e-06
3.032223033769053e-05 -1.197146258977944e-05 3.697667521923088e-06 -1.106309046937087e-06
3.032173182339820e-05 -6.926182099664457e-06 4.077694359537723e-06 -1.003404492887553e-06
2.806372544756958e-05 -9.448059735734866e-06 3.872534480419970e-06 -1.044547433261064e-06
2.582897345551428e-05 -1.193176020476710e-05 3.543282032961684e-06 -1.131138624917738e-06
2.582810525300983e-05 -6.965681515073822e-06 3.846270298683218e-06 -9.147575770119479e-07
2.415925467185254e-05 -9.639112559114222e-06 3.641023985838369e-06 -1.080362119629398e-06
2.247937771221016e-05 -1.189214361809509e-05 3.455204160364304e-06 -1.171822273171478e-06
2.247775656492057e-05 -7.005666204327845e-06 3.577314633382130e-06 -8.670728621072121e-07
2.007988669267765e-05 -1.185551916400096e-05 3.331934693911593e-06 -1.206376288468252e-06
2.053759371080091e-05 -1.027295303161136e-05 3.381051172193945e-06 -1.110622564487061e-06
2.007751575770201e-05 -7.032504624463061e-06 3.303505710747742e-06 -7.982505805341673e-07
1.835515842146778e-05 -7.062308891181386e-06 3.147278413225292e-06 -8.366695238513911e-07
-2.944925463698873e-06 1.475533470421872e-07 -9.685047789365352e-07 -1.601563934567392e-07
-3.004066476812809e-06 2.895777570129680e-07 -9.861088400912882e-07 -1.130408707096589e-07
-3.003834517119249e-06 8.194957646750063e-07 -9.840167933938268e-07 7.205347393273256e-08
-2.944954602315422e-06 9.599541127642546e-07 -9.666105536609155e-07 1.212059682261533e-07
1.835282699002566e-05 -1.182873799435851e-05 3.188848154914668e-06 -1.234876569427562e-06
1.680794802241123e-05 -1.171594512063563e-05 3.032107321562527e-06 -1.250884878784227e-06
1.799725006867097e-05 -8.851731088351986e-06 3.113310940838494e-06 -9.955449218028767e-07
1.680022404501366e-05 -6.959796727308215e-06 2.972536775422891e-06 -8.669950655405889e-07
-2.803452684185692e-06 8.894986140629759e-08 -9.249670171797929e-07 -1.806624191729690e-07
-2.660458129742652e-06 6.701684894582871e-07 -8.635326488092874e-07 2.008395469632712e-08
-2.804397794394442e-06 1.018772718626830e-06 -9.200904611864873e-07 1.439220289488629e-07
1.631114737200512e-05 -1.025095827848569e-05 2.982478570707466e-06 -1.109787214356801e-06
1.529831706788883e-05 -1.142335217108070e-05 2.855451176479360e-06 -1.267027757193672e-06
1.384954002181309e-05 -1.097237351459043e-05 2.656661741935109e-06 -1.259046653849362e-06
1.584678323921661e-05 -8.250149286838441e-06 2.896812459220170e-06 -9.598781015687360e-07
1.531839824089463e-05 -6.604305371241263e-06 2.806814370919272e-06 -8.391357387698500e-07
-1.843467186642895e-06 7.541158264155642e-08 -5.311035611356931e-07 -1.518682762559177e-07
-1.842280986344841e-06 1.036637694405315e-06 -5.152140394497072e-07 1.773121370982932e-07
-1.345722667150241e-06 5.568990603213349e-07 -4.012485905876216e-07 3.663643993920410e-08
1.248319445081012e-05 -1.035731518937136e-05 2.460599873064633e-06 -1.218620858257756e-06
1.365236535535492e-05 -9.464126581767596e-06 2.655532197930195e-06 -1.061378738960341e-06
1.415060254764097e-05 -7.580832113295248e-06 2.710146796326512e-06 -8.926986598584810e-07
1.394632863160445e-05 -6.014041732418079e-06 2.688784614180046e-06 -7.969587573495955e-07
-8.079079767715407e-07 -1.000317109294636e-08 -2.535280772755937e-07 -1.113705514497686e-07
-8.076804014190370e-07 1.124992548531668e-06 -2.570449636138556e-07 2.042364144706991e-07
-1.971748387813002e-07 5.580811237337880e-07 -9.343346326585147e-08 9.273100032902292e-08
1.120603098161918e-05 -9.604687421158364e-06 2.286655052691785e-06 -1.137936674298094e-06
1.004522517581546e-05 -8.726770811320722e-06 2.204091598744045e-06 -1.044249263096862e-06
1.241002688220151e-05 -7.287518099405617e-06 2.575352922154641e-06 -8.484029449263867e-07
1.272243037272393e-05 -5.207029155856595e-06 2.635994633964196e-06 -7.499609820649377e-07
5.019994188278276e-07 -1.978447002897274e-07 4.056447397538752e-08 -2.949499973081709e-08
5.024139865863365e-07 1.315195415840386e-06 9.744513117294202e-08 3.081975664707986e-07
1.033918984210692e-05 -7.380315084504241e-06 2.284862217829336e-06 -8.831264691530221e-07
9.011523378910488e-06 -7.728318825549079e-06 2.104421043125219e-06 -9.328818313635543e-07
1.082868313665670e-05 -5.869865772873334e-06 2.432797941336728e-06 -7.652363922295206e-07
1.167871710114483e-05 -4.227277801011717e-06 2.557444482671164e-06 -6.621280223703532e-07
1.271066718295525e-06 5.590208530085513e-07 2.589793774038596e-07 1.583893684608441e-07
2.183735436337948e-06 -4.704058409495624e-07 5.103362379361958e-07 -1.284433766933840e-07
2.182631842208995e-06 1.591439669168158e-06 4.988219415727899e-07 4.300065706701749e-07
8.101711505932157e-06 -6.635026313032350e-06 2.010201423973028e-06 -8.257011268045088e-07
7.343802366450920e-06 -5.476259670853247e-06 1.971223058591103e-06 -7.714534120212477e-07
6.735708361606633e-06 -4.246789484170345e-06 1.869564242401022e-06 -6.874088611584604e-07
9.829983159604795e-06 -4.515703961520900e-06 2.306133528949871e-06 -6.659245951642557e-07
1.084003686612789e-05 -3.115902573347630e-06 2.453714166955240e-06 -4.910462685431491e-07
2.916971621494417e-06 5.569618038526255e-07 7.094880264949869e-07 1.903062221580419e-07
3.815174675800129e-06 -7.390752296508882e-07 9.269048007966722e-07 -1.354843166217189e-07
3.815514223065990e-06 1.872633177806212e-06 9.532767105807866e-07 5.476629463994526e-07
8.004826214610608e-06 -4.246461819816794e-06 2.046884459365728e-06 -6.831764841189865e-07
6.270908349665953e-06 -2.973209152611138e-06 1.760570348356416e-06 -5.461445586530518e-07
5.299780273833356e-06 -9.675334006880094e-07 1.342796893347164e-06 -1.838775213910344e-07
5.735379432461634e-06 -1.195580094098656e-06 1.504898879573807e-06 -2.393118773494375e-07
5.971428159634554e-06 -1.659408729852770e-06 1.616014487461336e-06 -3.323534891543946e-07
9.132176438999550e-06 -2.952659109209066e-06 2.218074235217442e-06 -4.904053087682266e-07
1.021842584562844e-05 -1.919917764691093e-06 2.406027646261093e-06 -3.008040480294659e-07
4.622751870626390e-06 3.675700263031977e-07 1.134504204154569e-06 1.861012735875141e-07
5.294143793849961e-06 2.074933045979319e-06 1.257242310569695e-06 6.284110145633068e-07
7.148489896444756e-06 -2.070495763210206e-06 1.886590117996033e-06 -4.021260400505693e-07
5.759822811749439e-06 -2.807282351501657e-07 1.478406787684248e-06 5.506154406011695e-09
6.276078284671597e-06 -1.034050419633418e-06 1.664040049436496e-06 -1.981380339297228e-07
8.628057564303375e-06 -1.548750324155845e-06 2.131956323851904e-06 -2.434833061178752e-07
9.836241074959486e-06 -6.871746052869197e-07 2.384785089193210e-06 -2.663315540127834e-09
5.780419655626610e-06 1.196623803450972e-06 1.426549933778424e-06 3.797544728300312e-07
5.710733963144035e-06 2.297436406176097e-06 1.345815976142018e-06 6.895329102146942e-07
7.409930858851090e-06 1.801077318868332e-08 1.928998859269101e-06 5.207323035117410e-08
9.710950980022511e-06 5.543190748501737e-07 2.422054208161944e-06 2.116575038901814e-07
9.860417195378223e-06 1.788755463963194e-06 2.611549136569477e-06 5.454493508704016e-07
6.649472114987775e-06 1.995886078591765e-06 1.667442222296174e-06 5.704783302052930e-07
5.949989859346049e-06 2.780421307429766e-06 1.394076010340202e-06 8.526377885141081e-07
6.236836676981446e-06 4.125034001597568e-06 1.465149900296258e-06 1.341051399272489e-06
8.611447527682013e-06 1.938173624988605e-06 2.234944753612987e-06 5.379142266824502e-07
6.680532294841395e-06 5.453643313416143e-06 1.609010387464636e-06 1.827780912313300e-06
1.027538319139270e-05 3.042752150988485e-06 2.892102713426426e-06 9.584630026009989e-07
7.440040730655481e-06 4.163814626497912e-06 1.924488656987149e-06 1.331479526943329e-06
9.240994228614943e-06 4.266276385925475e-06 2.537692960393076e-06 1.401417316198135e-06
7.296752021529090e-06 6.732453242849585e-06 1.798124772425297e-06 2.297165064629858e-06
1.094214607704585e-05 4.268039022366905e-06 3.265248860659767e-06 1.448490347260974e-06
1.041104828673739e-05 5.500121179339722e-06 3.048205182027316e-06 1.879900127158525e-06
9.130222035400818e-06 6.282579239126437e-06 2.494223351807419e-06 2.118326512187393e-06
8.068566442364344e-06 7.977812416728419e-06 2.075352985127210e-06 2.833117666436602e-06
9.018507221790909e-06 9.157630533667053e-06 2.460434351300873e-06 3.348183098248805e-06
1.186306491645146e-05 5.412715539714743e-06 3.662742338772673e-06 1.865851399782764e-06
1.121183942194199e-05 6.911839054641625e-06 3.377649757163299e-06 2.437759318798147e-06
1.044006400835946e-05 8.694147250752165e-06 3.026969675603880e-06 3.175470499833268e-06
1.010963942436900e-05 1.025574930024999e-05 2.902629388326520e-06 3.822373437170904e-06
1.300655507185193e-05 6.433322869991549e-06 4.153800642241921e-06 2.292041075717013e-06
1.266490258289639e-05 8.688943290099457e-06 4.013934044903060e-06 3.197719406283930e-06
1.135565520108030e-05 1.122871746565573e-05 3.445837042655894e-06 4.243999475219439e-06
1.274936910772762e-05 1.207749308467268e-05 4.041694319509148e-06 4.567949338835280e-06
1.425469988231068e-05 1.278907273242798e-05 4.697557075321076e-06 4.834267313373267e-06
1.437147163410171e-05 9.179998453046159e-06 4.671044255398761e-06 3.394670642115207e-06
1.435655389537680e-05 7.288822603652450e-06 4.656124658799235e-06 2.649594139838486e-06
1.402824006158327e-05 1.109389551160761e-05 4.586229880277140e-06 4.154596631284278e-06
1.587106202945242e-05 1.331682935548205e-05 5.415333503300978e-06 5.028657699138343e-06
1.757420361440060e-05 1.366956050397788e-05 6.071793963380992e-06 5.180928889873932e-06
1.575727729934063e-05 9.604027080289962e-06 5.232490589735827e-06 3.559509172544198e-06
1.589117927554011e-05 7.914859045441938e-06 5.266787463510610e-06 2.866767535771574e-06
1.932515663301518e-05 1.382257534029710e-05 6.739174564318055e-06 5.264577376020900e-06
1.735200003974363e-05 1.120190095272411e-05 5.954805861537280e-06 4.249911104366510e-06
1.755970689419702e-05 8.280180630210127e-06 5.976320951677516e-06 2.955859102365959e-06
1.970732136827184e-05 1.147420238003348e-05 6.928685552027414e-06 4.343896081295820e-06
2.130903408266954e-05 1.388597929241027e-05 7.515018555124732e-06 5.271891335163133e-06
1.930826788271935e-05 8.380397360760105e-06 6.745795930627348e-06 2.979768036501454e-06
2.409259238877766e-05 1.395002735046658e-05 8.650092102803234e-06 5.316353022307210e-06
2.186896498262958e-05 1.012275928773673e-05 7.831056979595076e-06 3.781107876619730e-06
2.130579678009679e-05 8.317374789984707e-06 7.591544317824059e-06 2.981242419457639e-06
2.804889273221831e-05 1.404900022940550e-05 1.017992651849291e-05 5.316307587339269e-06
2.606280370815547e-05 1.087127910209782e-05 9.497594579010620e-06 4.105263691695957e-06
2.409461368609221e-05 8.234148650669274e-06 8.735456190295937e-06 3.014464461931785e-06
3.345561532396878e-05 1.415446744598586e-05 1.222155981219872e-05 5.277210009872366e-06
3.072229207946760e-05 1.109656322062676e-05 1.127767283839658e-05 4.168734826971904e-06
2.804973062848177e-05 8.138458128081412e-06 1.034202289570453e-05 3.063694784652147e-06
3.926071337926949e-05 1.424018843238514e-05 1.420779443428702e-05 5.310981184790205e-06
3.633188611786139e-05 1.109569146185325e-05 1.321974624076854e-05 4.170061930867724e-06
3.345598962907340e-05 8.036596107583890e-06 1.230058950279204e-05 3.108284137835044e-06
4.520647884033058e-05 1.430766070746610e-05 1.636462265663959e-05 5.318761121612491e-06
4.221258864696807e-05 1.109571870134663e-05 1.525778943372696e-05 4.141394088774675e-06
3.926075313022121e-05 7.951119490412137e-06 1.426486669424188e-05 3.066171013703105e-06
5.126127639327440e-05 1.435829997662569e-05 1.875314314853065e-05 5.523852795180877e-06
4.821814199997625e-05 1.109589226279156e-05 1.744299451011943e-05 4.138406882094299e-06
4.520645886270235e-05 7.884020143828618e-06 1.631270657663188e-05 2.984461268143541e-06
5.739523389590282e-05 1.439447690921992e-05 2.155276817426519e-05 5.780865061498740e-06
5.431709986351880e-05 1.109607517132691e-05 2.002127647224636e-05 4.173438602924914e-06
5.126120474849471e-05 7.833685800453601e-06 1.865123565730644e-05 2.775214187093450e-06
6.358320710560216e-05 1.441837001983537e-05 2.460493242570810e-05 5.844732866704058e-06
6.048194560641581e-05 1.109640138374887e-05 2.301117693308670e-05 4.194920853836447e-06
5.739513663191368e-05 7.797907174860358e-06 2.147820611109268e-05 2.594717390599410e-06
6.980396738186141e-05 1.443172234109743e-05 2.770450090835388e-05 5.870113471125434e-06
6.668971110505337e-05 1.109661368769135e-05 2.613475685732516e-05 4.202152429153131e-06
6.358326571905401e-05 7.774575748443274e-06 2.457380160066471e-05 2.554825328145699e-06
7.603977074121211e-05 1.443729922003334e-05 3.080744146785592e-05 5.986319705474833e-06
7.292052625803717e-05 1.109684240344956e-05 2.921478241781719e-05 4.215829097778364e-06
6.980405202006192e-05 7.761705063819924e-06 2.766573660631268e-05 2.579033018720143e-06
8.227847969573217e-05 1.443824506603845e-05 3.413617234025269e-05 6.210060522625900e-06
7.915917790833282e-05 1.109719376617520e-05 3.237574879029338e-05 4.251235208850973e-06
7.603975937139864e-05 7.756798575672110e-06 3.076499723387515e-05 2.515664241057380e-06
9.563752370821114e-05 1.407081803524518e-05 4.236605174037787e-05 6.201598335300073e-06
9.475182969966375e-05 1.443769118956974e-05 4.180704206693038e-05 6.433060418588032e-06
8.507263275231459e-05 1.109739049450016e-05 3.571824761540499e-05 4.284351762505630e-06
8.851575857377570e-05 1.443784545037048e-05 3.787433150270312e-05 6.369926016799672e-06
8.227850467860787e-05 7.756403428890351e-06 3.407949953494212e-05 2.372255287646000e-06
9.600438956325683e-05 1.318511455170414e-05 4.259679707088312e-05 5.640522255480313e-06
9.390866110302639e-05 1.109751284685571e-05 4.125132392740929e-05 4.304717887002767e-06
8.851575736192321e-05 7.757100878069043e-06 3.784360670009769e-05 2.199985990220377e-06
9.600440226229280e-05 9.009903310708200e-06 4.255740502720297e-05 2.993275334181339e-06
9.475184084083285e-05 7.757320873476338e-06 4.176458786414007e-05 2.203095741319119e-06
9.563753647635351e-05 8.124195871386553e-06 4.232466319030702e-05 2.434920091014626e-06
