7.932506496423406e-05 -1.180337460065421e-05 2.179756353877720e-06 -1.066206599768547e-06
7.960980320429365e-05 -1.111602408022765e-05 2.214795551271665e-06 -1.003955388550572e-06
7.960986549574319e-05 -7.875721021491420e-06 2.261154378191980e-06 -7.544833141111810e-07
7.932513495985318e-05 -7.188381552952023e-06 2.233430641569028e-06 -6.983247514656023e-07
7.863766435115873e-05 -1.208807323579986e-05 2.103064982479300e-06 -1.089176190942709e-06
7.734840197960716e-05 -9.495904034484725e-06 2.032052148708204e-06 -8.917600021886383e-07
7.863774602730062e-05 -6.903689858987736e-06 2.167451232239801e-06 -6.779488559711431e-07
7.379801113602360e-05 -1.208756112841384e-05 1.724173088165046e-06 -1.031040245397062e-06
7.379812027741025e-05 -6.904475694684513e-06 1.829780904395468e-06 -7.721161704062192e-07
7.112696253132481e-05 -9.496106969437189e-06 1.565804351153410e-06 -8.629120618414320e-07
6.896049535449485e-05 -1.208612069559414e-05 1.459965137903018e-06 -9.652054000695933e-07
6.896062308477439e-05 -6.906201848881949e-06 1.657874110630504e-06 -8.392582328820167e-07
6.654304852491090e-05 -9.496340211525996e-06 1.497063610692363e-06 -8.846914883956110e-07
6.412719073618068e-05 -1.208416665598779e-05 1.408497999367523e-06 -8.845837931883418e-07
6.412710112415339e-05 -6.908650199905869e-06 1.632195552031077e-06 -9.493736193864241e-07
6.171170243935975e-05 -9.496592700938817e-06 1.646074744227292e-06 -8.541614394599875e-07
5.929833555433300e-05 -1.208199818717557e-05 1.549831577899891e-06 -7.080953059242882e-07
5.929797563212407e-05 -6.911114935571260e-06 1.712314903836927e-06 -1.067704474238363e-06
5.688462256001003e-05 -9.496872722196541e-06 1.961513502471723e-06 -8.624977185345215e-07
5.447320862598764e-05 -1.208048328072397e-05 1.930609174444391e-06 -6.969075343881701e-07
5.447237308884618e-05 -6.913301995323612e-06 2.059250597825037e-06 -1.145298984844570e-06
5.206064645866394e-05 -9.497072815702826e-06 2.309971499870539e-06 -8.875392722978510e-07
4.965085995788374e-05 -1.207856873347648e-05 2.387084131767696e-06 -6.999595297072000e-07
4.964978437682248e-05 -6.915792975633194e-06 2.623660755051957e-06 -1.158952551580894e-06
4.724008289372223e-05 -9.497083248859646e-06 2.780537127287151e-06 -9.324146038454705e-07
4.483290006079391e-05 -1.207427629794864e-05 2.898039137666991e-06 -6.790019134870071e-07
4.483227353545815e-05 -6.920475091726612e-06 3.229231837005823e-06 -1.188777365244836e-06
4.242648272044734e-05 -9.497155576857584e-06 3.340840869482158e-06 -9.903510588815038e-07
4.002573174413744e-05 -1.206522982748409e-05 3.309765230551494e-06 -7.670477490799688e-07
4.002580292670539e-05 -6.929705385181831e-06 3.582650069993502e-06 -1.152221462713088e-06
3.762878498430404e-05 -9.497196780381216e-06 3.768918323351175e-06 -1.043527131719987e-06
3.524126255994137e-05 -1.204892163233714e-05 3.577646040327975e-06 -1.041076172242298e-06
3.524179432908144e-05 -6.945815005894552e-06 3.750536236816803e-06 -1.084060688563349e-06
3.286032694530781e-05 -9.497211641085952e-06 3.883440640281165e-06 -1.093396719845963e-06
3.049388013415404e-05 -1.202350328117651e-05 3.537753071468891e-06 -1.234991133921537e-06
3.049450101654403e-05 -6.970938549010829e-06 3.727405138746482e-06 -1.025453390328734e-06
2.823169281550963e-05 -9.496866536543294e-06 3.585334992717564e-06 -1.099877320689520e-06
2.598937750502533e-05 -1.198836620228443e-05 3.204497815056920e-06 -1.334103517369619e-06
2.598967301617754e-05 -7.007304601351182e-06 3.402849381022090e-06 -1.002355274336994e-06
2.431439452961542e-05 -9.689347051255987e-06 3.203907932291414e-06 -1.139977763669758e-06
2.262706170267590e-05 -1.195122863319313e-05 2.980646850537331e-06 -1.360187881150619e-06
2.262620971956966e-05 -7.046038337125800e-06 3.112914568273271e-06 -9.763679094283474e-07
2.021748190868336e-05 -1.191525013780709e-05 2.832532364590167e-06 -1.323878278175902e-06
2.067721482277178e-05 -1.032646177951267e-05 2.861594993105098e-06 -1.214694553135649e-06
2.021517200871119e-05 -7.073071699781050e-06 2.842829339888718e-06 -9.983338936587929e-07
1.848547652946263e-05 -7.103818478364583e-06 2.744183863009061e-06 -1.074189656915557e-06
-2.980950103621090e-06 1.453832906527953e-07 -7.193188428126606e-07 3.619846868444169e-08
-3.040609397551336e-06 2.886790789325224e-07 -7.253056302179052e-07 5.516795896539536e-08
-3.040347745938229e-06 8.232869647307727e-07 -7.180560939947835e-07 1.164582697337924e-07
-2.980953829431662e-06 9.649895682976947e-07 -7.126374729500670e-07 1.300321625579039e-07
1.848303889102616e-05 -1.188839461012101e-05 2.742659823857558e-06 -1.312862558809378e-06
1.693225719073595e-05 -1.177497535198289e-05 2.705077565305729e-06 -1.299108660273103e-06
1.812578645485086e-05 -8.900130292263543e-06 2.705929037874325e-06 -1.148446395448201e-06
1.692437090433641e-05 -7.002085921527850e-06 2.674641156413627e-06 -1.141113421324883e-06
-2.838235136827908e-06 8.624906242584260e-08 -7.034540585514083e-07 2.763499101674492e-08
-2.693997704487365e-06 6.726744362996095e-07 -6.866894328618298e-07 1.026394375889251e-07
-2.839169387899244e-06 1.024360964597369e-06 -7.008776150291132e-07 1.369633702517705e-07
1.643346372505654e-05 -1.030457163738038e-05 2.684843679291461e-06 -1.223250493790439e-06
1.541733529931671e-05 -1.148094109360993e-05 2.638181235904755e-06 -1.299041742159201e-06
1.396409202104890e-05 -1.102840374737174e-05 2.559379693975877e-06 -1.304879113125105e-06
1.596753195484705e-05 -8.297106205252738e-06 2.656242351838211e-06 -1.170072972059892e-06
1.543771705894294e-05 -6.646626837023719e-06 2.612156435183910e-06 -1.138269795107520e-06
-1.869523143893917e-06 7.245070495452940e-08 -5.649451443923994e-07 1.543500935781419e-08
-1.868214806316931e-06 1.042990121089795e-06 -5.715207712578355e-07 1.656387570772042e-07
-1.366833861285333e-06 5.587480450116368e-07 -4.897143612795915e-07 8.749452907910261e-08
1.259374380627468e-05 -1.041135738528715e-05 2.469692887691051e-06 -1.302107621217258e-06
1.376635024085582e-05 -9.515282914982148e-06 2.564341652189361e-06 -1.220050252935675e-06
1.426647367083580e-05 -7.626370812389144e-06 2.583483956056727e-06 -1.147682530569251e-06
1.406211813864788e-05 -6.055461146673181e-06 2.583148481991637e-06 -1.114859045743074e-06
-8.232403388520902e-07 -1.453657771066156e-08 -3.865103370578974e-07 -4.696591333981587e-08
-8.228710519097046e-07 1.133615954495436e-06 -3.857825883173888e-07 2.050595670923233e-07
-2.050214498714937e-07 5.604587722596121e-07 -2.476749635530993e-07 8.962107526602717e-08
1.131319237099593e-05 -9.656960907181392e-06 2.394071213360427e-06 -1.289843874958269e-06
1.014939356436172e-05 -8.777225727791033e-06 2.353297365124094e-06 -1.255961545540810e-06
1.252150171038996e-05 -7.332913469974903e-06 2.555861838720547e-06 -1.131842441823395e-06
1.283592442216944e-05 -5.246561648736620e-06 2.610906557251699e-06 -1.073144981015909e-06
5.028961650728612e-07 -2.046719454906915e-07 -6.205082065955468e-08 -1.297968161674949e-07
5.035889853838205e-07 1.327701961872748e-06 -4.971639461912591e-08 3.190149479109097e-07
1.044461279424046e-05 -7.427101647968520e-06 2.407134407676741e-06 -1.164250761065711e-06
9.111854067176341e-06 -7.776609690317429e-06 2.254094475118412e-06 -1.199191130321754e-06
1.093669714167235e-05 -5.911972737643507e-06 2.506680146722126e-06 -1.071618492355229e-06
1.179072627913708e-05 -4.263399005452749e-06 2.595598703999359e-06 -9.535258385236278e-07
1.282156373364653e-06 5.623240549188668e-07 2.077575900226950e-07 8.435465620480197e-08
2.206569321024721e-06 -4.798498102565093e-07 5.405312406221146e-07 -2.808802050806214e-07
2.205784855833530e-06 1.608608510860633e-06 5.123772290597404e-07 3.793886685571231e-07
8.198265880000898e-06 -6.681030445524999e-06 2.148192670480101e-06 -1.114946341231784e-06
7.435682672243986e-06 -5.518326708856426e-06 2.052865963520191e-06 -1.050936172528883e-06
6.821774207294506e-06 -4.283622128230653e-06 1.917828328920962e-06 -9.595683023205955e-07
9.934915718946160e-06 -4.553483629019466e-06 2.397034140590392e-06 -9.558944229534473e-07
1.095107848014534e-05 -3.146167804732743e-06 2.536059939234468e-06 -7.731040012403791e-07
2.949436503547458e-06 5.612338392257972e-07 7.747783914332740e-07 6.643665076987571e-08
3.858828706486115e-06 -7.507995375572025e-07 1.033147415333202e-06 -3.250322775956619e-07
3.859555588389169e-06 1.894061618280994e-06 1.025325194960896e-06 4.233624782561938e-07
8.099878780966988e-06 -4.283632899469651e-06 2.123991379599729e-06 -9.585126652108647e-07
6.351611402687669e-06 -3.002929433037250e-06 1.789259995764179e-06 -8.014705435610743e-07
5.363266113582874e-06 -9.812017485516474e-07 1.446256445472467e-06 -3.836620532404666e-07
5.805347712616059e-06 -1.211399595988521e-06 1.570391321417302e-06 -4.426653712372841e-07
6.045756835912618e-06 -1.679416090943371e-06 1.655417174531804e-06 -5.506784328089101e-07
9.234711422326807e-06 -2.982375481304883e-06 2.304028544832303e-06 -7.522831923221192e-07
1.032961103753496e-05 -1.941606386493338e-06 2.489273670248212e-06 -5.484863170183644e-07
4.676844911590420e-06 3.704067880197400e-07 1.241960836568519e-06 2.199166695874521e-08
5.355365138693740e-06 2.099258152845375e-06 1.350446426570531e-06 4.548998584492612e-07
7.235346917373677e-06 -2.094388157900398e-06 1.938805262057110e-06 -6.385177824453793e-07
5.829017379864537e-06 -2.860015133895036e-07 1.554949380655990e-06 -1.897430506555945e-07
6.352662230990822e-06 -1.047966462077136e-06 1.714219935053933e-06 -4.011208852327603e-07
8.727781964833374e-06 -1.567785767167498e-06 2.220799202875754e-06 -4.870899322645669e-07
9.948879390670301e-06 -6.971097827094498e-07 2.470898235833720e-06 -2.741827476124524e-07
5.847968396885901e-06 1.209661250379949e-06 1.498506863176280e-06 2.140124375795746e-07
5.775941455686581e-06 2.324890053091125e-06 1.424348149556564e-06 5.023940438415078e-07
7.498239725522626e-06 1.494073714831227e-08 1.976215454651208e-06 -1.419129474762664e-07
9.825739320902257e-06 5.585279194560492e-07 2.490052821762170e-06 -5.841947256091361e-09
9.981953391834797e-06 1.809756205811102e-06 2.653802715694488e-06 3.418434136711008e-07
6.726783137329465e-06 2.018963831145024e-06 1.697469966211492e-06 3.919355285618981e-07
6.017153077770964e-06 2.815270033566719e-06 1.460148230468372e-06 6.439085602353566e-07
6.306015946823805e-06 4.181526746682829e-06 1.512947916789073e-06 1.097867310610376e-06
8.715324042968738e-06 1.959882372879999e-06 2.268685825724162e-06 3.471253650825192e-07
6.754606105535842e-06 5.532841464738072e-06 1.625208492239005e-06 1.588972851476252e-06
1.040682257420196e-05 3.082026273769235e-06 2.909064978108036e-06 7.250402933865425e-07
7.527105759700303e-06 4.220426813935069e-06 1.921188530485478e-06 1.093121922362155e-06
9.356608139419592e-06 4.325130649167441e-06 2.550948685476524e-06 1.143006470374081e-06
7.379884028979595e-06 6.834298724133397e-06 1.801327632623517e-06 2.076912916309988e-06
1.108732632142303e-05 4.327304294265833e-06 3.257244713358362e-06 1.149056582432812e-06
1.054767992307901e-05 5.580472132472416e-06 3.048278464115517e-06 1.606832239051555e-06
9.244317834779110e-06 6.376449350361499e-06 2.493190143393637e-06 1.900056630760785e-06
8.163868298691077e-06 8.102827641055267e-06 2.066305809354861e-06 2.645495987660930e-06
9.130514184518777e-06 9.305487832221198e-06 2.473726324335478e-06 3.213895415367616e-06
1.202658359147810e-05 5.491527469089608e-06 3.714105088457413e-06 1.576632616062415e-06
1.136363441063181e-05 7.017956446262203e-06 3.423417194431881e-06 2.240321527664604e-06
1.057779067008057e-05 8.833573786734309e-06 3.077606568313546e-06 3.031389709380498e-06
1.024129384724843e-05 1.042511556636055e-05 2.944730649678113e-06 3.718955851561593e-06
1.319258859613475e-05 6.530578792551568e-06 4.270953470589753e-06 2.057466888462068e-06
1.284484159994596e-05 8.828916368547886e-06 4.113896319598901e-06 3.057760390291361e-06
1.151083066697315e-05 1.141731485382956e-05 3.514502805886474e-06 4.167034638120961e-06
1.293154988887374e-05 1.228311047152449e-05 4.162731452558125e-06 4.556750326035549e-06
1.446625812475316e-05 1.300898091360240e-05 4.870045044200623e-06 4.879741486054170e-06
1.458473108071638e-05 9.329693800885266e-06 4.860436685618777e-06 3.277834158352804e-06
1.456919044556756e-05 7.402138813908683e-06 4.844682427652245e-06 2.445476141588504e-06
1.423510358645260e-05 1.128060773551447e-05 4.749989409238792e-06 4.112539177485707e-06
1.611481587427624e-05 1.354718968057826e-05 5.640587853752195e-06 5.112803426498117e-06
1.785127451037030e-05 1.390652228100644e-05 6.360665757816408e-06 5.254023774086420e-06
1.599798176964713e-05 9.762141107668213e-06 5.485279987017949e-06 3.471561552851709e-06
1.613422593108455e-05 8.040093755992117e-06 5.520246950164703e-06 2.714125200971852e-06
1.963656348880342e-05 1.406202033889456e-05 7.081872264613934e-06 5.306096812379422e-06
1.762472791135519e-05 1.139142150121029e-05 6.258232024774165e-06 4.223550228256344e-06
1.783595696753264e-05 8.412842018722183e-06 6.282393012023693e-06 2.887442673649426e-06
2.002632822921555e-05 1.166915060550860e-05 7.255237550311263e-06 4.348711324753261e-06
2.165833948630722e-05 1.412529688179419e-05 7.832807556116484e-06 5.269139285487442e-06
1.961924410667225e-05 8.515812700241203e-06 7.075444350468881e-06 2.983143328281368e-06
2.449348891088335e-05 1.418866427211344e-05 8.939922476941648e-06 5.239124727545050e-06
2.222962203058363e-05 1.029275092605011e-05 8.128353387212536e-06 3.799552146394571e-06
2.165517302075553e-05 8.453197667913855e-06 7.881160694268706e-06 3.039943267956401e-06
2.851660989254706e-05 1.428556552388052e-05 1.029710580788824e-05 5.208698473881746e-06
2.649852232886248e-05 1.105572950571036e-05 9.685341311134740e-06 4.113160741128828e-06
2.449546044309403e-05 8.371690796991129e-06 8.967030337795507e-06 3.119672249923897e-06
3.400594906216243e-05 1.438968442671799e-05 1.213217725176010e-05 5.260518443840324e-06
3.123203020012904e-05 1.128513433694576e-05 1.122538533889559e-05 4.190309520599171e-06
2.851770445495428e-05 8.278973162185713e-06 1.039391689067020e-05 3.196149442739548e-06
3.989689421413621e-05 1.447799334513830e-05 1.415520256882980e-05 5.376901867029821e-06
3.692436011519439e-05 1.128473950673582e-05 1.307980937075633e-05 4.226896721058237e-06
3.400631579776173e-05 8.179209760171119e-06 1.212499540759638e-05 3.195170272779293e-06
4.593709310504368e-05 1.455125682448249e-05 1.633336553407219e-05 5.400573351523804e-06
4.289395338334473e-05 1.128511010345502e-05 1.521347429235916e-05 4.243028694572639e-06
3.989682117614646e-05 8.091945923116517e-06 1.411299759051758e-05 3.109686210039136e-06
5.209906475576271e-05 1.460877745900108e-05 1.857172969316707e-05 5.495239116636470e-06
4.900003264822988e-05 1.128553574470582e-05 1.742528049276357e-05 4.250127566688452e-06
4.593688247193307e-05 8.019473536582959e-06 1.630985525542028e-05 3.078492596437892e-06
5.835210836761233e-05 1.465068890648204e-05 2.093878295454758e-05 5.618316729760413e-06
5.521257634460279e-05 1.128597913471041e-05 1.971332729233210e-05 4.253367663325730e-06
5.209875305707301e-05 7.962721781691428e-06 1.855098335911231e-05 3.004551460560613e-06
6.466821604608150e-05 1.467925188700710e-05 2.360530092653463e-05 5.801479855885476e-06
6.150146425402488e-05 1.128636615327956e-05 2.217644761143608e-05 4.257864472974838e-06
5.835187413550461e-05 7.921583277765721e-06 2.090581189753586e-05 2.914944554302328e-06
7.102570961632878e-05 1.469796776185899e-05 2.670880134214797e-05 6.003095062870206e-06
6.784133321184732e-05 1.128665007163344e-05 2.504269544939472e-05 4.224219271846032e-06
6.466808095934613e-05 7.893710495896455e-06 2.354376994216758e-05 2.718183046804614e-06
7.740929179857963e-05 1.470958394216755e-05 3.018954673365570e-05 6.125738071974315e-06
7.421406352206335e-05 1.128688107601714e-05 2.836911668541098e-05 4.211465072610534e-06
7.102562048110660e-05 7.875541450894305e-06 2.662593645152028e-05 2.472526349093392e-06
8.380843529536789e-05 1.471641856089782e-05 3.396619100650133e-05 6.159030933236836e-06
8.060685657084401e-05 1.128701738815251e-05 3.203351326081399e-05 4.161677968517055e-06
7.740925128752539e-05 7.864308647500935e-06 3.016910941605062e-05 2.254672584844601e-06
9.753660442408895e-05 1.434374890509399e-05 4.186121090216607e-05 5.899813190760743e-06
9.662621058608888e-05 1.472082234742188e-05 4.134503948661498e-05 6.117257508651469e-06
8.667760895442037e-05 1.128727597389313e-05 3.562890272661525e-05 4.158095173985837e-06
9.021587218004378e-05 1.471991278317456e-05 3.771553427798992e-05 6.151576282299158e-06
8.380823344464704e-05 7.857892302386220e-06 3.390709947104022e-05 2.136412391287836e-06
9.791370303965317e-05 1.343338751614563e-05 4.207392118284076e-05 5.377009480272057e-06
9.575927463157231e-05 1.128749334059980e-05 4.085140746279899e-05 4.148071433407399e-06
9.021576996197257e-05 7.854820402602464e-06 3.769741926837518e-05 2.140598554134290e-06
9.791364804804808e-05 9.141638268093098e-06 4.204847392350563e-05 2.932936648115761e-06
9.662613234308656e-05 7.854180337016795e-06 4.131789964384186e-05 2.195273959225973e-06
9.753654065098024e-05 8.231262338093936e-06 4.183449686374290e-05 2.412472932293209e-06
