4.078739282589460e-05 -4.035687914715756e-06 -3.055148691325023e-05 4.446305160265690e-06
4.098144602906698e-05 -3.567312767046422e-06 -3.064828496076653e-05 4.201569490602976e-06
4.098156658640445e-05 -1.359326744029851e-06 -3.064282893741541e-05 2.972845527539816e-06
4.078753128843339e-05 -8.909769155318383e-07 -3.054483747341468e-05 2.720133463226721e-06
4.031894223603935e-05 -4.229682681416132e-06 -3.031413788878463e-05 4.549583725264155e-06
3.944022064447419e-05 -2.463359206606218e-06 -2.979939866122628e-05 3.577045278534315e-06
4.031911022587550e-05 -6.969945672745695e-07 -3.030288808815413e-05 2.612695836606065e-06
3.702009839984760e-05 -4.228658305383167e-06 -2.841688861876357e-05 4.616974257161214e-06
3.702027609916555e-05 -6.982038080968246e-07 -2.842816124256151e-05 2.546450585016340e-06
3.519939192080833e-05 -2.463455721150484e-06 -2.743731041413159e-05 3.602244179717530e-06
3.372499314215608e-05 -4.222490758749016e-06 -2.646367158152056e-05 4.664637796724181e-06
3.372500247197587e-05 -7.043953388149314e-07 -2.636642115360487e-05 2.562696930002915e-06
3.208155318985280e-05 -2.463476107205511e-06 -2.551208213991408e-05 3.586474499579727e-06
3.044773209914358e-05 -4.206992808381417e-06 -2.439216113065839e-05 4.758214009138642e-06
3.044773127727101e-05 -7.201247465668880e-07 -2.423538562058180e-05 2.649789147088982e-06
2.881993065265305e-05 -2.463528713977299e-06 -2.344946970898337e-05 3.634111373815814e-06
2.720933633461113e-05 -4.179921751179653e-06 -2.228743726763389e-05 4.837020862181296e-06
2.720956897861031e-05 -7.474829857128042e-07 -2.237116970159002e-05 2.660242526856169e-06
2.560904828326610e-05 -2.463734724959244e-06 -2.150403871952722e-05 3.660060045832728e-06
2.403368196675130e-05 -4.140505385530306e-06 -2.023756784854681e-05 4.724163735541269e-06
2.403386152007350e-05 -7.871114280090784e-07 -2.063039115350243e-05 2.758689941518971e-06
2.247228141337556e-05 -2.463974426609420e-06 -1.972386474074734e-05 3.708739605125919e-06
2.094311896228869e-05 -4.089556193524383e-06 -1.843612358876091e-05 4.562887716318079e-06
2.094313815151490e-05 -8.385296275397613e-07 -1.893287952709860e-05 2.861364163906213e-06
1.943142431636868e-05 -2.464338090999517e-06 -1.813297727358847e-05 3.725246721506133e-06
1.795890403621691e-05 -4.027612230116023e-06 -1.690438765114422e-05 4.500364049880400e-06
1.795871736049341e-05 -9.012698384172741e-07 -1.745431949570094e-05 2.855862936834528e-06
1.650732242753844e-05 -2.464748171470563e-06 -1.668247943822892e-05 3.741715845979098e-06
1.510137567840874e-05 -3.955070442391283e-06 -1.560691258242952e-05 4.438352468671381e-06
1.510116171833198e-05 -9.747634653334520e-07 -1.602363212185709e-05 2.875775421707254e-06
1.371965217375667e-05 -2.465255352636274e-06 -1.523226609043176e-05 3.744367654388598e-06
1.238996996902703e-05 -3.872200485037445e-06 -1.428411229659445e-05 4.499847252505433e-06
1.238960582022487e-05 -1.058699251736143e-06 -1.444309883292701e-05 2.835334275848487e-06
1.108716812212491e-05 -2.465623150003956e-06 -1.358050779730171e-05 3.698170612386466e-06
9.842765055419793e-06 -3.778747874308892e-06 -1.270957169901941e-05 4.648055538441039e-06
9.841867704852746e-06 -1.153205066530960e-06 -1.261766651622289e-05 2.729177799919357e-06
8.675572955032793e-06 -2.465116072155093e-06 -1.178033190527647e-05 3.680262573891178e-06
7.570463651288871e-06 -3.676135684466691e-06 -1.093263595397270e-05 4.797371906359492e-06
7.569096453132213e-06 -1.259619258780602e-06 -1.077117366255213e-05 2.631918157889276e-06
6.757994316106759e-06 -2.554170777412817e-06 -1.010424740165051e-05 3.741675456596669e-06
5.987483068422898e-06 -3.583441727047455e-06 -9.315895814561163e-06 4.804947227081483e-06
5.984573618730881e-06 -1.354673790568529e-06 -9.271437693536476e-06 2.560262130419756e-06
4.922848537560544e-06 -3.504308869316246e-06 -8.114158154888102e-06 4.819677622465276e-06
5.105754365182477e-06 -2.828825392822233e-06 -8.357185533220546e-06 4.013338800175733e-06
4.918854298800862e-06 -1.414021757106283e-06 -8.101773251428986e-06 2.498073390687517e-06
4.192541920830759e-06 -1.476640992017380e-06 -7.271851793924547e-06 2.476496136599777e-06
-3.164087287077367e-07 -1.309720384055596e-07 1.162963961481134e-06 -2.990285333784476e-07
-3.226983171903146e-07 -1.158111418581744e-07 1.189611413499350e-06 -3.629986542079430e-07
-3.226575621588944e-07 -5.944501461152414e-08 1.191273581767220e-06 -6.144722417028669e-07
-3.164038861852856e-07 -4.454733654687760e-08 1.163528466956462e-06 -6.811968801978722e-07
4.186578763566204e-06 -3.449223134701470e-06 -7.236219206710285e-06 4.841449738604073e-06
3.568075737767267e-06 -3.363992849777195e-06 -6.449238426294282e-06 4.782473041929445e-06
4.024105801425021e-06 -2.219551886364309e-06 -7.107441617822411e-06 3.348331753621619e-06
3.548268449143617e-06 -1.487561751077006e-06 -6.469439760908296e-06 2.390005400420094e-06
-3.013239365018355e-07 -1.372621517551732e-07 1.098996208828148e-06 -2.730305608844130e-07
-2.861709970341273e-07 -7.547509681149588e-08 1.030096077175566e-06 -5.431660362160519e-07
-3.014911792839699e-07 -3.836043321218535e-08 1.098114274047396e-06 -7.074925984013490e-07
3.356965892083541e-06 -2.767371852622730e-06 -6.206354923522675e-06 4.047383720707880e-06
2.986601700705656e-06 -3.200195297570379e-06 -5.714090186765914e-06 4.610562233068205e-06
2.462711685784072e-06 -2.994887048622377e-06 -5.022595146823720e-06 4.357720483410062e-06
3.171661663191441e-06 -1.997677029364805e-06 -5.982173859711500e-06 3.018520664903484e-06
2.976433881654199e-06 -1.413299985720907e-06 -5.737994154558152e-06 2.243431328712844e-06
-1.992138248063644e-07 -1.390462204251853e-07 6.731408330566889e-07 -2.981428512242138e-07
-1.991813637385065e-07 -3.672843227507768e-08 6.760470120340076e-07 -6.832909382593395e-07
-1.461356193225273e-07 -8.785247315254437e-08 4.849196389268013e-07 -4.973609989410115e-07
2.004250527051112e-06 -2.727620138815727e-06 -4.376943010327294e-06 4.031077178407230e-06
2.379322304414535e-06 -2.430750534076116e-06 -4.921266213357912e-06 3.606397673930015e-06
2.553537343887993e-06 -1.769940239807231e-06 -5.168037697199723e-06 2.722175276948246e-06
2.475554552818304e-06 -1.269019354074102e-06 -5.058274859893272e-06 1.995514581285805e-06
-8.886484848033248e-08 -1.479410687450613e-07 3.499582742730678e-07 -3.867480953057203e-07
-8.871965740328089e-08 -2.745323920929112e-08 3.315332115809218e-07 -6.516352657491390e-07
-2.406370303874545e-08 -8.748719933280526e-08 1.941307273545874e-07 -5.136738366080768e-07
1.598745862109055e-06 -2.436699010960954e-06 -3.783459268403487e-06 3.657452710384456e-06
1.268275803080769e-06 -2.128253836933753e-06 -3.326286323904707e-06 3.287458547928468e-06
1.967228707922687e-06 -1.679005274152294e-06 -4.315907712602902e-06 2.615466526944868e-06
2.053347625481438e-06 -1.059692441203082e-06 -4.437004346283353e-06 1.649973888502248e-06
4.972260154243131e-08 -1.669802724636665e-07 2.458250162189603e-08 -3.175280343188663e-07
4.988810485391451e-08 -7.511168231229780e-09 2.998482339855905e-08 -7.231434497980250e-07
1.354160065851368e-06 -1.698282960977169e-06 -3.444328504330128e-06 2.711375605139635e-06
1.007590902361768e-06 -1.793946681132307e-06 -2.895905940261609e-06 2.867302688864972e-06
1.486635121020858e-06 -1.262384693831302e-06 -3.622378570020656e-06 1.994379586233062e-06
1.712820098296709e-06 -8.258755561902905e-07 -3.959825204427889e-06 1.270373096533421e-06
1.305511946479747e-07 -8.705704966299388e-08 -1.686406925003087e-07 -5.416743981647561e-07
2.262359440392376e-07 -1.948761152363973e-07 -4.320218222034961e-07 -2.634943214071881e-07
2.259524099881543e-07 2.166526698471184e-08 -4.383737100480191e-07 -8.733619081622001e-07
7.928392666841753e-07 -1.460511271447284e-06 -2.507893011752890e-06 2.370192887352076e-06
6.545626203419166e-07 -1.156550578312006e-06 -2.163959370457799e-06 1.846697115211748e-06
5.779344112279493e-07 -8.549373729722657e-07 -1.895812459843044e-06 1.302818898726377e-06
1.225432586650772e-06 -9.066444378185662e-07 -3.197055722551361e-06 1.410870508522682e-06
1.451269037428139e-06 -5.919671215067565e-07 -3.593412572675526e-06 8.591167355436453e-07
3.028575974715723e-07 -8.742289685725108e-08 -6.580945079120273e-07 -5.536248400728449e-07
3.966296468631416e-07 -2.226052276086894e-07 -9.693751240356622e-07 -1.350477965146889e-07
3.975503103987697e-07 5.274937034630383e-08 -9.569146565747190e-07 -1.003625265040051e-06
8.165547861441262e-07 -8.443308578036333e-07 -2.453439693584636e-06 1.298550907088637e-06
5.347308911925102e-07 -5.826902041585649e-07 -1.702083124114696e-06 7.786560009005013e-07
5.320547495603618e-07 -2.451628079526022e-07 -1.456906861350386e-06 -4.426955926939648e-08
5.580524476827147e-07 -2.744145683717283e-07 -1.573808197037537e-06 4.252258277129277e-08
5.558936680264002e-07 -3.432150077960882e-07 -1.626952679198138e-06 2.314532463710697e-07
1.053659232807407e-06 -5.612815192254316e-07 -2.919514118470399e-06 7.907626317695035e-07
1.250775134787080e-06 -3.758450584489271e-07 -3.348999532044482e-06 3.943632569385632e-07
4.800963229940781e-07 -1.083970686969066e-07 -1.240746181383716e-06 -4.811340078845804e-07
5.754792384705848e-07 7.864557055103346e-08 -1.473308945557768e-06 -1.071293376865830e-06
7.046307593809145e-07 -4.001532008497181e-07 -2.099848966017848e-06 4.038894210919744e-07
5.812054190004300e-07 -1.680862921403375e-07 -1.597195451415013e-06 -2.683451060703684e-07
6.134957393039098e-07 -2.530192123922880e-07 -1.761229837726493e-06 -1.162958752589783e-08
9.501482224775159e-07 -3.122866197368168e-07 -2.722382171024473e-06 2.370925056867236e-07
1.109177633010450e-06 -1.953429841092711e-07 -3.216865690083248e-06 -7.121978274597849e-08
6.202853808805729e-07 -8.818930881156603e-09 -1.617092021850099e-06 -7.809251417514152e-07
6.426517167640009e-07 1.005689631095582e-07 -1.621990248997125e-06 -1.170046574067112e-06
7.708247433479673e-07 -1.007725626263554e-07 -2.208854515149012e-06 -3.878199777807345e-07
1.038743096568072e-06 -4.482628970823005e-08 -3.168939466954218e-06 -5.801274493401845e-07
9.703505693307096e-07 6.640069154806091e-08 -3.192925725465841e-06 -1.029552642978888e-06
7.331799156290693e-07 8.376500971182760e-08 -1.938005306255505e-06 -1.094601870371395e-06
6.900204983420643e-07 1.320649658184474e-07 -1.721944846616933e-06 -1.367401234191886e-06
7.623929813699454e-07 1.885451200954494e-07 -1.839551486353973e-06 -1.874456348807319e-06
8.853994026879746e-07 1.018000210759461e-07 -2.713846456653017e-06 -1.097664276183690e-06
8.383148298676716e-07 1.918561424635092e-07 -1.996923552475259e-06 -2.371001659695024e-06
9.202098675056468e-07 1.622393867303240e-07 -3.316606395601626e-06 -1.485603056826854e-06
8.320437181911994e-07 2.066060154507645e-07 -2.246923179083139e-06 -1.907179456083668e-06
8.795391632032195e-07 2.086122609800267e-07 -2.934244639041936e-06 -1.930666764754210e-06
8.861427051125906e-07 1.732553878347204e-07 -2.215402838498184e-06 -2.849345506368357e-06
8.600331927086576e-07 2.087101138566556e-07 -3.549673832982261e-06 -1.895317437667712e-06
8.488193229314275e-07 2.108443232686278e-07 -3.381975901549927e-06 -2.364299796545502e-06
8.837284606268803e-07 1.925946214231158e-07 -2.915451826578040e-06 -2.686070777841631e-06
9.173588198161477e-07 1.074527584681816e-07 -2.497310053503771e-06 -3.330651625161693e-06
9.034047310310216e-07 1.168066010115306e-08 -2.879751605006168e-06 -3.809819044180137e-06
7.672913256351599e-07 2.253970269837259e-07 -3.975372650348904e-06 -2.321391461224623e-06
7.979080222452225e-07 1.621776836323461e-07 -3.744114171148998e-06 -2.919526669980536e-06
8.443025644299411e-07 4.061809519919866e-08 -3.466374835888789e-06 -3.612760325989908e-06
8.668997776877072e-07 -1.110777339629094e-07 -3.321960113332031e-06 -4.245923783003117e-06
6.451562314679268e-07 2.117786697998867e-07 -4.441302338397454e-06 -2.687298850812490e-06
6.692757075198983e-07 3.122551236863188e-08 -4.283308046616533e-06 -3.594221151003704e-06
7.837078681008265e-07 -2.338815277132829e-07 -3.780831109679896e-06 -4.632343931716395e-06
6.473106670383815e-07 -3.669972186036716e-07 -4.316354069447378e-06 -5.022689991384301e-06
4.755567082960046e-07 -5.066025164714824e-07 -4.932242761370253e-06 -5.405449483062922e-06
4.738140677622603e-07 -1.934026310060633e-08 -5.023281533758829e-06 -3.767909292206676e-06
4.814599187169752e-07 1.766597016910240e-07 -5.046695080884776e-06 -2.982986320686632e-06
5.182504584155146e-07 -2.576155403998559e-07 -4.819259656508179e-06 -4.617221585080212e-06
2.538317089533366e-07 -6.183117623486788e-07 -5.658397741665255e-06 -5.690083092530245e-06
-1.062575937758544e-08 -7.137832066515419e-07 -6.488525551622505e-06 -5.858417070109402e-06
2.871311310388845e-07 -6.600675661506158e-08 -5.642989676531579e-06 -3.927071156451629e-06
2.645422041907250e-07 1.543906186828230e-07 -5.732506539680526e-06 -3.174746072313096e-06
-3.006323497717041e-07 -7.747484566410123e-07 -7.361772992334991e-06 -5.937297454728734e-06
4.680362913979316e-08 -3.044880864445024e-07 -6.377540877517500e-06 -4.657417199319918e-06
4.857651515364937e-09 1.559444478718887e-07 -6.531525840530585e-06 -3.283515027921922e-06
-3.604731736624895e-07 -3.574460649093664e-07 -7.518632806329777e-06 -4.793697180658500e-06
-6.677399838228097e-07 -8.266150726140617e-07 -8.401201592777807e-06 -6.042575296779523e-06
-2.866344246505936e-07 1.757146725153730e-07 -7.343785014186767e-06 -3.288825269304895e-06
-1.217504916488753e-06 -8.777093331097685e-07 -9.909653030422383e-06 -6.080749156343967e-06
-7.619132131034927e-07 -1.052500304321093e-07 -8.664544979336978e-06 -4.107070719302813e-06
-6.658269456856809e-07 2.288311847523446e-07 -8.389051578828760e-06 -3.180812040448238e-06
-2.077227603747189e-06 -9.546024482902305e-07 -1.208378554884022e-05 -6.072270023972222e-06
-1.629935078812217e-06 -2.459518887364899e-07 -1.096437529731054e-05 -4.463853362374971e-06
-1.219901604342779e-06 2.972607684560094e-07 -9.917597681669632e-06 -3.050502975093087e-06
-3.355233325011619e-06 -1.034710598295992e-06 -1.481613721438320e-05 -5.948325182057896e-06
-2.693542248884875e-06 -2.913836659464748e-07 -1.344775163144924e-05 -4.551177399590790e-06
-2.078852528504788e-06 3.740601031896956e-07 -1.196990044170449e-05 -2.973639887650480e-06
-4.819184043166744e-06 -1.101022343740455e-06 -1.740815871389346e-05 -5.778671442676776e-06
-4.066700207938706e-06 -2.884368494370822e-07 -1.613678323996935e-05 -4.508541956661295e-06
-3.356200119330615e-06 4.557047850002864e-07 -1.473006213134040e-05 -3.065477661835079e-06
-6.399552424976690e-06 -1.157727213570823e-06 -1.971934418365162e-05 -5.694149599477562e-06
-5.591302786380673e-06 -2.860051989304639e-07 -1.859033335259837e-05 -4.477432651577596e-06
-4.819919910669393e-06 5.266020330587074e-07 -1.732910048651751e-05 -3.167540304857598e-06
-8.082842589969988e-06 -1.207044836461212e-06 -2.191887074739658e-05 -5.716191845705844e-06
-7.225304601958522e-06 -2.835275361326611e-07 -2.085945555373693e-05 -4.467633201257411e-06
-6.400288476091903e-06 5.881315364915958e-07 -1.974703671458627e-05 -3.220431177948789e-06
-9.856355939569899e-06 -1.249105908074040e-06 -2.432160029841736e-05 -5.719830383939169e-06
-8.955850798831905e-06 -2.810554631573260e-07 -2.317866131428050e-05 -4.472529245669353e-06
-8.083519842574291e-06 6.423941705426961e-07 -2.204025481879840e-05 -3.193655189925428e-06
-1.170556424922839e-05 -1.283180823842453e-06 -2.678315396531484e-05 -5.745184245803442e-06
-1.076973459273363e-05 -2.787834872772692e-07 -2.561095613549069e-05 -4.493428041504614e-06
-9.856792109894420e-06 6.892536443950041e-07 -2.440977534939530e-05 -3.216289080572891e-06
-1.361468145428221e-05 -1.309085750633228e-06 -2.907309763351668e-05 -5.712039942086077e-06
-1.265163129649324e-05 -2.766909558832515e-07 -2.794756389587627e-05 -4.502040657481630e-06
-1.170602963776565e-05 7.277658718528891e-07 -2.679753262456411e-05 -3.262655753972940e-06
-1.556777330107769e-05 -1.327358584259834e-06 -3.115323412435307e-05 -5.663251695758098e-06
-1.458525253750301e-05 -2.749365759978905e-07 -3.009335847479820e-05 -4.504065886283299e-06
-1.361508464223404e-05 7.575026812071214e-07 -2.899397918093687e-05 -3.320812355061205e-06
-1.755060002416119e-05 -1.338824643301450e-06 -3.315802725732887e-05 -5.727948261640207e-06
-1.655548772954034e-05 -2.734664073765275e-07 -3.210460865201697e-05 -4.548330891673109e-06
-1.556819571172596e-05 7.790146917674967e-07 -3.103035903510296e-05 -3.442944009310367e-06
-2.184055812679372e-05 -1.227823638653399e-06 -3.824255680129537e-05 -5.723605045452020e-06
-2.155585017603292e-05 -1.345714054617195e-06 -3.789739387662542e-05 -5.866499270200088e-06
-1.844459390511091e-05 -2.726627412533814e-07 -3.416221005304236e-05 -4.547216760654816e-06
-1.955024497634732e-05 -1.344453939875745e-06 -3.543891207946123e-05 -5.857245296596050e-06
-1.755068531171137e-05 7.927382511770840e-07 -3.318206391593593e-05 -3.382984745306254e-06
-2.195849006461050e-05 -9.431740786442765e-07 -3.838627332108094e-05 -5.380288147872011e-06
-2.128441561159213e-05 -2.720843733702395e-07 -3.758516283534113e-05 -4.580138264215348e-06
-1.955026885130984e-05 7.998066137442501e-07 -3.547304688745306e-05 -3.299396323717450e-06
-2.195836561529711e-05 3.989475487709561e-07 -3.842299019931512e-05 -3.760097522230051e-06
-2.155575239721217e-05 8.014229535631858e-07 -3.794059898933116e-05 -3.273992533082739e-06
-2.184043567324941e-05 6.835527986883355e-07 -3.828217176411070e-05 -3.416134103901140e-06
