6.827377907248425e-05 -9.050360425158045e-06 -1.446206719119302e-05 3.116289182819428e-06
6.854827402178139e-05 -8.387727014543952e-06 -1.451470906814696e-05 2.993606953430583e-06
6.854803910227362e-05 -5.263926806503090e-06 -1.460422868891867e-05 2.425925761075439e-06
6.827351716260175e-05 -4.601301389148250e-06 -1.456431267185442e-05 2.319184502253933e-06
6.761109517998447e-05 -9.324820030763673e-06 -1.433867127166670e-05 3.167868453557712e-06
6.636784730458576e-05 -6.825801429830803e-06 -1.415824682474403e-05 2.721189195188336e-06
6.761080586917562e-05 -4.326849034819708e-06 -1.446119505489277e-05 2.274705958339573e-06
6.294482784541165e-05 -9.323942089457439e-06 -1.342087277656020e-05 3.208422854551729e-06
6.294457980631009e-05 -4.328130181391707e-06 -1.360222765305570e-05 2.253567616760111e-06
6.036949968847092e-05 -6.826360948904876e-06 -1.302599896651067e-05 2.695735390469829e-06
5.828284965018132e-05 -9.319529723727334e-06 -1.249066886794759e-05 3.159801141148571e-06
5.828254524829559e-05 -4.333760795599823e-06 -1.273868077944518e-05 2.210350036226492e-06
5.595507309704451e-05 -6.826914589083546e-06 -1.212340048348050e-05 2.723800700652467e-06
5.363438325875966e-05 -9.309915456756059e-06 -1.160179443945301e-05 3.156072212047220e-06
5.363425466968179e-05 -4.344948394299507e-06 -1.166223784497131e-05 2.272585047416843e-06
5.131716588702600e-05 -6.827926225594794e-06 -1.121811260397788e-05 2.711631193591943e-06
4.901060614667812e-05 -9.294873883682168e-06 -1.082360388341519e-05 3.153543878645853e-06
4.901021975430108e-05 -4.361981428562741e-06 -1.079244711090148e-05 2.253620531982429e-06
4.670901288601206e-05 -6.828869547879543e-06 -1.039435399464341e-05 2.729886223268588e-06
4.442203739905529e-05 -9.273467145886595e-06 -1.006946580970426e-05 3.135287089813108e-06
4.442154337160417e-05 -4.384944988383234e-06 -1.009061449343832e-05 2.336278512294145e-06
4.214189665280031e-05 -6.829670873371712e-06 -9.599380633971251e-06 2.699628554563094e-06
3.988067430188772e-05 -9.245313861871111e-06 -9.293083629093721e-06 3.057409918987522e-06
3.988017412305174e-05 -4.414640225150659e-06 -9.500286189392953e-06 2.370969631482755e-06
3.762837582154393e-05 -6.830475996037651e-06 -8.875636712683714e-06 2.748618475636574e-06
3.539950994727140e-05 -9.209782532250495e-06 -8.731792801464116e-06 3.068853298825523e-06
3.539898811492613e-05 -4.451730157784555e-06 -8.828120729216084e-06 2.313471236704634e-06
3.318205808909226e-05 -6.831232556046401e-06 -8.202850409519660e-06 2.792569300520607e-06
3.099297411201976e-05 -9.165742807585973e-06 -8.236613768230539e-06 3.105691513973977e-06
3.099235323953177e-05 -4.497423322986652e-06 -8.041576994432051e-06 2.309780328739589e-06
2.881811738871839e-05 -6.832017613602537e-06 -7.553661350401759e-06 2.785720602277271e-06
2.667789533251664e-05 -9.111077980230539e-06 -7.553238383455983e-06 3.223753231750526e-06
2.667751101597095e-05 -4.553908658167727e-06 -7.217688818016351e-06 2.394914309397066e-06
2.455603576337982e-05 -6.832812620964395e-06 -6.833826410723152e-06 2.795353950504917e-06
2.247701079412892e-05 -9.042360444297213e-06 -6.574878491441677e-06 3.362926833266374e-06
2.247666618939685e-05 -4.624815521467813e-06 -6.349401370659908e-06 2.405276384694361e-06
2.050313688890339e-05 -6.833180346406858e-06 -6.007255376732849e-06 2.845968657502113e-06
1.857957646943162e-05 -8.958690588797330e-06 -5.671659542109295e-06 3.403847509153799e-06
1.857911048900379e-05 -4.713806215145405e-06 -5.493708118275755e-06 2.448975419938977e-06
1.715153162121970e-05 -6.995272951606203e-06 -5.260435154731908e-06 2.903185405390092e-06
1.574511678754094e-05 -8.877472281840678e-06 -5.028434021688199e-06 3.309826925204872e-06
1.574302576407979e-05 -4.799443592139256e-06 -4.913304238333483e-06 2.496393409280856e-06
1.376185106154755e-05 -8.804547114018157e-06 -4.556874419996124e-06 3.300748271533675e-06
1.412616016361596e-05 -7.515832749712847e-06 -4.625771619055149e-06 3.024068243440233e-06
1.375820919480792e-05 -4.855612527998084e-06 -4.549749680379150e-06 2.571208537005196e-06
1.236142208055757e-05 -4.916307732966390e-06 -4.272305185549656e-06 2.585283661085295e-06
-1.738895246831838e-06 -2.488483640030595e-07 1.148139607109372e-06 1.177443292769740e-06
-1.772595388142082e-06 -1.678062463485248e-07 1.169496019385350e-06 1.123129931819285e-06
-1.772399044018481e-06 1.339275507627828e-07 1.175493044343174e-06 9.188088704184209e-07
-1.738873157326867e-06 2.138036723169220e-07 1.154634587703172e-06 8.638887238397228e-07
1.235550307646716e-05 -8.752459438222284e-06 -4.283072797246561e-06 3.293096838133313e-06
1.112650658756014e-05 -8.634709035236157e-06 -4.045689858233523e-06 3.268247342678500e-06
1.205841605533813e-05 -6.358174788893568e-06 -4.210587814454858e-06 2.805866976945494e-06
1.110889479715682e-05 -4.873179027471398e-06 -4.086311711329191e-06 2.603371460165819e-06
-1.658215141801531e-06 -2.823640486539634e-07 1.096726607289844e-06 1.200619968546023e-06
-1.577063559079351e-06 4.860278120275150e-08 1.046965479227003e-06 9.827808124658719e-07
-1.658915549247072e-06 2.471558907128591e-07 1.102140358684673e-06 8.421386729424254e-07
1.072266413848444e-05 -7.462714606362216e-06 -3.963475048358661e-06 3.048464931325693e-06
9.942228850948763e-06 -8.369037057228714e-06 -3.850826011847006e-06 3.185832813632417e-06
8.830407320653523e-06 -7.993334434424867e-06 -3.710033634636017e-06 3.122199777528487e-06
1.035398832652185e-05 -5.894869932174737e-06 -3.949819827987530e-06 2.786590701367393e-06
9.945737522489427e-06 -4.640635629769384e-06 -3.920081225612449e-06 2.563712279985783e-06
-1.111872034047459e-06 -2.913666151097192e-07 7.535972054051146e-07 1.210600256454428e-06
-1.111396989526066e-06 2.571614928346933e-07 7.377381581345847e-07 8.370973502835779e-07
-8.282223234947205e-07 -1.689860284312580e-08 5.526037858786228e-07 1.008865695106604e-06
7.807342713899697e-06 -7.489940759101151e-06 -3.536594277773335e-06 3.063282575680802e-06
8.670549492016608e-06 -6.822965570102084e-06 -3.679826076643506e-06 2.973451012574158e-06
9.049053953046708e-06 -5.392797302805862e-06 -3.768383191950218e-06 2.704140221075478e-06
8.889832313230438e-06 -4.238496260163414e-06 -3.755122421240769e-06 2.454616201696982e-06
-5.202518225358973e-07 -3.434863998210062e-07 3.437033079675363e-07 1.207764502547549e-06
-5.201443615472350e-07 3.101156748417785e-07 3.504945727930685e-07 8.092292185457128e-07
-1.682215082951524e-07 -1.636805594737391e-08 1.011007453978893e-07 9.872222864519865e-07
6.867718655126638e-06 -6.900185547225027e-06 -3.360809354514459e-06 3.001447960302221e-06
6.040824657318449e-06 -6.234381044546807e-06 -3.178805261026903e-06 2.905855786241748e-06
7.744609517427662e-06 -5.179875384084712e-06 -3.487860023478591e-06 2.674168535742992e-06
7.966188781815987e-06 -3.679227337903904e-06 -3.542393787869986e-06 2.327687550445175e-06
2.375603862774700e-07 -4.574578701604627e-07 -1.915649142516927e-07 1.248115091171974e-06
2.378672218541071e-07 4.255979458120828e-07 -2.174250653245381e-07 6.871308497476544e-07
6.252127074335206e-06 -5.242567493154391e-06 -3.216620456087194e-06 2.722497255775044e-06
5.327078755777517e-06 -5.488729940255063e-06 -3.009793357973157e-06 2.791602093744578e-06
6.597071718615104e-06 -4.162363609074538e-06 -3.284558702311383e-06 2.464777945255302e-06
7.192997974920536e-06 -3.013481327551651e-06 -3.412781644827326e-06 2.178843747146689e-06
6.871185473547469e-07 -1.562564568337190e-08 -4.753950329932429e-07 9.574693985504599e-07
1.223982394535085e-06 -6.227402319217460e-07 -7.391848123971388e-07 1.287073341678242e-06
1.223313974063742e-06 5.938650408076109e-07 -7.465306618390917e-07 6.166723340577868e-07
4.708820213142088e-06 -4.695663745665162e-06 -2.854323031402060e-06 2.669188251319288e-06
4.220806959387073e-06 -3.888613991207194e-06 -2.644634185454525e-06 2.483092528365127e-06
3.850964395282091e-06 -3.045854296154665e-06 -2.441894621403235e-06 2.253106870379539e-06
5.901581224471940e-06 -3.219312401568040e-06 -3.147488570180216e-06 2.265156937746000e-06
6.580883026829913e-06 -2.278498648065921e-06 -3.337252282458158e-06 1.980219014008381e-06
1.656248638801388e-06 -1.676501307761477e-08 -9.714410783827910e-07 9.169697716734889e-07
2.188803287692354e-06 -7.856294961111209e-07 -1.333389776173704e-06 1.380454730160874e-06
2.189711314493889e-06 7.662315873933688e-07 -1.297110014368543e-06 4.511390478120540e-07
4.674346659416744e-06 -3.038488082348651e-06 -2.769703753930906e-06 2.257845138962325e-06
3.577824108456685e-06 -2.199669999163222e-06 -2.274337683832029e-06 1.947015851399005e-06
3.059895746853018e-06 -9.234444916959850e-07 -1.831119104915558e-06 1.395312940143221e-06
3.307748662539964e-06 -1.063351878186141e-06 -1.982174134450513e-06 1.462200818715482e-06
3.432081973922769e-06 -1.352685184789568e-06 -2.094275956899408e-06 1.594414691859129e-06
5.423054473375625e-06 -2.173845499262488e-06 -3.030861296974625e-06 1.961957704749430e-06
6.123986834029632e-06 -1.510011215290402e-06 -3.308669839715521e-06 1.714213875406538e-06
2.667618535889186e-06 -1.297054036003829e-07 -1.618334502012276e-06 9.778872659028451e-07
3.082721732736887e-06 8.925028144801517e-07 -1.791132680610040e-06 3.967215950527133e-07
4.150417755693472e-06 -1.606264444067914e-06 -2.490912240984892e-06 1.735927322129365e-06
3.334618338421783e-06 -5.114022472781632e-07 -1.967947025726370e-06 1.188945114206655e-06
3.629816820369477e-06 -9.645881401277290e-07 -2.168514896778810e-06 1.423444884219707e-06
5.090737883209156e-06 -1.274316374171743e-06 -2.929715992430461e-06 1.628069797992828e-06
5.832907571193817e-06 -7.443050463114646e-07 -3.352262637186474e-06 1.374888195074457e-06
3.368873395168414e-06 3.722296774836180e-07 -1.956074351616632e-06 7.135896356749050e-07
3.344643864924221e-06 1.025330153099582e-06 -1.893565568121819e-06 3.144533034578797e-07
4.331064954087180e-06 -3.117172480340367e-07 -2.563157234955176e-06 1.152618251369292e-06
5.723651213667870e-06 8.110481206683091e-09 -3.404374599782690e-06 9.422337594947661e-07
5.764137162951639e-06 7.339519608458187e-07 -3.545001502765002e-06 4.667700367321397e-07
3.901023477031236e-06 8.545144096122088e-07 -2.265708407803311e-06 4.385788402858672e-07
3.500462353761004e-06 1.303598582702098e-06 -1.946559574767922e-06 1.178609205803271e-07
3.696067116979862e-06 2.059264616099223e-06 -1.987329449730074e-06 -4.876273508484848e-07
5.043688822764588e-06 8.344473844634175e-07 -3.046679915869332e-06 4.419260459412151e-07
3.978101988753822e-06 2.775925356579150e-06 -2.120837233075714e-06 -1.157626297385810e-06
5.958950362431846e-06 1.462506938567985e-06 -3.783602968732025e-06 -3.523880215539362e-08
4.383147547138228e-06 2.090439301566857e-06 -2.542346708452683e-06 -4.750032494783808e-07
5.379370976932896e-06 2.146686268175758e-06 -3.342011052437336e-06 -5.512642006641292e-07
4.336906330255999e-06 3.453279831639860e-06 -2.390130157894035e-06 -1.823533718254119e-06
6.283910019717180e-06 2.147654320404367e-06 -4.190622216766692e-06 -5.813949200824819e-07
5.991938102005369e-06 2.811611429062602e-06 -3.960398771017212e-06 -1.163927345770277e-06
5.322330279471331e-06 3.222195848811710e-06 -3.312887162992479e-06 -1.551907171955302e-06
4.770078360442962e-06 4.086009694548240e-06 -2.776865938722187e-06 -2.498569120376952e-06
5.273841492826821e-06 4.666621986895553e-06 -3.309283860422129e-06 -3.151077216446035e-06
6.727448324048015e-06 2.772876334210728e-06 -4.781197868192312e-06 -1.111970661496637e-06
6.394547039411977e-06 3.543685829649066e-06 -4.453519518455205e-06 -1.900348671825053e-06
6.005683593367345e-06 4.433653952619306e-06 -4.077960224796426e-06 -2.897787230167640e-06
5.840819607105540e-06 5.187489850032562e-06 -3.911841185051380e-06 -3.785151882971075e-06
7.274130934766147e-06 3.314599902799296e-06 -5.524383119169321e-06 -1.625882449408793e-06
7.104504145650243e-06 4.425661913899384e-06 -5.352185998384611e-06 -2.910363308837474e-06
6.464907398051155e-06 5.640805889993448e-06 -4.592562203260697e-06 -4.369845565547432e-06
7.138189749815214e-06 6.020990975884357e-06 -5.408857559538919e-06 -4.905861427467259e-06
7.850796312056664e-06 6.322491732026867e-06 -6.270958386437096e-06 -5.287022943491271e-06
7.912284985855379e-06 4.661257373238086e-06 -6.358763162879093e-06 -3.225623326184027e-06
7.908081784628009e-06 3.755468701498427e-06 -6.324899018237903e-06 -2.100020289620280e-06
7.753447064042683e-06 5.554160260729524e-06 -6.157635191832895e-06 -4.345545867633615e-06
8.594521695447346e-06 6.540607405737350e-06 -7.216279713310337e-06 -5.536867809820270e-06
9.358195613176623e-06 6.672368141345369e-06 -8.162788923468365e-06 -5.686590470496299e-06
8.552080031861645e-06 4.862972449813061e-06 -7.197673317024886e-06 -3.490228346054283e-06
8.610526569026735e-06 4.080731645580398e-06 -7.268058491585076e-06 -2.510002863300426e-06
1.013249531888456e-05 6.716132948613530e-06 -9.073603189405812e-06 -5.742141283667678e-06
9.273083303867570e-06 5.584420517204837e-06 -8.082542001028705e-06 -4.366684794211320e-06
9.359610890772919e-06 4.280419441495498e-06 -8.187494372027913e-06 -2.776687788433067e-06
1.030413056814539e-05 5.699212647654590e-06 -9.314325378838942e-06 -4.518857643240042e-06
1.098401882160974e-05 6.714632575259882e-06 -1.007784502439361e-05 -5.719445591892041e-06
1.013231872852138e-05 4.348094129240078e-06 -9.114552265017469e-06 -2.881116781802624e-06
1.215411296334236e-05 6.711685627221572e-06 -1.145477979129962e-05 -5.724163137878213e-06
1.123195647304312e-05 5.122262165978060e-06 -1.040286555268418e-05 -3.863253254452166e-06
1.098425128185305e-05 4.349172822176171e-06 -1.009892885241802e-05 -2.965064554447951e-06
1.375294057640316e-05 6.703293568629019e-06 -1.334324729591161e-05 -5.759293020436760e-06
1.296447856375588e-05 5.440127122399424e-06 -1.233647650083172e-05 -4.228798009748667e-06
1.215398250413460e-05 4.352803515877128e-06 -1.137725731706695e-05 -3.032892007863424e-06
1.584022591353574e-05 6.688129772686561e-06 -1.585267199423985e-05 -5.780461728666525e-06
1.480117791835971e-05 5.531852361764911e-06 -1.450565659249849e-05 -4.346110242527620e-06
1.375294757659057e-05 4.361000404079128e-06 -1.320869921436779e-05 -2.937485301352018e-06
1.798316041561744e-05 6.669437100060024e-06 -1.855861781257668e-05 -5.685823097588755e-06
1.691758825105481e-05 5.531573764309016e-06 -1.712316689192340e-05 -4.342196043170345e-06
1.584022954901697e-05 4.375390948979625e-06 -1.570117751017769e-05 -2.898641902165728e-06
2.008994311603457e-05 6.650511366617468e-06 -2.117122633845579e-05 -5.772469092896703e-06
1.904254285100606e-05 5.531233568830159e-06 -1.985608602432135e-05 -4.341514037403775e-06
1.798317238170043e-05 4.393397380842051e-06 -1.844370989367184e-05 -2.838463981077437e-06
2.216235079142461e-05 6.633336436637024e-06 -2.393971898623356e-05 -5.870991463763768e-06
2.113150061005224e-05 5.531025163224559e-06 -2.260738426437104e-05 -4.325890451254415e-06
2.008988272498399e-05 4.411782886517480e-06 -2.127679947226399e-05 -2.770494285024636e-06
2.420511631277633e-05 6.618626037543963e-06 -2.695649219151926e-05 -6.043700248819913e-06
2.318830105908814e-05 5.530888535357259e-06 -2.546292835185135e-05 -4.331331218032461e-06
2.216239545643997e-05 4.428558904491512e-06 -2.409318366742119e-05 -2.735917937773187e-06
2.622312304965479e-05 6.606647543156957e-06 -3.038058088187869e-05 -6.245622151124264e-06
2.521791935168393e-05 5.530848427983693e-06 -2.863515646834155e-05 -4.339631903720367e-06
2.420520581430219e-05 4.443019294947679e-06 -2.710104556665661e-05 -2.674739634944857e-06
2.822062874848688e-05 6.597577879182094e-06 -3.405432724453522e-05 -6.387162592553646e-06
2.722480695984310e-05 5.530959278962215e-06 -3.217216214177973e-05 -4.357559869971946e-06
2.622314472470466e-05 4.455123054420696e-06 -3.041941177370266e-05 -2.504082363795062e-06
3.020391364097135e-05 6.592372702129334e-06 -3.787829894388000e-05 -6.321580913103064e-06
2.921377775006954e-05 5.531170855389551e-06 -3.596987220050456e-05 -4.344337272854918e-06
2.822039949501520e-05 4.464594718277109e-06 -3.406595224014047e-05 -2.326494664449112e-06
3.218106098805557e-05 6.590989107381646e-06 -4.151184849669979e-05 -6.249098363032463e-06
3.119275243843997e-05 5.531499884289398e-06 -3.972196047328671e-05 -4.397187015691010e-06
3.020355258219949e-05 4.470294898035417e-06 -3.784088692713283e-05 -2.384766198051957e-06
3.641954942860838e-05 6.475812735184993e-06 -4.864063534384912e-05 -5.966129903379747e-06
3.613837974876639e-05 6.592264421960916e-06 -4.817571890537802e-05 -6.160065997975502e-06
3.306646258999777e-05 5.531766407784446e-06 -4.310724912712784e-05 -4.387201127343232e-06
3.415845466780802e-05 6.591904686885989e-06 -4.493511139294051e-05 -6.243356436394876e-06
3.218089131538484e-05 4.472217211058469e-06 -4.159094321132195e-05 -2.456180051135057e-06
3.653601759956513e-05 6.194665715632987e-06 -4.883564568115700e-05 -5.501212129021287e-06
3.587064452620073e-05 5.531971607584712e-06 -4.778988211880910e-05 -4.434550252116508e-06
3.415846418158014e-05 4.471869623350089e-06 -4.498545116800351e-05 -2.617002262850180e-06
3.653607563982973e-05 4.869250434250444e-06 -4.891196931964577e-05 -3.324494822381321e-06
3.613843374498853e-05 4.471631724361682e-06 -4.825661876685514e-05 -2.656737672135519e-06
3.641960883632860e-05 4.588089641061624e-06 -4.872176584946850e-05 -2.852921697238181e-06
