-4.736491335493885e-05 7.127293190891770e-06 -4.754344517232322e-05 6.107893024164848e-06
-4.753163350435027e-05 6.724725955792055e-06 -4.775364632185647e-05 5.611094364049435e-06
-4.753121920809248e-05 4.827130513388725e-06 -4.782569160116652e-05 3.361477344031751e-06
-4.736445181153054e-05 4.424562940695973e-06 -4.762485937165597e-05 2.874336982986833e-06
-4.696238325653513e-05 7.294047255803788e-06 -4.704282000681314e-05 6.313776823199153e-06
-4.620718549481820e-05 5.775875613127335e-06 -4.620243050556636e-05 4.498428897671566e-06
-4.696187057585805e-05 4.257812126408645e-06 -4.713800057503688e-05 2.672691443727134e-06
-4.412809325316900e-05 7.294328826847960e-06 -4.362882879323148e-05 6.302642167641521e-06
-4.412752144320278e-05 4.257777998610596e-06 -4.372774478512063e-05 2.683389555162638e-06
-4.256278935633541e-05 5.776302802736768e-06 -4.180762465981252e-05 4.491168559801813e-06
-4.129326629749924e-05 7.295009620782305e-06 -4.041065713287178e-05 6.235618574551849e-06
-4.129289001979962e-05 4.258285918172075e-06 -4.031997770769071e-05 2.597556725525497e-06
-3.987543537241009e-05 5.776660395360783e-06 -3.854265300784112e-05 4.467421966419120e-06
-3.845808756294459e-05 7.295200064104921e-06 -3.719577974597943e-05 6.235212514344733e-06
-3.845808655527436e-05 4.258788164998817e-06 -3.677820532601351e-05 2.657264458975722e-06
-3.704074818002239e-05 5.777346902142792e-06 -3.511077433730363e-05 4.391257835555880e-06
-3.562400671067344e-05 7.295206712284936e-06 -3.385845181438737e-05 6.265815810025575e-06
-3.562363898114714e-05 4.260173203117598e-06 -3.357609611796723e-05 2.713281094779844e-06
-3.420726321586743e-05 5.778075475365341e-06 -3.174571662420595e-05 4.369592220234314e-06
-3.279141929856927e-05 7.294762099622007e-06 -3.044392217365001e-05 6.262355855299647e-06
-3.279107483194374e-05 4.262370801308671e-06 -3.046132812427953e-05 2.717978601716307e-06
-3.137556284308810e-05 5.779045680402866e-06 -2.843440602511736e-05 4.358166551029499e-06
-2.996161646689616e-05 7.293037985798847e-06 -2.692587106635717e-05 6.207417764018153e-06
-2.996128291059421e-05 4.265956810897913e-06 -2.718116215069411e-05 2.609306738438970e-06
-2.854807649835178e-05 5.779986820156173e-06 -2.514621938268214e-05 4.354905725596393e-06
-2.713845726589801e-05 7.288596364381633e-06 -2.341259107570270e-05 6.186862530281650e-06
-2.713808946949984e-05 4.272284183425741e-06 -2.379699000660511e-05 2.548141830457649e-06
-2.573035716785257e-05 5.780977959092771e-06 -2.187415711816318e-05 4.367830040238444e-06
-2.432877759684107e-05 7.280188703305175e-06 -2.005142426507061e-05 6.072037507420227e-06
-2.432824146570768e-05 4.282686132574792e-06 -2.039071551647731e-05 2.572178034775158e-06
-2.293018429987430e-05 5.781828989336431e-06 -1.864514199615966e-05 4.410633060009193e-06
-2.154059004531233e-05 7.267661183105844e-06 -1.698637388182268e-05 5.977181178554011e-06
-2.154024467827429e-05 4.297208374736259e-06 -1.718632547495906e-05 2.702975729712375e-06
-2.015553690097906e-05 5.782695264257756e-06 -1.558494003545310e-05 4.400955046733298e-06
-1.878085717634862e-05 7.252011681614437e-06 -1.410342528103579e-05 5.912261626855102e-06
-1.878099654659776e-05 4.314743687066734e-06 -1.411653247295595e-05 2.842752671906348e-06
-1.746709726359984e-05 5.783593670786724e-06 -1.274377779118501e-05 4.417476129400424e-06
-1.616434835700575e-05 7.234199783551070e-06 -1.153093044924833e-05 5.828307811690202e-06
-1.616449291403551e-05 4.335131313567279e-06 -1.146915287364840e-05 3.123542832235959e-06
-1.519095416969361e-05 5.896943734468340e-06 -1.063490030326588e-05 4.522583591189451e-06
-1.420735306654240e-05 7.218284483049987e-06 -9.829362779739587e-06 5.644223489613011e-06
-1.420719817315998e-05 4.353258593588063e-06 -9.825177992708822e-06 3.326077228122008e-06
-1.279874732154197e-05 7.205154968043436e-06 -8.679456399238414e-06 5.562228011845230e-06
-1.307020158171131e-05 6.271580929406834e-06 -8.881315172695825e-06 4.815484315852999e-06
-1.279856279496839e-05 4.364485669139884e-06 -8.670074213058830e-06 3.400821001992573e-06
-1.178306678236282e-05 4.375907459620934e-06 -7.979633687150434e-06 3.466840490982845e-06
2.005365182633521e-06 -3.059632894621477e-07 1.055070473501953e-06 7.291740391790818e-07
2.045155236246123e-06 -4.014521660656030e-07 1.075990545408010e-06 6.805016207518109e-07
2.045008062234566e-06 -7.579459372628106e-07 1.086448056629979e-06 4.965036755067509e-07
2.005379891627000e-06 -8.524999785517256e-07 1.066919349877202e-06 4.441484433652015e-07
-1.178142421428753e-05 7.196349389263007e-06 -7.913934255277557e-06 5.532594548189471e-06
-1.086545942727914e-05 7.136427131198602e-06 -7.275045791663067e-06 5.453338205881542e-06
-1.157429972181856e-05 5.434580073231605e-06 -7.809927938604070e-06 4.195316467648709e-06
-1.086498154400402e-05 4.307438054722636e-06 -7.355298089473083e-06 3.450192353740091e-06
1.910246095133886e-06 -2.666088055345415e-07 1.005698851432150e-06 7.497575398135498e-07
1.814094720482920e-06 -6.577494479268492e-07 9.610392388326061e-07 5.518451168812628e-07
1.910778541003225e-06 -8.922111701136874e-07 1.015774915595057e-06 4.208385068304044e-07
-1.057314512404558e-05 6.268719021681397e-06 -7.072458127121200e-06 4.825084694260620e-06
-9.965859738911001e-06 6.971675170340277e-06 -6.690256259814930e-06 5.280231621421939e-06
-9.096608586191483e-06 6.710061919744346e-06 -6.141321410816141e-06 5.080588145890499e-06
-1.029890686013181e-05 5.075089696988312e-06 -6.928934286173294e-06 3.988621687115527e-06
-9.983818316609559e-06 4.084366208883198e-06 -6.703525383277071e-06 3.293557307177349e-06
1.264650651240421e-06 -2.578786639393041e-07 6.467809730070559e-07 7.579754287956444e-07
1.263486731150916e-06 -9.057476066600643e-07 6.352062077061066e-07 3.872305350526828e-07
9.289005645882345e-07 -5.830592884955782e-07 4.286720694086774e-07 5.514168846868725e-07
-8.268023793575947e-06 6.351154294549539e-06 -5.560095941634570e-06 4.845070898956523e-06
-8.981308602139176e-06 5.807968721490964e-06 -6.060233486283219e-06 4.470292819086297e-06
-9.283050519413818e-06 4.671270529344090e-06 -6.235872222348494e-06 3.686722861501451e-06
-9.162945840242428e-06 3.715041018714884e-06 -6.132512825726530e-06 3.047245196880848e-06
5.654925408944635e-07 -1.995345110292371e-07 2.126235996157633e-07 7.700631470040094e-07
5.648497970907167e-07 -9.690027211766665e-07 1.833881228123988e-07 2.760398802198738e-07
1.506106590914744e-07 -5.855761645649126e-07 -9.390217244003665e-08 4.941483883772436e-07
-7.488613236025048e-06 5.905126922684052e-06 -5.008593991716326e-06 4.556625909262350e-06
-6.769950184973322e-06 5.377389926233162e-06 -4.574726192534638e-06 4.224850138534787e-06
-8.229260166479750e-06 4.493394305278189e-06 -5.519452821201341e-06 3.565467521884436e-06
-8.425827264859974e-06 3.210630533434262e-06 -5.621815020516986e-06 2.734877346980398e-06
-3.250052290974856e-07 -7.142536915523391e-08 -4.477134187272833e-07 8.559723493937056e-07
-3.258650591138471e-07 -1.102629409851191e-06 -4.737939785072817e-07 7.283971982432555e-08
-6.952276205970639e-06 4.555208374698423e-06 -4.705400468241392e-06 3.669857486937470e-06
-6.118907100982717e-06 4.772830733646237e-06 -4.158165519402588e-06 3.824694252985136e-06
-7.259476054040080e-06 3.619544932662092e-06 -4.897972827713296e-06 3.003228072038999e-06
-7.793297914228753e-06 2.590734232520396e-06 -5.202220577719145e-06 2.355310442106954e-06
-8.498161510021405e-07 -5.883066775307316e-07 -8.454179908309359e-07 4.273624893303277e-07
-1.472843465600419e-06 1.141481902134913e-07 -1.271282090356747e-06 8.731130116446372e-07
-1.472915559609382e-06 -1.295086911467942e-06 -1.274263386488773e-06 -8.435881961809307e-08
-5.541305591925867e-06 4.102681361255653e-06 -3.781545040646561e-06 3.323899310318500e-06
-5.046288841625017e-06 3.376448858184404e-06 -3.449505758886187e-06 2.848582860312585e-06
-4.636099840908632e-06 2.598378886660365e-06 -3.157306244828841e-06 2.337387868422422e-06
-6.634349040189830e-06 2.771733124361542e-06 -4.474010748924817e-06 2.451575647226524e-06
-7.282681936674224e-06 1.875731235735754e-06 -4.853198947370514e-06 1.898774475297281e-06
-1.974370502902855e-06 -5.891051031487253e-07 -1.613735028982174e-06 3.937119251314671e-07
-2.588849300639142e-06 2.975110792131141e-07 -2.000974246339476e-06 9.389508567449124e-07
-2.589595187527327e-06 -1.490319368214653e-06 -2.025729243770202e-06 -1.847322992523349e-07
-5.465366398903195e-06 2.601580311104416e-06 -3.718543209111943e-06 2.340976142696262e-06
-4.316718222256751e-06 1.778873567817961e-06 -2.934373314265698e-06 1.781787800866008e-06
-3.613861627556456e-06 4.541498506634312e-07 -2.616533062543659e-06 9.731951308783943e-07
-3.920025186800430e-06 6.081501694622598e-07 -2.767296990455151e-06 1.047539088167094e-06
-4.092037109206623e-06 9.179145371344762e-07 -2.837582869595806e-06 1.225365979857441e-06
-6.194463162210446e-06 1.770480902362878e-06 -4.163795577776334e-06 1.805869660098806e-06
-6.908041133675477e-06 1.092431216967677e-06 -4.597571452192963e-06 1.360236626337326e-06
-3.142529822430131e-06 -4.615992139792663e-07 -2.365523350894778e-06 4.558970585776959e-07
-3.593294450882959e-06 -1.629703077654671e-06 -2.644510683761200e-06 -2.439058200830905e-07
-4.888764573401878e-06 1.193838009149441e-06 -3.318479916207511e-06 1.393060014125822e-06
-3.928884540816634e-06 -1.462667923764825e-08 -2.796087870332162e-06 6.987791583214710e-07
-4.291122255641988e-06 4.990561210533506e-07 -2.974615053896852e-06 9.779153696482531e-07
-5.869178025256332e-06 8.485327284053380e-07 -3.943683961442890e-06 1.185748021879510e-06
-6.685874393814898e-06 2.682456564319223e-07 -4.434970350047182e-06 8.403313109883647e-07
-3.928878721273317e-06 -1.026004737249044e-06 -2.828312059963119e-06 1.101802427009567e-07
-3.869667037126000e-06 -1.783788533094954e-06 -2.818829979599234e-06 -3.293974338673585e-07
-5.054361999254418e-06 -2.061140376739162e-07 -3.452563666866589e-06 5.598824710647852e-07
-6.623266494653717e-06 -5.749800916424517e-07 -4.367001516270993e-06 3.451178820917709e-07
-6.759798083496563e-06 -1.429348257807732e-06 -4.349453829330121e-06 -1.489325661947065e-07
-4.516995042005295e-06 -1.571723819336476e-06 -3.176579985821512e-06 -2.214572110295021e-07
-4.025242079317836e-06 -2.123743479685321e-06 -2.924471954385220e-06 -5.063982133008349e-07
-4.206004325105495e-06 -3.081150308893082e-06 -3.065170333217962e-06 -9.839630895611126e-07
-5.884460959486354e-06 -1.523776431133555e-06 -3.894470973126871e-06 -2.280166281716663e-07
-4.499954568951369e-06 -4.046559702012866e-06 -3.263551106399357e-06 -1.426984602815343e-06
-7.082022730619865e-06 -2.304919130607460e-06 -4.418189268407601e-06 -6.282246781323996e-07
-5.054453876583665e-06 -3.102660784655715e-06 -3.496355224267658e-06 -1.012769861409534e-06
-6.345856473623988e-06 -3.177289946060104e-06 -4.070816473415776e-06 -1.052305390836142e-06
-4.930703808359581e-06 -4.984179146179501e-06 -3.508132323148600e-06 -1.838650696587809e-06
-7.590474854238471e-06 -3.179152035948362e-06 -4.588503964795284e-06 -1.054550921554027e-06
-7.208927795690502e-06 -4.074806309008157e-06 -4.433265791698012e-06 -1.458842337467666e-06
-6.264986614413179e-06 -4.650197485800705e-06 -4.076718086133411e-06 -1.698908057798493e-06
-5.480900537483373e-06 -5.914266495217664e-06 -3.777808903377619e-06 -2.173773177860077e-06
-6.177818738086255e-06 -6.807507154944394e-06 -4.082087060783399e-06 -2.457158367558535e-06
-8.295120057647971e-06 -4.006568057452608e-06 -4.849324091871487e-06 -1.448154177312270e-06
-7.810902639517037e-06 -5.120257775196942e-06 -4.684729485606454e-06 -1.868649416675910e-06
-7.233630735436042e-06 -6.460262144299821e-06 -4.493338968078089e-06 -2.331853099915043e-06
-6.985508247219021e-06 -7.649653715007123e-06 -4.407907587441503e-06 -2.684640860206718e-06
-9.171484252513744e-06 -4.755464885633015e-06 -5.130393294835567e-06 -1.767923105174517e-06
-8.915458254266785e-06 -6.460840122871846e-06 -5.056068276369643e-06 -2.327392474854180e-06
-7.922901992978519e-06 -8.400410622821816e-06 -4.734539274804151e-06 -2.873002475729238e-06
-8.986016900568117e-06 -9.063535705532159e-06 -5.053404702967490e-06 -3.002469958596225e-06
-1.014133538209091e-05 -9.626838262666585e-06 -5.355552122867057e-06 -3.055178363792013e-06
-1.022635040294116e-05 -6.836807647598645e-06 -5.416034699473936e-06 -2.444545752627545e-06
-1.021193469289977e-05 -5.392263622821031e-06 -5.411721157476801e-06 -2.030674781718747e-06
-9.962194111874199e-06 -8.310336502395850e-06 -5.342561023804942e-06 -2.801725925680089e-06
-1.139399099382621e-05 -1.004628657359407e-05 -5.623237163655269e-06 -3.073210334724661e-06
-1.272091151454882e-05 -1.033077065540588e-05 -5.851666182002085e-06 -3.028812824318569e-06
-1.129964281318909e-05 -7.162378586287801e-06 -5.670756596201781e-06 -2.530502305522020e-06
-1.140360577894911e-05 -5.858595664053396e-06 -5.690451001123527e-06 -2.244396995809457e-06
-1.409024486433909e-05 -1.045800074439190e-05 -6.027181282989808e-06 -2.966968871250668e-06
-1.254204295248372e-05 -8.404150045997365e-06 -5.883050065207477e-06 -2.746239316875050e-06
-1.270528509676751e-05 -6.128605651127791e-06 -5.894190141255382e-06 -2.399059800092321e-06
-1.438840575578531e-05 -8.619189682975331e-06 -6.065158016336338e-06 -2.780329501716271e-06
-1.564887057278314e-05 -1.051441321863657e-05 -6.141449723082174e-06 -2.894723016707109e-06
-1.407385107863220e-05 -6.199463581646917e-06 -6.034547761843336e-06 -2.493286754436407e-06
-1.784031896699926e-05 -1.056932053319551e-05 -6.179059377688406e-06 -2.838825556038704e-06
-1.608753258735263e-05 -7.559827271652615e-06 -6.169766885542424e-06 -2.735241168960786e-06
-1.564590535535923e-05 -6.143192418868869e-06 -6.113981590929114e-06 -2.628316104542843e-06
-2.095842293991229e-05 -1.064910733107357e-05 -6.082130019185275e-06 -2.808994254709733e-06
-1.939310358501544e-05 -8.148073473126574e-06 -6.093687328850527e-06 -2.816328765992133e-06
-1.784180060995507e-05 -6.072627581044511e-06 -6.108794436028442e-06 -2.782460444212582e-06
-2.521379070045311e-05 -1.072903319557590e-05 -6.028393261636531e-06 -2.873699301481355e-06
-2.306393999858157e-05 -8.325426835126103e-06 -5.989329329658599e-06 -2.824101293996993e-06
-2.095903040530986e-05 -5.996785066972287e-06 -6.026029111407738e-06 -2.795851806629684e-06
-2.977195029293716e-05 -1.079199658916159e-05 -6.288695881487592e-06 -3.013560322571950e-06
-2.747385910440351e-05 -8.324896933111798e-06 -6.075326836907683e-06 -2.830277219663601e-06
-2.521394725719632e-05 -5.920376354787899e-06 -6.002755535563569e-06 -2.765682199997963e-06
-3.443254770695150e-05 -1.084257078903374e-05 -6.734107858491365e-06 -3.077841612374201e-06
-3.208655623267208e-05 -8.324941173025691e-06 -6.465973756556228e-06 -2.805943913891243e-06
-2.977184720354893e-05 -5.857880680845515e-06 -6.269382525128787e-06 -2.657371588822825e-06
-3.917683898010299e-05 -1.088318637767831e-05 -7.339586983939823e-06 -3.093295231204984e-06
-3.679203248124627e-05 -8.324959041706881e-06 -6.977982014009565e-06 -2.765518223207081e-06
-3.443242575619982e-05 -5.807448218192298e-06 -6.738061854018251e-06 -2.562672792632300e-06
-4.398862476893015e-05 -1.091621258770356e-05 -7.911016156988412e-06 -3.079881719782296e-06
-4.157244164557931e-05 -8.324860609989809e-06 -7.547117158016356e-06 -2.782930605674258e-06
-3.917669982336417e-05 -5.766663455795416e-06 -7.254553467225421e-06 -2.503933195839228e-06
-4.885597230897061e-05 -1.094387222449489e-05 -8.497966779485000e-06 -3.108957249681648e-06
-4.641361721013161e-05 -8.324785938881068e-06 -8.123734496127907e-06 -2.797915526784640e-06
-4.398843642854033e-05 -5.733426458157506e-06 -7.799941585068252e-06 -2.470250934595075e-06
-5.377119419290051e-05 -1.096761468383649e-05 -9.133315734726464e-06 -3.145882316031631e-06
-5.130598322039767e-05 -8.324602811890306e-06 -8.743576768065864e-06 -2.809119170886755e-06
-4.885583451184291e-05 -5.705465997182033e-06 -8.415964968424754e-06 -2.450401743951354e-06
-5.872731690572541e-05 -1.098687372899955e-05 -9.791033325503769e-06 -3.167255400006880e-06
-5.624300090979873e-05 -8.324515466791156e-06 -9.401025523753662e-06 -2.818976605608980e-06
-5.377101102013808e-05 -5.681505496095836e-06 -9.044173980416078e-06 -2.454630300742339e-06
-6.371507564641092e-05 -1.100064239764887e-05 -1.047264046236932e-05 -3.151572985594373e-06
-6.121682007608551e-05 -8.324373590511073e-06 -1.009389133395181e-05 -2.807260875039875e-06
-5.872722210792553e-05 -5.662006750082030e-06 -9.731258654414568e-06 -2.497635086257662e-06
-7.445020232404782e-05 -1.071497923825051e-05 -1.152619169325302e-05 -3.029638512221578e-06
-7.373807380255637e-05 -1.100990257602293e-05 -1.146731356971467e-05 -3.059109509929966e-06
-6.595605845084048e-05 -8.324356090855177e-06 -1.071513543496210e-05 -2.805075510616088e-06
-6.872283578404099e-05 -1.100811795961538e-05 -1.102443050119045e-05 -3.079421562652118e-06
-6.371494552770033e-05 -5.648120734073076e-06 -1.040270572053273e-05 -2.492467206003451e-06
-7.474517974634692e-05 -1.000292428532012e-05 -1.154840719229989e-05 -2.962059784414518e-06
-7.305963962167060e-05 -8.324341452567889e-06 -1.139896376048545e-05 -2.800485515604701e-06
-6.872276259013847e-05 -5.640517357637100e-06 -1.100531227892460e-05 -2.512893744727274e-06
-7.474509154196114e-05 -6.645811907198012e-06 -1.151115953037224e-05 -2.660523301978589e-06
-7.373797557446674e-05 -5.638836771199349e-06 -1.143118528611939e-05 -2.570861465348738e-06
-7.445010754111579e-05 -5.933760198349566e-06 -1.148737821154370e-05 -2.598246642540302e-06
