-9.073819543213126e-05 1.288017634786335e-05 -4.343884278697791e-05 5.834305855864943e-06
-9.108256608784439e-05 1.204872035888768e-05 -4.364881151982925e-05 5.332530732514714e-06
-9.108265239756570e-05 8.129398974584378e-06 -4.371670242726035e-05 2.910923644304211e-06
-9.073828609172096e-05 7.297907989579609e-06 -4.351705432300063e-05 2.415349136494786e-06
-8.990680109289498e-05 1.322459168111352e-05 -4.293460736227095e-05 6.042063957247375e-06
-8.834773061558614e-05 1.008904377313403e-05 -4.199417761727653e-05 4.129224408246363e-06
-8.990688287670428e-05 6.953473147423578e-06 -4.302786582201069e-05 2.209357879804190e-06
-8.405302025327832e-05 1.322543414071605e-05 -3.927248940967183e-05 6.014104680626096e-06
-8.405307062782900e-05 6.952182246639346e-06 -3.940431561992003e-05 2.203925412647132e-06
-8.081937060027905e-05 1.008853957039074e-05 -3.742042906798865e-05 4.082270995219543e-06
-7.819435376241601e-05 1.322729738050448e-05 -3.574789723499202e-05 5.878172812311877e-06
-7.819427431454397e-05 6.948996384130729e-06 -3.590523868123756e-05 2.254019846420341e-06
-7.526270748419338e-05 1.008772839035505e-05 -3.427292313125969e-05 4.095910889650033e-06
-7.233051365624371e-05 1.322692367520696e-05 -3.249330970535996e-05 5.901793130390097e-06
-7.233059804841203e-05 6.947414431528915e-06 -3.257911819049454e-05 2.266481730637766e-06
-6.939808598371529e-05 1.008648443686467e-05 -3.088101898731351e-05 4.078037728859411e-06
-6.646828204385453e-05 1.322044337283400e-05 -2.913046953189129e-05 5.843187255569193e-06
-6.646872610377047e-05 6.951078825521671e-06 -2.914847335416276e-05 2.189313615860971e-06
-6.354111862455078e-05 1.008493461905443e-05 -2.739827226490012e-05 4.091091818792912e-06
-6.062185917234967e-05 1.320536045251346e-05 -2.574892007751462e-05 5.866556064359054e-06
-6.062210141898498e-05 6.962565290686175e-06 -2.562842608281672e-05 2.143935209723677e-06
-5.770794318181476e-05 1.008299201026560e-05 -2.388432603936021e-05 4.080809747542473e-06
-5.480857116412868e-05 1.318016523696628e-05 -2.242241763427470e-05 5.808474974433887e-06
-5.480853360004751e-05 6.983891631046766e-06 -2.220504910622424e-05 2.278987866573467e-06
-5.191759535239862e-05 1.008097799068862e-05 -2.052475168279858e-05 4.062461812837315e-06
-4.904845872936819e-05 1.314344570014530e-05 -1.936399822826110e-05 5.642260331177320e-06
-4.904834031412207e-05 7.016683690278382e-06 -1.905757998243174e-05 2.434575850656659e-06
-4.619141277980764e-05 1.007894292227523e-05 -1.742943793316150e-05 4.010888233697942e-06
-4.336359733792075e-05 1.309445750765367e-05 -1.652838064400545e-05 5.490342486896749e-06
-4.336370442177222e-05 7.061367246929552e-06 -1.621644088059833e-05 2.581288831214985e-06
-4.055247403168211e-05 1.007677895643791e-05 -1.468295487389877e-05 4.007374109786517e-06
-3.777870731403984e-05 1.303233591437477e-05 -1.390755759504883e-05 5.409622885807746e-06
-3.777878854726043e-05 7.118882346594639e-06 -1.353018055239331e-05 2.662797484977147e-06
-3.502539162910191e-05 1.007447977730222e-05 -1.227696243508922e-05 4.003221402881709e-06
-3.231728904875288e-05 1.295740750708141e-05 -1.134782222683257e-05 5.285432593719923e-06
-3.231677243946749e-05 7.189320337340886e-06 -1.114124864969015e-05 2.832366093838767e-06
-2.973997878692034e-05 1.007157914258718e-05 -1.008811793660384e-05 4.010987386276062e-06
-2.721245050514902e-05 1.287289368121254e-05 -9.080434367158599e-06 5.129119054026566e-06
-2.721142798109182e-05 7.272218498222534e-06 -9.060376041226538e-06 2.926946564213303e-06
-2.533044911043024e-05 1.028420107128427e-05 -8.310067897112339e-06 4.109669166246696e-06
-2.345677569406716e-05 1.279594086147733e-05 -7.640192538015950e-06 5.026670500205675e-06
-2.345411933333793e-05 7.348145053378172e-06 -7.655455969330183e-06 3.007882754837654e-06
-2.079505935639509e-05 1.272938040930552e-05 -6.670248544277636e-06 4.959650093496844e-06
-2.129473361968056e-05 1.098389667055154e-05 -6.833977351638012e-06 4.377423328651599e-06
-2.079115662721560e-05 7.396282930822045e-06 -6.709527045724321e-06 3.096348211999850e-06
-1.889546067514990e-05 7.448129041065663e-06 -6.023985334134830e-06 3.128735345874156e-06
2.893703555997482e-06 1.012860043375919e-07 1.014664912684026e-06 1.174848869173792e-06
2.951690362352051e-06 -3.808948471453639e-08 1.048731748439107e-06 1.097989924041286e-06
2.951440626602170e-06 -5.575791832087410e-07 1.035638787112125e-06 8.019270627868848e-07
2.893748934376339e-06 -6.951902851381294e-07 9.979130069586291e-07 7.257548465914510e-07
-1.889120908692248e-05 1.268251076396038e-05 -6.019273476116759e-06 4.893532638763021e-06
-1.720350895635627e-05 1.254367464595082e-05 -5.485519682942663e-06 4.850083921335065e-06
-1.849489334086920e-05 9.414185996006042e-06 -5.869808799245754e-06 3.795444526696025e-06
-1.718850542435382e-05 7.355311212106133e-06 -5.458941810336849e-06 3.147140288170194e-06
2.754921461616079e-06 1.588637766170265e-07 9.332406092236854e-07 1.205015310779783e-06
2.614903908753933e-06 -4.109185624172951e-07 8.413621666007947e-07 8.789922050790811e-07
2.756049829011684e-06 -7.527163387175733e-07 9.164413560639997e-07 6.954313429682170e-07
-1.665607823274456e-05 1.093863954227992e-05 -5.299502647145191e-06 4.341019923249447e-06
-1.556252689505265e-05 1.220630428224867e-05 -4.961706936579223e-06 4.747770877551313e-06
-1.400021342924811e-05 1.170421724399125e-05 -4.424885250976614e-06 4.577129009287918e-06
-1.614901494946078e-05 8.763035106385591e-06 -5.110365904846955e-06 3.628644020382477e-06
-1.557789224533961e-05 6.991267661979172e-06 -4.917823900974154e-06 3.075525028511483e-06
1.813588213580826e-06 1.735793574571775e-07 4.370100128620084e-07 1.169399639093019e-06
1.812853570449063e-06 -7.692487211033397e-07 4.522447932298418e-07 7.275488070785512e-07
1.325511777695620e-06 -2.977886420971784e-07 2.312334748801282e-07 9.788166389965369e-07
-1.253939868295561e-05 1.102435894495460e-05 -3.953789614032655e-06 4.343230484185704e-06
-1.378326639053156e-05 1.007027455455872e-05 -4.325726680976955e-06 4.069643905842571e-06
-1.431858463871960e-05 8.045746089921686e-06 -4.503324882842913e-06 3.412690168060706e-06
-1.409716630180423e-05 6.378759161119982e-06 -4.449644490218155e-06 2.922037029934311e-06
7.972879068634915e-07 2.599327193092923e-07 4.093967669163030e-08 1.199293933821295e-06
7.977336008951509e-07 -8.544648685029503e-07 5.834392592329481e-08 7.967487948466340e-07
1.979056048637234e-07 -2.966188789342856e-07 -1.486644097677661e-07 1.033030397348390e-06
-1.118230564854414e-05 1.020568646738676e-05 -3.536621872798543e-06 4.091841228152234e-06
-9.962219954218974e-06 9.261586408840887e-06 -3.138522167417055e-06 3.783337557436064e-06
-1.245736423265177e-05 7.734373573201267e-06 -3.898827340893787e-06 3.322553074908123e-06
-1.278520598768930e-05 5.536785635574029e-06 -4.040051521756467e-06 2.675104378674179e-06
-4.892354442068677e-07 4.474807271926766e-07 -3.717192383379083e-07 1.306845000680094e-06
-4.888587940714620e-07 -1.039283264509808e-06 -3.649768177028894e-07 7.934086275064063e-07
-1.027224331150689e-05 7.829066208950939e-06 -3.228612658065416e-06 3.328017767018951e-06
-8.887363884345836e-06 8.193666328112232e-06 -2.808722041322635e-06 3.438879785627559e-06
-1.078471790611241e-05 6.238342164710833e-06 -3.392091155506315e-06 2.864040262648597e-06
-1.167303846399463e-05 4.521384027233399e-06 -3.677228536438435e-06 2.319873623678648e-06
-1.244563933192136e-06 -2.950065616305490e-07 -6.485360979859531e-07 1.065022191786596e-06
-2.142383222542696e-06 7.188125108491580e-07 -9.717731596919447e-07 1.399617286923774e-06
-2.140389529939836e-06 -1.309339254746600e-06 -9.746991749115050e-07 7.693381275525235e-07
-7.946513873958623e-06 7.035547813164755e-06 -2.535017017453490e-06 3.094319826380488e-06
-7.177121216912743e-06 5.825236831725439e-06 -2.346940372452489e-06 2.752826692545829e-06
-6.572664087197030e-06 4.548667457250531e-06 -2.207376718139856e-06 2.394025882226269e-06
-9.742823256294625e-06 4.823660953773110e-06 -3.102964388477174e-06 2.436986304092550e-06
-1.078299321398134e-05 3.380450928426722e-06 -3.424335952196498e-06 2.041028454780429e-06
-2.862952798695293e-06 -2.905211799682188e-07 -1.215688007950624e-06 1.099719437942622e-06
-3.746937220966593e-06 9.857389779098790e-07 -1.500787450926183e-06 1.488651637962259e-06
-3.746848100367903e-06 -1.585216730370693e-06 -1.458016282934448e-06 7.469110277026782e-07
-7.863161038015970e-06 4.544684322349792e-06 -2.545281105753221e-06 2.385174167605029e-06
-6.116666116919335e-06 3.240126375783496e-06 -2.099013409727051e-06 2.032657825122100e-06
-5.199711019601767e-06 1.212169423429000e-06 -1.902376908844456e-06 1.541032416598006e-06
-5.620515532378660e-06 1.439604308169669e-06 -1.990970990792739e-06 1.592126532416163e-06
-5.842159222859759e-06 1.905298385975232e-06 -2.037275537738378e-06 1.698047454919070e-06
-9.018339619891623e-06 3.213501348638554e-06 -2.878530509783677e-06 2.001687922635626e-06
-1.012001197962987e-05 2.165712164916290e-06 -3.179431355344835e-06 1.693140501994181e-06
-4.540772383462766e-06 -1.017487990849699e-07 -1.717702275902756e-06 1.170795442225032e-06
-5.211797078460901e-06 -1.785218603289508e-06 -1.885814686453681e-06 7.495103578360544e-07
-7.011137125045690e-06 2.316444432952698e-06 -2.318415325932270e-06 1.789838373853921e-06
-5.652822772458052e-06 5.341342154672436e-07 -1.996274827939558e-06 1.359944245794649e-06
-6.152268139013188e-06 1.279071136090087e-06 -2.112218866131756e-06 1.547781611859943e-06
-8.502492390627358e-06 1.789694863453901e-06 -2.732491209851375e-06 1.619880097178763e-06
-9.704536061637072e-06 9.300085943693716e-07 -3.021066279935796e-06 1.428456051878665e-06
-5.688033193984767e-06 -9.222535254061275e-07 -2.000575764169741e-06 9.681681255409572e-07
-5.631791230138494e-06 -2.003465033676794e-06 -2.006715145974748e-06 7.074850288956013e-07
-7.283290710210355e-06 2.261935469543594e-07 -2.401767202503233e-06 1.257507533072045e-06
-9.558403614341370e-06 -3.017526607606600e-07 -2.971176238381358e-06 1.104877117229501e-06
-9.671399243355238e-06 -1.510321207527583e-06 -3.016126664425458e-06 8.389509976472086e-07
-6.552495253666141e-06 -1.712567782341524e-06 -2.211385154029325e-06 7.792383111661117e-07
-5.876694135597491e-06 -2.470867254601142e-06 -2.081854790747368e-06 5.993172150219000e-07
-6.177326043473975e-06 -3.759336468325616e-06 -2.179535875041028e-06 2.950468192535285e-07
-8.461135834213466e-06 -1.665587438538358e-06 -2.710839207259795e-06 8.093016563434152e-07
-6.627090122993401e-06 -5.009775522598217e-06 -2.294364007821767e-06 -4.921331080129792e-09
-1.004102283626656e-05 -2.730686055953424e-06 -3.141964051049811e-06 5.497701753735292e-07
-7.338067862639916e-06 -3.803615131863619e-06 -2.421301825940506e-06 2.653703108929527e-07
-9.051405268972295e-06 -3.901247884057053e-06 -2.896737027811848e-06 2.500811665601577e-07
-7.227287854680010e-06 -6.204105349263820e-06 -2.445908368226252e-06 -2.980777395170017e-07
-1.064231896909928e-05 -3.903296494030696e-06 -3.280673149520531e-06 2.757252581272282e-07
-1.013834827520900e-05 -5.062725579318176e-06 -3.173929679215703e-06 -2.563386196320470e-08
-8.949695398926854e-06 -5.789959288626910e-06 -2.875517824847106e-06 -2.199229003964105e-07
-7.966542557205063e-06 -7.346211691343250e-06 -2.595132882562289e-06 -5.897987289703312e-07
-8.853860711522313e-06 -8.413648932110895e-06 -2.848514741371255e-06 -9.369531000696105e-07
-1.146766623792877e-05 -4.987400315175079e-06 -3.529051041297780e-06 -1.504741030763010e-08
-1.086920300844610e-05 -6.369098868042153e-06 -3.414107109105965e-06 -4.037939434967245e-07
-1.016447182940351e-05 -7.990879765370412e-06 -3.242336588460493e-06 -8.242008489163715e-07
-9.863924101544103e-06 -9.391483566620173e-06 -3.149995389829948e-06 -1.168274695931837e-06
-1.248864714736344e-05 -5.941834966378986e-06 -3.830701372519428e-06 -3.144086093700856e-07
-1.217857555670079e-05 -7.982333567744177e-06 -3.803935140459781e-06 -8.436257572061347e-07
-1.099892655150731e-05 -1.025139075830361e-05 -3.501205926740198e-06 -1.335994396939551e-06
-1.224847795373060e-05 -1.098941466341369e-05 -3.821166333915829e-06 -1.453922329732820e-06
-1.358673456147543e-05 -1.159500955813919e-05 -4.144770638197656e-06 -1.535145600654928e-06
-1.369543043094421e-05 -8.421764446346911e-06 -4.162132595751854e-06 -9.377079181366509e-07
-1.368463126319471e-05 -6.731406678376615e-06 -4.150819193719408e-06 -5.584415856232215e-07
-1.339311558962549e-05 -1.011385626355717e-05 -4.109198594438889e-06 -1.253826428967291e-06
-1.500649052318653e-05 -1.204030983855825e-05 -4.440549303263252e-06 -1.578341356203781e-06
-1.648759117998455e-05 -1.232803745955395e-05 -4.679969486806108e-06 -1.543352088341302e-06
-1.491420864232522e-05 -8.799802828844635e-06 -4.404721534426304e-06 -1.006272144493685e-06
-1.502960822520786e-05 -7.311008494602461e-06 -4.422704293409311e-06 -7.264925477054775e-07
-1.800177508236945e-05 -1.244368905152524e-05 -4.915514439869052e-06 -1.475128860629672e-06
-1.630500117352373e-05 -1.019441736914637e-05 -4.675395021924560e-06 -1.243330270388460e-06
-1.648074356233915e-05 -7.656392758929289e-06 -4.674312027069860e-06 -8.568915493318230e-07
-1.833383744748896e-05 -1.042646305460181e-05 -4.942381330823121e-06 -1.257496308621147e-06
-1.969904083245015e-05 -1.247898477695410e-05 -5.047172832918448e-06 -1.385088327526188e-06
-1.799228311165743e-05 -7.760610546653394e-06 -4.916753374439196e-06 -9.544517870035246e-07
-2.206390989900853e-05 -1.251513342645235e-05 -5.124166793468060e-06 -1.269138553547695e-06
-2.018273420516032e-05 -9.271440399335291e-06 -5.091425129271741e-06 -1.146255441761206e-06
-1.969694272220920e-05 -7.726669082306282e-06 -5.042533672932007e-06 -1.018922856247479e-06
-2.538708563791527e-05 -1.257153326726008e-05 -5.048824662712515e-06 -1.116384447493720e-06
-2.372665529148916e-05 -9.911164159127352e-06 -5.146117295199041e-06 -1.208751073563157e-06
-2.206489069759567e-05 -7.681311667829530e-06 -5.153723089031097e-06 -1.113131174380494e-06
-2.987841549800546e-05 -1.263229387495588e-05 -4.794033306259614e-06 -9.635342095174889e-07
-2.761554360353415e-05 -1.010218081817849e-05 -4.962231871584919e-06 -1.187433671508295e-06
-2.538732186793763e-05 -7.628653462302597e-06 -5.113153938300316e-06 -1.269508841100492e-06
-3.465574521513472e-05 -1.268166369991570e-05 -4.296551127220927e-06 -8.741637912270366e-07
-3.225209928586691e-05 -1.010278976682277e-05 -4.545314139817701e-06 -1.170924647478628e-06
-2.987828122208826e-05 -7.572027137922108e-06 -4.810696483763842e-06 -1.371957197504570e-06
-3.951128655842107e-05 -1.271931317609816e-05 -3.711261547115241e-06 -7.671899980957282e-07
-3.707196816687262e-05 -1.010373771487544e-05 -3.997306729997379e-06 -1.160122868968355e-06
-3.465549777910173e-05 -7.524872370407847e-06 -4.307519440597825e-06 -1.451279647366523e-06
-4.442513128591519e-05 -1.274721928791656e-05 -3.005748479729332e-06 -7.634481084961788e-07
-4.195985150716129e-05 -1.010461738848377e-05 -3.360702782410155e-06 -1.111800488738706e-06
-3.951111555014743e-05 -7.488912018780602e-06 -3.761126585123762e-06 -1.473217335191761e-06
-4.938110968664438e-05 -1.276729722515593e-05 -2.424413622236854e-06 -8.622304159465281e-07
-4.689718640061886e-05 -1.010533015921185e-05 -2.686032034770244e-06 -1.114451310493687e-06
-4.442515221560505e-05 -7.462713001278332e-06 -3.069135565604176e-06 -1.443529366668598e-06
-5.436670874576697e-05 -1.278094862125940e-05 -2.005456857676200e-06 -9.346074142758504e-07
-5.186992011574214e-05 -1.010587033831235e-05 -2.205691432502200e-06 -1.129763463279577e-06
-4.938122559083869e-05 -7.443877174423369e-06 -2.488548122956734e-06 -1.339804697654441e-06
-5.937109385706745e-05 -1.278909658800621e-05 -1.855022197371141e-06 -1.067469726193270e-06
-5.686659993484473e-05 -1.010641127890016e-05 -1.886188031954090e-06 -1.113653631734026e-06
-5.436674670422431e-05 -7.431351112700904e-06 -2.086204984491905e-06 -1.265402435910205e-06
-6.438512762654823e-05 -1.279315272331028e-05 -1.920123704861440e-06 -1.198843835818761e-06
-6.187714430148563e-05 -1.010688265887155e-05 -1.852879278671780e-06 -1.096201028731048e-06
-5.937113088693058e-05 -7.424201074980363e-06 -1.906506858438101e-06 -1.133312050641401e-06
-6.940176338669993e-05 -1.279425513491599e-05 -2.139143918900479e-06 -1.265848079039885e-06
-6.689340485185411e-05 -1.010740777547717e-05 -2.011159522121875e-06 -1.111523714673781e-06
-6.438512007551348e-05 -7.421214726863190e-06 -1.949317189261926e-06 -1.044721746954285e-06
-8.014491265010775e-05 -1.249918655842600e-05 -2.925540773509592e-06 -1.274342344858153e-06
-7.943264254761483e-05 -1.279421418146951e-05 -2.881410610418599e-06 -1.295293339637672e-06
-7.164884433215438e-05 -1.010780857094166e-05 -2.325089380528146e-06 -1.098453858500800e-06
-7.441779330422367e-05 -1.279420841527393e-05 -2.538148718998493e-06 -1.316458162155207e-06
-6.940182199997076e-05 -7.421052587431502e-06 -2.186705247461497e-06 -9.466673607442085e-07
-8.043994718061825e-05 -1.178692292174265e-05 -2.944115133709452e-06 -1.226336625864567e-06
-7.875459508536789e-05 -1.010809156453282e-05 -2.852848667983419e-06 -1.119622639557327e-06
-7.441781936201385e-05 -7.421812214136108e-06 -2.559271395764142e-06 -9.234342451523725e-07
-8.044004209388282e-05 -8.429202955104872e-06 -2.968702361788602e-06 -9.982657914613803e-07
-7.943273461992325e-05 -7.421887818017881e-06 -2.909908644262424e-06 -9.291017638521348e-07
-8.014501089657772e-05 -7.716922338019481e-06 -2.952456344957573e-06 -9.500704866335569e-07
