6.052383196743332e-05 -7.420816824364852e-06 -1.909392208038945e-05 3.754669051450181e-06
6.077325888375088e-05 -6.818640609446956e-06 -1.916789654522622e-05 3.594709094160225e-06
6.077316831855618e-05 -3.979734545921909e-06 -1.931516846188643e-05 2.844181242103336e-06
6.052372155593415e-05 -3.377512051629882e-06 -1.925663182213552e-05 2.683857559077194e-06
5.992165639438245e-05 -7.670246629765080e-06 -1.892579767426184e-05 3.821269785907407e-06
5.879199464642822e-05 -5.399161642981494e-06 -1.870400664512311e-05 3.248290719526693e-06
5.992150502522400e-05 -3.128060254170173e-06 -1.910449023098588e-05 2.616964209045601e-06
5.568121741743808e-05 -7.670069765124817e-06 -1.774540376933113e-05 3.854859279543717e-06
5.568096124221533e-05 -3.128066181716276e-06 -1.795129611765300e-05 2.625025002056937e-06
5.333982431305738e-05 -5.399008566928052e-06 -1.722954215676314e-05 3.209091749282346e-06
5.144092317807980e-05 -7.668070732038165e-06 -1.670487987282902e-05 3.721875729094909e-06
5.144064047621354e-05 -3.129674554620663e-06 -1.693108936584501e-05 2.666970234658989e-06
4.932198693449863e-05 -5.398595090881967e-06 -1.619204401868294e-05 3.275935685768468e-06
4.720649847646478e-05 -7.661693113095518e-06 -1.588611477631933e-05 3.689805604468244e-06
4.720622223706708e-05 -3.134844186114951e-06 -1.586290853294733e-05 2.785123688293716e-06
4.509315847141795e-05 -5.397985067150936e-06 -1.525722894083873e-05 3.302437783889891e-06
4.298701731853107e-05 -7.649712564677633e-06 -1.519423314877985e-05 3.761999392791156e-06
4.298628127105641e-05 -3.145198943478378e-06 -1.514750701885515e-05 2.785161833427609e-06
4.088428203641997e-05 -5.397110472027746e-06 -1.442222818772742e-05 3.276614719930167e-06
3.879371340202003e-05 -7.630545020157247e-06 -1.440041154873801e-05 3.742912178007868e-06
3.879251135525690e-05 -3.162440864432088e-06 -1.438491425103546e-05 2.832427204663464e-06
3.670847309789021e-05 -5.396064539638948e-06 -1.360947456685628e-05 3.273529549830046e-06
3.464117442373563e-05 -7.602464038697829e-06 -1.338919210506518e-05 3.772866527357029e-06
3.463980834780618e-05 -3.188597462217916e-06 -1.351642559114446e-05 2.812087999584030e-06
3.258215852700749e-05 -5.395039694909486e-06 -1.279751382612821e-05 3.269860174800953e-06
3.054774565709705e-05 -7.563321780862383e-06 -1.237074813132072e-05 3.800897166968026e-06
3.054648906326531e-05 -3.225501465302653e-06 -1.247006653609925e-05 2.717718746679719e-06
2.852560990423103e-05 -5.393889799335790e-06 -1.193433959925246e-05 3.292589301319846e-06
2.653618288871222e-05 -7.510828135734795e-06 -1.150854781659285e-05 3.758522187069645e-06
2.653497090201770e-05 -3.275531309229707e-06 -1.133496641858102e-05 2.701139911322715e-06
2.456340048471199e-05 -5.392539499541020e-06 -1.096792722911657e-05 3.290221086916152e-06
2.263310753407900e-05 -7.442931473865085e-06 -1.061000415472350e-05 3.746801791809159e-06
2.263208099406635e-05 -3.340879192689456e-06 -1.015944108976720e-05 2.627775879395733e-06
2.072468474637946e-05 -5.391034803935296e-06 -9.809722495951759e-06 3.217237800852973e-06
1.886913565234604e-05 -7.357958175376507e-06 -9.400573032080086e-06 3.902128046336750e-06
1.886814773228500e-05 -3.423326589212212e-06 -9.043713175427854e-06 2.533142449734295e-06
1.711330244696269e-05 -5.388929511690928e-06 -8.563501967773892e-06 3.205663528446637e-06
1.541675986604220e-05 -7.258925131239747e-06 -8.059939983621525e-06 3.930298688779862e-06
1.541556666652114e-05 -3.522970494352863e-06 -7.853570379682312e-06 2.422835571428341e-06
1.416055932063469e-05 -5.528563432251849e-06 -7.432640023499555e-06 3.237084684757131e-06
1.293560989932744e-05 -7.167741159789264e-06 -6.921825428371571e-06 3.906585941966282e-06
1.293264374337102e-05 -3.614657512688407e-06 -6.873296438135633e-06 2.452517442226498e-06
1.121575297724082e-05 -7.089451307360033e-06 -6.114951733251873e-06 3.933610007955975e-06
1.152717805576201e-05 -5.977004130957284e-06 -6.283947009674512e-06 3.408080309192983e-06
1.121153917671515e-05 -3.672675873745327e-06 -6.089262742519341e-06 2.391517419642539e-06
1.000816735475527e-05 -3.734450646832316e-06 -5.525221112584275e-06 2.376279195141261e-06
-1.312305937540996e-06 -9.511674512448239e-08 1.039223098640924e-06 2.722228082867261e-07
-1.339421894862671e-06 -2.993360184276447e-08 1.054081039579695e-06 2.301499956773185e-07
-1.339265069345786e-06 2.131490139822726e-07 1.042594871058652e-06 7.747885286550391e-08
-1.312267103308349e-06 2.775314792862035e-07 1.026691574529393e-06 4.434409483157799e-08
1.000272121471722e-05 -7.034760568904719e-06 -5.487707910455763e-06 3.936005007880250e-06
8.950243843636371e-06 -6.925149502840572e-06 -4.999570142226121e-06 3.899678569306774e-06
9.743821556025153e-06 -4.975379904887444e-06 -5.415105380070708e-06 2.966634309703656e-06
8.931010899389943e-06 -3.707030230072420e-06 -5.001988829253169e-06 2.328460161900171e-06
-1.247379382199714e-06 -1.220512267185273e-07 1.001089548777494e-06 2.897614758253577e-07
-1.181720769151464e-06 1.445000933959845e-07 9.629109605382965e-07 1.175099218781497e-07
-1.247825061886521e-06 3.044343730569828e-07 9.937893545049645e-07 3.305224379464874e-08
8.601756530707384e-06 -5.918662611876702e-06 -4.849814346199697e-06 3.424560069038756e-06
7.940279409040867e-06 -6.687748983724671e-06 -4.507219564227428e-06 3.819327932349840e-06
6.998632193580797e-06 -6.360185552018811e-06 -4.049538072874613e-06 3.646082474739450e-06
8.285639757474813e-06 -4.580864079050079e-06 -4.689094122374684e-06 2.756538625363310e-06
7.938757225714541e-06 -3.520289405454077e-06 -4.538381443205590e-06 2.275815516246517e-06
-8.068233109290850e-07 -1.283968947963141e-07 7.897210840738373e-07 2.878483603731710e-07
-8.064092962906339e-07 3.121473075548758e-07 8.054819686513939e-07 4.364548592626087e-08
-5.786136242365975e-07 9.211509907988229e-08 6.646296413095018e-07 1.811893479794552e-07
6.139697667389306e-06 -5.923800884666114e-06 -3.694605110228927e-06 3.392912752807520e-06
6.860562437312958e-06 -5.364719261697351e-06 -3.978332380450405e-06 3.160525728705913e-06
7.179408113302163e-06 -4.157545509353290e-06 -4.143828506539208e-06 2.625011895416647e-06
7.043187620355912e-06 -3.193370746092234e-06 -4.083675794187951e-06 2.170146526722675e-06
-3.323704708511237e-07 -1.668934205185482e-07 5.026541604189481e-07 3.473250966003770e-07
-3.323308907278722e-07 3.514366058781692e-07 5.124062610542378e-07 5.864568499653864e-08
-5.340867355556432e-08 9.243972737272946e-08 3.405927120620204e-07 2.070959553552062e-07
5.355674768222231e-06 -5.419273909764481e-06 -3.379016492837403e-06 3.134966539244449e-06
4.674468628448224e-06 -4.856026273847244e-06 -3.055906130563959e-06 2.923236613390089e-06
6.083385171350748e-06 -3.979247481990769e-06 -3.630016198926072e-06 2.596464393576021e-06
6.264253150132203e-06 -2.736770950971290e-06 -3.694223141482100e-06 1.957090695118203e-06
2.647458134563702e-07 -2.501023324242339e-07 9.807176117350387e-08 4.787582545719430e-07
2.648583497274603e-07 4.353926940804559e-07 1.072029879699279e-07 -4.212578016993739e-08
4.848722407492478e-06 -4.027687579907906e-06 -3.111083635280456e-06 2.616819696712632e-06
4.095741083755274e-06 -4.229003988360666e-06 -2.797857631120441e-06 2.708902157971298e-06
5.130200605689061e-06 -3.136972854161710e-06 -3.217290358934789e-06 2.201693037662776e-06
5.615792780828586e-06 -2.199305445716451e-06 -3.442917386633556e-06 1.744545511985478e-06
6.132273820651982e-07 9.275114517810603e-08 -1.239593736097784e-07 2.358898689891282e-07
1.024520332720549e-06 -3.689846657664941e-07 -3.782853777967661e-07 5.858855013464001e-07
1.023924507620448e-06 5.560398139484706e-07 -3.699655028898883e-07 -9.359581412404279e-08
3.598520596934632e-06 -3.569365386781973e-06 -2.573108026677787e-06 2.495866353998736e-06
3.218011714607529e-06 -2.911298089125638e-06 -2.323002221046794e-06 2.171011415641714e-06
2.941128473495909e-06 -2.230447816245325e-06 -2.105788414616538e-06 1.813756636706543e-06
4.563236802275237e-06 -2.367420063051036e-06 -2.996101311803906e-06 1.859363626350041e-06
5.104704329127636e-06 -1.615803661841953e-06 -3.266959394083114e-06 1.455381155035120e-06
1.354164682223002e-06 9.154517182587175e-08 -6.081413627914408e-07 2.442858567847929e-07
1.754689909730338e-06 -4.841127136598579e-07 -9.655619663893438e-07 7.002542965652255e-07
1.755504633882022e-06 6.776188082966207e-07 -9.538729846999839e-07 -2.381148500458931e-07
3.583944196226274e-06 -2.221485227719535e-06 -2.514109267137454e-06 1.814048024824950e-06
2.742067034247633e-06 -1.558717065543200e-06 -1.931268454281866e-06 1.461396508113167e-06
2.396654591827598e-06 -5.788331631416102e-07 -1.497122202493777e-06 7.772061116505845e-07
2.572363416084689e-06 -6.816836847212935e-07 -1.671729958141155e-06 8.764362657325632e-07
2.653922889296404e-06 -9.003941551961490e-07 -1.783110367939080e-06 1.058016130391153e-06
4.175876621671016e-06 -1.533253362191056e-06 -2.855968903203840e-06 1.456051539431244e-06
4.720303747652492e-06 -1.017098050501925e-06 -3.197332247281459e-06 1.181682019998580e-06
2.113761101119074e-06 6.557103638021922e-09 -1.264848220010037e-06 3.188319129296629e-07
2.431652820656309e-06 7.662364820708506e-07 -1.479113963518405e-06 -3.252636055406916e-07
3.190482139461088e-06 -1.091164848471875e-06 -2.200915354273150e-06 1.211063362374597e-06
2.600631321921402e-06 -2.712328003804570e-07 -1.661357718397501e-06 5.400574475720238e-07
2.808683193340524e-06 -6.061333304430787e-07 -1.875202939240156e-06 8.300044981227727e-07
3.913316587005082e-06 -8.343519574962114e-07 -2.699013584438010e-06 1.062032620990847e-06
4.468681475200803e-06 -4.346874346766358e-07 -3.165529323317220e-06 7.258407229078085e-07
2.641222675677004e-06 3.822732823026921e-07 -1.647239031374740e-06 7.494182787832012e-09
2.636223470018406e-06 8.611352114488305e-07 -1.586883927496250e-06 -4.230917970545937e-07
3.337720654126778e-06 -1.088396854286371e-07 -2.257085369890005e-06 4.711427444933036e-07
4.366003969345726e-06 1.266328879123316e-07 -3.167796450957740e-06 2.560169653217035e-07
4.359650121784767e-06 6.525050998874143e-07 -3.272562312753792e-06 -2.204862914447359e-07
3.041160056496379e-06 7.403522222724687e-07 -1.955023136406623e-06 -2.998978405438377e-07
2.760883869932644e-06 1.054623950495601e-06 -1.644544336734058e-06 -6.352478501635199e-07
2.924636649017323e-06 1.568175710096184e-06 -1.709712137698468e-06 -1.227769122483282e-06
3.853294924738391e-06 7.350544365327399e-07 -2.767242054991159e-06 -2.681928932682068e-07
3.145519477042524e-06 2.029770234211673e-06 -1.867037539091914e-06 -1.825974254996565e-06
4.460039519445850e-06 1.170652513023034e-06 -3.471834835760193e-06 -7.215468039607232e-07
3.401950559018100e-06 1.597516254265632e-06 -2.243962480047563e-06 -1.218475727650598e-06
4.066908377578376e-06 1.634710998233074e-06 -3.021600760790495e-06 -1.252300163414373e-06
3.401387854682234e-06 2.454954529982817e-06 -2.128816808620531e-06 -2.413748301065103e-06
4.638008754209296e-06 1.635509378046388e-06 -3.791445022914427e-06 -1.261064454659602e-06
4.444798684159425e-06 2.063050887955756e-06 -3.552373355877571e-06 -1.821659531506384e-06
4.033096045909946e-06 2.316941496583445e-06 -2.975080434767960e-06 -2.177168571601753e-06
3.696297962996830e-06 2.826575508524755e-06 -2.498797479303288e-06 -3.047120173790099e-06
4.012887120877954e-06 3.148975905284913e-06 -2.949379399857310e-06 -3.633060515821949e-06
4.874512768325572e-06 2.045968965687598e-06 -4.257492067026153e-06 -1.777470079155316e-06
4.677028559470747e-06 2.507566729765985e-06 -3.947196267098213e-06 -2.488860446448535e-06
4.451987171733869e-06 3.014674382587315e-06 -3.608528276025044e-06 -3.404168534868745e-06
4.358125477451719e-06 3.418334430967843e-06 -3.456339304233386e-06 -4.200156684430801e-06
5.161362672727384e-06 2.386778165369303e-06 -4.859241250796404e-06 -2.223543069615518e-06
5.065400861462475e-06 3.004525521893302e-06 -4.681056391133935e-06 -3.379010624382396e-06
4.715320974608474e-06 3.644138460591076e-06 -4.016149334398598e-06 -4.718917644475587e-06
5.075411201346309e-06 3.817173602932626e-06 -4.714474865840673e-06 -5.185025890560102e-06
5.441779311582013e-06 3.936137925472410e-06 -5.497419388629225e-06 -5.602237807192902e-06
5.480435087407038e-06 3.128659981467030e-06 -5.615792626353709e-06 -3.610260033624077e-06
5.481837889507854e-06 2.651268136566100e-06 -5.620436280050794e-06 -2.622545651477117e-06
5.402076746108222e-06 3.575380389330470e-06 -5.375525044650622e-06 -4.665743244578897e-06
5.801117803494815e-06 4.016518532548779e-06 -6.399295652012033e-06 -5.916145947090200e-06
6.150738433393806e-06 4.050349824777032e-06 -7.389770962867254e-06 -6.137641669989890e-06
5.791819064163860e-06 3.233013790593734e-06 -6.396949216054360e-06 -3.828449676058181e-06
5.817523624906322e-06 2.847995043585550e-06 -6.483998358977209e-06 -2.912948892585892e-06
6.493472077314679e-06 4.046184482251793e-06 -8.370626768055887e-06 -6.234877636698722e-06
6.126611790721005e-06 3.569074763659903e-06 -7.279393826031504e-06 -4.721076089368792e-06
6.160214397667450e-06 2.976284700059836e-06 -7.411454192970670e-06 -3.090946782379278e-06
6.571823385191771e-06 3.614063546916192e-06 -8.619951747853873e-06 -4.859433318161159e-06
6.845179221251349e-06 4.018377702730276e-06 -9.580623594617214e-06 -6.244385965271308e-06
6.501193301700396e-06 3.029335343669619e-06 -8.395070159413496e-06 -3.127613764286887e-06
7.305116794238708e-06 3.990672435110693e-06 -1.123539855585706e-05 -6.251107986863536e-06
6.954160830476688e-06 3.376107008536763e-06 -9.901620290957513e-06 -4.069252103632351e-06
6.846721756721269e-06 3.056653712155234e-06 -9.571999695536263e-06 -3.056739629711119e-06
7.881999888675702e-06 3.949282607498858e-06 -1.353471279663463e-05 -6.200167669071689e-06
7.608498668567865e-06 3.504634294741145e-06 -1.236004612843604e-05 -4.463546496312128e-06
7.304537947594091e-06 3.091886615073862e-06 -1.119009421067622e-05 -2.998363393286369e-06
8.568996254562514e-06 3.907127352912368e-06 -1.628002190644653e-05 -6.044153022695265e-06
8.237314824376074e-06 3.538360788027235e-06 -1.487354308214266e-05 -4.574070668374587e-06
7.881885462707532e-06 3.130692340981012e-06 -1.339516130243378e-05 -3.009117147518228e-06
9.221240531078194e-06 3.875985834257711e-06 -1.890151549069688e-05 -5.851572490606220e-06
8.904520169773327e-06 3.537733075111951e-06 -1.757045508368049e-05 -4.524172555053293e-06
8.569137231000315e-06 3.169504543942954e-06 -1.618120545795584e-05 -3.043561694628667e-06
9.828370279373584e-06 3.856114358667878e-06 -2.137915079204012e-05 -5.808405355466248e-06
9.530849219699914e-06 3.536867728236240e-06 -2.011084953469520e-05 -4.503151533749376e-06
9.221560542895451e-06 3.198623322618390e-06 -1.882732614252819e-05 -3.113238897927202e-06
1.041030501680779e-05 3.846535095876400e-06 -2.395837139576914e-05 -5.838902321577636e-06
1.012206806400499e-05 3.536036617502521e-06 -2.267097363718184e-05 -4.444733310607101e-06
9.828669886708319e-06 3.216837750123062e-06 -2.142449846862683e-05 -3.023021818811470e-06
1.098530260553555e-05 3.845505516117482e-06 -2.672742764308569e-05 -5.851221746905387e-06
1.069773022400496e-05 3.535311502640865e-06 -2.537664028221442e-05 -4.360833158938903e-06
1.041050699677767e-05 3.224883544076500e-06 -2.411846138564896e-05 -2.905946714353076e-06
1.156670384344420e-05 3.850475701967819e-06 -2.974025689681843e-05 -5.993848525822609e-06
1.127408887571294e-05 3.534803678141188e-06 -2.824152642968364e-05 -4.321803965789978e-06
1.098525512947785e-05 3.224645317089253e-06 -2.693515454975969e-05 -2.834771900938436e-06
1.216309640593942e-05 3.859083227211744e-06 -3.292415281927886e-05 -6.119719227369456e-06
1.186197754293437e-05 3.534410942620946e-06 -3.129203514099391e-05 -4.324347616511308e-06
1.156676668997331e-05 3.218658431651697e-06 -2.983678613751361e-05 -2.743021966068921e-06
1.277869203028284e-05 3.868803227272903e-06 -3.632465459570202e-05 -6.188271668711763e-06
1.246766355932446e-05 3.534123797133162e-06 -3.454872213003058e-05 -4.343513299358433e-06
1.216327265955572e-05 3.209385171126202e-06 -3.290070352489397e-05 -2.569488594809532e-06
1.341334558806002e-05 3.877482675718315e-06 -3.976728788553826e-05 -6.231521147187971e-06
1.309316810818605e-05 3.533910805908948e-06 -3.800038700583287e-05 -4.393357195697135e-06
1.277885561623951e-05 3.199229162285172e-06 -3.619137707653756e-05 -2.514384223627547e-06
1.481235447549085e-05 3.845875039647927e-06 -4.749204643745673e-05 -6.005534145866779e-06
1.471930318603261e-05 3.884383293277335e-06 -4.697674841547428e-05 -6.219651140792647e-06
1.370258588737039e-05 3.533674809893568e-06 -4.139126179238310e-05 -4.343700642304755e-06
1.406292059878548e-05 3.883065171547302e-06 -4.333617336702909e-05 -6.307925540548119e-06
1.341342221854110e-05 3.190125722569410e-06 -3.984978465809154e-05 -2.405410809776008e-06
1.485090165475486e-05 3.752878676421858e-06 -4.770812339089640e-05 -5.493540406038688e-06
1.463035151438801e-05 3.533521848928801e-06 -4.654849095182390e-05 -4.322118698739248e-06
1.406291116177371e-05 3.184072058109977e-06 -4.342508581410298e-05 -2.405347301255372e-06
1.485085902981820e-05 3.314191256552583e-06 -4.780686150841332e-05 -3.094223452909711e-06
1.471926228245185e-05 3.182698354085077e-06 -4.708740094952167e-05 -2.365420800697062e-06
1.481231049616668e-05 3.221203168741434e-06 -4.759774028264184e-05 -2.578602218973946e-06
