5.739968326763079e-05 -6.818579788942214e-06 -2.016282926747865e-05 3.835302222686448e-06
5.764236350478956e-05 -6.232848579233111e-06 -2.019219181445922e-05 3.754759681840273e-06
5.764227512559121e-05 -3.471255897434310e-06 -2.008628465377991e-05 3.337228104789007e-06
5.739958506363556e-05 -2.885522803764911e-06 -2.004149528907988e-05 3.237942404551338e-06
5.681383151750127e-05 -7.061170589818721e-06 -2.008532348341428e-05 3.867771664584279e-06
5.571454908068220e-05 -4.852032737706890e-06 -1.986876294701171e-05 3.522408571480588e-06
5.681372244028242e-05 -2.642930596739368e-06 -1.993975587666584e-05 3.196925961605570e-06
5.268836244152974e-05 -7.059379038411307e-06 -1.956902310111952e-05 3.851975465098097e-06
5.268818180540262e-05 -2.644563408992075e-06 -1.940274422690359e-05 3.194362781235414e-06
5.041269767318873e-05 -4.851927754957335e-06 -1.913604677919696e-05 3.556011629070876e-06
4.856967535822543e-05 -7.052801974711913e-06 -1.895449256152947e-05 3.992165458211786e-06
4.856956596475267e-05 -2.651116656816887e-06 -1.874056759645236e-05 3.169637685014682e-06
4.651509957110430e-05 -4.851885059854695e-06 -1.843606919903182e-05 3.491199316594461e-06
4.446800275270409e-05 -7.040546477223542e-06 -1.814269539990185e-05 4.042905652727863e-06
4.446811998346021e-05 -2.663166818533125e-06 -1.812122452072150e-05 3.071252322982975e-06
4.242527921614582e-05 -4.851694648589043e-06 -1.749674101089395e-05 3.481632371977969e-06
4.039407874828552e-05 -7.022007559207565e-06 -1.719983494298911e-05 4.099492508275423e-06
4.039437494825297e-05 -2.681275794909075e-06 -1.718783271683568e-05 2.952360757773481e-06
3.836918372153994e-05 -4.851360945635187e-06 -1.631220778033806e-05 3.480894957714867e-06
3.636025124549607e-05 -6.995951921435911e-06 -1.608282301864646e-05 4.144056481487802e-06
3.636068940858813e-05 -2.706597961159716e-06 -1.593761738226485e-05 2.786827898593488e-06
3.436010595043621e-05 -4.850839746672118e-06 -1.506920166174671e-05 3.497780648101361e-06
3.238140527412868e-05 -6.960613940857364e-06 -1.480108834142584e-05 4.212965305018976e-06
3.238199434116097e-05 -2.740570042573786e-06 -1.447147579392611e-05 2.690645704261360e-06
3.041505085582033e-05 -4.850028441331439e-06 -1.374337002964500e-05 3.500481766193014e-06
2.847642320439590e-05 -6.914413496820825e-06 -1.326755752848241e-05 4.231929015730916e-06
2.847704689079370e-05 -2.784733144339820e-06 -1.296649171939541e-05 2.783326984683004e-06
2.655385334107609e-05 -4.848975032503704e-06 -1.237508325785919e-05 3.468640160505589e-06
2.466616541612743e-05 -6.856528751871274e-06 -1.166647853103281e-05 4.233010562991830e-06
2.466665996642408e-05 -2.840080946005119e-06 -1.165903525535212e-05 2.834264034250080e-06
2.279816294853765e-05 -4.847761004050766e-06 -1.104038858621454e-05 3.486425643405838e-06
2.097239442365178e-05 -6.787239438038198e-06 -1.023114612538937e-05 4.222198560168391e-06
2.097256001206592e-05 -2.906847617242937e-06 -1.051947572637461e-05 2.878077723308201e-06
1.916917418309754e-05 -4.846413220520582e-06 -9.746651457583399e-06 3.483980600802821e-06
1.741522394726513e-05 -6.705953610760839e-06 -9.067163751939437e-06 4.093570666179085e-06
1.741516735866897e-05 -2.985878562430203e-06 -9.374431759679103e-06 2.936847148375237e-06
1.575572244628693e-05 -4.844686410698568e-06 -8.661791615753977e-06 3.487136179155548e-06
1.415052637288162e-05 -6.613567004315507e-06 -8.147948652413870e-06 4.016852260417018e-06
1.415008160749584e-05 -3.079968964146131e-06 -8.324426206362456e-06 2.995134975331596e-06
1.296184194326694e-05 -4.977225257611892e-06 -7.858216758035227e-06 3.551159332862783e-06
1.180235126983894e-05 -6.527100175812523e-06 -7.542923357747088e-06 3.998340605115835e-06
1.179992009918441e-05 -3.168298957448942e-06 -7.596973531572056e-06 3.036806493096189e-06
1.017604681894893e-05 -6.450628389754008e-06 -7.205870926775942e-06 3.970189571542248e-06
1.046955049940657e-05 -5.401051380415005e-06 -7.272653213398301e-06 3.671446804938551e-06
1.017179854583227e-05 -3.225369695075122e-06 -7.175937671984805e-06 3.013368994338681e-06
9.035521092530295e-06 -3.287251797749716e-06 -6.889141397995137e-06 3.029563028233288e-06
-1.115641709771293e-06 -4.811779148037327e-08 1.463464282302722e-06 6.092662755010148e-07
-1.139002156722085e-06 8.047959019960114e-09 1.497288859985410e-06 5.265173025333027e-07
-1.138876225505558e-06 2.175314601056375e-07 1.496715765650107e-06 2.126693092845532e-07
-1.115622187944860e-06 2.730211138860494e-07 1.462353978731907e-06 1.296581934606933e-07
9.030120401753492e-06 -6.396114843829412e-06 -6.918460232346792e-06 3.987585969558844e-06
8.039351715786185e-06 -6.289678127200627e-06 -6.599184025289946e-06 4.005126848935954e-06
8.784622230133796e-06 -4.456380724934449e-06 -6.840260297271489e-06 3.424798203121820e-06
8.019497032550113e-06 -3.266279195630480e-06 -6.556260538179798e-06 2.974263142447652e-06
-1.059706845717919e-06 -7.132372660564690e-08 1.381561662181133e-06 6.438227544957641e-07
-1.003108122413962e-06 1.584058016991486e-07 1.293409558703585e-06 3.025568103423050e-07
-1.060098443578170e-06 2.962235531933197e-07 1.378212292085727e-06 9.412911657909904e-08
7.710219413264168e-06 -5.342159870394123e-06 -6.506613080523168e-06 3.700123234774660e-06
7.091183520042186e-06 -6.061941414473663e-06 -6.228395948181941e-06 4.025401165531337e-06
6.210571135813312e-06 -5.751139644930978e-06 -5.827275505115521e-06 3.977793960680197e-06
7.412395550149111e-06 -4.087467257545150e-06 -6.364325913022606e-06 3.265374144170422e-06
7.087232419009650e-06 -3.097841336394732e-06 -6.223100818051507e-06 2.842248342027375e-06
-6.798638076553301e-07 -7.680888882310556e-08 8.213591769507708e-07 6.345475200464468e-07
-6.795302689686493e-07 3.028959516795666e-07 7.958397796205584e-07 4.522543472391915e-08
-4.830289413201134e-07 1.131407804863589e-07 5.110924708169467e-07 3.054245121720590e-07
5.411960770655393e-06 -5.338055844039984e-06 -5.413827647251684e-06 3.862625900602443e-06
6.079971200788330e-06 -4.818819748369021e-06 -5.802312076563187e-06 3.573125933746738e-06
6.377075998724140e-06 -3.693619580609667e-06 -5.917859394927269e-06 3.100201707581360e-06
6.248848695771486e-06 -2.800827740566264e-06 -5.851494610443323e-06 2.603704641651675e-06
-2.708323605666961e-07 -1.097869086690910e-07 1.379714665605051e-07 6.678134481082123e-07
-2.709222304335238e-07 3.359280102928910e-07 1.371076292542781e-07 -9.573745136531883e-08
-3.109798416071872e-08 1.130077618025949e-07 -2.428735454922288e-07 2.436689770044453e-07
4.685852693299635e-06 -4.864125917900842e-06 -4.989667738100674e-06 3.635534147677866e-06
4.060406940165246e-06 -4.338878027722272e-06 -4.598037917139272e-06 3.384191378926343e-06
5.357487160031709e-06 -3.528752764879536e-06 -5.435160581731039e-06 2.980964947807798e-06
5.522794514075911e-06 -2.384706959405860e-06 -5.537775845444548e-06 2.304491093391855e-06
2.419412891616388e-07 -1.808083496846671e-07 -6.145028554709328e-07 5.889534710318914e-07
2.419799606487278e-07 4.067655965422348e-07 -6.361071981342668e-07 -1.676166319778792e-07
4.220566819879021e-06 -3.572053286089745e-06 -4.710856764543404e-06 2.979212739775126e-06
3.533984060423324e-06 -3.756266776213949e-06 -4.240497298138336e-06 3.083944343525426e-06
4.477717521532571e-06 -2.753926669958531e-06 -4.908870148944002e-06 2.503284965126735e-06
4.920913670512216e-06 -1.898142485824867e-06 -5.227153349752722e-06 1.993081317502522e-06
5.403085752856733e-07 1.128374891235197e-07 -1.012714994139852e-06 1.914646672048687e-07
8.923180309669232e-07 -2.825382405512728e-07 -1.414122032391367e-06 6.530149615808864e-07
8.914587532786021e-07 5.088974724305625e-07 -1.428550789429470e-06 -2.862993090572447e-07
3.083923170648680e-06 -3.147609267900468e-06 -3.918320131963125e-06 2.699714626342495e-06
2.746069475185533e-06 -2.547624636164703e-06 -3.688908203061798e-06 2.330229784259498e-06
2.506202348930823e-06 -1.930079280867246e-06 -3.448507612458025e-06 1.921349481520774e-06
3.960371439723303e-06 -2.052130754172581e-06 -4.530768766849886e-06 2.048364509528467e-06
4.447965050394692e-06 -1.374918418439797e-06 -4.896489242818665e-06 1.540924064292343e-06
1.174137573012850e-06 1.111381787822552e-07 -1.738689277061798e-06 1.320809603010530e-07
1.516676045738231e-06 -3.812228301698526e-07 -2.120843054919848e-06 6.910994685683099e-07
1.517411550323527e-06 6.125017141267967e-07 -2.107350968423153e-06 -4.516659337572965e-07
3.077895648894964e-06 -1.920305939847882e-06 -3.906320479286312e-06 1.936402036858035e-06
2.336686546749938e-06 -1.327016414356175e-06 -3.240896643194132e-06 1.476632617957113e-06
2.061349865653182e-06 -4.621824969130853e-07 -2.699914592114413e-06 7.437322646602743e-07
2.207520370715318e-06 -5.513826487389511e-07 -2.924049339946416e-06 8.376358939386770e-07
2.271790473170945e-06 -7.427938945114104e-07 -3.066200705532247e-06 1.016131729287980e-06
3.608398919543396e-06 -1.301432661543385e-06 -4.289104763878364e-06 1.492716519206984e-06
4.090961488861487e-06 -8.441678422119955e-07 -4.692314842878222e-06 1.117011197983184e-06
1.823418708739029e-06 3.786768536862174e-08 -2.436227217738573e-06 2.009103300680788e-07
2.100146545654949e-06 6.887869508207098e-07 -2.690833685208387e-06 -5.476223843959908e-07
2.736175959125241e-06 -9.089955601944491e-07 -3.543746524129844e-06 1.164509298876170e-06
2.235884652101798e-06 -1.981190337617947e-07 -2.912325106840134e-06 4.490698305952663e-07
2.409384978075713e-06 -4.859011383577562e-07 -3.171791678561488e-06 7.708923762362447e-07
3.372890378350109e-06 -6.825778483079854e-07 -4.074939801899138e-06 9.532235111418622e-07
3.854089425016960e-06 -3.353503577940547e-07 -4.537572274075435e-06 5.817600582804679e-07
2.278017364949216e-06 3.615037882401454e-07 -2.904827306283238e-06 -1.598690183206177e-07
2.279720386729728e-06 7.694780072314420e-07 -2.845058693743033e-06 -6.375835920158335e-07
2.869389627525579e-06 -5.197380276569709e-08 -3.622204391966868e-06 3.494866402169196e-07
3.753564374730230e-06 1.488831062555620e-07 -4.495391647570141e-06 1.535040028441943e-07
3.729546458604746e-06 5.945816070516896e-07 -4.578482099257221e-06 -3.797348723336326e-07
2.624046645453665e-06 6.692313703170143e-07 -3.274479915100292e-06 -4.873240744169288e-07
2.390725597241297e-06 9.307891525447381e-07 -2.929381631258358e-06 -8.370816975331769e-07
2.539040373956637e-06 1.351997825417995e-06 -3.023868621602437e-06 -1.410526269884516e-06
3.306618600007518e-06 6.695347406133955e-07 -4.070257054834157e-06 -4.388422272682833e-07
2.733448039434430e-06 1.717946445442567e-06 -3.198226804874992e-06 -2.001485427789422e-06
3.794714129660325e-06 1.030108799794623e-06 -4.755357565606094e-06 -9.385643059439409e-07
2.934806093496641e-06 1.379928812488748e-06 -3.582703989423557e-06 -1.403231394555107e-06
3.472727335730036e-06 1.409684139441424e-06 -4.317865998898282e-06 -1.462422527652654e-06
2.947800251071035e-06 2.049233836277163e-06 -3.444671142797217e-06 -2.570269997985359e-06
3.918573938043994e-06 1.410206144938900e-06 -5.071037732268402e-06 -1.501036620405704e-06
3.762467582213804e-06 1.748971817604193e-06 -4.827570929798777e-06 -2.021412899292275e-06
3.446224589500247e-06 1.945080902861024e-06 -4.246848416927491e-06 -2.343335596159170e-06
3.188589195402289e-06 2.326088844843981e-06 -3.782715228775429e-06 -3.141680661256787e-06
3.434423680961034e-06 2.556189978743432e-06 -4.183512410222055e-06 -3.645823582590478e-06
4.080252771521193e-06 1.739198923270179e-06 -5.460964397625246e-06 -1.996183048739871e-06
3.931819255582446e-06 2.087832801861866e-06 -5.152572078048085e-06 -2.637238336828023e-06
3.765615979194661e-06 2.457522383362888e-06 -4.778180741895655e-06 -3.449090539144254e-06
3.697069068921344e-06 2.737883942887205e-06 -4.637821226995046e-06 -4.155893697866584e-06
4.274402695933162e-06 2.005043679633917e-06 -5.959757725510864e-06 -2.468071614009271e-06
4.204158494122217e-06 2.447057015121613e-06 -5.799914025669364e-06 -3.469482729069352e-06
3.956894265153149e-06 2.885340814398123e-06 -5.175256071045372e-06 -4.627262240497097e-06
4.205665752768015e-06 2.989025229215617e-06 -5.839317414804040e-06 -5.035598624625071e-06
4.451161483410452e-06 3.049590469809785e-06 -6.544657162575381e-06 -5.330835653637457e-06
4.481308622981691e-06 2.532348276887693e-06 -6.552865241468649e-06 -3.739084513462495e-06
4.484833531466762e-06 2.204788093801916e-06 -6.527700001975849e-06 -2.896085805429704e-06
4.430333280612697e-06 2.825724567795279e-06 -6.440854593922156e-06 -4.581944027733071e-06
4.678823439145068e-06 3.087023005696005e-06 -7.296102610500007e-06 -5.537253173557803e-06
4.889705448422103e-06 3.092958380504331e-06 -8.020579757652511e-06 -5.684500144678309e-06
4.679489799772062e-06 2.603084724618968e-06 -7.168484145327767e-06 -3.953193246014775e-06
4.694563315728682e-06 2.353792025548543e-06 -7.197322132562857e-06 -3.215793639370026e-06
5.089232716288770e-06 3.077748599168378e-06 -8.744173292719470e-06 -5.754168132509799e-06
4.883521119522391e-06 2.810776082152580e-06 -7.911648462543637e-06 -4.655761364398341e-06
4.900242038181232e-06 2.453963699112524e-06 -7.947548814312157e-06 -3.381802818617619e-06
5.135878461501703e-06 2.834742533482902e-06 -8.912173194784723e-06 -4.777190320617944e-06
5.280112109587896e-06 3.047696834395451e-06 -9.524624906242554e-06 -5.758171138906427e-06
5.097729588095388e-06 2.499233860978913e-06 -8.714490706912214e-06 -3.425483734093049e-06
5.516869173609797e-06 3.019211448513987e-06 -1.063517181029008e-05 -5.778816962629128e-06
5.342486297451803e-06 2.705663734404155e-06 -9.790107320394338e-06 -4.228468115992508e-06
5.281028893013482e-06 2.531018681705212e-06 -9.541066977799614e-06 -3.455750422510604e-06
5.785801571257337e-06 2.979067708123816e-06 -1.209472299844442e-05 -5.795525734164696e-06
5.664058884044933e-06 2.776224591676818e-06 -1.141630512411183e-05 -4.579669154999489e-06
5.515420711493370e-06 2.570148938996864e-06 -1.064493799567990e-05 -3.519435016729947e-06
6.070195964815201e-06 2.940769447942337e-06 -1.419789612214038e-05 -5.930198299746302e-06
5.938747973376331e-06 2.794447887727286e-06 -1.318487101494301e-05 -4.667929593965910e-06
5.784980199598370e-06 2.610804823890503e-06 -1.223708789388552e-05 -3.517838863630161e-06
6.307695881129950e-06 2.912914898190308e-06 -1.670305608079051e-05 -6.150942657123508e-06
6.197458669550707e-06 2.796074648890180e-06 -1.546027900638264e-05 -4.676798275068776e-06
6.069786666442657e-06 2.650255216154074e-06 -1.437073908224295e-05 -3.437545023426808e-06
6.500278298189315e-06 2.892104804730006e-06 -1.952525259411666e-05 -6.355296927938741e-06
6.410382439650554e-06 2.797093611300039e-06 -1.807181851506156e-05 -4.702647897857175e-06
6.307394581790709e-06 2.680394626192284e-06 -1.677534540782726e-05 -3.299664211175255e-06
6.658848622688473e-06 2.875528376400261e-06 -2.263557299292494e-05 -6.460449204485506e-06
6.584502220605432e-06 2.797722174740817e-06 -2.098065658313226e-05 -4.758081172782767e-06
6.500024914194757e-06 2.702802491271853e-06 -1.944709959090452e-05 -3.222055315340608e-06
6.788740292186189e-06 2.860370389703482e-06 -2.580898209342714e-05 -6.579119694767957e-06
6.728382184370089e-06 2.798072378860043e-06 -2.409098014056806e-05 -4.817296014740419e-06
6.658622737563400e-06 2.720282153168138e-06 -2.245424339168803e-05 -3.158518201816464e-06
6.890343206567818e-06 2.845127522095686e-06 -2.906783936081892e-05 -6.664718103211781e-06
6.844383091968751e-06 2.798252853242529e-06 -2.732999880243700e-05 -4.864778107294002e-06
6.788695179558893e-06 2.735902798598647e-06 -2.563514346028216e-05 -3.067957945985785e-06
6.962891290010584e-06 2.830380256505032e-06 -3.244293377761151e-05 -6.771864371991574e-06
6.931418388849271e-06 2.798279348213227e-06 -3.071422453944511e-05 -4.922264390681934e-06
6.890406516493126e-06 2.751399122108675e-06 -2.896064694708420e-05 -3.043348371576536e-06
7.008830879981391e-06 2.818188037411050e-06 -3.597738628698406e-05 -6.870330959532423e-06
6.989738381131799e-06 2.798293058538213e-06 -3.421466907352297e-05 -4.958454518369081e-06
6.962838084875211e-06 2.766223792588662e-06 -3.245456121148531e-05 -3.083208646092865e-06
7.035938884547380e-06 2.810613005319011e-06 -3.968162584986829e-05 -6.903983229059475e-06
7.024600064144176e-06 2.798215612603359e-06 -3.783244116844661e-05 -4.942207213323933e-06
7.008662342898757e-06 2.778288883084526e-06 -3.607794464498330e-05 -3.016201760439977e-06
7.073126216944200e-06 2.806492714029254e-06 -4.716247293429011e-05 -6.643860941765843e-06
7.070643250223358e-06 2.807518719915033e-06 -4.666695286791719e-05 -6.847323194906964e-06
7.044719303968868e-06 2.798140782319896e-06 -4.124574694455067e-05 -4.988664926013240e-06
7.053977741149668e-06 2.807809123834492e-06 -4.323856814572171e-05 -6.796262372333677e-06
7.035846358026165e-06 2.785611271680459e-06 -3.959953710206851e-05 -3.082406875749375e-06
7.074154918336244e-06 2.804010464590235e-06 -4.736518986173777e-05 -6.148606694472217e-06
7.068398995701338e-06 2.798181281102410e-06 -4.615000921854324e-05 -4.954157181012362e-06
7.053967397035331e-06 2.788458781553948e-06 -4.316954145575443e-05 -3.100325180021654e-06
7.074154287173177e-06 2.792364108133040e-06 -4.727943471373555e-05 -3.807562280325027e-06
7.070636811653310e-06 2.788845770176154e-06 -4.657149829688020e-05 -3.113616901672554e-06
7.073124155664887e-06 2.789875557051681e-06 -4.706996112120427e-05 -3.316071705044717e-06
