7.794257173587394e-05 -1.302100030507669e-05 1.803025961732658e-06 -1.314495244506089e-06
7.820264957542366e-05 -1.239294388634165e-05 1.860346544293141e-06 -1.179087066272223e-06
7.820232174523883e-05 -9.432351587019808e-06 1.808950969381306e-06 -5.960856847834978e-07
7.794220042361703e-05 -8.804249944961727e-06 1.741888088260093e-06 -4.470149757170913e-07
7.731463181334101e-05 -1.328117027722646e-05 1.665152092615774e-06 -1.369694773622568e-06
7.613687747187649e-05 -1.091257047158169e-05 1.426739650295179e-06 -8.756632535743010e-07
7.731419697788852e-05 -8.544057482350253e-06 1.587179627772066e-06 -3.861414083646461e-07
7.289348632912318e-05 -1.328242367063109e-05 8.430528850966577e-07 -1.346762001760363e-06
7.289286827681204e-05 -8.542334309605185e-06 7.388817254868242e-07 -3.943911029127197e-07
7.045053340370692e-05 -1.091223894874189e-05 2.309807826676386e-07 -8.919467886976589e-07
6.846605299167884e-05 -1.328756667065179e-05 -3.696139458458657e-08 -1.367803987217149e-06
6.846514969795251e-05 -8.536339608357631e-06 -1.648757450278835e-07 -3.448839609346989e-07
6.624767149187354e-05 -1.091160566661079e-05 -7.021917348780222e-07 -8.628145545081488e-07
6.402389261980638e-05 -1.329597108057922e-05 -9.665961285792419e-07 -1.257641264738814e-06
6.402342903354326e-05 -8.526535640839606e-06 -1.128480526886694e-06 -3.343631087175530e-07
6.179627389203458e-05 -1.091106487537071e-05 -1.546997362407489e-06 -8.376115615732717e-07
5.956209190238940e-05 -1.330595137850223e-05 -1.709318738347416e-06 -1.137717459520798e-06
5.956139696500305e-05 -8.515355911947208e-06 -2.000505275610338e-06 -5.252382510617477e-07
5.732366830895082e-05 -1.091037168129126e-05 -2.116511573640824e-06 -7.644573810108485e-07
5.507950588489825e-05 -1.331529551057926e-05 -2.259476470360545e-06 -9.418841932715282e-07
5.507848431378892e-05 -8.504379753635688e-06 -2.299638621106423e-06 -7.533158546411713e-07
5.283119330687362e-05 -1.090943440872633e-05 -2.287160090704232e-06 -7.250564691030509e-07
5.057942457870187e-05 -1.332172602498537e-05 -2.465495596973720e-06 -7.522218368204561e-07
5.057808171962844e-05 -8.496125000432171e-06 -2.154376461623733e-06 -9.429572766853709e-07
4.832432821753029e-05 -1.090834564922100e-05 -2.028005302023361e-06 -6.787064461708772e-07
4.606907222562659e-05 -1.332347555555305e-05 -2.244144770457979e-06 -5.189249345206156e-07
4.606789952644138e-05 -8.492509912348961e-06 -1.764647446762283e-06 -9.861437900529929e-07
4.381224231266257e-05 -1.090728385440527e-05 -1.516663353125249e-06 -6.853878870041155e-07
4.155767140131927e-05 -1.332083048305953e-05 -1.757199642657949e-06 -4.236318948238876e-07
4.155716843609649e-05 -8.493188249258040e-06 -1.429102595881408e-06 -9.334021629969553e-07
3.930384967460161e-05 -1.090631221704997e-05 -1.011061566239062e-06 -7.194629164289236e-07
3.705391009554209e-05 -1.331446449225993e-05 -1.127941940443053e-06 -3.734429317892615e-07
3.705410129488446e-05 -8.497537851102763e-06 -1.065957262307643e-06 -8.675756588523090e-07
3.480645238057745e-05 -1.090549882559735e-05 -5.622431045020584e-07 -7.121274569044266e-07
3.256346474258908e-05 -1.330657133207689e-05 -5.300702800367459e-07 -3.604269093494734e-07
3.256347767012917e-05 -8.503430282399613e-06 -5.984743422416330e-07 -8.612892430669726e-07
3.041345963944580e-05 -1.090455231413864e-05 -1.705816914474397e-07 -7.005385852615902e-07
2.826737648247450e-05 -1.329951586043592e-05 3.860927748500179e-08 -3.697654711219909e-07
2.826719499377714e-05 -8.508468090065150e-06 -5.111861214954871e-08 -8.428387659752609e-07
2.665935285613992e-05 -1.109070898483623e-05 2.360810934683825e-07 -6.203783886616194e-07
2.501982933868687e-05 -1.329520948244262e-05 3.891044379958668e-07 -3.947364347803968e-07
2.501931773113064e-05 -8.510702593313271e-06 4.285470951305874e-07 -9.043138175416669e-07
2.265856561280361e-05 -1.329349866453372e-05 6.602511710986950e-07 -3.906150953204201e-07
2.312051635831772e-05 -1.171857856903534e-05 6.281416223849853e-07 -5.365441875258344e-07
2.265835598850061e-05 -8.510749618461671e-06 6.845852711170237e-07 -8.503068153301967e-07
2.094203206339982e-05 -8.510035151288350e-06 9.060827264612277e-07 -8.109348305951402e-07
-3.650596719214203e-06 -2.482449601260584e-08 -3.667366793788535e-07 -3.716847228015149e-07
-3.723203726159667e-06 1.496394547810969e-07 -3.779337135078010e-07 -3.390585633963801e-07
-3.722866679166380e-06 8.001397854650517e-07 -3.767811117452085e-07 -2.054300568784157e-07
-3.650599077848625e-06 9.725053471439260e-07 -3.653119904579139e-07 -1.729607855868742e-07
2.094238580443874e-05 -1.329310965286997e-05 8.321170237603946e-07 -4.076034720234107e-07
1.938191395488704e-05 -1.320426183187451e-05 9.787797462159998e-07 -4.339424700510603e-07
2.059613028386883e-05 -1.030442012846118e-05 9.541277095952578e-07 -6.862861497525139e-07
1.938582108766557e-05 -8.372353049492155e-06 1.047784841624297e-06 -7.342103754927670e-07
-3.476864285893612e-06 -9.686753605681415e-08 -3.385816157060391e-07 -3.855922084217427e-07
-3.301520974410344e-06 6.166723512886981e-07 -3.018028332928815e-07 -2.399764363680964e-07
-3.478121086127062e-06 1.044656457144226e-06 -3.352115840103213e-07 -1.577990970751947e-07
1.888802605759266e-05 -1.172873141502634e-05 1.052683164533884e-06 -5.516648324327057e-07
1.784079015736369e-05 -1.293933272488323e-05 1.069561355931254e-06 -5.171176233007349e-07
1.633893162387486e-05 -1.250104059075701e-05 1.148548578612702e-06 -5.840191060816684e-07
1.841981890291115e-05 -9.682281631108093e-06 1.111966558368150e-06 -6.615365706243887e-07
1.787621432940938e-05 -7.965139792522231e-06 1.128796040045276e-06 -6.694189521190005e-07
-2.298357282275007e-06 -1.144650332574553e-07 -1.104771208751510e-07 -3.415968871739633e-07
-2.296869663092341e-06 1.067109503114866e-06 -9.592206754898426e-08 -1.055822119704468e-07
-1.686320540561443e-06 4.774530589278088e-07 2.434035347442593e-08 -1.886551164601945e-07
1.489507288274456e-05 -1.189531409639477e-05 1.164204507594345e-06 -6.518446994971033e-07
1.614365787633722e-05 -1.094840869382390e-05 1.191279460716686e-06 -6.309163778059776e-07
1.666598040343037e-05 -8.976980110352351e-06 1.144343975746776e-06 -6.577006569045286e-07
1.645881967337878e-05 -7.300585017479210e-06 1.097706515892880e-06 -5.838493996041457e-07
-1.023924329957472e-06 -2.215525581156834e-07 1.601178998040919e-07 -2.603727327289576e-07
-1.023513007118555e-06 1.178244017852013e-06 1.771300094736136e-07 -6.087509425492860e-08
-2.701935295416573e-07 4.792615009907489e-07 2.710587040388559e-07 -1.281409303084114e-07
1.352868594506288e-05 -1.112884288058702e-05 1.113968417879628e-06 -6.435053192536932e-07
1.225669429415314e-05 -1.021118748172151e-05 1.008509169577198e-06 -6.400439354157059e-07
1.482979209906045e-05 -8.661653206309376e-06 1.133798119234930e-06 -6.127919667898480e-07
1.517657635265359e-05 -6.399103657012979e-06 1.070809980153767e-06 -4.968375544161075e-07
5.935476404814778e-07 -4.550484616663021e-07 3.529016855981171e-07 -2.020878253147580e-07
5.940935924039736e-07 1.415392321509844e-06 3.871198117322404e-07 8.978224935744885e-11
1.257809368548084e-05 -8.769924766229527e-06 1.021554959991162e-06 -6.051880702246882e-07
1.109620271092184e-05 -9.154784959670478e-06 9.370478620329372e-07 -6.272495756152659e-07
1.312188867096572e-05 -7.116087074914362e-06 1.036823802009885e-06 -5.110690307985110e-07
1.406855603750737e-05 -5.287112516518969e-06 1.040911073378454e-06 -4.301129715948916e-07
1.544262641317683e-06 4.807927133244635e-07 4.385497992307948e-07 -7.712011329803358e-08
2.673361206390502e-06 -7.940040381913734e-07 5.147841840931884e-07 -1.744598091273122e-07
2.672294901482567e-06 1.759566951340916e-06 4.930605036176005e-07 9.548492280201634e-09
1.006296686558156e-05 -7.972718142227892e-06 8.711903042111739e-07 -5.745098089198190e-07
9.168566292419620e-06 -6.679132998054589e-06 7.828035512580655e-07 -4.638135612105764e-07
8.422516160738800e-06 -5.289243209979964e-06 7.267495144058187e-07 -3.450492342169290e-07
1.200891352678824e-05 -5.605082048029222e-06 9.521034099085921e-07 -3.996230592450238e-07
1.316879852390908e-05 -3.998717480279325e-06 9.756616575044447e-07 -3.028191191281390e-07
3.580910021466877e-06 4.788727538951781e-07 5.735924285599229e-07 -6.909194667893112e-08
4.694476904444171e-06 -1.129875371743082e-06 6.229177396263956e-07 -1.272181472035875e-07
4.694436921173967e-06 2.110677974055226e-06 6.417061121787337e-07 -1.119944334403741e-08
9.916105910500499e-06 -5.297622411573040e-06 8.360096332441250e-07 -3.514046726712237e-07
7.839991463513412e-06 -3.815659179933867e-06 7.012850269093153e-07 -2.284562183665384e-07
6.553405065183060e-06 -1.417993070075189e-06 7.001941248584606e-07 -1.462174545310938e-07
7.110453777492102e-06 -1.698598881252017e-06 7.438131548593786e-07 -1.683865578167657e-07
7.425363170337324e-06 -2.260900140488582e-06 7.515870635682838e-07 -1.886977835505932e-07
1.122268715186872e-05 -3.806284688260249e-06 9.047867544837919e-07 -2.821334527962544e-07
1.250765459746603e-05 -2.582357332595174e-06 9.593602121134272e-07 -2.448979877569041e-07
5.696811351340891e-06 2.449144731000555e-07 6.698691272949257e-07 -8.154692598112234e-08
6.511461775766042e-06 2.362155659162257e-06 7.072518724892433e-07 -1.681112895115876e-08
8.869563646834519e-06 -2.762406552845153e-06 7.606668248216851e-07 -1.861454447885834e-07
7.124355866454257e-06 -5.684082611469007e-07 7.431966266176029e-07 -1.099114912597164e-07
7.783964636724692e-06 -1.501727844795459e-06 7.724051847048053e-07 -1.611031987411334e-07
1.063756098361729e-05 -2.139803088049673e-06 8.367886862651066e-07 -1.726043584762317e-07
1.211625378778648e-05 -1.087583603911973e-06 8.977399672959682e-07 -9.694834294310851e-08
7.120582692220494e-06 1.266502725046667e-06 7.439787574838213e-07 -6.106207924143490e-08
7.010557969486148e-06 2.641814088329233e-06 7.426953289371696e-07 -1.515169993314492e-08
9.163999296997291e-06 -2.257939080498538e-07 8.027156310742865e-07 -1.066902217041265e-07
1.200791702767661e-05 4.433120339278589e-07 8.785872981627404e-07 -6.926340376272638e-08
1.226273181747570e-05 1.996670825024956e-06 8.447470604173666e-07 -1.469961627338755e-08
8.185399569649342e-06 2.255762709428681e-06 8.026936557780436e-07 -2.564857922829907e-08
7.290788066456047e-06 3.260351335509770e-06 7.623648255565581e-07 -2.696807622968374e-08
7.615383440446397e-06 5.004946598084242e-06 8.034742539968498e-07 -5.972106987283157e-08
1.067049458813124e-05 2.166613408239819e-06 8.427405701402688e-07 -1.096500961703881e-09
8.146733773806774e-06 6.767415565647593e-06 8.558119025007860e-07 -8.984681672729491e-08
1.285447738947203e-05 3.589601470355445e-06 8.017198638637207e-07 -3.156456718581637e-08
9.159380794663561e-06 5.043040080188318e-06 8.629407913250227e-07 -6.874852720523831e-08
1.151330135749527e-05 5.179678862748155e-06 8.176575592258197e-07 -8.445839549872150e-08
8.930157610505797e-06 8.480707494711996e-06 8.886556732517471e-07 -1.301665258660538e-07
1.378619001275264e-05 5.183506084277809e-06 7.770946562624573e-07 -8.252075860085388e-08
1.309029122218938e-05 6.818811844014028e-06 7.743467974128583e-07 -1.190520118951377e-07
1.136557026442684e-05 7.870076997132246e-06 8.179275792833168e-07 -1.348065675689736e-07
9.932558014026687e-06 1.018241750556948e-05 8.972358769431229e-07 -1.825000275920141e-07
1.120509320712900e-05 1.181839715024559e-05 8.571933481894203e-07 -2.622916792902519e-07
1.507696036522631e-05 6.693793756634329e-06 7.317241326399202e-07 -1.305130344789022e-07
1.419138938168286e-05 8.730402647748203e-06 7.222264177585117e-07 -1.773848093774497e-07
1.313517116905325e-05 1.118310970194865e-05 7.623231527853349e-07 -2.345831113109112e-07
1.268092464981381e-05 1.336257736368870e-05 8.000232205918093e-07 -3.059211892055664e-07
1.668205272098654e-05 8.062132862731716e-06 7.050792033452285e-07 -1.936590913073359e-07
1.621295098044785e-05 1.118485881411439e-05 6.893228496160797e-07 -2.521883507096362e-07
1.439550412462480e-05 1.474000085598930e-05 7.430481514211032e-07 -3.271590026465795e-07
1.634171925087490e-05 1.595811433073842e-05 7.163090921036205e-07 -3.128196498600438e-07
1.845869892742724e-05 1.699579695834513e-05 6.813473216872627e-07 -2.981414186371390e-07
1.861430471789639e-05 1.187387504538333e-05 7.022564657831011e-07 -2.745032924586451e-07
1.858830563321638e-05 9.226468569384754e-06 7.050128452200515e-07 -2.489947458297809e-07
1.812939565947295e-05 1.457746308354517e-05 6.848539519040564e-07 -2.874200679229583e-07
2.075566136583848e-05 1.777010475583367e-05 6.583801852664457e-07 -2.758713056269219e-07
2.319328575961483e-05 1.829938798747833e-05 6.992831799317670e-07 -2.331532021180368e-07
2.058183550687626e-05 1.247062752711670e-05 7.131083815222943e-07 -2.831342840409069e-07
2.077364064524924e-05 1.007802420599253e-05 7.212060511790801e-07 -2.755542007258116e-07
2.571007805565909e-05 1.854043886800280e-05 7.425850297176980e-07 -2.112612985264697e-07
2.286148950172043e-05 1.475299068890002e-05 6.997014047744176e-07 -2.884589964470703e-07
2.316318872452089e-05 1.056816154410179e-05 7.179810256694117e-07 -2.998871095647612e-07
2.625693943438355e-05 1.515056441586544e-05 7.728564686169613e-07 -2.838564026430982e-07
2.858259075723709e-05 1.865530084300924e-05 8.280912419676125e-07 -2.252991595775621e-07
2.567804670863682e-05 1.069317452478127e-05 7.399218932482685e-07 -3.295365735986776e-07
3.263089654023462e-05 1.877083243614654e-05 9.546689896051629e-07 -2.114417429645994e-07
2.938742334572133e-05 1.319490569983644e-05 8.231208913445153e-07 -3.140205553375685e-07
2.857588523793826e-05 1.058089724622239e-05 8.026523141819998e-07 -3.570341269644755e-07
3.842490822673997e-05 1.894780280906243e-05 1.106045032986711e-06 -2.235735654771871e-07
3.550759462758387e-05 1.428272210985445e-05 1.013098278756370e-06 -3.237271238469419e-07
3.263364353963076e-05 1.043450608044353e-05 8.987876943824240e-07 -4.021804829178713e-07
4.639811662641152e-05 1.913779367556962e-05 1.245302389089873e-06 -2.847857849356810e-07
4.235805181754664e-05 1.461397435570100e-05 1.161206974247040e-06 -3.308952257288611e-07
3.842586483481144e-05 1.026777760180581e-05 1.046118402112631e-06 -4.179860981443746e-07
5.501333759401742e-05 1.929638395042360e-05 1.294423992075835e-06 -4.081135823350721e-07
5.065738824768576e-05 1.461485566308797e-05 1.324979375084704e-06 -3.615431719934669e-07
4.639801396737074e-05 1.008904341887593e-05 1.224492551431929e-06 -4.184136328461012e-07
6.389014135551754e-05 1.942616623728857e-05 1.160992055065454e-06 -4.573976653626942e-07
5.941153265823664e-05 1.461685061296410e-05 1.266738376700057e-06 -3.950060374962523e-07
5.501275467939524e-05 9.935246377844950e-06 1.298721749819489e-06 -3.386256862757813e-07
7.297954588981671e-05 1.953005549687097e-05 1.026405533247115e-06 -4.597886605355461e-07
6.840273282726037e-05 1.461878206637022e-05 1.089726478378217e-06 -4.116065052820645e-07
6.388946370002382e-05 9.809584025305514e-06 1.148487691019979e-06 -3.292785641726833e-07
8.223660451999441e-05 1.961130567989105e-05 9.497868680759428e-07 -4.619150538793045e-07
7.758293699236570e-05 1.462033563537989e-05 9.405926593022598e-07 -4.325639358650588e-07
7.297893055862616e-05 9.709253003733642e-06 9.727997625852085e-07 -3.633738468306462e-07
9.162255483194342e-05 1.967280279108478e-05 1.027298334064040e-06 -4.335408867173698e-07
8.691049581457597e-05 1.462170814775744e-05 9.334400149796832e-07 -4.595018122297579e-07
8.223593067804901e-05 9.630830990446342e-06 8.604815885900592e-07 -4.394955043276482e-07
1.011034872202677e-04 1.971653176864179e-05 1.111513385258741e-06 -4.791205439765389e-07
9.634953831785586e-05 1.462290927258579e-05 1.051091906771042e-06 -4.922029313625733e-07
9.162204646439529e-05 9.571798625356681e-06 9.204882452946105e-07 -5.317828392051765e-07
1.106476787793907e-04 1.974382238168591e-05 1.116294530491039e-06 -5.318655542143138e-07
1.058674335656623e-04 1.462380710559235e-05 1.097751438532548e-06 -5.131574979005813e-07
1.011032529694226e-04 9.530218639607658e-06 1.000597219020880e-06 -5.504209684751783e-07
1.202260161861269e-04 1.975708959154288e-05 1.178018574401038e-06 -5.388778718540791e-07
1.154332223288585e-04 1.462437642355620e-05 1.120137992454997e-06 -5.474329967044001e-07
1.106477432076364e-04 9.504432776991922e-06 1.074953476134606e-06 -5.490135289449215e-07
1.407682550186487e-04 1.919747006767432e-05 1.262694438073168e-06 -5.113541094219538e-07
1.394062976538527e-04 1.976161323387027e-05 1.254134941658406e-06 -5.079766728565412e-07
1.245209087930524e-04 1.462492170823775e-05 1.152908495702723e-06 -5.430550408974173e-07
1.298161676387523e-04 1.976110790241461e-05 1.189747135287535e-06 -5.297296689657605e-07
1.202257452487437e-04 9.492348253157670e-06 1.099066839898997e-06 -5.621618162506228e-07
1.413323925528288e-04 1.783550660069371e-05 1.264832077407088e-06 -5.199914968512304e-07
1.381094893862514e-04 1.462523792550993e-05 1.222373428178533e-06 -5.452500580393519e-07
1.298159966113104e-04 9.489045105503784e-06 1.153190001545817e-06 -5.836403801906463e-07
1.413322731570171e-04 1.141503571534951e-05 1.216243210856046e-06 -5.430654368960467e-07
1.394061466560358e-04 9.488907742365102e-06 1.201897754414064e-06 -5.509820327373919e-07
1.407681218646752e-04 1.005305971797535e-05 1.210634211468353e-06 -5.486732994997160e-07
