7.582377106126414e-05 -1.148946136509137e-05 -4.670224452163448e-06 2.516907531947837e-06
7.610323660987376e-05 -1.081477672884703e-05 -4.661592144043845e-06 2.525497510848156e-06
7.610322133465378e-05 -7.634173079801144e-06 -4.545521873673932e-06 2.608847243399984e-06
7.582374415991358e-05 -6.959426862863484e-06 -4.533270968671237e-06 2.585210884051275e-06
7.514908283318041e-05 -1.176892170499723e-05 -4.685868970782678e-06 2.515164056786694e-06
7.388367343187411e-05 -9.224414554917009e-06 -4.642979589244170e-06 2.545958977403752e-06
7.514901955842992e-05 -6.679932298011367e-06 -4.512179311284448e-06 2.572726029894089e-06
7.039883976020289e-05 -1.176864724363453e-05 -4.720173571466526e-06 2.541724587043873e-06
7.039861856580264e-05 -6.679362871556138e-06 -4.464437326070870e-06 2.507020334309629e-06
6.777600483887001e-05 -9.223642503645654e-06 -4.615080659898419e-06 2.568969343705235e-06
6.564783584806631e-05 -1.176856988344031e-05 -4.878838445245876e-06 2.486338936913644e-06
6.564716441791417e-05 -6.677491849508164e-06 -4.550427743981413e-06 2.583086450869521e-06
6.327108444569540e-05 -9.222607803260288e-06 -4.648598064268085e-06 2.496113727982629e-06
6.089403778720684e-05 -1.176899474409795e-05 -4.776776210661110e-06 2.436021089387637e-06
6.089294556826338e-05 -6.674794493740046e-06 -4.617496462180387e-06 2.495103958692010e-06
5.851517106665167e-05 -9.221327562744805e-06 -4.675378279776176e-06 2.508968897701374e-06
5.613642632082331e-05 -1.176855493635483e-05 -4.790262343620276e-06 2.540891618662604e-06
5.613523603033527e-05 -6.672817073505321e-06 -4.599843787397319e-06 2.375657773444144e-06
5.375639364691098e-05 -9.220010198400187e-06 -4.636701677159144e-06 2.460514725543597e-06
5.137845650526401e-05 -1.176475274090005e-05 -4.685616537075792e-06 2.543524737904476e-06
5.137733932571436e-05 -6.673945304323028e-06 -4.438572688634995e-06 2.346546579974046e-06
4.900094161704753e-05 -9.218611160087433e-06 -4.422657685228310e-06 2.416928482797587e-06
4.662947936665637e-05 -1.175469525303309e-05 -4.444124172413203e-06 2.503951927803164e-06
4.662843272015120e-05 -6.681148076047813e-06 -4.120135797057652e-06 2.323944344080967e-06
4.426072408566611e-05 -9.217169643964497e-06 -4.158129369266483e-06 2.395091380498229e-06
4.190285790058060e-05 -1.173699508781516e-05 -4.302138533692110e-06 2.540872769840490e-06
4.190207449870111e-05 -6.695955672975601e-06 -3.952345397031525e-06 2.265284677574797e-06
3.955053492017583e-05 -9.215620683499300e-06 -3.868841800209896e-06 2.368496140969570e-06
3.721384708913548e-05 -1.171121916936647e-05 -4.209856944763389e-06 2.455258130892832e-06
3.721349823766916e-05 -6.718593348891034e-06 -3.918531712159562e-06 2.335179940991316e-06
3.488545287932332e-05 -9.214081803448494e-06 -3.686871524941875e-06 2.372913380527672e-06
3.257725933740520e-05 -1.167748983926208e-05 -4.253954998323644e-06 2.340622557169596e-06
3.257714107640708e-05 -6.749123247724741e-06 -3.924944140652580e-06 2.437615533351618e-06
3.027999563359695e-05 -9.212499715832942e-06 -3.721550633220630e-06 2.406211948841671e-06
2.800805106654304e-05 -1.163498840294179e-05 -4.241270469458023e-06 2.445706056065754e-06
2.800754553826337e-05 -6.788420837724885e-06 -3.959196629698702e-06 2.471537268835245e-06
2.583982611525068e-05 -9.210495167230007e-06 -3.918494920099325e-06 2.437276957893330e-06
2.370132202710415e-05 -1.158410647679371e-05 -4.299730183221556e-06 2.412308835906343e-06
2.370026939068822e-05 -6.838136324496355e-06 -4.064558735079212e-06 2.551939760123097e-06
2.210540362264280e-05 -9.391640586630719e-06 -4.139676415289694e-06 2.452162557229301e-06
2.050686828900056e-05 -1.153443789081828e-05 -4.261858839025652e-06 2.410412139221890e-06
2.050483525124470e-05 -6.886839576987056e-06 -4.132039072618131e-06 2.527667015135116e-06
1.822922919838819e-05 -1.148908436882004e-05 -4.230089252221943e-06 2.490399991035038e-06
1.866034609417309e-05 -9.991376035396165e-06 -4.249453248717332e-06 2.442556379906752e-06
1.822602708981012e-05 -6.919084278606742e-06 -4.255070208955001e-06 2.496835960689641e-06
1.659707002060047e-05 -6.954857539699451e-06 -4.188448548817033e-06 2.391800584919661e-06
-2.576697388574316e-06 -4.239607657118685e-07 9.920550332572215e-07 6.819652042707498e-08
-2.627561637056099e-06 -3.016088447415890e-07 1.015074330200966e-06 1.253559683195525e-08
-2.627257631315006e-06 1.539446476776480e-07 1.010468245314992e-06 -2.006420698281314e-07
-2.576656132132354e-06 2.745236900500746e-07 9.854518097088583e-07 -2.565848147733591e-07
1.659461007241475e-05 -1.145616691105307e-05 -4.167346552528581e-06 2.539647593364424e-06
1.513891354549026e-05 -1.134282819677724e-05 -4.121825137863164e-06 2.596747352800446e-06
1.625589203492050e-05 -8.644993298242883e-06 -4.206818297757435e-06 2.438094938245203e-06
1.512834644200240e-05 -6.866365141803597e-06 -4.175343110114914e-06 2.295670737025983e-06
-2.454889254715499e-06 -4.745752367771238e-07 9.361202110358431e-07 9.091523762692245e-08
-2.332262108422115e-06 2.503993646225359e-08 8.760712058576851e-07 -1.418684853316397e-07
-2.455957670733861e-06 3.248280353809155e-07 9.298091110366188e-07 -2.788796372694088e-07
1.466864331390315e-05 -9.960657966673717e-06 -4.124907971534199e-06 2.566929580105840e-06
1.372043611425208e-05 -1.105884813063689e-05 -4.047317415384600e-06 2.652830124495296e-06
1.236489113110436e-05 -1.062920531586535e-05 -3.892822434550450e-06 2.660752479441926e-06
1.423095254689909e-05 -8.080698323879732e-06 -4.125213844789728e-06 2.384741882361896e-06
1.373558135436388e-05 -6.542345373427440e-06 -4.101478996325650e-06 2.160084512002259e-06
-1.629797082260649e-06 -4.881922097696623e-07 5.759110937665578e-07 8.814303496290845e-08
-1.629237378882032e-06 3.391154991961658e-07 5.752503504882772e-07 -2.694949880004140e-07
-1.201793062438208e-06 -7.460974076161101e-08 3.723324731281734e-07 -8.382498047772156e-08
1.109286147335700e-05 -1.004550801733891e-05 -3.686607833093807e-06 2.658169654120451e-06
1.217820123750581e-05 -9.214637824141924e-06 -3.869700125734827e-06 2.559839694858021e-06
1.264301262529933e-05 -7.456174758260128e-06 -3.950244800783814e-06 2.289318812793563e-06
1.245090481103439e-05 -6.001593886851407e-06 -3.934731136269701e-06 1.965947167001757e-06
-7.378090916900389e-07 -5.655711873296354e-07 1.913383025253893e-07 9.808974192359132e-08
-7.381132775784637e-07 4.157364941679948e-07 1.828032863920722e-07 -2.714428815169600e-07
-2.097530652280375e-07 -7.521128915538045e-08 6.027394395129503e-09 -7.481887516713780e-08
9.907926187426273e-06 -9.337448148751579e-06 -3.447558784988215e-06 2.594627870078759e-06
8.838205179860555e-06 -8.517082385656331e-06 -3.160916985987038e-06 2.471977964724154e-06
1.102219239655525e-05 -7.183643622246092e-06 -3.598837414216291e-06 2.240450799267202e-06
1.130933135241331e-05 -5.260830012616559e-06 -3.663157871217649e-06 1.725909836243812e-06
3.972159145646777e-07 -7.337185775966767e-07 -2.369936484426242e-07 2.315188362837528e-07
3.971314942806972e-07 5.827346995943806e-07 -2.214267571900251e-07 -3.237779224525021e-07
9.109517630362237e-06 -7.267210548349147e-06 -3.188369673086344e-06 2.250398552607047e-06
7.892016980900410e-06 -7.587076231046105e-06 -2.910970953465084e-06 2.322732682533765e-06
9.559099825932390e-06 -5.873758754273151e-06 -3.246668953312588e-06 1.899496891355393e-06
1.033908458781371e-05 -4.365503281740723e-06 -3.445892033560346e-06 1.442775569192711e-06
1.066393068261447e-06 -7.603802544959914e-08 -4.925044644712146e-07 -2.883725369961814e-08
1.863656443188544e-06 -9.777104512469866e-07 -7.496983828650462e-07 2.604030459010715e-07
1.861989627994830e-06 8.264126341968323e-07 -7.587110257840413e-07 -3.213840577414131e-07
7.062059355086302e-06 -6.574376816824281e-06 -2.682717084236667e-06 2.129240912413353e-06
6.378945566775753e-06 -5.510818918020184e-06 -2.408956827015152e-06 1.801288083599639e-06
5.838289416614085e-06 -4.386707358185109e-06 -2.186208712476298e-06 1.440003289283244e-06
8.642868770458334e-06 -4.630388176613214e-06 -3.036425425407874e-06 1.545945260560264e-06
9.561187124429059e-06 -3.356385381045678e-06 -3.309652508515379e-06 1.145430554519072e-06
2.504200565821881e-06 -7.967849204519607e-08 -9.557476034339761e-07 -8.260219211272579e-09
3.292551649663854e-06 -1.219075215233523e-06 -1.273212111452732e-06 4.123309442679911e-07
3.292434192068459e-06 1.076332672581768e-06 -1.200642489652682e-06 -3.895550037048376e-07
6.983076163106325e-06 -4.384366074312208e-06 -2.577740688471459e-06 1.455071058710568e-06
5.428544319548979e-06 -3.229986466076988e-06 -2.019113152040569e-06 1.053158269215809e-06
4.593712257659562e-06 -1.425226659815995e-06 -1.725900880160947e-06 4.964278048617965e-07
4.973352208785128e-06 -1.629444056706728e-06 -1.847530220013698e-06 5.545066950028118e-07
5.175673012736010e-06 -2.045058335992090e-06 -1.915121538413644e-06 6.781657981630634e-07
8.004820032600204e-06 -3.208406790886757e-06 -2.879320330956725e-06 1.101731701230161e-06
8.982770385293083e-06 -2.278491469670111e-06 -3.199741153672398e-06 8.086871281683528e-07
4.000967671783614e-06 -2.479860280160573e-07 -1.506905099815211e-06 1.174751930091034e-07
4.597358922852867e-06 1.257533649597811e-06 -1.709972968747412e-06 -4.225440578450157e-07
6.221414317236340e-06 -2.412279455816659e-06 -2.277844216233919e-06 8.084259855040528e-07
4.999064535147385e-06 -8.192728356784547e-07 -1.854731988786534e-06 3.144033205710057e-07
5.450483529412698e-06 -1.486724076968680e-06 -2.002728304613019e-06 5.126510275661757e-07
7.548181921738949e-06 -1.944607654283641e-06 -2.743473419439305e-06 7.004994310717121e-07
8.622917932214560e-06 -1.177590121897182e-06 -3.133661027284395e-06 4.656738747683613e-07
5.024555648669826e-06 4.847852256953275e-07 -1.869030741378431e-06 -1.305275668453945e-07
4.968852887299753e-06 1.454180908852790e-06 -1.857013192828782e-06 -4.940291312629915e-07
6.460187644730558e-06 -5.492851016189722e-07 -2.366534627747116e-06 2.396776553439238e-07
8.499635462677209e-06 -7.670553249522752e-08 -3.119757033609063e-06 5.655801464698671e-08
8.614769732090406e-06 1.008985627642825e-06 -3.184113730020139e-06 -3.062938472624093e-07
5.796015680762970e-06 1.191436457152447e-06 -2.154414982646174e-06 -3.918827422675056e-07
5.184086529691347e-06 1.877393515500303e-06 -1.938633363606836e-06 -6.468129738022138e-07
5.444275472093045e-06 3.049073176079596e-06 -2.015242355649332e-06 -1.061633388449531e-06
7.519781877597504e-06 1.144808286111488e-06 -2.790245962747646e-06 -3.479665652908574e-07
5.840195845999804e-06 4.198351035332266e-06 -2.134028804541077e-06 -1.524580020508107e-06
8.963984259665189e-06 2.108374962379576e-06 -3.347082364399535e-06 -6.757809499640366e-07
6.496423419126730e-06 3.085462050891328e-06 -2.387446197031600e-06 -1.065992363795862e-06
8.062057161940737e-06 3.173296542566922e-06 -3.019816517095624e-06 -1.088320775242992e-06
6.379628229528523e-06 5.300695441964292e-06 -2.361542136600675e-06 -1.995243161130794e-06
9.530563540192123e-06 3.173818483549941e-06 -3.623532399263319e-06 -1.087947155551895e-06
9.068966270433843e-06 4.238985976727588e-06 -3.469449782317858e-06 -1.544622968097974e-06
7.965271602649216e-06 4.913793584438994e-06 -3.035187413923978e-06 -1.833007005029363e-06
7.050977889687964e-06 6.368473665602231e-06 -2.659356101462541e-06 -2.450752424582925e-06
7.869596946338979e-06 7.375806699095262e-06 -3.033301938649814e-06 -2.900432388874487e-06
1.031378349642120e-05 4.164237995468849e-06 -4.031327687296657e-06 -1.511002345843797e-06
9.753789810084518e-06 5.451890030031285e-06 -3.816983640873022e-06 -2.065220640978688e-06
9.091006018499375e-06 6.978145573602601e-06 -3.580762468552668e-06 -2.725641012486538e-06
8.807645897118251e-06 8.310887876503503e-06 -3.461487296394916e-06 -3.324821970820728e-06
1.128717429132634e-05 5.042570086626105e-06 -4.514817079084196e-06 -1.870669667858188e-06
1.099340886654566e-05 6.971057056666929e-06 -4.414178307073359e-06 -2.752270071449851e-06
9.873821231372314e-06 9.138214060258556e-06 -3.939963047941886e-06 -3.700748706070692e-06
1.106301345508311e-05 9.858398811198022e-06 -4.465389057641561e-06 -4.020491412955792e-06
1.234640952400052e-05 1.046134146125276e-05 -5.025012497786828e-06 -4.284989447503843e-06
1.244743090243241e-05 7.388781164732581e-06 -5.111761362825641e-06 -2.939460236691818e-06
1.243598733524957e-05 5.775492581262360e-06 -5.107978444652181e-06 -2.209951376349510e-06
1.215442547574377e-05 9.019238241897750e-06 -4.947450138305189e-06 -3.661120263350667e-06
1.372229597219305e-05 1.090820227858803e-05 -5.619100535378536e-06 -4.480812167546656e-06
1.517103007488711e-05 1.120607109033321e-05 -6.272196548659687e-06 -4.595109947644107e-06
1.362678858126733e-05 7.749494568469503e-06 -5.641653734652838e-06 -3.092629155116348e-06
1.374102931672701e-05 6.311009782350913e-06 -5.708966515047875e-06 -2.468414542068048e-06
1.665980939398316e-05 1.133422027761486e-05 -6.912820630414306e-06 -4.637279669855893e-06
1.498310398771585e-05 9.108346897604370e-06 -6.208447777962032e-06 -3.680028507429545e-06
1.515980139780935e-05 6.623397024190972e-06 -6.292944579219484e-06 -2.634014280143432e-06
1.698513531970661e-05 9.338766785585726e-06 -7.016097116098248e-06 -3.808099055101888e-06
1.834530138480953e-05 1.138579959411823e-05 -7.574842780268341e-06 -4.691888186561968e-06
1.664637398901784e-05 6.709329565242987e-06 -6.879230955199380e-06 -2.707948912358585e-06
2.070887810637205e-05 1.143738374893219e-05 -8.516064082898355e-06 -4.755746518171244e-06
1.882188303311379e-05 8.190317641719694e-06 -7.715534304554237e-06 -3.349503027714157e-06
1.834315949091172e-05 6.656913759288207e-06 -7.525927805634531e-06 -2.717689921772195e-06
2.406286821551749e-05 1.151628970048281e-05 -9.944627909506272e-06 -4.906485740822487e-06
2.238067451192236e-05 8.825062313572631e-06 -9.134965855104935e-06 -3.623120912310370e-06
2.071092346201894e-05 6.588261094439398e-06 -8.447793914470112e-06 -2.662911409274657e-06
2.863676683426856e-05 1.159949579765308e-05 -1.226494362853732e-05 -5.162985492918241e-06
2.632624272390665e-05 9.015152899487238e-06 -1.096485481962657e-05 -3.725394381736501e-06
2.406395057765851e-05 6.510495292199628e-06 -9.843686534244275e-06 -2.510318764802013e-06
3.353901033661083e-05 1.166755918053966e-05 -1.518686422525282e-05 -5.325046664820140e-06
3.106683253237715e-05 9.013675453575794e-06 -1.360390776396179e-05 -3.741482236034474e-06
2.863724002718190e-05 6.428494237741954e-06 -1.217201340347200e-05 -2.303796161635354e-06
3.855539790961564e-05 1.172175070259296e-05 -1.834807579363329e-05 -5.493384959521482e-06
3.603003138991106e-05 9.012905020775004e-06 -1.666462541315428e-05 -3.778474150089276e-06
3.353913101478019e-05 6.358958354761001e-06 -1.508245385184841e-05 -2.150649781386477e-06
4.366105652905223e-05 1.176241778313867e-05 -2.164806042241940e-05 -5.588751776606765e-06
4.109532745534700e-05 9.012380833786069e-06 -1.995110512096038e-05 -3.792354764891213e-06
3.855533816444414e-05 6.303514310987143e-06 -1.834077236009224e-05 -2.024228969708058e-06
4.883079486071974e-05 1.179057124837183e-05 -2.506797078111056e-05 -5.652408160124910e-06
4.623716440756827e-05 9.011743649031462e-06 -2.333920982694738e-05 -3.809630300089381e-06
4.366108247339398e-05 6.261648462583993e-06 -2.168590137509428e-05 -1.961464340572252e-06
5.404341853740865e-05 1.180877038654431e-05 -2.858950226188757e-05 -5.661415785444220e-06
5.143138879298076e-05 9.010854668818246e-06 -2.683691722145643e-05 -3.804352510726027e-06
4.883100980140659e-05 6.232083876801839e-06 -2.516416975653988e-05 -1.966936588059127e-06
5.928357039993752e-05 1.181982495496536e-05 -3.200314112033092e-05 -5.609109832881640e-06
5.665989766367401e-05 9.009908932744808e-06 -3.028478258373691e-05 -3.804917869307329e-06
5.404352613188862e-05 6.212070197181865e-06 -2.862150315539307e-05 -2.008780032818829e-06
6.453993135770755e-05 1.182592146088733e-05 -3.523210331303051e-05 -5.468559945321510e-06
6.190967433836089e-05 9.009010763832303e-06 -3.359789486932085e-05 -3.814137994425655e-06
5.928353919466354e-05 6.199176661454214e-06 -3.196375241132294e-05 -2.048837115778893e-06
6.980498308685240e-05 1.182906597577233e-05 -3.819279576389922e-05 -5.391143583382231e-06
6.717136461942088e-05 9.008302465908747e-06 -3.669418406332552e-05 -3.809884719380285e-06
6.453982368919445e-05 6.191282986649754e-06 -3.512032047846818e-05 -2.161073909304012e-06
8.109409929972481e-05 1.152077838860395e-05 -4.437280324377315e-05 -5.207514571116737e-06
8.034548260894522e-05 1.183085076289468e-05 -4.396233680579518e-05 -5.378880923676569e-06
7.216487061248943e-05 9.007938998447252e-06 -3.951112865967273e-05 -3.818360449661664e-06
7.507439658713545e-05 1.183046257967531e-05 -4.108966626853797e-05 -5.425966134285549e-06
6.980486086119767e-05 6.187054340518491e-06 -3.819362469838610e-05 -2.201369320245479e-06
8.140418632287626e-05 1.077218153848751e-05 -4.454436531693814e-05 -4.796351300551959e-06
7.963265048124584e-05 9.007656248575533e-06 -4.360789500427907e-05 -3.843132061641046e-06
7.507439760427198e-05 6.185042578873621e-06 -4.112817991166511e-05 -2.255727430591763e-06
8.140411250770836e-05 7.243173486199276e-06 -4.459948420029919e-05 -2.861256621874186e-06
8.034541793279520e-05 6.184532230758174e-06 -4.402069389799575e-05 -2.271914777037671e-06
8.109402496955329e-05 6.494596297217949e-06 -4.443136255601874e-05 -2.445049537453266e-06
