6.260527543431290e-05 -8.476230530259995e-06 1.978865270164949e-05 -3.401982098464816e-06
6.286702406776978e-05 -7.844346750519897e-06 1.983901264760472e-05 -3.291757798404036e-06
6.286715196259792e-05 -4.865565926055340e-06 1.998122136462603e-05 -2.828377960786988e-06
6.260542298604987e-05 -4.233703015112205e-06 1.994726985336790e-05 -2.723243208914087e-06
6.197337208152443e-05 -8.737962259138596e-06 1.967670890626172e-05 -3.449088701217030e-06
6.078820735218009e-05 -6.354968252903920e-06 1.960003322699482e-05 -3.088238564818101e-06
6.197355002113452e-05 -3.971979633276294e-06 1.985412005145678e-05 -2.678455386156034e-06
5.752388131535644e-05 -8.737678079820051e-06 1.893874242275684e-05 -3.535901463607189e-06
5.752412893929167e-05 -3.972257253245154e-06 1.920202334137094e-05 -2.647262335555494e-06
5.506718649266320e-05 -6.354964549009697e-06 1.858696018051356e-05 -3.054409563237544e-06
5.307439789176304e-05 -8.735619164154789e-06 1.801535631490506e-05 -3.567291901275959e-06
5.307460687015215e-05 -3.974374135131975e-06 1.835461598512006e-05 -2.512149389643467e-06
5.085121835771908e-05 -6.354989227259973e-06 1.766307985447794e-05 -3.055075188130554e-06
4.863201487909078e-05 -8.728120869547147e-06 1.682979966562606e-05 -3.735111352794499e-06
4.863248242218087e-05 -3.982052615151072e-06 1.714505220156754e-05 -2.463982666262291e-06
4.641624968946757e-05 -6.354971000126331e-06 1.649138957737268e-05 -3.016633895881679e-06
4.420993202556269e-05 -8.711967081085124e-06 1.537153776401864e-05 -3.735800485218569e-06
4.421091655997923e-05 -3.998128961998410e-06 1.585416184065704e-05 -2.388210911380828e-06
4.201038874677042e-05 -6.354947856453511e-06 1.522183068007236e-05 -3.036774162037840e-06
3.982651728780342e-05 -8.685973906469614e-06 1.415119905337220e-05 -3.622203346559315e-06
3.982738043331930e-05 -4.023597894897599e-06 1.453639190108924e-05 -2.386463132007416e-06
3.765247114991186e-05 -6.354661124407644e-06 1.400092775211767e-05 -3.054101599279334e-06
3.550061800874620e-05 -8.649626492138469e-06 1.317162842345567e-05 -3.511418670406775e-06
3.550101717398063e-05 -4.058912366150586e-06 1.332427918789866e-05 -2.347958314564937e-06
3.336140471726969e-05 -6.353943625404447e-06 1.283600942995596e-05 -3.051270386683184e-06
3.125101383569168e-05 -8.602341359038946e-06 1.228495324324971e-05 -3.534317646408720e-06
3.125112046258067e-05 -4.104496505623726e-06 1.218746127304928e-05 -2.331301755412963e-06
2.915623127205546e-05 -6.352829611213016e-06 1.168923889929650e-05 -3.043887544343731e-06
2.709770026222944e-05 -8.543275533931877e-06 1.131181930209893e-05 -3.503646330554461e-06
2.709766456586123e-05 -4.161070975542317e-06 1.117606898723514e-05 -2.372832309732452e-06
2.505851015592278e-05 -6.351489677305115e-06 1.058606475275739e-05 -2.982437869576747e-06
2.306416485188697e-05 -8.470905090677033e-06 1.028182492035579e-05 -3.415332897571299e-06
2.306390693927550e-05 -4.230304304489778e-06 1.021891135017406e-05 -2.457724930806750e-06
2.109260014398318e-05 -6.349843403363631e-06 9.708012304644006e-06 -2.939857341664778e-06
1.917395880809633e-05 -8.384825367909934e-06 9.480250475979155e-06 -3.402134771603785e-06
1.917319002838306e-05 -4.313369756084138e-06 9.428091853206920e-06 -2.506922457095129e-06
1.735692104522218e-05 -6.347497607862506e-06 8.968123327671639e-06 -2.900427152899701e-06
1.559815375454336e-05 -8.286668420443855e-06 8.681319101507566e-06 -3.419284765784371e-06
1.559710351978758e-05 -4.411923821817139e-06 8.642657638547969e-06 -2.474347804034448e-06
1.429469381660105e-05 -6.492293102185571e-06 8.317216734891458e-06 -2.939023285336770e-06
1.302105580787117e-05 -8.195241112975900e-06 8.003533003715628e-06 -3.515735986746242e-06
1.301818554683584e-05 -4.503766755704517e-06 7.947999254670264e-06 -2.367606260038216e-06
1.123210699455113e-05 -8.114352247892429e-06 7.393030839070410e-06 -3.550448725057304e-06
1.155609960371919e-05 -6.958144684302801e-06 7.520636407010864e-06 -3.079739119151422e-06
1.122742706358375e-05 -4.563121055477044e-06 7.355742701018653e-06 -2.302227149927354e-06
9.975235708242148e-06 -4.627547091916363e-06 6.905114925350833e-06 -2.277378842813746e-06
-1.251185846386706e-06 -9.171065187274055e-07 -1.268032478785072e-06 8.001312819907409e-07
-1.275222054549676e-06 -8.590188931407345e-07 -1.309490268751124e-06 8.915634261504208e-07
-1.274990370599088e-06 -6.439633888831809e-07 -1.325582455000366e-06 1.237838460303480e-06
-1.251141192276819e-06 -5.872554246519577e-07 -1.285478430604093e-06 1.331874334788207e-06
9.969829211250424e-06 -8.056719114852850e-06 6.885586679289378e-06 -3.571275515791287e-06
8.875641662253342e-06 -7.941626548218529e-06 6.429534171540922e-06 -3.558850879412652e-06
9.700015808244461e-06 -5.916945269448860e-06 6.825876120564844e-06 -2.766566269248278e-06
8.854651212207006e-06 -4.600276730751231e-06 6.452073226973205e-06 -2.196436300509903e-06
-1.193442383783241e-06 -9.413073024082474e-07 -1.170945166564660e-06 7.635460758511283e-07
-1.135902007377904e-06 -7.055478671510252e-07 -1.087289169384871e-06 1.132526870047394e-06
-1.194339317201014e-06 -5.638585369764924e-07 -1.186894981551874e-06 1.367142095923882e-06
8.512934750874082e-06 -6.895733164605404e-06 6.297235053791449e-06 -3.148045510375348e-06
7.826981371200803e-06 -7.693031521077780e-06 5.980038082544255e-06 -3.500151078195766e-06
6.850603190360041e-06 -7.351103645524361e-06 5.548107539518697e-06 -3.395002096622688e-06
8.183836808177369e-06 -5.507582266501721e-06 6.164989924451707e-06 -2.569734945011683e-06
7.823420659191557e-06 -4.409015986006763e-06 6.006219244718951e-06 -2.061599946166770e-06
-8.038116615633785e-07 -9.503679363781504e-07 -6.030531981027568e-07 7.486586425640264e-07
-8.042471529336640e-07 -5.588901141013481e-07 -6.160645442707659e-07 1.304724402338978e-06
-6.016561269360948e-07 -7.559038982263612e-07 -3.395135807948769e-07 1.006649565288232e-06
5.962636301774679e-06 -6.895919702376648e-06 5.104997383325849e-06 -3.240265954082195e-06
6.706589848220891e-06 -6.318469260103224e-06 5.507509851888170e-06 -2.933549240867207e-06
7.036179720382068e-06 -5.069181362697432e-06 5.641006942406015e-06 -2.364505019166974e-06
6.894139681816138e-06 -4.074264891650061e-06 5.552202573228986e-06 -1.816837826815021e-06
-3.808276369406080e-07 -9.914198937098452e-07 -7.956270839306201e-08 7.089135409249180e-07
-3.816964200470697e-07 -5.232902673810375e-07 -8.417811570783110e-08 1.282477223596496e-06
-1.290547727635967e-07 -7.588815437230905e-07 1.784328098024860e-07 9.676542502318890e-07
5.153565299950981e-06 -6.371230837084131e-06 4.657266449367621e-06 -2.997444732017020e-06
4.454067991232228e-06 -5.787680328291654e-06 4.236182285273765e-06 -2.722883333787819e-06
5.902748896809711e-06 -4.884686783240778e-06 5.080253510042009e-06 -2.239968439075806e-06
6.087695496560155e-06 -3.606745087058338e-06 5.162729964851147e-06 -1.503233056277882e-06
1.624573348924941e-07 -1.077301046536853e-06 4.918573165491148e-07 5.922214340479096e-07
1.615652939536390e-07 -4.437014380652443e-07 4.667912099007204e-07 1.264748484590745e-06
4.633060226200758e-06 -4.933173350649826e-06 4.339486088995010e-06 -2.277006435487008e-06
3.863159840396317e-06 -5.139323202593877e-06 3.882055696937532e-06 -2.399715411010420e-06
4.921141693200584e-06 -4.018288104701391e-06 4.506853047992528e-06 -1.736080548366197e-06
5.417741640309206e-06 -3.058787900361016e-06 4.814275185840176e-06 -1.167569462426413e-06
4.844704175538702e-07 -7.621622306901389e-07 8.351124755593333e-07 8.924015831951897e-07
8.708458494323094e-07 -1.200650919181877e-06 1.249712619164005e-06 4.291220897661294e-07
8.689303970569253e-07 -3.259528999387385e-07 1.221302724578561e-06 1.275836503317510e-06
3.356976570668638e-06 -4.459643236701741e-06 3.570201461580710e-06 -2.001688014608178e-06
2.974235461507636e-06 -3.786481782971851e-06 3.309333091188200e-06 -1.577873168997471e-06
2.699994946854230e-06 -3.092228583333142e-06 3.062836889834258e-06 -1.118879744162789e-06
4.341216517623665e-06 -3.230740449578323e-06 4.151399376000351e-06 -1.255048216159295e-06
4.890570149599816e-06 -2.467659745907343e-06 4.523505866735575e-06 -7.385504419937799e-07
1.180732754373059e-06 -7.668374043711537e-07 1.547494088356799e-06 8.258401518009762e-07
1.564441172626694e-06 -1.321710909215419e-06 1.914733706174776e-06 2.923741679260708e-07
1.564082330006312e-06 -2.040425133364473e-07 1.896627191575034e-06 1.348519388113152e-06
3.347309279388869e-06 -3.082028089713691e-06 3.546818816991749e-06 -1.132620205583600e-06
2.505042058878939e-06 -2.411352734119826e-06 2.867725168012926e-06 -6.433718120350307e-07
2.181215599777208e-06 -1.423566637398880e-06 2.440236007591120e-06 1.831278538017332e-07
2.349934213151623e-06 -1.528219608722313e-06 2.618507444290572e-06 7.646159296999549e-08
2.426101822778625e-06 -1.748028728791137e-06 2.725808998241958e-06 -1.245285097994873e-07
3.946248989602841e-06 -2.384216707994237e-06 3.938491811381425e-06 -6.771040274990237e-07
4.493361432579646e-06 -1.866098542282049e-06 4.355926255794635e-06 -2.812608363776322e-07
1.907783543064762e-06 -8.519575389013573e-07 2.204911110249584e-06 6.978428792327820e-07
2.218804310407428e-06 -1.131903939864416e-07 2.458769139970039e-06 1.374783222162999e-06
2.957364898158342e-06 -1.938622174369667e-06 3.214960165753269e-06 -3.009338892146351e-07
2.379438662413277e-06 -1.124455813319961e-06 2.623187394757894e-06 4.413497334029128e-07
2.581675625692376e-06 -1.455240197883520e-06 2.845993557068622e-06 1.313071991510542e-07
3.680650531168319e-06 -1.682909379166806e-06 3.765658595943317e-06 -1.183649463519131e-07
4.231935959389540e-06 -1.287243545923609e-06 4.252438359807649e-06 2.386874100996777e-07
2.422192081799458e-06 -4.858145984972469e-07 2.646749091934330e-06 1.007950257111811e-06
2.419065697569737e-06 -1.918891120929871e-08 2.638145071067793e-06 1.461603455261670e-06
3.106482918857797e-06 -9.639421477130528e-07 3.305851882531834e-06 5.307781777541046e-07
4.123815196669566e-06 -7.350004164803542e-07 4.224171771640533e-06 7.348484521775794e-07
4.111516336630392e-06 -2.222772320667777e-07 4.289360583605042e-06 1.234310149657006e-06
2.816036474264700e-06 -1.356595991801434e-07 3.026889775697038e-06 1.333916229275873e-06
2.541984320470043e-06 1.706789538356578e-07 2.750383327099170e-06 1.659805482140590e-06
2.702449284417359e-06 6.720751644529623e-07 2.874230456351248e-06 2.203019058262712e-06
3.614424578844972e-06 -1.401201454705846e-07 3.798994145830959e-06 1.297482599923549e-06
2.917952142626156e-06 1.123542876279234e-06 3.055176840811109e-06 2.743648218415980e-06
4.207322841203139e-06 2.826014487389270e-07 4.443759385296605e-06 1.774613100134847e-06
3.169898843737019e-06 7.004187396447353e-07 3.349475933149543e-06 2.224963258619672e-06
3.821494117432046e-06 7.349327172673643e-07 4.051321001392343e-06 2.286488797326351e-06
3.166219973795778e-06 1.539106661521226e-06 3.325593779001384e-06 3.265334111767947e-06
4.381903048855732e-06 7.341670276949480e-07 4.709004037565051e-06 2.313505249823646e-06
4.192147185048242e-06 1.151739432424663e-06 4.518873640981185e-06 2.802252119276292e-06
3.785830641670430e-06 1.402170000791205e-06 4.051824077355147e-06 3.095345920644152e-06
3.453193333049684e-06 1.906025612891679e-06 3.650230256072610e-06 3.692158440760212e-06
3.763017134262027e-06 2.226788677549119e-06 4.002726776097341e-06 4.071016630156958e-06
4.617731552064688e-06 1.132721119250129e-06 5.025654915515950e-06 2.779459536460226e-06
4.421454853730716e-06 1.587870915301535e-06 4.793640078325387e-06 3.298353158189157e-06
4.196512911172994e-06 2.092726429196964e-06 4.518442959099682e-06 3.906745895762548e-06
4.102631383246362e-06 2.499770657876336e-06 4.396677195375020e-06 4.431308694370178e-06
4.906995411850776e-06 1.464271853709226e-06 5.355384438399961e-06 3.133138024316742e-06
4.810069189363650e-06 2.081828334412930e-06 5.221796043815964e-06 3.911018834028782e-06
4.457386706110416e-06 2.730685578965756e-06 4.801819181581801e-06 4.746607166987174e-06
4.821039595819497e-06 2.912276656129605e-06 5.240184855549159e-06 4.997435683086631e-06
5.195300277332825e-06 3.043199549255035e-06 5.710190776046887e-06 5.202095319471073e-06
5.233401229784791e-06 2.206318688663367e-06 5.762426086124483e-06 4.076061484047080e-06
5.234467376186223e-06 1.722866764216614e-06 5.781547751057770e-06 3.446947664712640e-06
5.151933270597862e-06 2.665478307237197e-06 5.642109706825805e-06 4.690417493660909e-06
5.569028906902094e-06 3.133595662789395e-06 6.199560975674057e-06 5.354010916066639e-06
5.938719986489274e-06 3.177126994556710e-06 6.715322319678650e-06 5.462443149288309e-06
5.556278598600229e-06 2.311677992378677e-06 6.168452877109925e-06 4.203942977759996e-06
5.584076678289257e-06 1.914069294960353e-06 6.233630687112987e-06 3.660546397948675e-06
6.305255668862167e-06 3.179542538961342e-06 7.258214598868205e-06 5.533418410504459e-06
5.908631709026333e-06 2.663735693089362e-06 6.636267821718710e-06 4.707646270301307e-06
5.946489702052152e-06 2.036408093043632e-06 6.733417450746388e-06 3.749887626239971e-06
6.388735510021946e-06 2.712585163058139e-06 7.355565102415774e-06 4.802046457663255e-06
6.689693283524653e-06 3.157024112128061e-06 7.892274335099625e-06 5.640401041448347e-06
6.311556985100211e-06 2.084402744912827e-06 7.245444985002909e-06 3.747610481207133e-06
7.200059267981277e-06 3.132925168340667e-06 8.857349608152385e-06 5.724458995892464e-06
6.807540488236588e-06 2.452375825615614e-06 8.067774649072579e-06 4.339169944793638e-06
6.691821518453505e-06 2.104330302321886e-06 7.892970436296422e-06 3.703660744713779e-06
7.853320380520002e-06 3.093135134249248e-06 1.043096362241008e-05 5.899651303622337e-06
7.541619525925352e-06 2.591543332764744e-06 9.582437621439479e-06 4.583415457214162e-06
7.200357393948036e-06 2.132060474391842e-06 8.883625099917876e-06 3.614282188713915e-06
8.639951434517442e-06 3.045103991724777e-06 1.288320359188821e-05 6.184048372074194e-06
8.260207270471601e-06 2.627526402350232e-06 1.156507969471926e-05 4.678748295727798e-06
7.854093458059516e-06 2.166621074436250e-06 1.039060097540565e-05 3.418579518479410e-06
9.378806045117039e-06 2.998695086787695e-06 1.586255345100479e-05 6.348895080295974e-06
9.023507268072853e-06 2.625259481076252e-06 1.429411021571914e-05 4.689129769005333e-06
8.640850706659193e-06 2.208102253087661e-06 1.286365578415473e-05 3.251279878926008e-06
1.003706624208354e-05 2.954747177882141e-06 1.903335940205358e-05 6.481735144885973e-06
9.721579784908037e-06 2.622813926310123e-06 1.740598777704927e-05 4.694501317046419e-06
9.379717559771375e-06 2.249420442526593e-06 1.583836802470499e-05 3.049848987660236e-06
1.062040470585646e-05 2.915419549216579e-06 2.239141729529297e-05 6.512018950781648e-06
1.034087657117217e-05 2.620448926279275e-06 2.071170365117079e-05 4.712182843767129e-06
1.003788930816729e-05 2.288617773851887e-06 1.908911704616579e-05 2.959122247526833e-06
1.113979022880442e-05 2.883268186893818e-06 2.582458548740890e-05 6.619462585188746e-06
1.088982082756743e-05 2.618361481179286e-06 2.410495720730188e-05 4.732248823465505e-06
1.062096484960154e-05 2.323463948148664e-06 2.243994014392258e-05 2.929845824672526e-06
1.160982961916644e-05 2.858834529865424e-06 2.934529325333848e-05 6.667259581523655e-06
1.138205125354544e-05 2.616580634145115e-06 2.757839399103288e-05 4.780034306185743e-06
1.114017463380855e-05 2.351570676301944e-06 2.586508338946914e-05 2.907990802786336e-06
1.204400359921258e-05 2.841549480956769e-06 3.295097198533074e-05 6.715913339901306e-06
1.183206152652024e-05 2.615366770667415e-06 3.114264626296265e-05 4.783644864710957e-06
1.161009260318741e-05 2.372904197328829e-06 2.938270641453793e-05 2.872897685880852e-06
1.245377910876930e-05 2.830214928182843e-06 3.657500396159973e-05 6.726090160633308e-06
1.225236677762111e-05 2.614585065093251e-06 3.477833124102461e-05 4.803977515029450e-06
1.204435044484648e-05 2.388210564424605e-06 3.300397361110123e-05 2.880269897351277e-06
1.284810503038835e-05 2.823369999045553e-06 4.001779099264164e-05 6.683677565294253e-06
1.265299065495623e-05 2.614087806653392e-06 3.834799040276193e-05 4.831478570079968e-06
1.245413326018237e-05 2.398421524824509e-06 3.660510771289146e-05 2.935937298562201e-06
1.367209880082495e-05 2.796883566214895e-06 4.679454518598723e-05 6.335393165200138e-06
1.361755128460697e-05 2.819494376252884e-06 4.634483885730050e-05 6.520476327063128e-06
1.302183697260915e-05 2.613873204779225e-06 4.154066012854896e-05 4.856514918988045e-06
1.323421852958314e-05 2.820084536922553e-06 4.328675494449960e-05 6.580312554436011e-06
1.284814098716711e-05 2.404657617247260e-06 4.008175107954444e-05 3.042875634588658e-06
1.369468697076567e-05 2.742305277778791e-06 4.698233147057557e-05 5.887852099233582e-06
1.356573117258473e-05 2.613711318614670e-06 4.595309407651981e-05 4.846699985526751e-06
1.323416268223359e-05 2.407442991724760e-06 4.331983143937417e-05 3.157056884742870e-06
1.369457049752882e-05 2.485178554884223e-06 4.702431277810318e-05 3.779081869492107e-06
1.361743495488759e-05 2.408013668807159e-06 4.639086142665959e-05 3.144829802046946e-06
1.367197725199020e-05 2.430617681951181e-06 4.683964856788766e-05 3.329989009922260e-06
