7.725255808215602e-05 -1.326310146724812e-05 1.074963129377309e-06 -1.713538296362473e-07
7.751247209916290e-05 -1.263559338819000e-05 1.104665203791135e-06 -1.058366000483387e-07
7.751259386862653e-05 -9.677626215939061e-06 1.088813945196318e-06 2.975651907756622e-07
7.725269487461996e-05 -9.050113661437907e-06 1.052888683639079e-06 3.797416596459173e-07
7.662507098567111e-05 -1.352302908615390e-05 1.002870506812691e-06 -1.968420545776757e-07
7.544843245791216e-05 -1.115662615030786e-05 8.053842758526407e-07 1.020147005074288e-07
7.662522402851792e-05 -8.790181546070758e-06 9.668947414218773e-07 4.126495471953892e-07
7.220735697028128e-05 -1.352345565557042e-05 4.325434381591234e-07 -1.491783746571236e-07
7.220746216258115e-05 -8.789467048361156e-06 3.960424998459358e-07 3.754613412353734e-07
6.976783794360832e-05 -1.115620419550815e-05 2.132932274925550e-07 1.016737108926813e-07
6.778702727601426e-05 -1.352570835037167e-05 8.369268582282597e-08 -4.232433638045637e-09
6.778688291144935e-05 -8.786238169010339e-06 2.490490695339849e-08 3.370037637335158e-07
6.557472465466674e-05 -1.115578155314730e-05 -4.145764378973433e-08 1.351630131501286e-07
6.335953226824592e-05 -1.353016122360823e-05 -1.080557730975991e-07 1.167940274319483e-07
6.335884767855984e-05 -8.780754035827908e-06 -3.746210590852543e-07 3.678469044500579e-07
6.114200818547048e-05 -1.115511908065790e-05 -2.740035706794002e-07 1.699918465743903e-07
5.892069069252780e-05 -1.353569373487002e-05 -3.587743598961747e-07 1.797465762998646e-08
5.891980187789751e-05 -8.773765182822307e-06 -8.426412756577807e-07 5.142185402316725e-07
5.669689571268860e-05 -1.115430255533511e-05 -6.686833869583595e-07 2.687719783747960e-07
5.446925684308566e-05 -1.354107842730963e-05 -9.409434913342521e-07 -1.056247810419442e-07
5.446796797187510e-05 -8.766131276657993e-06 -1.328620205533302e-06 5.445889626555235e-07
5.223913665343417e-05 -1.115303025126178e-05 -1.236264110965697e-06 3.289949258820236e-07
5.000615722711137e-05 -1.354525450711162e-05 -1.703413473015726e-06 -9.729563033592524e-08
5.000455334542567e-05 -8.758894058931818e-06 -1.724880921213409e-06 5.027452685141089e-07
4.777046684352090e-05 -1.115123468854363e-05 -1.864173063940939e-06 3.197038669596217e-07
4.553333635658976e-05 -1.354769494402604e-05 -2.282678409308326e-06 3.706843325407495e-08
4.553162100216729e-05 -8.752470321600694e-06 -2.077338810161231e-06 4.886937145029065e-07
4.329335101665646e-05 -1.114891893589886e-05 -2.386250166034635e-06 3.047179623531376e-07
4.105289390385163e-05 -1.354843763740271e-05 -2.540541181083337e-06 2.625804088392514e-07
4.105142023698603e-05 -8.746865863673181e-06 -2.301059902638960e-06 3.938973503058173e-07
3.881004327019450e-05 -1.114621310310091e-05 -2.579407747632596e-06 2.773318169839314e-07
3.656774733913612e-05 -1.354672843359374e-05 -2.505586211376276e-06 4.418094226437945e-07
3.656649485030444e-05 -8.742983958484081e-06 -2.375517307101577e-06 2.268785166120687e-07
3.432434856410555e-05 -1.114332795973628e-05 -2.435109280857816e-06 3.064850736789849e-07
3.208318929931639e-05 -1.354171412352535e-05 -2.226824917947384e-06 5.126124369024616e-07
3.208193630860092e-05 -8.742084682995061e-06 -2.235056262726471e-06 1.765640123001644e-07
2.993266206819908e-05 -1.114025230800368e-05 -2.044001473305654e-06 3.276086932419861e-07
2.778613484201161e-05 -1.353395001170543e-05 -1.826386976660765e-06 5.678412971465379e-07
2.778504700643286e-05 -8.743956038126116e-06 -1.900790768622725e-06 1.558360737532769e-07
2.617711445823981e-05 -1.132451209835968e-05 -1.732460813138912e-06 3.650708509710043e-07
2.453835268698538e-05 -1.352662315633806e-05 -1.525583747212738e-06 6.210580055517990e-07
2.453713460834759e-05 -8.746366738033305e-06 -1.598460555764528e-06 1.551771900811294e-07
2.217927310547960e-05 -1.352113414020148e-05 -1.314101126533701e-06 6.158709459800928e-07
2.263958859925039e-05 -1.194970349204991e-05 -1.366423602971697e-06 4.471517059740662e-07
2.217809372766283e-05 -8.747286745330420e-06 -1.316392535600987e-06 1.372078246747445e-07
2.046523027221460e-05 -8.748476812018513e-06 -1.100151640703534e-06 1.565529162979300e-07
-3.519666233107912e-06 -4.844235854998567e-07 1.743107220381223e-07 -3.985324969380888e-07
-3.590039680950573e-06 -3.151623652913999e-07 1.722361770863872e-07 -3.894425042541128e-07
-3.589668099273834e-06 3.153286671878929e-07 1.767458272175269e-07 -3.458032362944156e-07
-3.519653565151748e-06 4.822573353236913e-07 1.812236573901448e-07 -3.354253719221520e-07
2.046611993221167e-05 -1.351761008905342e-05 -1.123987748294829e-06 6.294859568195556e-07
1.891075070717920e-05 -1.342603575097736e-05 -9.436380824784931e-07 6.300728940833831e-07
2.011931265949359e-05 -1.053753696980853e-05 -1.061397351175802e-06 3.475515541906156e-07
1.891257311377049e-05 -8.613920018003853e-06 -8.782155896276223e-07 1.803775434526857e-07
-3.351146830089258e-06 -5.544257767269228e-07 1.811082164194125e-07 -4.025914494041948e-07
-3.181276112720293e-06 1.370058025622423e-07 1.945734779948955e-07 -3.562058732229987e-07
-3.352583667691268e-06 5.519399218067730e-07 1.898549108348955e-07 -3.309211979385055e-07
1.841750012043805e-05 -1.195490553043168e-05 -8.823146002945743e-07 4.744802826674608e-07
1.737656240830501e-05 -1.315815972259353e-05 -7.659578227377251e-07 6.048716411299199e-07
1.588376579298405e-05 -1.271847085489634e-05 -6.103160011145457e-07 5.526185370792588e-07
1.795007258020855e-05 -9.918194124523965e-06 -7.925137574533349e-07 2.962157794867565e-07
1.740870730990344e-05 -8.212909816704130e-06 -7.488305798721635e-07 2.233470190712546e-07
-2.208707388363317e-06 -5.726796180574151e-07 2.111433671132559e-07 -3.739191967382686e-07
-2.207782601302623e-06 5.719154678683027e-07 2.253138669387806e-07 -3.173663538920300e-07
-1.616147814310740e-06 -1.415476136559904e-10 2.271566279019291e-07 -3.270849299284845e-07
1.445260405037606e-05 -1.211176092185623e-05 -5.151371275590124e-07 4.685523312798964e-07
1.568827329248132e-05 -1.117401417080457e-05 -5.882342755913522e-07 4.003726766909904e-07
1.620592136733195e-05 -9.217813605580379e-06 -6.412475967755983e-07 3.074062536542408e-07
1.599864138946882e-05 -7.558866853520769e-06 -6.229134305827411e-07 2.281851549915704e-07
-9.748003853441800e-07 -6.771123846889814e-07 2.183156501324340e-07 -2.909028231927505e-07
-9.748480545985590e-07 6.768873254320343e-07 2.210913729433460e-07 -3.240978482819718e-07
-2.459938743495057e-07 -2.706431269628973e-11 2.165096404435652e-07 -2.833505601021395e-07
1.310033840494714e-05 -1.134711656723936e-05 -4.490954711173422e-07 3.987085409737743e-07
1.184631801513701e-05 -1.043522513955476e-05 -4.011486199771616e-07 3.508845779249990e-07
1.438496529276926e-05 -8.904861064106435e-06 -5.202160679644372e-07 3.087115135588891e-07
1.472508248143184e-05 -6.671976688705540e-06 -5.291517490847560e-07 1.839829212574583e-07
5.890334223498114e-07 -9.031663107088287e-07 1.862387654108031e-07 -2.206023922877690e-07
5.891550965039368e-07 9.033761182802062e-07 2.145571021820955e-07 -2.726886560177983e-07
1.216290311306892e-05 -9.009240768390632e-06 -4.161229972760832e-07 2.963331896929211e-07
1.070743677289661e-05 -9.387493446631281e-06 -3.646555418469248e-07 3.088599053028249e-07
1.269677448722574e-05 -7.379139735382943e-06 -4.550160985694620e-07 2.324549013680545e-07
1.362617223661971e-05 -5.581614253791928e-06 -5.230449503153172e-07 2.049185769982881e-07
1.507236451043233e-06 6.123611206553635e-12 1.608132302013198e-07 -2.186491181640188e-07
2.597165753518178e-06 -1.229737670728718e-06 1.179039389541423e-07 -1.565404278382619e-07
2.595618087991752e-06 1.232138686599372e-06 1.316153909814787e-07 -2.298165229667655e-07
9.695523199308669e-06 -8.218753817302206e-06 -3.347438349996568e-07 2.877750994553212e-07
8.826063956177454e-06 -6.947529840702415e-06 -3.032970155019704e-07 2.631736862052404e-07
8.106993162745896e-06 -5.585392772822108e-06 -2.652533742977177e-07 2.318513818389419e-07
1.160254919270251e-05 -5.893657745616167e-06 -4.465017139637021e-07 2.402054748429241e-07
1.273475816296510e-05 -4.324131468675153e-06 -5.192661654697460e-07 1.798624945141692e-07
3.472500176917479e-06 -3.169596787151447e-09 9.891858360018637e-08 -1.867254495074516e-07
4.545215312045253e-06 -1.551590842360327e-06 2.603502308363007e-08 -6.608266997326807e-08
4.544946763897406e-06 1.566616709342825e-06 5.615020634310994e-08 -2.578566099052316e-07
9.558213445400810e-06 -5.591993026101912e-06 -3.290057665678400e-07 2.345759538038342e-07
7.548172535116483e-06 -4.147763983616672e-06 -2.252243076006397e-07 1.952287518161260e-07
6.329602656630577e-06 -1.826031109867202e-06 -6.671908101838775e-08 8.866631005535917e-10
6.861132714099384e-06 -2.095659300029682e-06 -1.220728825482633e-07 4.433913621482752e-08
7.158799792322901e-06 -2.638495199875564e-06 -1.658897774920864e-07 1.068312738172286e-07
1.083104989517897e-05 -4.136311199947677e-06 -4.048100371861656e-07 1.776855715910419e-07
1.207768408644908e-05 -2.948369208012602e-06 -4.854690563610775e-07 1.109813919714633e-07
5.510064641542447e-06 -2.292444486505761e-07 -9.972064877997958e-09 -1.300963546721393e-07
6.297840780829423e-06 1.805725358717462e-06 -4.126983325421502e-08 -2.615190272996663e-07
8.549140560727251e-06 -3.122173609893362e-06 -2.703263846659353e-07 1.469981657077219e-07
6.878411786288868e-06 -1.008693798518917e-06 -1.093159195142966e-07 -6.014191728248304e-08
7.507347969049031e-06 -1.905481678473932e-06 -1.831506437475371e-07 3.748516916501859e-08
1.026061550218478e-05 -2.518798837884083e-06 -3.628909011998207e-07 8.674590328067737e-08
1.168415208398434e-05 -1.504178307079072e-06 -4.531606664547835e-07 -9.751710552166310e-09
6.881995412855666e-06 7.537956109608656e-07 -8.893653103179147e-08 -1.826493004552165e-07
6.782540696664692e-06 2.072658217892243e-06 -5.335733760959438e-08 -2.785515303266151e-07
8.838023625495473e-06 -6.728651893381118e-07 -2.683150780894263e-07 -6.232557528929954e-08
1.156919724892900e-05 -3.096985175963887e-08 -4.541918731520117e-07 -1.055640641481612e-07
1.179610860177389e-05 1.455850144066015e-06 -5.467757686195799e-07 -2.146469475396893e-07
7.907950435216344e-06 1.704478383654613e-06 -1.543830198800910e-07 -2.339354642306879e-07
7.056286603068198e-06 2.660753867918371e-06 -5.641131253984873e-08 -3.403493746632448e-07
7.377205851700204e-06 4.314452307086962e-06 -5.593493675831136e-08 -5.394285634215357e-07
1.027935379054641e-05 1.623185253852991e-06 -3.923066208557491e-07 -2.046059031486512e-07
7.893349121838668e-06 5.974426042516835e-06 -8.549352664392326e-08 -7.649629667674393e-07
1.234326535130552e-05 2.975850127303693e-06 -6.865360261908095e-07 -3.589776583630512e-07
8.845390622450910e-06 4.353993982921190e-06 -2.234702490490883e-07 -5.314623256102365e-07
1.107198816974256e-05 4.482938862531589e-06 -5.273046411876783e-07 -5.415775153692156e-07
8.641064026279557e-06 7.583654238003200e-06 -1.627319793606454e-07 -9.986099916145029e-07
1.320834205147103e-05 4.486551487184123e-06 -8.639310061051375e-07 -5.272631757251369e-07
1.255079233471401e-05 6.026757427923321e-06 -7.663129984086517e-07 -7.433759241150193e-07
1.093392765587046e-05 7.012762325310544e-06 -4.904580953253120e-07 -9.112451008269185e-07
9.591588296284888e-06 9.172292607363247e-06 -2.903108110097706e-07 -1.282327264337134e-06
1.078719997070215e-05 1.069275787599391e-05 -4.754229257865366e-07 -1.564855031415508e-06
1.440465722510004e-05 5.912109716954143e-06 -1.118872523982929e-06 -7.037803167089955e-07
1.357726666083973e-05 7.816558519112059e-06 -9.527772922516822e-07 -1.050443000153200e-06
1.259246675975441e-05 1.010058958343475e-05 -7.643781014300844e-07 -1.472157469454825e-06
1.216950855447616e-05 1.212082890392626e-05 -6.985289582694859e-07 -1.849528524802578e-06
1.589071595519473e-05 7.197725585732043e-06 -1.436043061340383e-06 -9.203549010185579e-07
1.545420744227655e-05 1.010011958157792e-05 -1.329489348060106e-06 -1.492470716506289e-06
1.376684607428379e-05 1.339176858290069e-05 -9.992232771554690e-07 -2.115288892204589e-06
1.557094066898963e-05 1.451030623662193e-05 -1.380200008684940e-06 -2.371825293141037e-06
1.752822130194687e-05 1.545736322998578e-05 -1.791128088391782e-06 -2.583877202463471e-06
1.767440658045072e-05 1.073799487522145e-05 -1.793279471260743e-06 -1.626658222515685e-06
1.765149063385418e-05 8.286647009654253e-06 -1.796996938089550e-06 -1.129797940022326e-06
1.722723332750666e-05 1.323324989691372e-05 -1.714835274630450e-06 -2.125288181183888e-06
1.964429423005958e-05 1.616227152349726e-05 -2.236229200100656e-06 -2.744897456930995e-06
2.188340887824115e-05 1.663972349456406e-05 -2.690689776202877e-06 -2.858236367605553e-06
1.948778571742405e-05 1.128979212754423e-05 -2.146531635686426e-06 -1.742960555719992e-06
1.966363572687291e-05 9.083616972770713e-06 -2.178796493012680e-06 -1.284347297248611e-06
2.419138340066754e-05 1.685311944099372e-05 -3.161930960902238e-06 -2.918939984543237e-06
2.158348635246613e-05 1.338778680282803e-05 -2.603449314248738e-06 -2.211252472824915e-06
2.185881611216287e-05 9.545259359474494e-06 -2.629312455313846e-06 -1.371907379521776e-06
2.469379298925386e-05 1.375012416245343e-05 -3.241478895903264e-06 -2.298920768332691e-06
2.681765391181592e-05 1.694949861492547e-05 -3.677862196825029e-06 -2.964170639885812e-06
2.416484324619834e-05 9.666836717462514e-06 -3.112589776085812e-06 -1.404502102824771e-06
3.051179293108434e-05 1.704639272660379e-05 -4.465588562146073e-06 -3.000163114619919e-06
2.755576350464375e-05 1.196180002232647e-05 -3.824203884871775e-06 -1.917364012874075e-06
2.681234362716826e-05 9.571955812886496e-06 -3.666183894355995e-06 -1.382975045029012e-06
3.578325803425442e-05 1.719542191674662e-05 -5.607029511277571e-06 -3.035870664433497e-06
3.313245639503799e-05 1.295453212076841e-05 -5.043659422888974e-06 -2.140116999687719e-06
3.051451624499818e-05 9.447814704521224e-06 -4.483290756248061e-06 -1.353121453710009e-06
4.301856372666484e-05 1.735751220607810e-05 -7.228130104349352e-06 -3.063547721443503e-06
3.935517349274564e-05 1.325490634137907e-05 -6.438862154460131e-06 -2.205830410615540e-06
3.578447163787763e-05 9.305307257741089e-06 -5.668096066938058e-06 -1.339883976759565e-06
5.082570648140038e-05 1.749757030263338e-05 -8.839172944206773e-06 -3.032657121750270e-06
4.687930495884696e-05 1.325422998380219e-05 -8.062186232428228e-06 -2.193478441353525e-06
4.301883725765266e-05 9.149994599332278e-06 -7.300469497362098e-06 -1.349121043991264e-06
5.887312057027785e-05 1.761933943293587e-05 -1.025862919276617e-05 -2.856353481736261e-06
5.481142430014137e-05 1.325431087821773e-05 -9.588617067512122e-06 -2.169329414450642e-06
5.082570838282335e-05 9.010915070885451e-06 -8.901329342564151e-06 -1.369476856966404e-06
6.713230970510761e-05 1.772503471817267e-05 -1.146442349764091e-05 -2.785837098849838e-06
6.296960450939283e-05 1.325447590193001e-05 -1.088859869292654e-05 -2.157881560280050e-06
5.887313745975672e-05 8.889576629495474e-06 -1.030626537601362e-05 -1.458340573644739e-06
7.557353973962031e-05 1.781469658655064e-05 -1.255490034377224e-05 -2.811920429595430e-06
7.132480300243454e-05 1.325475677689720e-05 -1.201918342508352e-05 -2.173490577086544e-06
6.713218336609590e-05 8.784315858716072e-06 -1.152487740736161e-05 -1.513745950768940e-06
8.416626609698760e-05 1.788746281109080e-05 -1.377659709192733e-05 -2.940500319450564e-06
7.984703541394440e-05 1.325505070013901e-05 -1.314605639336436e-05 -2.205802509371201e-06
7.557339007627665e-05 8.695140172836412e-06 -1.263570980958065e-05 -1.507521245240508e-06
9.287830513238774e-05 1.794270812484319e-05 -1.534734568839323e-05 -3.092231962806009e-06
8.850502454871069e-05 1.325536949247368e-05 -1.456206491185645e-05 -2.199632925138221e-06
8.416610947014986e-05 8.622854101875730e-06 -1.391581600938746e-05 -1.421066221710126e-06
1.016761663515928e-04 1.798056627853005e-05 -1.722886285568966e-05 -3.284144519657786e-06
9.726570290834905e-05 1.325563818777921e-05 -1.629775217083034e-05 -2.201604795103744e-06
9.287836414559818e-05 8.568206554897215e-06 -1.550160693206623e-05 -1.312850894164190e-06
1.105270850718950e-04 1.800262698339106e-05 -1.926313751293641e-05 -3.370578092345523e-06
1.060952291234749e-04 1.325590781457708e-05 -1.827045970097306e-05 -2.245503306348323e-06
1.016762933643247e-04 8.531036353135988e-06 -1.733352473018695e-05 -1.222267565352160e-06
1.295527331138956e-04 1.749206686139449e-05 -2.373106937859099e-05 -3.343534550981832e-06
1.282909370544215e-04 1.801466418173089e-05 -2.342482276525886e-05 -3.466982643645448e-06
1.145012431625823e-04 1.325607542874751e-05 -2.021392895630520e-05 -2.291561515158795e-06
1.194050880709637e-04 1.801251836923679e-05 -2.134850681518006e-05 -3.438311635503859e-06
1.105270901493288e-04 8.509534306188446e-06 -1.934715320499689e-05 -1.210991975073729e-06
1.300753908238685e-04 1.623035293197579e-05 -2.385953450615222e-05 -3.043010688537525e-06
1.270891058368834e-04 1.325615844018765e-05 -2.315697171993021e-05 -2.333464650830302e-06
1.194050108913758e-04 8.499704506373994e-06 -2.138231190861698e-05 -1.236050767812006e-06
1.300753060613831e-04 1.028201172263683e-05 -2.390885422275247e-05 -1.593146051498199e-06
1.282908417339084e-04 8.497701944387852e-06 -2.347881055514839e-05 -1.165853229842166e-06
1.295526417242868e-04 9.020299864255624e-06 -2.378373435738176e-05 -1.289731736596786e-06
