5.960107227614228e-05 -7.237984159464946e-06 -1.931691599245336e-05 3.836342657704072e-06
5.984771521113044e-05 -6.642540735623826e-06 -1.935975695849565e-05 3.719194813223870e-06
5.984763553748403e-05 -3.835516996861699e-06 -1.924030180498591e-05 3.136213738151721e-06
5.960098487001139e-05 -3.240069238766770e-06 -1.917961931949022e-05 2.999145064558994e-06
5.900562174714027e-05 -7.484621691141141e-06 -1.920564783412610e-05 3.884453399747625e-06
5.788870582295083e-05 -5.238991644569072e-06 -1.891842761474706e-05 3.407947163335712e-06
5.900552570559132e-05 -2.993427420304543e-06 -1.904084333875217e-05 2.942116935582997e-06
5.481292474723211e-05 -7.484322052557216e-06 -1.844696811473328e-05 3.875871339148160e-06
5.481277725111584e-05 -2.993492276977302e-06 -1.821910790519574e-05 2.948269811183084e-06
5.249800199810251e-05 -5.238835355368938e-06 -1.781380908792668e-05 3.447200345763993e-06
5.062052596187114e-05 -7.482850413786115e-06 -1.744685880620939e-05 3.985835228568701e-06
5.062036253366706e-05 -2.994864963195333e-06 -1.725749600364586e-05 2.941496367751161e-06
4.852514641774453e-05 -5.238653382875466e-06 -1.695693525917798e-05 3.352050814520309e-06
4.643244942936028e-05 -7.478286840573976e-06 -1.639261685847857e-05 3.936924056348172e-06
4.643250847504499e-05 -2.999209615205479e-06 -1.635773436868641e-05 2.875703412380627e-06
4.434130678015198e-05 -5.238531868256966e-06 -1.612433267448371e-05 3.360283935446624e-06
4.225553054742891e-05 -7.468642691371665e-06 -1.543322512554958e-05 3.797830630983742e-06
4.225572692007348e-05 -3.008263975543609e-06 -1.535406904250599e-05 2.919505332250167e-06
4.017320927176570e-05 -5.238135473926692e-06 -1.534866122266267e-05 3.322278575494691e-06
3.810067733505992e-05 -7.451141770683640e-06 -1.464661827853466e-05 3.735269802737964e-06
3.810126818087132e-05 -3.024696896156897e-06 -1.444783498599101e-05 2.808732907717722e-06
3.603500508605037e-05 -5.237738518612988e-06 -1.449713888326732e-05 3.308971192057783e-06
3.398617375326549e-05 -7.422494096155755e-06 -1.395657368353693e-05 3.772861204989808e-06
3.398676258735432e-05 -3.052542071814690e-06 -1.359129598415085e-05 2.721911218809888e-06
3.194814745746991e-05 -5.237368715832125e-06 -1.348416239105553e-05 3.289478917155082e-06
2.993596352098185e-05 -7.380200089893297e-06 -1.305293327367609e-05 3.812418976322277e-06
2.993654184647444e-05 -3.094092305969739e-06 -1.271065601022837e-05 2.735774480823255e-06
2.793913942402342e-05 -5.236930546303225e-06 -1.232458782970713e-05 3.265964300684168e-06
2.597711176627656e-05 -7.323774907502616e-06 -1.176564787552617e-05 4.002595362229766e-06
2.597779614548762e-05 -3.149617275106646e-06 -1.169364221464296e-05 2.609569052003044e-06
2.403491469782085e-05 -5.236343544986959e-06 -1.098105052594185e-05 3.252313745194868e-06
2.213590148141104e-05 -7.253385476334966e-06 -1.018845774293502e-05 4.068871354157420e-06
2.213658457731238e-05 -3.218604992696465e-06 -1.044216585546380e-05 2.543674451008712e-06
2.026091635948438e-05 -5.235567889854842e-06 -9.593484263434860e-06 3.269340014752623e-06
1.843731773155238e-05 -7.168606966968448e-06 -8.711234995982466e-06 3.980054928719595e-06
1.843746210489332e-05 -3.301781226363074e-06 -8.976514750459329e-06 2.601082586617988e-06
1.671269099604144e-05 -5.234074394755325e-06 -8.265333318594784e-06 3.305641643052660e-06
1.504530099263946e-05 -7.071622605992197e-06 -7.575748106463411e-06 3.936257856418771e-06
1.504446816431626e-05 -3.400349109853857e-06 -7.691158551954436e-06 2.698838467187660e-06
1.381074612025714e-05 -5.371445521049552e-06 -7.256613650454471e-06 3.353935612694818e-06
1.260681474467588e-05 -6.981695143601749e-06 -6.839486441501648e-06 3.938281088770869e-06
1.260409913622244e-05 -3.491366521173007e-06 -6.871290329987028e-06 2.668169518883309e-06
1.091735392196986e-05 -6.903329826782132e-06 -6.253498593558925e-06 3.922646958034657e-06
1.122273746753840e-05 -5.811685920435236e-06 -6.357829706398611e-06 3.538778422435171e-06
1.091307554188472e-05 -3.549408676154004e-06 -6.268060737822904e-06 2.720615937561816e-06
9.732079581417144e-06 -3.611555426714744e-06 -5.856122195017315e-06 2.724509161254710e-06
-1.262553433433545e-06 -7.988548717681299e-08 9.942357440851391e-07 2.903778198741854e-07
-1.288970469403923e-06 -1.636814541672403e-08 1.006119981739351e-06 2.687544079551836e-07
-1.288864885808168e-06 2.204932714087143e-07 1.008111873833788e-06 1.773372148385622e-07
-1.262576156324757e-06 2.832404387658988e-07 9.943236234082159e-07 1.491517139965947e-07
9.726537838343111e-06 -6.848186419617618e-06 -5.886730076758450e-06 3.933439770294754e-06
8.694947333207234e-06 -6.739251345059088e-06 -5.445054529581592e-06 3.943329288514210e-06
9.472070973188571e-06 -4.828609594678565e-06 -5.772569796943102e-06 3.167202995192107e-06
8.675649923539907e-06 -3.586464576745492e-06 -5.454094897213681e-06 2.686348869943735e-06
-1.199296745728811e-06 -1.061361189908933e-07 9.672471980467568e-07 2.983002126284550e-07
-1.135317033893060e-06 1.535804725712845e-07 9.373040964928944e-07 2.029657951923048e-07
-1.199792191009403e-06 3.094606363478554e-07 9.624232576619004e-07 1.363934296931101e-07
8.352964442986154e-06 -5.752475348502198e-06 -5.308263249577307e-06 3.561037049860135e-06
7.706072582424660e-06 -6.504799024804174e-06 -5.041971007920627e-06 3.877213173062855e-06
6.785546740795816e-06 -6.182948637164193e-06 -4.636468614309663e-06 3.772233388653541e-06
8.043383315359138e-06 -4.442579455339425e-06 -5.183222785549171e-06 3.025183781008893e-06
7.704199865074648e-06 -3.405660318252181e-06 -5.023532370010642e-06 2.550451413442733e-06
-7.697219322504082e-07 -1.125216621347891e-07 8.072851899407630e-07 2.798383203124077e-07
-7.693437631546633e-07 3.167929286261073e-07 7.862363878639210e-07 1.104693574229362e-07
-5.470944364347583e-07 1.021932157196109e-07 7.078355438193258e-07 1.736853695830836e-07
5.946979486528245e-06 -5.754694423504433e-06 -4.196505055812582e-06 3.644826111586479e-06
6.650213580615367e-06 -5.208836330771517e-06 -4.586324760238508e-06 3.355758304856659e-06
6.961859639053336e-06 -4.028952199174578e-06 -4.727595372514611e-06 2.784699018297492e-06
6.828790766500201e-06 -3.087922093374781e-06 -4.678957545458192e-06 2.337667104091574e-06
-3.070334892685367e-07 -1.498774928921155e-07 5.759241784414992e-07 3.386169047088730e-07
-3.072627061741452e-07 3.538450330174939e-07 5.625407968004508e-07 -2.997048578332077e-08
-3.596181433688523e-08 1.017349225825899e-07 3.459670318856626e-07 1.487835967424755e-07
5.182397215631612e-06 -5.260824019934032e-06 -3.780022419504005e-06 3.469978553163215e-06
4.519323287020059e-06 -4.710457707655188e-06 -3.413872650890524e-06 3.181173514519733e-06
5.892086000017570e-06 -3.854992925027347e-06 -4.222873177047589e-06 2.665123629871354e-06
6.068582399685852e-06 -2.643525131243765e-06 -4.342110005932575e-06 2.078866969396059e-06
2.725874081577894e-07 -2.298375766981705e-07 1.232314847856988e-07 3.702839259829002e-07
2.724608198814474e-07 4.327733596570779e-07 1.193020746628453e-07 -1.141091067166064e-07
4.689285119780560e-06 -3.902115017013349e-06 -3.530576251382687e-06 2.713320099377973e-06
3.956460704594536e-06 -4.098166790256862e-06 -3.077823820182730e-06 2.834950284444681e-06
4.963552967278107e-06 -3.033835352241694e-06 -3.728835730428221e-06 2.237030921045847e-06
5.436383456057645e-06 -2.120510512914140e-06 -4.014423164218408e-06 1.721170303525459e-06
6.088898145807544e-07 1.010730187006623e-07 -1.509126220122051e-07 9.577919979410357e-08
1.005060063848936e-06 -3.438366692812013e-07 -5.389163347494322e-07 4.806706191424781e-07
1.004029864136625e-06 5.462540018439776e-07 -5.685014354279452e-07 -3.990062703211187e-07
3.473196291937983e-06 -3.454616021738243e-06 -2.781968514583817e-06 2.464070579637052e-06
3.104315274439453e-06 -2.813408876239568e-06 -2.526329604546442e-06 2.081057751117046e-06
2.837092749105098e-06 -2.150499245339374e-06 -2.333505847850164e-06 1.677136406617040e-06
4.411844462634230e-06 -2.283997701969881e-06 -3.410006752273361e-06 1.799629244242856e-06
4.937974398551866e-06 -1.552918953756878e-06 -3.762780412163915e-06 1.343434226265253e-06
1.321818148003753e-06 9.883537622517198e-08 -8.687940554283329e-07 3.254664470555392e-08
1.706278947312022e-06 -4.543980763921908e-07 -1.188472250100789e-06 5.137460025973792e-07
1.706775104022716e-06 6.613044508942392e-07 -1.193053738083662e-06 -4.879114998637630e-07
3.460478500003422e-06 -2.141606800604723e-06 -2.745640883010187e-06 1.681412209008056e-06
2.645798274144641e-06 -1.496947812100504e-06 -2.183743093701925e-06 1.240965558304159e-06
2.320379788120671e-06 -5.459825720032126e-07 -1.783031840977777e-06 5.941287966361266e-07
2.487511318329977e-06 -6.455762074856976e-07 -1.958915076300683e-06 6.617934461753092e-07
2.564040100847855e-06 -8.576012966740060e-07 -2.058089120735131e-06 8.039859688193633e-07
4.035019110090539e-06 -1.472278583782578e-06 -3.134692294354297e-06 1.243983419682420e-06
4.562446067088245e-06 -9.715824297716257e-07 -3.513997573823842e-06 8.609080885042172e-07
2.050374417658314e-06 1.630119325302738e-08 -1.488783443322127e-06 7.123756224963495e-08
2.356732565066280e-06 7.459744046617908e-07 -1.740098769518332e-06 -5.618316637230047e-07
3.081024081587465e-06 -1.042384512442758e-06 -2.464749301130135e-06 9.378135672107488e-07
2.515991647061127e-06 -2.503922514134421e-07 -1.955540022039179e-06 3.284548069423814e-07
2.714250858793661e-06 -5.729295877454026e-07 -2.154279936242531e-06 5.953931585839372e-07
3.780018437363986e-06 -7.938472083999595e-07 -2.971721189671525e-06 7.434715392580625e-07
4.315171328336481e-06 -4.077165913867538e-07 -3.384635279017971e-06 4.624104697352714e-07
2.557328911125338e-06 3.775602179213127e-07 -1.937091995091852e-06 -2.348289089182418e-07
2.554539122827913e-06 8.369241946492309e-07 -1.915852082101822e-06 -6.419912623456870e-07
3.224197171118733e-06 -9.245363532326377e-08 -2.551149553870496e-06 2.099292716534766e-07
4.212691791346763e-06 1.335931366011685e-07 -3.363862302806782e-06 1.323399214586476e-09
4.200254025359513e-06 6.378144022073706e-07 -3.483256728065420e-06 -4.479520435662606e-07
2.942486411143925e-06 7.219881533601430e-07 -2.258060816639072e-06 -5.293320347686116e-07
2.675656338811110e-06 1.021329519021794e-06 -2.015044805964254e-06 -8.207414444590950e-07
2.835777692137689e-06 1.508387315925788e-06 -2.124504415297703e-06 -1.328300921300652e-06
3.717684388419355e-06 7.186624290751951e-07 -2.998137731787228e-06 -4.870494211291757e-07
3.049893932165751e-06 1.941294684362943e-06 -2.270424055909473e-06 -1.875627357236736e-06
4.289092395478646e-06 1.133153565567077e-06 -3.726673612404763e-06 -8.870936331768959e-07
3.289641789143422e-06 1.537640542184111e-06 -2.563234288995183e-06 -1.344558309427861e-06
3.916705324289358e-06 1.572812884403588e-06 -3.313055856966326e-06 -1.372689138974184e-06
3.293963254788163e-06 2.337901515376357e-06 -2.481584467362945e-06 -2.415068582589728e-06
4.449410424089158e-06 1.573656116393598e-06 -4.085355366311057e-06 -1.358816220440513e-06
4.267103800392021e-06 1.974493969604374e-06 -3.868214484372264e-06 -1.875284202920003e-06
3.885090156093005e-06 2.210512301229042e-06 -3.258309247049965e-06 -2.221472482207574e-06
3.572939880443733e-06 2.679716451210156e-06 -2.736905771367223e-06 -2.987904687752327e-06
3.867544047517870e-06 2.972366433670736e-06 -3.151921012081064e-06 -3.614033404262347e-06
4.661063142327251e-06 1.959957924552085e-06 -4.577058202261630e-06 -1.817652157741872e-06
4.478931233747691e-06 2.386182001051575e-06 -4.270412208947540e-06 -2.508293290839751e-06
4.272541160622902e-06 2.849458106642252e-06 -3.859647336938879e-06 -3.374540752477822e-06
4.186730113912927e-06 3.213002885290042e-06 -3.682372883258860e-06 -4.228459249986972e-06
4.916982551833731e-06 2.277860170526607e-06 -5.223705402280229e-06 -2.259568340586868e-06
4.828993202586231e-06 2.839098607914883e-06 -5.092285978206176e-06 -3.398882154590664e-06
4.512296252035622e-06 3.413015198375638e-06 -4.398540486701442e-06 -4.775765398614302e-06
4.835792048667641e-06 3.563183044054571e-06 -5.195355835157227e-06 -5.260402858455358e-06
5.162391309259481e-06 3.662934476711987e-06 -6.055135255663344e-06 -5.660509318992116e-06
5.198300563492174e-06 2.950812015875222e-06 -6.062457261862445e-06 -3.665130642817678e-06
5.200599060073861e-06 2.522079137736538e-06 -6.018682116957940e-06 -2.657637051912315e-06
5.128970715875194e-06 3.347187413008597e-06 -5.910071324413874e-06 -4.716913841090787e-06
5.478206534668865e-06 3.729292206191977e-06 -6.985345151697837e-06 -5.950137651428415e-06
5.781827750257370e-06 3.754260273213365e-06 -7.930013430466902e-06 -6.130670718268509e-06
5.472094526545456e-06 3.044485544091166e-06 -6.855685376793367e-06 -3.890772190037126e-06
5.494204759775721e-06 2.703968275062840e-06 -6.921752785441455e-06 -2.948479554406743e-06
6.076945835151547e-06 3.746957527623862e-06 -8.928645399773003e-06 -6.188677317605902e-06
5.763518727942564e-06 3.338692655623905e-06 -7.793261971171576e-06 -4.785551722098537e-06
5.791280779261458e-06 2.823777330731954e-06 -7.896694989527789e-06 -3.126161017417075e-06
6.144546837958974e-06 3.377456264363169e-06 -9.148058024343645e-06 -4.908393713670952e-06
6.375293425587673e-06 3.719223685113729e-06 -9.997938700795567e-06 -6.161689067659593e-06
6.084446167703055e-06 2.874857480146397e-06 -8.925364605050878e-06 -3.192694740687727e-06
6.761394312967521e-06 3.692572514193750e-06 -1.137379701818859e-05 -6.150628118318324e-06
6.468366687312267e-06 3.176127136600580e-06 -1.029599077922553e-05 -4.174119017126178e-06
6.376046689866430e-06 2.904289157302600e-06 -9.990832814166936e-06 -3.185772605785595e-06
7.237010948157484e-06 3.653975371281265e-06 -1.331120273526877e-05 -6.080674299569529e-06
7.012813992758687e-06 3.287042427704971e-06 -1.242561429646917e-05 -4.569145140968477e-06
6.759837601549020e-06 2.941386228220327e-06 -1.146371494362064e-05 -3.188635570073059e-06
7.795259856418439e-06 3.617618183756566e-06 -1.585366241302558e-05 -6.025227319965801e-06
7.526519167877644e-06 3.317407917834948e-06 -1.466206273667757e-05 -4.635847014972173e-06
7.236124205409289e-06 2.981216266126696e-06 -1.342777728643011e-05 -3.234660839163769e-06
8.320976550708676e-06 3.592680222980460e-06 -1.848573319921128e-05 -6.042398356060109e-06
8.065935598025367e-06 3.319533867977466e-06 -1.723946324671096e-05 -4.603544349432202e-06
7.794735430176391e-06 3.019867533011268e-06 -1.598301167035621e-05 -3.256550108186573e-06
8.807239312010933e-06 3.576427904578129e-06 -2.111734423172433e-05 -5.992638534698454e-06
8.569310829435026e-06 3.321119405828393e-06 -1.983745500146310e-05 -4.585921254787762e-06
8.320599334483523e-06 3.048184079369773e-06 -1.855468343043682e-05 -3.237858838849568e-06
9.267582401887443e-06 3.566747405903309e-06 -2.376313248807341e-05 -5.895107962637730e-06
9.040503952984329e-06 3.322633150206199e-06 -2.245554238008698e-05 -4.521388815127629e-06
8.806628577831021e-06 3.067509171542045e-06 -2.113122107377283e-05 -3.202448501777649e-06
9.713144020774703e-06 3.562677348816119e-06 -2.638331854052852e-05 -5.914617372308893e-06
9.491738302983324e-06 3.323968742581973e-06 -2.500882028662249e-05 -4.464729298615865e-06
9.267013942163868e-06 3.079880022779919e-06 -2.364564993996789e-05 -3.157089982365819e-06
1.015429780967049e-05 3.563059574146413e-06 -2.911401737024058e-05 -5.975923556161015e-06
9.933556507432464e-06 3.324959824796215e-06 -2.768666626877925e-05 -4.451396196566162e-06
9.712793208876850e-06 3.086326687823783e-06 -2.620687671737796e-05 -2.966197673942805e-06
1.059923400149019e-05 3.566450279830015e-06 -3.214801499134050e-05 -6.145302950180159e-06
1.037557366967633e-05 3.325694409293506e-06 -3.055560106036046e-05 -4.429635365841780e-06
1.015403169855903e-05 3.087627080852573e-06 -2.901140985280121e-05 -2.803024073508247e-06
1.105201106813778e-05 3.570619606026255e-06 -3.567034785511177e-05 -6.357790630544737e-06
1.082418810184268e-05 3.326160757956964e-06 -3.389443437441100e-05 -4.397302723464146e-06
1.059902673447332e-05 3.085485089640137e-06 -3.219275764281360e-05 -2.579402250822982e-06
1.151158911631843e-05 3.573349048435928e-06 -3.961718522800710e-05 -6.496596480586226e-06
1.128095045732837e-05 3.326381857831352e-06 -3.764046863850478e-05 -4.310916975247037e-06
1.105193768302835e-05 3.081975523218534e-06 -3.581294803681888e-05 -2.358095668400919e-06
1.250233193764967e-05 3.547352434336449e-06 -4.844619201931306e-05 -6.280906978221945e-06
1.243664960185297e-05 3.574555988256742e-06 -4.785577716973782e-05 -6.524647037154496e-06
1.171849201803468e-05 3.326634292688875e-06 -4.141222052623886e-05 -4.327723841658332e-06
1.197409405090652e-05 3.574316244269388e-06 -4.372694451253959e-05 -6.455516138483258e-06
1.151143026280477e-05 3.079769605872264e-06 -3.955697674156327e-05 -2.248712283206067e-06
1.252953643278901e-05 3.481670749845425e-06 -4.868745009852790e-05 -5.688843796941906e-06
1.237404215113789e-05 3.326800488652073e-06 -4.723413420834490e-05 -4.262550665657567e-06
1.197400305624323e-05 3.079107858036324e-06 -4.366520501732652e-05 -2.103622627271400e-06
1.252946571218567e-05 3.171972005006422e-06 -4.859061951779344e-05 -2.887011902231625e-06
1.243656356250003e-05 3.079077805879948e-06 -4.775490268613145e-05 -2.065547807965623e-06
1.250225405885426e-05 3.106285526738497e-06 -4.834361752770303e-05 -2.305233923102405e-06
