-1.019044449604187e-04 1.473262453152208e-05 3.733481341691284e-05 -4.261186331546975e-06
-1.023021236081615e-04 1.377272885807335e-05 3.747992203490713e-05 -3.902344072780113e-06
-1.023019329691638e-04 9.247148957364084e-06 3.730471281730616e-05 -2.205771628592909e-06
-1.019042249393157e-04 8.287224245333171e-06 3.713499564544918e-05 -1.824881390469699e-06
-1.009443987488111e-04 1.513019033663544e-05 3.697669496569202e-05 -4.407744329721214e-06
-9.914314890802124e-05 1.150990035551381e-05 3.621599355837095e-05 -3.022361439309223e-06
-1.009441337924270e-04 7.889645559944402e-06 3.674021832591630e-05 -1.669301607456022e-06
-9.418434199936144e-05 1.512788148531525e-05 3.456969338795299e-05 -4.338178672690149e-06
-9.418392959199765e-05 7.891861466957236e-06 3.429081945664064e-05 -1.727722859816174e-06
-9.045462320090313e-05 1.150986845536434e-05 3.298522447652753e-05 -3.084763678712644e-06
-8.743265394460196e-05 1.511998636216850e-05 3.212993069454836e-05 -4.408609116535179e-06
-8.743238374376358e-05 7.899867321158600e-06 3.179616810398609e-05 -1.781777164232645e-06
-8.406273696099894e-05 1.150964790234404e-05 3.063866790755312e-05 -3.009460553905618e-06
-8.070171509745116e-05 1.510532908842245e-05 2.955990161667564e-05 -4.341383775546787e-06
-8.070179094845883e-05 7.913956259789888e-06 2.935712059382868e-05 -1.806338690683621e-06
-7.734612946835256e-05 1.150946475083529e-05 2.835884114472879e-05 -3.044532766850005e-06
-7.400351772966056e-05 1.508420756690087e-05 2.730024590609577e-05 -4.234783583604686e-06
-7.400335508266653e-05 7.934360439268126e-06 2.690971151600436e-05 -1.879370385404991e-06
-7.066801392559349e-05 1.150914131437585e-05 2.620042869288039e-05 -3.046128282101791e-06
-6.734958538179558e-05 1.505675256646895e-05 2.514971414393615e-05 -4.221807535695062e-06
-6.734908000968880e-05 7.960939128798575e-06 2.469794187977839e-05 -1.843285245677557e-06
-6.404002162040336e-05 1.150867571002652e-05 2.403052112507131e-05 -3.051295078852036e-06
-6.075198267537772e-05 1.502209975044037e-05 2.297142087527232e-05 -4.327418389066687e-06
-6.075131490484867e-05 7.994694650825029e-06 2.251222074606838e-05 -1.780690460222540e-06
-5.747502113804178e-05 1.150816292208413e-05 2.171296872064759e-05 -3.037884660024671e-06
-5.422515628743682e-05 1.497833763159042e-05 2.045557016004897e-05 -4.412027780857218e-06
-5.422482608574230e-05 8.037625098159898e-06 2.021945968190970e-05 -1.704614327976164e-06
-5.098953960573450e-05 1.150765538046719e-05 1.920084462085599e-05 -2.984513177409012e-06
-4.778830492413551e-05 1.492322357791469e-05 1.766392826217600e-05 -4.446602932371088e-06
-4.778818609914589e-05 8.091800787115864e-06 1.767053671831254e-05 -1.595959682179453e-06
-4.460496502378646e-05 1.150715066211366e-05 1.651035116298080e-05 -2.952613597681657e-06
-4.146448104637191e-05 1.485484783996735e-05 1.489371863782154e-05 -4.401888610422672e-06
-4.146466342584208e-05 8.159292170020493e-06 1.505966244911522e-05 -1.510815735355899e-06
-3.834610659538067e-05 1.150655506116937e-05 1.378355631730719e-05 -2.918539427670556e-06
-3.527930312784409e-05 1.477047435436593e-05 1.231801396170879e-05 -4.323070750803777e-06
-3.527950710165298e-05 8.242706611420028e-06 1.244786419896185e-05 -1.570481205022874e-06
-3.236133535162316e-05 1.150529466492459e-05 1.117464661601492e-05 -2.933278543793300e-06
-2.950259912682417e-05 1.466972953854749e-05 9.882619117130380e-06 -4.328903734836775e-06
-2.950234740097336e-05 8.346141216076020e-06 9.980006801746433e-06 -1.586500709814375e-06
-2.737581302988076e-05 1.174644525429322e-05 9.013960689554226e-06 -3.046919947864702e-06
-2.526533518586677e-05 1.457243971413922e-05 8.033296984483818e-06 -4.358323765640550e-06
-2.526272562723173e-05 8.445980817117526e-06 8.085369691751172e-06 -1.590133030361910e-06
-2.227596168061630e-05 1.448471941090148e-05 6.670539798052516e-06 -4.313217322104540e-06
-2.283246283125895e-05 1.253199195943487e-05 6.928373879630179e-06 -3.408340465886905e-06
-2.227109232476191e-05 8.511754555865146e-06 6.642620934145418e-06 -1.596283483956157e-06
-2.015136930178592e-05 8.583427556705248e-06 5.691792262201004e-06 -1.716124234094482e-06
2.991213421344764e-06 8.134263054849232e-07 -6.445063256037309e-07 2.605011213861905e-07
3.049961196299277e-06 6.719743006642022e-07 -6.551427061001302e-07 2.879693965309976e-07
3.049572634526711e-06 1.458770998863545e-07 -6.660162339163508e-07 3.898211386515531e-07
2.991159961683743e-06 6.719509688154227e-09 -6.580010977644843e-07 4.172812808095490e-07
-2.014505625641812e-05 1.442191301138085e-05 5.651103931875959e-06 -4.265802324710796e-06
-1.826712507567350e-05 1.425733168447477e-05 4.852879980159079e-06 -4.149551027282867e-06
-1.969869456110324e-05 1.077693756952684e-05 5.465999410713594e-06 -2.713347765509457e-06
-1.824618934981942e-05 8.495478141965438e-06 4.812139547453440e-06 -1.750990630328459e-06
2.850441842659764e-06 8.720229384797797e-07 -6.191000067449819e-07 2.483178634393385e-07
2.709010242842947e-06 2.950499141151229e-07 -5.980270998677565e-07 3.565557655546002e-07
2.851859598349763e-06 -5.123924083888170e-08 -6.316877876665864e-07 4.286532396965353e-07
-1.765479535002640e-05 1.246964481626012e-05 4.587575422685364e-06 -3.377107670881956e-06
-1.644803975282403e-05 1.386963020729018e-05 4.074140533319927e-06 -3.969145442802197e-06
-1.472599868540563e-05 1.330477173700969e-05 3.401418026922746e-06 -3.747261054313313e-06
-1.709095972397608e-05 1.005945702913131e-05 4.335191686446514e-06 -2.418808075257674e-06
-1.646039345653051e-05 8.110938969100776e-06 4.083840579406210e-06 -1.707061164936745e-06
1.897413697671208e-06 8.889959506156346e-07 -4.268691971017148e-07 2.231042434636607e-07
1.897023262350957e-06 -6.735859168990812e-08 -4.283225732916487e-07 4.171239614115940e-07
1.402687558739400e-06 4.113011476548922e-07 -3.636781116084726e-07 3.084135994178368e-07
-1.312618594925944e-05 1.254322341615108e-05 2.814040583553608e-06 -3.422133792027388e-06
-1.448349078214198e-05 1.149903373569501e-05 3.325503437504369e-06 -2.995618980225977e-06
-1.507216078763427e-05 9.274235104177704e-06 3.528953153835024e-06 -2.183363493666724e-06
-1.482731213046859e-05 7.456970141523472e-06 3.398074204552809e-06 -1.543944309113139e-06
8.654513686042610e-07 9.806013387260207e-07 -2.490258810414557e-07 1.694695938857694e-07
8.658926869635400e-07 -1.567024651946457e-07 -2.610065294654797e-07 4.055413266927078e-07
2.531114973562615e-07 4.125739777358011e-07 -1.276090042326898e-07 2.619740469564846e-07
-1.164681636177327e-05 1.163659203678033e-05 2.269788390357795e-06 -3.003274131631687e-06
-1.032809669979467e-05 1.060005162726478e-05 1.873970629012284e-06 -2.623783134839267e-06
-1.303353983288912e-05 8.936603128780070e-06 2.811625622617028e-06 -2.059897218541509e-06
-1.338810648731592e-05 6.553848509313862e-06 2.923211639402321e-06 -1.302038644823504e-06
-4.515232210569981e-07 1.177587406531712e-06 -9.430541635465509e-09 1.255235830595147e-07
-4.512055627412855e-07 -3.512016224083579e-07 -4.125564344861031e-08 3.268818866867848e-07
-1.066417184307295e-05 9.038434375050368e-06 2.009292062253363e-06 -2.094862837467128e-06
-9.175043563445350e-06 9.432175608417213e-06 1.567585558961880e-06 -2.218152304693993e-06
-1.121723662495015e-05 7.317242408771498e-06 2.230459548224420e-06 -1.564892283218577e-06
-1.217446249975465e-05 5.469724914720534e-06 2.551010606479189e-06 -1.059762679842319e-06
-1.228879987040098e-06 4.140351889615086e-07 6.233115707490277e-08 1.988834539538139e-07
-2.155764842959296e-06 1.462079424369375e-06 2.430106039437685e-07 -5.352697441360828e-08
-2.153725364731276e-06 -6.349343461774560e-07 1.984473041709056e-07 3.799394501634326e-07
-8.169655510668948e-06 8.175354527547777e-06 1.313082238624830e-06 -1.802076568496100e-06
-7.357989595246456e-06 6.875119984718217e-06 1.166837955920669e-06 -1.429526780526956e-06
-6.727597747776479e-06 5.508417520079758e-06 1.054099687468237e-06 -1.051691242257495e-06
-1.009771383841587e-05 5.797525799243043e-06 1.893501895439556e-06 -1.132476970243498e-06
-1.120773297849455e-05 4.259042700207294e-06 2.206350614375097e-06 -7.085132849874320e-07
-2.900484911221149e-06 4.184771978972290e-07 3.697273057863378e-07 1.294384678428376e-07
-3.816829978605116e-06 1.742161681393642e-06 5.188950504109432e-07 -1.143873556713561e-07
-3.817174581749846e-06 -9.257993862838953e-07 5.491865049521961e-07 3.686676830758976e-07
-8.093118246811121e-06 5.501357669682917e-06 1.378396641758069e-06 -1.045185271378812e-06
-6.255233189708434e-06 4.117552500318737e-06 9.754209152397469e-07 -7.100487900695245e-07
-5.321893783423692e-06 1.980040685732000e-06 8.005610907600259e-07 -2.007519148947371e-07
-5.755813270714819e-06 2.218452048524184e-06 9.184799661275122e-07 -2.711800977454041e-07
-5.981033213771060e-06 2.707336347144318e-06 9.681997490187954e-07 -3.927225533116099e-07
-9.322615061249642e-06 4.083947313651871e-06 1.704520197541790e-06 -6.895719687359573e-07
-1.048771783995597e-05 2.977736770943540e-06 2.000156229539610e-06 -4.400476082653789e-07
-4.640068681802303e-06 6.142353747867963e-07 6.738419757236134e-07 6.860283050639878e-08
-5.342097347830778e-06 -1.137653542201000e-06 8.394082194655498e-07 4.066383639516424e-07
-7.203020842201879e-06 3.137707025264088e-06 1.204525342805761e-06 -4.710676422519677e-07
-5.793122428729704e-06 1.274405478524973e-06 9.260964447349377e-07 -4.929471883293956e-08
-6.309145914282229e-06 2.050923223139864e-06 1.044844865886732e-06 -2.354026381521721e-07
-8.775366639483945e-06 2.582547953875460e-06 1.545427738405529e-06 -3.280385894189079e-07
-1.003443794105517e-05 1.683019147000950e-06 1.815999661191602e-06 -9.678384371959687e-08
-5.836196187009692e-06 -2.415422040876598e-07 9.419165212551042e-07 2.337591373573237e-07
-5.782399413285715e-06 -1.365487780277356e-06 9.244782328867598e-07 4.403111981497850e-07
-7.495125113023117e-06 9.475969480521415e-07 1.261414085334555e-06 1.804393782250776e-08
-9.871895606054504e-06 3.982310370060622e-07 1.729382172292966e-06 7.198649257747406e-08
-9.976477086815489e-06 -8.562499807381604e-07 1.732749181748810e-06 2.886607348584466e-07
-6.740219644176900e-06 -1.065620974618365e-06 1.113801318818587e-06 3.694036474151753e-07
-6.040769608855318e-06 -1.850145338822790e-06 9.714083468335843e-07 5.189313039888964e-07
-6.359700617244620e-06 -3.180443969406741e-06 1.040312290149741e-06 7.418903836901685e-07
-8.721907438071908e-06 -1.020758813447288e-06 1.478621130623922e-06 3.295732189115083e-07
-6.831987474320058e-06 -4.464375756073758e-06 1.137119528873917e-06 9.489559824309932e-07
-1.034857265104273e-05 -2.121260629318021e-06 1.808240975242186e-06 5.333691585056643e-07
-7.561127525540530e-06 -3.228386085241271e-06 1.278348569846286e-06 7.395566596455704e-07
-9.326957296832921e-06 -3.328415021720567e-06 1.604935659851096e-06 7.499097238177020e-07
-7.454300041803403e-06 -5.687527632076921e-06 1.237366843351958e-06 1.139701092483614e-06
-1.095790149739108e-05 -3.330062470697703e-06 1.924901783474545e-06 7.634164081441700e-07
-1.043899842027149e-05 -4.520045647032944e-06 1.808789772761008e-06 9.569430621664706e-07
-9.222625648242640e-06 -5.264573048298937e-06 1.551631181197782e-06 1.061953052653987e-06
-8.217142916667232e-06 -6.851614678993721e-06 1.362378779366750e-06 1.347813778260892e-06
-9.126236328240940e-06 -7.935512061007201e-06 1.517267773996938e-06 1.552763005079316e-06
-1.179395174963293e-05 -4.443992680556421e-06 2.031136215829223e-06 9.642649932457865e-07
-1.118306394178756e-05 -5.854444040900961e-06 1.912483137276464e-06 1.190078497219236e-06
-1.046469382972023e-05 -7.504755415142784e-06 1.751425203544702e-06 1.479692173692559e-06
-1.015875275918816e-05 -8.924771791248520e-06 1.698131924544292e-06 1.739257941645430e-06
-1.282803279159845e-05 -5.421139091285759e-06 2.161125484243010e-06 1.163059450873404e-06
-1.251241113192168e-05 -7.494376874399303e-06 2.124062053424519e-06 1.477082738587996e-06
-1.131423789695184e-05 -9.793082234373032e-06 1.926785515307572e-06 1.892051448270642e-06
-1.258185337382309e-05 -1.053548601558940e-05 2.142087984269704e-06 1.966145532388092e-06
-1.393671257793535e-05 -1.114118665377256e-05 2.361406597881816e-06 2.013832059033705e-06
-1.404792520646371e-05 -7.939268233871324e-06 2.324890147378849e-06 1.561224425645708e-06
-1.403756802529108e-05 -6.226732608832958e-06 2.299727201549636e-06 1.320885188669149e-06
-1.374257424298904e-05 -9.648941840023532e-06 2.334883898104355e-06 1.810973309205150e-06
-1.537024690152127e-05 -1.158513270237570e-05 2.568203171772993e-06 2.047759996238983e-06
-1.686116819604101e-05 -1.186832127507834e-05 2.720719335018017e-06 2.060171440462163e-06
-1.527882730967268e-05 -8.321743265883679e-06 2.503727096461471e-06 1.639474801826901e-06
-1.539458850169106e-05 -6.818497835276918e-06 2.482185957146987e-06 1.432799172210696e-06
-1.838335203985903e-05 -1.197832216600012e-05 2.864614710062719e-06 2.069208651213697e-06
-1.668067147355337e-05 -9.725770456891488e-06 2.711313272032427e-06 1.822794151980334e-06
-1.685605599122704e-05 -7.173246821123468e-06 2.709313344209178e-06 1.516715595835762e-06
-1.871802255590797e-05 -9.957091185738764e-06 2.921167951861480e-06 1.845642238631947e-06
-2.008297670070808e-05 -1.200532738470994e-05 3.068914406284022e-06 2.069909358956052e-06
-1.837575665187041e-05 -7.283076401071131e-06 2.892508638942090e-06 1.538981915942651e-06
-2.244392880173661e-05 -1.203174347643289e-05 3.286139069221776e-06 2.045227820236944e-06
-2.056986108309761e-05 -8.801728743043084e-06 3.177081993136127e-06 1.723517543188674e-06
-2.008173107431454e-05 -7.256192021148580e-06 3.117131868388777e-06 1.548676923027113e-06
-2.574010112879124e-05 -1.207080010898585e-05 3.522086720566480e-06 1.956673575441523e-06
-2.409829456591955e-05 -9.440268520436415e-06 3.474005499804875e-06 1.796976691907886e-06
-2.244486504079573e-05 -7.222096297943166e-06 3.361153587664342e-06 1.622145314856496e-06
-3.016053240747055e-05 -1.211025882975118e-05 3.635177528909598e-06 1.776074058466362e-06
-2.793940559530978e-05 -9.628916544256200e-06 3.634481400055751e-06 1.815192365754673e-06
-2.574082489380451e-05 -7.184790295894345e-06 3.578412394995011e-06 1.768436035802256e-06
-3.482867322744584e-05 -1.214021876915980e-05 3.404183923053320e-06 1.634299509011943e-06
-3.248546558968094e-05 -9.628612710772057e-06 3.562678181913579e-06 1.826033746411989e-06
-3.016091628011870e-05 -7.146878227185521e-06 3.604111600513017e-06 1.895392230269124e-06
-3.954363364069831e-05 -1.216012633453138e-05 2.818379178699428e-06 1.523108696655784e-06
-3.717982100160952e-05 -9.628528077269486e-06 3.125212758032904e-06 1.859218020010294e-06
-3.482883222033119e-05 -7.116977413594919e-06 3.334094950191378e-06 2.037943735401106e-06
-4.428658586563682e-05 -1.216993564653863e-05 2.157157884818749e-06 1.466706915018808e-06
-4.191202649751082e-05 -9.628378630295897e-06 2.529592857597134e-06 1.830201610109816e-06
-3.954362675338609e-05 -7.096809645246473e-06 2.823285836932396e-06 2.102818872991037e-06
-4.903811194824859e-05 -1.217090598834679e-05 1.535391402099728e-06 1.516870913102132e-06
-4.666225254507633e-05 -9.628327555600236e-06 1.867077808534568e-06 1.786130372265198e-06
-4.428644221518413e-05 -7.086687393358357e-06 2.244429545891450e-06 2.157931114902161e-06
-5.378332328042264e-05 -1.216599390189044e-05 1.163306157228092e-06 1.604719978886259e-06
-5.141264305898396e-05 -9.628326899139548e-06 1.330903545329897e-06 1.727217060707457e-06
-4.903807648076624e-05 -7.085621962284106e-06 1.610815153667067e-06 2.036371296703500e-06
-5.851508104084948e-05 -1.215932377358210e-05 1.083407589984010e-06 1.671822004079725e-06
-5.615160436565599e-05 -9.628407261471327e-06 1.085864628020151e-06 1.694372250999520e-06
-5.378340508751424e-05 -7.090723508084711e-06 1.185379969612621e-06 1.860081489157119e-06
-6.323365997367006e-05 -1.215363306552810e-05 1.244935045344083e-06 1.782342817933332e-06
-6.087630112455721e-05 -9.628488559284552e-06 1.133734302422586e-06 1.656845056406630e-06
-5.851517882446975e-05 -7.097582128939387e-06 1.071838745627368e-06 1.647952736604846e-06
-6.794264111303211e-05 -1.214984411495297e-05 1.518282576931201e-06 1.794460623250559e-06
-6.558931036719243e-05 -9.628660784090970e-06 1.379765986388791e-06 1.658706853819953e-06
-6.323357020721351e-05 -7.103504753995855e-06 1.260961697825035e-06 1.492135166351188e-06
-7.801619312779850e-05 -1.187064110003962e-05 2.390848548780168e-06 1.876001708900233e-06
-7.734835502876141e-05 -1.214728856649449e-05 2.334221801366474e-06 1.900406240733505e-06
-7.005025781335539e-05 -9.628675745117096e-06 1.675332241027172e-06 1.644116485664399e-06
-7.264658893385283e-05 -1.214782015447994e-05 1.916399737172036e-06 1.859666536992469e-06
-6.794262128401986e-05 -7.107477017269787e-06 1.516033256526474e-06 1.461449735280584e-06
-7.829281758082238e-05 -1.120277161168444e-05 2.414039859488279e-06 1.816221763660336e-06
-7.671268279469774e-05 -9.628653130922013e-06 2.270096248529905e-06 1.661175122972713e-06
-7.264659302793790e-05 -7.109478360182923e-06 1.911376186219436e-06 1.441056809595177e-06
-7.829280711155137e-05 -8.054547319280702e-06 2.413849839191894e-06 1.506268652625015e-06
-7.734834379525185e-05 -7.110030863716798e-06 2.332948091448434e-06 1.420315267550728e-06
-7.801618212148476e-05 -7.386678499059272e-06 2.390774673982552e-06 1.445735348304986e-06
