7.900289560567620e-05 -1.264079549003017e-05 -2.326560240324345e-06 -5.948795445432030e-07
7.927397456104791e-05 -1.198630847810198e-05 -2.371054923623638e-06 -6.908888169130211e-07
7.927354630607832e-05 -8.900847847627408e-06 -2.450953295454825e-06 -1.068440544773422e-06
7.900240321539902e-05 -8.246291447354611e-06 -2.420506274178097e-06 -1.144881630233879e-06
7.834842501090028e-05 -1.291189240371214e-05 -2.225068784338759e-06 -5.552953947901780e-07
7.712053120792162e-05 -1.044350149626282e-05 -2.121422062230958e-06 -8.681506528012188e-07
7.834783349269035e-05 -7.975163974516683e-06 -2.343832050103732e-06 -1.176478241250742e-06
7.374006993178693e-05 -1.291178353968769e-05 -1.583049289983991e-06 -5.663994017124890e-07
7.373922211242102e-05 -7.975041914835717e-06 -1.731738964295766e-06 -1.167937939772948e-06
7.119532251423087e-05 -1.044339345514446e-05 -1.362940555478830e-06 -8.720350234222420e-07
6.913145695548899e-05 -1.291143668815862e-05 -1.134588616746454e-06 -6.985758695867874e-07
6.913085208357701e-05 -7.975298043670758e-06 -1.220733916170096e-06 -1.137116271566337e-06
6.682728350277061e-05 -1.044298497945368e-05 -9.520954505562098e-07 -8.177812121754164e-07
6.452388891949296e-05 -1.291004264164017e-05 -7.103249635439902e-07 -6.632157101704557e-07
6.452408951912017e-05 -7.975772325954528e-06 -7.529571192571632e-07 -1.065648393037592e-06
6.222121068529412e-05 -1.044286420134533e-05 -5.734859100980402e-07 -8.277348785166420e-07
5.991915471508278e-05 -1.290811799618114e-05 -2.519068330974006e-07 -5.806187375159530e-07
5.991904560540360e-05 -7.977198216641560e-06 -4.692310158944956e-07 -1.034843229924210e-06
5.761798089093083e-05 -1.044283810737747e-05 -2.562938306182884e-07 -8.044207856800690e-07
5.531797429579685e-05 -1.290593931929874e-05 1.863349545049786e-07 -5.494165652549403e-07
5.531735227522287e-05 -7.979406544038093e-06 -8.875573398134785e-08 -9.681761321223125e-07
5.301849785858997e-05 -1.044280982734492e-05 1.340938568268395e-07 -7.834694419612193e-07
5.072128482770820e-05 -1.290287481927595e-05 5.441934767809323e-07 -5.654864358997999e-07
5.072019401497083e-05 -7.982578424268893e-06 3.284956785113003e-07 -9.295365333244545e-07
4.842445881799635e-05 -1.044264815842597e-05 5.335961162944201e-07 -7.520857966573695e-07
4.613138087392877e-05 -1.289787371764407e-05 7.477389722011119e-07 -5.523758472862524e-07
4.613047852360028e-05 -7.987591487645950e-06 7.428887449111293e-07 -9.613436613020010e-07
4.383944719648912e-05 -1.044259506493397e-05 1.004785223689847e-06 -7.110769485942087e-07
4.155253052260315e-05 -1.289091481327958e-05 8.770443188585397e-07 -5.984620974154877e-07
4.155193582846668e-05 -7.994830837876610e-06 1.098910237401569e-06 -8.908096351328004e-07
3.926793006764365e-05 -1.044274079756964e-05 1.327536801565299e-06 -7.131073594263319e-07
3.698915713106919e-05 -1.288221337296858e-05 9.635597710950941e-07 -6.782714851383865e-07
3.698911923519332e-05 -8.003955364287055e-06 1.288982550969525e-06 -7.862471201927649e-07
3.471375551446099e-05 -1.044304963520937e-05 1.483323683231852e-06 -6.941723911964823e-07
3.244426147708065e-05 -1.287221405326586e-05 1.124425737137495e-06 -6.888306804288511e-07
3.244473286426200e-05 -8.014470444782990e-06 1.376748747900755e-06 -6.987432343134875e-07
3.027013423074540e-05 -1.044329707004466e-05 1.420809030284606e-06 -6.992774925140709e-07
2.810126983541923e-05 -1.286221914791624e-05 1.170634801025059e-06 -7.506957632420019e-07
2.810180882423795e-05 -8.024737099331900e-06 1.281353766886570e-06 -6.069429441063129e-07
2.647739941872024e-05 -1.063195495851355e-05 1.226656679579391e-06 -6.929355850350282e-07
2.482380825341161e-05 -1.285412792317391e-05 1.073527816665704e-06 -8.422821796257248e-07
2.482383305572361e-05 -8.032776143326096e-06 1.092379989793166e-06 -5.286548220907826e-07
2.244570068470428e-05 -1.284792701147349e-05 9.577002070048143e-07 -8.050969538316022e-07
2.290930097500598e-05 -1.126461131848788e-05 9.772965974548937e-07 -7.333771132530654e-07
2.244537060984945e-05 -8.037371284182071e-06 9.578959995245689e-07 -5.104474513838008e-07
2.072007854061578e-05 -8.042048312967642e-06 8.522732092893065e-07 -5.259317224873198e-07
-3.578623343359278e-06 2.594537261999342e-07 -3.356187152778279e-07 1.914967564585690e-08
-3.650733375336791e-06 4.326381013870868e-07 -3.469283969099168e-07 3.905379989073283e-08
-3.650411512890479e-06 1.078888170041229e-06 -3.462416044676465e-07 1.091199690928846e-07
-3.578612479398132e-06 1.250203746150187e-06 -3.339557868468045e-07 1.299727025162859e-07
2.071982179656018e-05 -1.284388278572404e-05 8.660021654964150e-07 -7.757002478148383e-07
1.915467908226572e-05 -1.275114368468844e-05 7.568706613163293e-07 -7.527718486171594e-07
2.037052218115139e-05 -9.843705186991501e-06 8.236030579741980e-07 -6.454000814505297e-07
1.915676147392915e-05 -7.910051346258880e-06 7.442507208342462e-07 -5.471795427235469e-07
-3.406133782577863e-06 1.880030872648684e-07 -3.103552846804187e-07 1.210243062008208e-08
-3.231726308408832e-06 8.969192015226360e-07 -2.904484633595824e-07 8.863277656553365e-08
-3.407207506230607e-06 1.322017461228591e-06 -3.091192757168702e-07 1.372363560597934e-07
1.865809486143293e-05 -1.127077557826163e-05 7.177352670055214e-07 -6.826717887522990e-07
1.761160291591285e-05 -1.248081313791459e-05 6.774263926725321e-07 -7.118827290361508e-07
1.611146329904285e-05 -1.203864969778516e-05 6.436268673717761e-07 -7.056933334402084e-07
1.818827661437801e-05 -9.222789221058055e-06 7.019518420444214e-07 -6.168936632648970e-07
1.764470745833955e-05 -7.510182601177528e-06 6.921948948859025e-07 -5.660333048711134e-07
-2.235135285287245e-06 1.716049785869232e-07 -2.008213577731030e-07 2.519896922381532e-10
-2.233460808573052e-06 1.344862461994206e-06 -2.089103256257393e-07 1.041384354888588e-07
-1.627011835220714e-06 7.596783157241635e-07 -1.503817635109600e-07 4.275186647434052e-08
1.467377923551242e-05 -1.142877332830747e-05 6.059317191963256e-07 -7.068871735562837e-07
1.591497568828152e-05 -1.048635098900827e-05 6.463164708299016e-07 -6.668967172249620e-07
1.643586482784629e-05 -8.520866219317378e-06 6.644236242884422e-07 -5.951660173186299e-07
1.622834835639313e-05 -6.855556478524753e-06 6.596511629501366e-07 -5.456905197534552e-07
-9.698639540201597e-07 6.759099628841249e-08 -1.205276688624038e-07 3.766252570845475e-09
-9.692493382743353e-07 1.454165683845413e-06 -1.217990463743155e-07 1.098740888963604e-07
-2.230967763292584e-07 7.621448176754160e-07 -6.557499888421293e-08 5.460811007448653e-08
1.331598305506244e-05 -1.066143927358341e-05 5.685353642490768e-07 -6.944079556393549e-07
1.205680695287394e-05 -9.746722919601512e-06 5.380981969947021e-07 -6.421070026802998e-07
1.460717725688727e-05 -8.208291976794623e-06 6.232482165304725e-07 -5.720980362280551e-07
1.495009945547529e-05 -5.966143147383976e-06 6.534021146210632e-07 -5.029192502727761e-07
6.306057831960391e-07 -1.590773049504811e-07 -2.016800643350870e-08 1.055352841418941e-08
6.313821732235256e-07 1.685970331046742e-06 -3.110426876732618e-08 9.325095685539409e-08
1.237517847960499e-05 -8.314989605129501e-06 5.577270892165001e-07 -5.649862473300159e-07
1.091173812730667e-05 -8.695620514309429e-06 4.847189693929979e-07 -5.754656381435003e-07
1.291264434925044e-05 -6.677618106648193e-06 5.906036314830018e-07 -5.128756596712085e-07
1.384788334576619e-05 -4.871237845502146e-06 6.592621512669953e-07 -4.443155158019484e-07
1.568424726541532e-06 7.644256761343308e-07 3.041754220351667e-08 2.889265858964005e-08
2.679066306734023e-06 -4.870202843836746e-07 1.249031782791024e-07 -8.183540218491910e-08
2.678256006985322e-06 2.020541391157298e-06 1.301040972690744e-07 9.444424832553505e-08
9.893797628136046e-06 -7.523296439420699e-06 4.349642203101224e-07 -5.059300572670249e-07
9.017179915119775e-06 -6.246373575716298e-06 4.112548934384632e-07 -4.550810195967799e-07
8.289481604857190e-06 -4.876764929685179e-06 3.863399519381449e-07 -3.988779050719072e-07
1.181319573045839e-05 -5.186017945385531e-06 5.453667043293468e-07 -4.553607093399039e-07
1.295417663762703e-05 -3.606077827487679e-06 6.360575129911565e-07 -3.457064238647381e-07
3.571186228017101e-06 7.632430612344063e-07 1.828938648257085e-07 1.858886108567124e-09
4.661934057752576e-06 -8.104967615806663e-07 2.305737415487014e-07 -9.769057726813783e-08
4.662304114232448e-06 2.360101286548606e-06 2.042238289175136e-07 1.012746226325009e-07
9.753862779168316e-06 -4.883759162377005e-06 4.341958018658903e-07 -4.094770429621694e-07
7.722607316548330e-06 -3.429438233577593e-06 3.656623309584809e-07 -3.096684069586389e-07
6.477373731951356e-06 -1.086394937082603e-06 3.039239502360112e-07 -1.171531574050138e-07
7.018914059938797e-06 -1.358703565431746e-06 3.215168068519002e-07 -1.393753491487109e-07
7.323388199324676e-06 -1.907052721181133e-06 3.357172735540557e-07 -1.830760455719889e-07
1.103760707168398e-05 -3.417775398413663e-06 4.892410559547251e-07 -3.016207408772771e-07
1.229666651420945e-05 -2.218796783091777e-06 5.624471174556320e-07 -1.861066487249631e-07
5.643509477985647e-06 5.351443376681997e-07 2.578784065068372e-07 -8.362811775434421e-09
6.441679537516963e-06 2.602386990525961e-06 2.844890044018762e-07 6.880740961903676e-08
8.732265149777618e-06 -2.395977685032595e-06 4.227881695763279e-07 -2.247796296137367e-07
7.034857738467638e-06 -2.562987948133493e-07 3.207890970862777e-07 -6.926533300126132e-08
7.675071629082987e-06 -1.165533616819137e-06 3.578536390569971e-07 -1.313746201438308e-07
1.046274253392844e-05 -1.785753841766274e-06 4.903164474885643e-07 -1.771648634579279e-07
1.190504202486524e-05 -7.585098260259188e-07 5.422430342513916e-07 -1.485774258755301e-07
7.035504651697223e-06 1.533349412503154e-06 3.104584910692152e-07 2.316667055320554e-08
6.931970411925474e-06 2.873506572021135e-06 3.220899046309459e-07 6.837567558721275e-08
9.022946639267897e-06 8.255110052395886e-08 4.354475454625419e-07 -6.368068982798243e-08
1.179316723894588e-05 7.346739428853424e-07 5.570735183953711e-07 -4.585622780652961e-08
1.203041608887509e-05 2.245765905044147e-06 6.221482242183376e-07 2.935957260496433e-08
8.075285107657391e-06 2.498319905563143e-06 3.582918066493946e-07 5.324962966884844e-08
7.208060709933845e-06 3.472200654305239e-06 3.463190252435449e-07 8.704617639713226e-08
7.530505699631257e-06 5.158228148497829e-06 3.640248934990362e-07 1.657383097143743e-07
1.048694041324265e-05 2.414015527780652e-06 5.238517294400052e-07 2.601435844238007e-08
8.052302456909682e-06 6.854361478229185e-06 3.603860901039512e-07 3.039318872070225e-07
1.259328913077651e-05 3.792241886185622e-06 7.055039555852834e-07 1.005028865765010e-07
9.025630229993581e-06 5.197344012934074e-06 4.047043609676075e-07 1.820034934069053e-07
1.129720870079946e-05 5.329131468527440e-06 6.178691922187284e-07 1.923086859723218e-07
8.812850340240250e-06 8.500243479900365e-06 3.819286794752193e-07 4.555147486749994e-07
1.348131859141253e-05 5.332922491533050e-06 8.010827509440940e-07 1.607462563469846e-07
1.281015227269997e-05 6.906817093004777e-06 7.698695654527168e-07 2.938846818599843e-07
1.115573223258610e-05 7.915592275612824e-06 5.961172021810590e-07 4.148951044398239e-07
9.781752675164040e-06 1.012831152888652e-05 4.082426647227461e-07 6.389547716821489e-07
1.100428344099903e-05 1.168883992158250e-05 5.152665230215061e-07 8.694334261613549e-07
1.470988868061132e-05 6.788832889075210e-06 1.009570901758023e-06 2.589293944208938e-07
1.386234154137289e-05 8.739469975726963e-06 9.207053026612175e-07 4.764582851250052e-07
1.285290034203571e-05 1.108185744564370e-05 7.619132913539626e-07 7.763820844352213e-07
1.241913502311323e-05 1.315665244762919e-05 6.813710939110963e-07 1.093577337040257e-06
1.623643347874411e-05 8.103999166544497e-06 1.246821489342980e-06 3.641757617063064e-07
1.578872930597322e-05 1.108240194364831e-05 1.197109785009997e-06 7.870781432401589e-07
1.405688470606771e-05 1.446388929838475e-05 9.385565210374642e-07 1.288646981743176e-06
1.590941597126605e-05 1.561610472948916e-05 1.251742050725924e-06 1.479704415742430e-06
1.792093305303130e-05 1.659365862712615e-05 1.595512546225367e-06 1.650027264107189e-06
1.807025653989447e-05 1.173801572664078e-05 1.582729741374792e-06 8.963372870232534e-07
1.804636280656385e-05 9.219615753362974e-06 1.576356230768866e-06 5.088602173998889e-07
1.761043451025637e-05 1.430390406477582e-05 1.523821934453466e-06 1.281282076375639e-06
2.009802960953172e-05 1.732196488607687e-05 1.966354789285485e-06 1.774430370515626e-06
2.240372329159303e-05 1.781690274790403e-05 2.351052560537142e-06 1.832395431685086e-06
1.993552344400417e-05 1.230536188698912e-05 1.875326809020714e-06 9.804592644072295e-07
2.011665877638437e-05 1.003598419163409e-05 1.906013352941946e-06 6.115395090965838e-07
2.478152090459314e-05 1.803979690532134e-05 2.780497872106791e-06 1.839440272196459e-06
2.209309603703724e-05 1.446595887761546e-05 2.276709097464668e-06 1.325397956340654e-06
2.237700159966318e-05 1.050806383611343e-05 2.331940026656992e-06 6.685490880297926e-07
2.529864151179390e-05 1.484055843559556e-05 2.838344010074246e-06 1.357687964262087e-06
2.749009087789934e-05 1.814287991422007e-05 3.203635651441885e-06 1.849530689289238e-06
2.475291580713411e-05 1.063142919829702e-05 2.777116865552227e-06 6.898557197097058e-07
3.130279293022840e-05 1.824707274446177e-05 3.785488772724593e-06 1.814252733892145e-06
2.825023204749565e-05 1.299643075794214e-05 3.313603944192378e-06 1.048996543637568e-06
2.748398174010724e-05 1.053122728481219e-05 3.198084448688942e-06 6.657697272245713e-07
3.675071148586526e-05 1.840806371893904e-05 4.519552995785398e-06 1.758354485654905e-06
3.400922690605101e-05 1.402220472028680e-05 4.200209987861299e-06 1.223846348571968e-06
3.130518627074218e-05 1.039989824137162e-05 3.820271491452640e-06 6.610104779814495e-07
4.423983622735407e-05 1.858373204738309e-05 5.395839073131652e-06 1.702353623367660e-06
4.044579538541347e-05 1.433424976949347e-05 5.019416516618484e-06 1.241946964392178e-06
3.675144174853399e-05 1.024879274922620e-05 4.592633114038263e-06 7.254744697105190e-07
5.233020953154221e-05 1.873377906793248e-05 6.124866681082764e-06 1.629356261157349e-06
4.823928909790455e-05 1.433540856780796e-05 5.832477609083440e-06 1.243550770349746e-06
4.423951781652629e-05 1.008411218617513e-05 5.464148328904828e-06 7.717251896923600e-07
6.067133048492267e-05 1.886034618198435e-05 6.805197297377603e-06 1.652364172318071e-06
5.646157001441571e-05 1.433744964371655e-05 6.460698450369386e-06 1.253065094377219e-06
5.232951280669201e-05 9.939040824739327e-06 6.162178219951316e-06 8.774852347625992e-07
6.922433065625457e-05 1.896666741465109e-05 7.516394209950089e-06 1.669527303642374e-06
6.491503063469251e-05 1.433937702981363e-05 7.127177112722788e-06 1.241840692447378e-06
6.067067911408660e-05 9.816512360057029e-06 6.749588934243871e-06 8.825797552738450e-07
7.795452312393483e-05 1.905531138495806e-05 8.438284297017681e-06 1.792762916653829e-06
7.356203263590145e-05 1.434115207071274e-05 7.904970033123509e-06 1.192135260357628e-06
6.922384441925059e-05 9.713880884267114e-06 7.438632576397596e-06 7.684145217693056e-07
8.683216796337807e-05 1.912775108997062e-05 9.795395103204984e-06 1.967141216873111e-06
8.237083973226159e-05 1.434264529997790e-05 9.022069774648681e-06 1.134742328233326e-06
7.795415264556472e-05 9.628385001865910e-06 8.344204933645051e-06 5.330430194261690e-07
9.582769082753383e-05 1.918324277864283e-05 1.169954907074630e-05 2.192720985691341e-06
9.131266269110527e-05 1.434394559333052e-05 1.064412537096048e-05 1.093537022512752e-06
8.683186189621812e-05 9.558830254771721e-06 9.728832568182603e-06 2.444844884048174e-07
1.049080160299423e-04 1.922064639842914e-05 1.401127104287178e-05 2.351216718352948e-06
1.003564064637069e-04 1.434495238820472e-05 1.279236056312045e-05 1.070353708326644e-06
9.582743187852089e-05 9.505665793883526e-06 1.165265495103636e-05 -2.268879390937426e-08
1.140386389338126e-04 1.924089148010305e-05 1.647846667512428e-05 2.345820493642491e-06
1.094675251215861e-04 1.434568516437708e-05 1.524901860436308e-05 1.018704929436734e-06
1.049078586911332e-04 9.470121241913018e-06 1.401501699100309e-05 -2.382229730845663e-07
1.336467975777328e-04 1.871122194865317e-05 2.200872372606606e-05 2.211696939955234e-06
1.323466487062646e-04 1.924973689068510e-05 2.164830154240089e-05 2.363672643788667e-06
1.181365290575481e-04 1.434619017779738e-05 1.758268837340892e-05 9.837172500601111e-07
1.231909651928254e-04 1.924846341025598e-05 1.902852358009594e-05 2.329506112145629e-06
1.140385210753506e-04 9.451120170357587e-06 1.643931471260570e-05 -3.025137042082179e-07
1.341853403510943e-04 1.741111161301321e-05 2.215542721201888e-05 1.846321284137984e-06
1.311085385210732e-04 1.434655195267959e-05 2.126354871396287e-05 9.695487403943597e-07
1.231909054418809e-04 9.444337169698936e-06 1.898298568114139e-05 -4.154056832767032e-07
1.341853480822646e-04 1.128199205943054e-05 2.209116144593570e-05 1.312282214005288e-07
1.323466398731741e-04 9.443338887402126e-06 2.157928027644557e-05 -3.807133488337487e-07
1.336468011795361e-04 9.981863475995620e-06 2.193982955212136e-05 -2.301731217507150e-07
