-8.260364379174499e-05 1.177615910233992e-05 -4.465975327994216e-05 5.978349342772412e-06
-8.291211454962870e-05 1.103142675427349e-05 -4.488426692410635e-05 5.459663308123223e-06
-8.291201064755900e-05 7.520771318164582e-06 -4.495367934261785e-05 3.108992645185889e-06
-8.260352814820968e-05 6.776041308752084e-06 -4.473973335670876e-05 2.603379991389641e-06
-8.185892243788636e-05 1.208464187979275e-05 -4.412749973068818e-05 6.190568211392045e-06
-8.046201588414814e-05 9.276108751176601e-06 -4.326757120572841e-05 4.293568435152559e-06
-8.185879504504148e-05 6.467561945771071e-06 -4.422424897102495e-05 2.397097207396550e-06
-7.661497274198566e-05 1.208471272920589e-05 -4.067040166179415e-05 6.171693082383445e-06
-7.661482142667377e-05 6.467723840017638e-06 -4.082547517675819e-05 2.465047294744175e-06
-7.371981870749766e-05 9.276335297543659e-06 -3.872094929330801e-05 4.309782458424508e-06
-7.137141443446456e-05 1.208345229873129e-05 -3.712340738963837e-05 6.306207164550170e-06
-7.137124714390421e-05 6.469539571427779e-06 -3.740125225170393e-05 2.449221394600973e-06
-6.875056051707060e-05 9.276541430200955e-06 -3.523111791586851e-05 4.390976847718665e-06
-6.613221889528841e-05 1.207928188707085e-05 -3.349128593018366e-05 6.353069358658346e-06
-6.613225521849672e-05 6.474204726119817e-06 -3.377500288741639e-05 2.570102947850899e-06
-6.351607272453769e-05 9.276926523567652e-06 -3.170901852624870e-05 4.442556416820176e-06
-6.090500549546727e-05 1.207137405971550e-05 -2.996359503301758e-05 6.280993507293690e-06
-6.090527675350356e-05 6.483185792380260e-06 -3.031795876735239e-05 2.649926142799405e-06
-5.829764579309909e-05 9.277524019989936e-06 -2.826981991577370e-05 4.483120253872880e-06
-5.569753282062865e-05 1.205980142746578e-05 -2.661664977851682e-05 6.204203935600459e-06
-5.569807116952001e-05 6.496011751166181e-06 -2.693251227186538e-05 2.737670224111612e-06
-5.310227379224045e-05 9.278115623445312e-06 -2.502056000761806e-05 4.483848511563903e-06
-5.051537940753898e-05 1.204563634806697e-05 -2.355118241002334e-05 6.041672379186595e-06
-5.051628059501871e-05 6.511332474981505e-06 -2.378143655085348e-05 2.841215941065957e-06
-4.793436368642383e-05 9.278618216525362e-06 -2.210735654358381e-05 4.509710596838185e-06
-4.536264943255536e-05 1.202869097398952e-05 -2.061729417152858e-05 5.934640563543753e-06
-4.536375102044547e-05 6.529141820753174e-06 -2.078999411122374e-05 2.958115492907222e-06
-4.279816348540682e-05 9.279092116253104e-06 -1.943823780373943e-05 4.501949282999657e-06
-4.024537739857482e-05 1.200684308645828e-05 -1.792203441244881e-05 5.845700302042817e-06
-4.024645960784918e-05 6.551825410527070e-06 -1.806374121963855e-05 3.070060315157181e-06
-3.770156897637582e-05 9.279606052101442e-06 -1.686333625745059e-05 4.465640534170648e-06
-3.517453688699322e-05 1.197716137492245e-05 -1.532549830268162e-05 5.839417938341990e-06
-3.517542601318669e-05 6.582509949667484e-06 -1.559185321757809e-05 3.107702107873585e-06
-3.265921547065852e-05 9.280081728639172e-06 -1.424836463750284e-05 4.403855645660538e-06
-3.016804544999577e-05 1.193595927758513e-05 -1.289037395001608e-05 5.693040423816698e-06
-3.016852467147093e-05 6.624603666729818e-06 -1.314647887760556e-05 3.058241311462634e-06
-2.779118154702783e-05 9.280034039637773e-06 -1.175477692469848e-05 4.348850136189106e-06
-2.544604089534089e-05 1.188146459936881e-05 -1.054420030528843e-05 5.612443236526076e-06
-2.544597209399588e-05 6.682207800640995e-06 -1.072957652162127e-05 3.048832284201638e-06
-2.369697867145728e-05 9.480238322068986e-06 -9.747063544562773e-06 4.414158086901164e-06
-2.194622398910077e-05 1.182522337840021e-05 -8.850854251408731e-06 5.558094461813286e-06
-2.194474795416397e-05 6.741461126325657e-06 -8.882549107783685e-06 3.030896995457543e-06
-1.945532922204635e-05 1.177162508594709e-05 -7.690068556900204e-06 5.470535581100675e-06
-1.992513512355703e-05 1.013716548484308e-05 -7.891486050369352e-06 4.678923488546098e-06
-1.945208042136508e-05 6.782268256530271e-06 -7.590133311196960e-06 3.024168407606421e-06
-1.767411877597454e-05 6.828193954523701e-06 -6.820839080358322e-06 3.139346246352785e-06
2.720361026348102e-06 -4.356818906921821e-08 8.102925147363748e-07 6.582107944703361e-07
2.773661152897189e-06 -1.716194224135680e-07 8.252915273998865e-07 6.215033212144602e-07
2.773398208298085e-06 -6.490287913646936e-07 8.245841333089641e-07 4.893046511309410e-07
2.720350274660599e-06 -7.755218192061566e-07 8.099360621047170e-07 4.516785787596595e-07
-1.767027367790884e-05 1.173180994919515e-05 -6.852528535267171e-06 5.424715797798810e-06
-1.608570471606898e-05 1.160427300309196e-05 -6.122322471269343e-06 5.290110200985241e-06
-1.729933391765861e-05 8.669794049467613e-06 -6.641960159505151e-06 3.979217052070942e-06
-1.607231019605944e-05 6.740093348152271e-06 -6.062552461628279e-06 3.149120353192822e-06
2.592855446497903e-06 9.292595804853131e-09 7.746447178517879e-07 6.739054632545817e-07
2.464264477230675e-06 -5.144531699084677e-07 7.351991181097250e-07 5.273997925178373e-07
2.593773205470241e-06 -8.284829017057933e-07 7.737528728487145e-07 4.337872776132802e-07
-1.557237344998094e-05 1.009981899956048e-05 -5.870303237795612e-06 4.568537915023365e-06
-1.454529491239516e-05 1.128958390462752e-05 -5.430582921306563e-06 5.075026633626601e-06
-1.307828568290655e-05 1.081917289745738e-05 -4.831950840058162e-06 4.866658566961464e-06
-1.509596687888734e-05 8.060318290784921e-06 -5.658560023419393e-06 3.690175553556219e-06
-1.455927996626984e-05 6.399275504349053e-06 -5.437122942519329e-06 3.057604826342442e-06
1.728302147662342e-06 2.238003674912563e-08 4.880687702963749e-07 6.885666029471630e-07
1.727304429854586e-06 -8.450466015381853e-07 4.716824668511461e-07 3.962279659563541e-07
1.279306969907473e-06 -4.119938765814772e-07 3.273171356460535e-07 5.196785290730601e-07
-1.170770346966531e-05 1.018150356185627e-05 -4.267831655065431e-06 4.594035512441287e-06
-1.287444892769938e-05 9.286639615154966e-06 -4.763451320950722e-06 4.191476191521728e-06
-1.337674031297120e-05 7.388616453572361e-06 -4.966402136523647e-06 3.446249614615382e-06
-1.316840919879767e-05 5.826973468492679e-06 -4.863097522883124e-06 2.843663021137713e-06
7.925908479053633e-07 1.027762341180942e-07 1.451578849406100e-07 6.950818805315473e-07
7.923352478991784e-07 -9.277948624700471e-07 1.574926028130138e-07 3.133060924833707e-07
2.375693468604776e-07 -4.131140238703399e-07 -7.156604350973320e-08 4.878826387084397e-07
-1.043475235961571e-05 9.413727396159961e-06 -3.750875984863779e-06 4.253462269154084e-06
-9.291795434656747e-06 8.529320050014434e-06 -3.390071623552208e-06 3.908788877860380e-06
-1.162998981929755e-05 7.097765591697106e-06 -4.293272073191029e-06 3.322632812291510e-06
-1.193692810237240e-05 5.040480856150113e-06 -4.408984082583488e-06 2.544173013073702e-06
-4.003510976271130e-07 2.786081113227659e-07 -2.981590591930826e-07 6.817768397776504e-07
-4.007326665072469e-07 -1.106118027809914e-06 -3.081395782537767e-07 2.529375738107277e-07
-9.582132112480248e-06 7.187523796819029e-06 -3.529030547137937e-06 3.380211685134293e-06
-8.285478060613881e-06 7.529291905386163e-06 -3.028673726617885e-06 3.509132731372065e-06
-1.006220161072686e-05 5.698626754846666e-06 -3.738248072509950e-06 2.791983338363440e-06
-1.089433009690169e-05 4.092558492740622e-06 -4.068545473264095e-06 2.246901242087051e-06
-1.104779340861074e-06 -4.141863883027232e-07 -5.566908559553371e-07 4.607517547687156e-07
-1.943625878411818e-06 5.334987680378151e-07 -8.364385251890565e-07 7.685556255771594e-07
-1.942733287793766e-06 -1.365350088358670e-06 -8.635741667733448e-07 1.429086739294166e-07
-7.404760864345584e-06 6.446165524606396e-06 -2.698990380774244e-06 3.025488208453053e-06
-6.684640302010090e-06 5.315161019536359e-06 -2.452581626073405e-06 2.616515936612068e-06
-6.117312087537015e-06 4.121759438479763e-06 -2.234140139986068e-06 2.189218558547376e-06
-9.087109536425911e-06 4.376950721550990e-06 -3.337256835537873e-06 2.313160856747335e-06
-1.006155904497052e-05 3.027255307514312e-06 -3.702547494570262e-06 1.771106317728597e-06
-2.618440607014819e-06 -4.126225439756641e-07 -1.067628851270240e-06 4.468394900860091e-07
-3.447894164148197e-06 7.851008902000146e-07 -1.336643226652039e-06 8.686758919178562e-07
-3.448830818041178e-06 -1.630405159721962e-06 -1.348719031795639e-06 1.506357902606852e-08
-7.326662550251880e-06 4.117847022611526e-06 -2.680823070564865e-06 2.191237401567308e-06
-5.688235845220351e-06 2.898815363544304e-06 -2.070643520599216e-06 1.726813789314254e-06
-4.816527831480003e-06 9.991513192007331e-07 -1.781390252818655e-06 9.275571163367784e-07
-5.214931133132334e-06 1.212958220679838e-06 -1.920170893880803e-06 1.011745239614981e-06
-5.426144832108867e-06 1.649538253232847e-06 -1.988960186974285e-06 1.196732527507246e-06
-8.409740818877185e-06 2.872744872304470e-06 -3.062823969930961e-06 1.688248878723227e-06
-9.443288007555788e-06 1.891845946587347e-06 -3.432740112175701e-06 1.300784225392406e-06
-4.194100762823941e-06 -2.376061047756508e-07 -1.593313149412093e-06 5.097280317801350e-07
-4.823362841767963e-06 -1.822777836226555e-06 -1.824248532838366e-06 -3.816284717115928e-08
-6.526107784729363e-06 2.034955743027406e-06 -2.413846812779203e-06 1.354458132213406e-06
-5.243217829069644e-06 3.613714874207408e-07 -1.943246846210369e-06 6.962877142989834e-07
-5.716418051043156e-06 1.062187478333917e-06 -2.108810092210427e-06 9.561769890605901e-07
-7.926923766642565e-06 1.541015363134833e-06 -2.884774831383246e-06 1.164774192131704e-06
-9.058825797567279e-06 7.339942135626793e-07 -3.260718248973030e-06 8.689541340818215e-07
-5.272363854569926e-06 -1.010229218696030e-06 -1.970784612670739e-06 2.397807982186088e-07
-5.215565633007257e-06 -2.030074887529645e-06 -1.976894426219113e-06 -1.069603663193098e-07
-6.780510133956989e-06 7.433151890689890e-08 -2.473098864475229e-06 6.005985614343902e-07
-8.926719994542553e-06 -4.235527004757933e-07 -3.189535217768316e-06 4.504353822652940e-07
-9.043828728659894e-06 -1.564655350885552e-06 -3.187268651202376e-06 2.478683545540380e-08
-6.085369175441139e-06 -1.754832498225819e-06 -2.263782075766231e-06 -2.572968728748144e-08
-5.443476165499575e-06 -2.474857809976896e-06 -2.078974450960892e-06 -2.513177092640896e-07
-5.720691573393407e-06 -3.703606127261340e-06 -2.238335200496803e-06 -6.209090989307326e-07
-7.894872821422475e-06 -1.708314940984843e-06 -2.826715169345790e-06 -4.251334690945664e-08
-6.140657177722467e-06 -4.903868092505581e-06 -2.430621820794261e-06 -8.838963720104167e-07
-9.405946116410797e-06 -2.720628259006120e-06 -3.212319208826824e-06 -4.005411706410081e-07
-6.824549308912767e-06 -3.743315035633754e-06 -2.554788933776210e-06 -6.694318636612718e-07
-8.462087066576082e-06 -3.836621440894803e-06 -2.937771342907819e-06 -7.216640714180926e-07
-6.709301894999910e-06 -6.053561167040732e-06 -2.586667186083913e-06 -1.096134865286688e-06
-9.992718302615928e-06 -3.838419359305266e-06 -3.225417509824367e-06 -7.161916994729297e-07
-9.510589063510686e-06 -4.951185795426880e-06 -3.096194720784676e-06 -9.470575034006472e-07
-8.363539491166675e-06 -5.652605052417969e-06 -2.898423485880372e-06 -1.054894391971308e-06
-7.414091320568311e-06 -7.160762445268757e-06 -2.742176568723007e-06 -1.237381151192727e-06
-8.268267707975409e-06 -8.201099948852300e-06 -2.879457851149959e-06 -1.334548555823373e-06
-1.080039027140580e-05 -4.876243393727624e-06 -3.264720032699147e-06 -9.495224781320643e-07
-1.022061787063484e-05 -6.213213043836641e-06 -3.166171332587979e-06 -1.128752507487974e-06
-9.536262312192682e-06 -7.790367173902023e-06 -3.057858705626601e-06 -1.286559196055214e-06
-9.244010649815858e-06 -9.160144517403844e-06 -3.017539908203701e-06 -1.400546070642893e-06
-1.180117062987140e-05 -5.794455982942112e-06 -3.279168716830601e-06 -1.096957642342901e-06
-1.149936596257067e-05 -7.783437613371391e-06 -3.211078232806185e-06 -1.273581530748185e-06
-1.034751870132868e-05 -1.000606837313696e-05 -3.118006285092491e-06 -1.445780847312264e-06
-1.157025960092151e-05 -1.073693045162557e-05 -3.207921809230195e-06 -1.460797746847491e-06
-1.288414198449758e-05 -1.134165387541685e-05 -3.294860268671938e-06 -1.460870254840562e-06
-1.298889899578953e-05 -8.213537180161360e-06 -3.275409005763193e-06 -1.306958265431453e-06
-1.297719556293173e-05 -6.557957251107588e-06 -3.294236863012491e-06 -1.189891851374521e-06
-1.269103699755564e-05 -9.877920418325937e-06 -3.279991460986330e-06 -1.407129306775174e-06
-1.428503201903324e-05 -1.178758629620127e-05 -3.363351498107747e-06 -1.459684476555372e-06
-1.575162142583352e-05 -1.207896242400691e-05 -3.408987087108648e-06 -1.450008325167827e-06
-1.419091014341628e-05 -8.584176512527538e-06 -3.311130404933947e-06 -1.331383853473917e-06
-1.430541441047245e-05 -7.117928722227925e-06 -3.308803374932799e-06 -1.239223637801356e-06
-1.725425873133859e-05 -1.219903533001582e-05 -3.469657073753219e-06 -1.448111633124961e-06
-1.556709944395016e-05 -9.962735599878724e-06 -3.394471800949262e-06 -1.401962746954000e-06
-1.574265922878077e-05 -7.449517319378628e-06 -3.400469863181723e-06 -1.259310129573340e-06
-1.758345801266017e-05 -1.019391403961703e-05 -3.485068673473433e-06 -1.391484323216554e-06
-1.894450862622093e-05 -1.223941332480997e-05 -3.556368631250619e-06 -1.472787114762222e-06
-1.724309237922413e-05 -7.546784048370181e-06 -3.494968111378640e-06 -1.263118529896023e-06
-2.130423048870088e-05 -1.227960582101998e-05 -3.637735312534223e-06 -1.476428333131766e-06
-1.942516320204145e-05 -9.044049353325604e-06 -3.601809911864147e-06 -1.346277594205400e-06
-1.894244568462377e-05 -7.506621192498582e-06 -3.580558503132163e-06 -1.271090433664521e-06
-2.462733690016027e-05 -1.234000467923929e-05 -3.696461640931477e-06 -1.438690150689413e-06
-2.296588939793200e-05 -9.680320609005618e-06 -3.710592033303034e-06 -1.396624017805072e-06
-2.130547078520158e-05 -7.454620211420262e-06 -3.695468438002283e-06 -1.318594574891685e-06
-2.912335029040807e-05 -1.240273828157055e-05 -3.716150209452503e-06 -1.426204754122148e-06
-2.685770502356547e-05 -9.869972338366493e-06 -3.736929787265107e-06 -1.388663352188977e-06
-2.462788155572635e-05 -7.396519877480940e-06 -3.749198793334916e-06 -1.371903996654867e-06
-3.390854028419613e-05 -1.245302671852131e-05 -3.737519103030470e-06 -1.431045932268122e-06
-3.150060280872994e-05 -9.869348699360107e-06 -3.734645822011160e-06 -1.365237648641098e-06
-2.912356958862268e-05 -7.335870986693436e-06 -3.739921609318820e-06 -1.345625172431484e-06
-3.877692805077536e-05 -1.249338378161036e-05 -3.907233976754028e-06 -1.494037838913635e-06
-3.633019481887072e-05 -9.869210087141111e-06 -3.817427626184859e-06 -1.353922435965494e-06
-3.390857822783687e-05 -7.285475202973881e-06 -3.778889980584123e-06 -1.250635971477790e-06
-4.371173342804396e-05 -1.252505036274563e-05 -4.254263540321404e-06 -1.496017280984592e-06
-4.123448896774754e-05 -9.869204764216135e-06 -4.106917617099262e-06 -1.334988416940659e-06
-3.877688407404028e-05 -7.244985391770725e-06 -3.976946515539368e-06 -1.177441220473507e-06
-4.869726337691005e-05 -1.254840216734180e-05 -4.690250181941851e-06 -1.435436375823933e-06
-4.619721484250137e-05 -9.869228810875720e-06 -4.556167411899587e-06 -1.292085768537473e-06
-4.371162016120091e-05 -7.213377304605076e-06 -4.395326359556685e-06 -1.117958956897313e-06
-5.371941971978915e-05 -1.256494861433748e-05 -4.904152466441206e-06 -1.307430637573881e-06
-5.120322506267803e-05 -9.869244121246865e-06 -4.911276433082602e-06 -1.286139182929986e-06
-4.869718901191354e-05 -7.190069411194563e-06 -4.801442055219603e-06 -1.147292861905291e-06
-5.876594123419382e-05 -1.257552201110651e-05 -4.704252658023802e-06 -1.108996752817327e-06
-5.623947756224317e-05 -9.869387264868299e-06 -4.952849465388593e-06 -1.314361317322967e-06
-5.371929157812938e-05 -7.173618906682638e-06 -5.018208638073344e-06 -1.317762804977043e-06
-6.382587105004666e-05 -1.258048799979820e-05 -4.199040536511166e-06 -9.920683590355516e-07
-6.129445758657499e-05 -9.869480240044400e-06 -4.543474428993344e-06 -1.298095790010103e-06
-5.876585099349465e-05 -7.163345861788261e-06 -4.850200924696876e-06 -1.542359642503723e-06
-6.889075355058296e-05 -1.258215305535081e-05 -3.372553050556547e-06 -8.511576310732968e-07
-6.635792906174930e-05 -9.869548337433149e-06 -3.868112865094223e-06 -1.337692483114520e-06
-6.382578346061895e-05 -7.158496435836147e-06 -4.230888268888606e-06 -1.668221510520925e-06
-7.973822550449764e-05 -1.228418087031779e-05 -1.265800780669770e-06 -8.585969399200787e-07
-7.901904519662897e-05 -1.258208514054515e-05 -1.412037885838553e-06 -7.958312391626217e-07
-7.115950294014204e-05 -9.869718349966842e-06 -3.009635643892073e-06 -1.328373501016994e-06
-7.395540527081553e-05 -1.258223907467140e-05 -2.451704079911553e-06 -8.116422656369737e-07
-6.889060812718767e-05 -7.157108707146410e-06 -3.467865131430498e-06 -1.808400395088989e-06
-8.003611886379185e-05 -1.156498624427987e-05 -1.207785232272811e-06 -1.009041563000905e-06
-7.833440523009224e-05 -9.869854812702093e-06 -1.584711818236624e-06 -1.370246415429044e-06
-7.395535861782595e-05 -7.157313078031068e-06 -2.489630596571945e-06 -1.902869202954862e-06
-8.003612048194947e-05 -8.174729256145305e-06 -1.274997719992341e-06 -1.698082048199619e-06
-7.901903234705574e-05 -7.157609345643365e-06 -1.479323195304743e-06 -1.898148830239383e-06
-7.973822328128250e-05 -7.455520745274474e-06 -1.336428102954480e-06 -1.839377396957456e-06
