-4.048072684243143e-05 6.283407310613545e-06 -4.786298276864494e-05 5.734875468179891e-06
-4.061965702708919e-05 5.948073169063679e-06 -4.803562498017352e-05 5.282373470845134e-06
-4.061967264317479e-05 4.367183249140336e-06 -4.784902072984844e-05 2.970015987542493e-06
-4.048074175105116e-05 4.031845690160758e-06 -4.765094147858108e-05 2.497501272406959e-06
-4.014533847624339e-05 6.422295361788915e-06 -4.742668589712571e-05 5.923650159208468e-06
-3.951622806343276e-05 5.157651332380456e-06 -4.635512673416648e-05 4.092953040450637e-06
-4.014535023268734e-05 3.892957761288517e-06 -4.717889488264203e-05 2.300577234673479e-06
-3.778400514178550e-05 6.421604407651343e-06 -4.403842932027769e-05 5.937450707406122e-06
-3.778399835912761e-05 3.893768550438876e-06 -4.374184820605256e-05 2.257514655837588e-06
-3.648110545622498e-05 5.157672985703867e-06 -4.207830755307285e-05 4.133858655056303e-06
-3.542534642091557e-05 6.419276449977138e-06 -4.051427258071819e-05 6.038494389219423e-06
-3.542545569356959e-05 3.896230544302598e-06 -4.025183695299650e-05 2.371391831859626e-06
-3.424794543185076e-05 5.157560444214807e-06 -3.883035857492672e-05 4.083226915424616e-06
-3.307312563818473e-05 6.415305790352479e-06 -3.697132085625488e-05 6.022830466475899e-06
-3.307368726687822e-05 3.899974332969127e-06 -3.703884553790614e-05 2.394911784147656e-06
-3.189985887041161e-05 5.157528430189369e-06 -3.535166236710574e-05 4.163244381258178e-06
-3.072911117806970e-05 6.411219621820434e-06 -3.367133935569710e-05 5.970543500247107e-06
-3.073005406124256e-05 3.903927610860410e-06 -3.358391804572997e-05 2.341848421669170e-06
-2.955982868876412e-05 5.157751074535772e-06 -3.193740507599165e-05 4.203609136743813e-06
-2.839202479570805e-05 6.408921886362485e-06 -3.035480190740114e-05 5.925320341399814e-06
-2.839248356697564e-05 3.906356343087029e-06 -3.009533261218118e-05 2.327304687067600e-06
-2.722453602408075e-05 5.158065641199492e-06 -2.867134396153330e-05 4.222176293139402e-06
-2.605805200661068e-05 6.408333597150386e-06 -2.706339769166482e-05 5.966368750839060e-06
-2.605769941462526e-05 3.907683441491870e-06 -2.657789184143447e-05 2.353808326089281e-06
-2.489075481826389e-05 5.158423556555460e-06 -2.535614427700827e-05 4.216955132206021e-06
-2.372429344814368e-05 6.408749948752066e-06 -2.374822063521625e-05 5.940025620387746e-06
-2.372363704238981e-05 3.908443624652305e-06 -2.331342127634239e-05 2.472983636595726e-06
-2.255684391019542e-05 5.158874897346663e-06 -2.208940597693380e-05 4.196122400693719e-06
-2.138966690323585e-05 6.409742996947085e-06 -2.056055144657149e-05 5.890311725730830e-06
-2.138945613446064e-05 3.908758510045772e-06 -2.023239092821143e-05 2.571523049485664e-06
-2.022217630864223e-05 5.159484717618473e-06 -1.888885752038567e-05 4.159758992699281e-06
-1.905449277221092e-05 6.410491750206300e-06 -1.751217603189955e-05 5.808316418015432e-06
-1.905469601061030e-05 3.909418446123366e-06 -1.724561052150158e-05 2.658702382387785e-06
-1.788714807623061e-05 5.160261426608991e-06 -1.588058169788749e-05 4.118619255616664e-06
-1.671988002556449e-05 6.410387444503463e-06 -1.455168808433556e-05 5.713600251569594e-06
-1.672006670072705e-05 3.910929695894033e-06 -1.438998343840827e-05 2.682591042683190e-06
-1.560032646367772e-05 5.160954683631931e-06 -1.307798123707237e-05 4.111706498148560e-06
-1.448144502000487e-05 6.409472108400357e-06 -1.182315478456666e-05 5.652152506924402e-06
-1.448165730946531e-05 3.913455453929642e-06 -1.179049484362079e-05 2.736945535412534e-06
-1.364310143429459e-05 5.259037519227164e-06 -1.080657071144706e-05 4.213351218713564e-06
-1.278805850506336e-05 6.407888340120092e-06 -9.845130629279673e-06 5.543494959671838e-06
-1.278833412647304e-05 3.916264671195507e-06 -9.834686534496315e-06 2.741325862885287e-06
-1.155801656160515e-05 6.405813792372426e-06 -8.502712089660232e-06 5.470709267591925e-06
-1.179805663718750e-05 5.586902022325984e-06 -8.740109829003191e-06 4.566668535245649e-06
-1.155811149371764e-05 3.918546783864946e-06 -8.476437064375268e-06 2.772593556896479e-06
-1.066535029406587e-05 3.921222640951727e-06 -7.541495957533104e-06 2.816096405826496e-06
1.838957197192646e-06 -3.854543789922740e-07 1.148735777209826e-06 4.380999496478849e-07
1.874719294961871e-06 -4.712643309882722e-07 1.176390779458916e-06 3.729531550321682e-07
1.874590523312213e-06 -7.915952316203768e-07 1.169903153127111e-06 1.284854157717307e-07
1.838978665542006e-06 -8.765747057956539e-07 1.141511390899453e-06 6.440920001727978e-08
-1.066491152319187e-05 6.404094176699871e-06 -7.572512053780029e-06 5.447278676328103e-06
-9.855217484578872e-06 6.356288861047559e-06 -6.740907555743566e-06 5.346013607427220e-06
-1.048434734362499e-05 4.852831376674900e-06 -7.347392598910069e-06 3.786152185354565e-06
-9.856509462353997e-06 3.853599420104685e-06 -6.687924266920579e-06 2.793140734327619e-06
1.753504804798918e-06 -3.501100926067461e-07 1.082435967560688e-06 4.645945136011917e-07
1.667243308220130e-06 -7.016950814473229e-07 1.008136979780379e-06 1.941093103793109e-07
1.753978625229102e-06 -9.123200096395460e-07 1.075209208885641e-06 3.639262435325443e-08
-9.598342378401123e-06 5.590916427111327e-06 -6.456760852870320e-06 4.534831810132640e-06
-9.057323424542461e-06 6.216411780796578e-06 -5.949003900123383e-06 5.134160932466557e-06
-8.282006248435257e-06 5.987902167772525e-06 -5.216197028929802e-06 4.877297144738024e-06
-9.355442632851217e-06 4.532499044690128e-06 -6.196437018933983e-06 3.471608084613736e-06
-9.074557691859134e-06 3.647905805102100e-06 -5.945876942002509e-06 2.679830653335196e-06
1.173731276999298e-06 -3.420009442208990e-07 6.161084156126592e-07 4.422715063834128e-07
1.172585894273041e-06 -9.252360129099778e-07 6.123756870673194e-07 5.580634442376181e-09
8.715054478071363e-07 -6.348316391239680e-07 3.872386801047606e-07 2.135832264709897e-07
-7.539249639983798e-06 5.672753461228838e-06 -4.533601855625146e-06 4.543207778264777e-06
-8.180409044423448e-06 5.185796233092353e-06 -5.108482314436533e-06 4.095899670654986e-06
-8.449728868135892e-06 4.170451104657056e-06 -5.361773158100403e-06 3.176876060263584e-06
-8.342673246848261e-06 3.310730720984727e-06 -5.251955207240986e-06 2.429430167794820e-06
5.434240045033717e-07 -2.875623278918196e-07 1.540746127543272e-07 4.449161054760238e-07
5.428279209269516e-07 -9.843537155541490e-07 1.509540186067639e-07 -2.687812112513930e-08
1.675138324741015e-07 -6.371432032643340e-07 -6.165861622081686e-08 1.964288959003462e-07
-6.837998431191587e-06 5.276679546841247e-06 -3.916029463877768e-06 4.158201219105474e-06
-6.187882855050102e-06 4.804825661743577e-06 -3.437797300971122e-06 3.724507188602588e-06
-7.505153548280264e-06 4.009709212854188e-06 -4.499921420677233e-06 3.043277576878174e-06
-7.682782537364135e-06 2.852223968715920e-06 -4.637703783756168e-06 2.078075594947410e-06
-2.649283528762335e-07 -1.683095358315255e-07 -2.965415793492527e-07 4.539192269442620e-07
-2.656648386249279e-07 -1.108486292742073e-06 -3.089863509258283e-07 -5.169484078167572e-08
-6.352445697178978e-06 4.065729083137743e-06 -3.580114120655970e-06 3.088368095986168e-06
-5.596163177346352e-06 4.262641179822755e-06 -3.025981273268080e-06 3.237017529164337e-06
-6.630615980357184e-06 3.220304968524673e-06 -3.803005857931588e-06 2.400576268162979e-06
-7.114504561779696e-06 2.287368865882522e-06 -4.185048911221592e-06 1.741740852096461e-06
-7.437487517603776e-07 -6.394740839821591e-07 -5.700264287748402e-07 2.072897994125786e-07
-1.314053164967921e-06 4.823916868067697e-09 -8.399320080496581e-07 5.249933407031126e-07
-1.314046611746273e-06 -1.287423680216895e-06 -8.550753449072618e-07 -1.207093046371551e-07
-5.069947112387138e-06 3.658325901955951e-06 -2.670020727481530e-06 2.713958492105959e-06
-4.615793685926431e-06 2.999298180432646e-06 -2.415361333350097e-06 2.252283439170092e-06
-4.236987414114081e-06 2.291565346271860e-06 -2.236761416530447e-06 1.784218674993329e-06
-6.063141990077891e-06 2.450818183249032e-06 -3.382939367177647e-06 1.872953458153555e-06
-6.654462140760745e-06 1.633420969235691e-06 -3.785078169416927e-06 1.319519030830878e-06
-1.773515761990105e-06 -6.398712804920366e-07 -1.069246968416243e-06 1.792104297069030e-07
-2.338574545216589e-06 1.765277739805841e-07 -1.402601276880271e-06 6.266551585451249e-07
-2.339003815681292e-06 -1.469281609413596e-06 -1.361239478269007e-06 -2.649673162242928e-07
-4.996890253544152e-06 2.295397459621675e-06 -2.666016516963855e-06 1.773988126876105e-06
-3.941019029385294e-06 1.542668477244725e-06 -2.108052891543214e-06 1.328050061032545e-06
-3.284461600339788e-06 3.239714949313651e-07 -1.843636845080106e-06 6.484247025475646e-07
-3.568654423137342e-06 4.668342986878555e-07 -1.967068459145001e-06 7.119450707121658e-07
-3.729562353076922e-06 7.525847326936034e-07 -2.032235248621293e-06 8.605244863314133e-07
-5.662917301361315e-06 1.536648577461577e-06 -3.083972635028837e-06 1.273494305262293e-06
-6.317315129113167e-06 9.145902741429659e-07 -3.473870799715856e-06 9.210800819013334e-07
-2.847859061486257e-06 -5.220505830126940e-07 -1.661427673439458e-06 2.566632767700495e-07
-3.261792889143661e-06 -1.599508299104961e-06 -1.873985565582269e-06 -3.121096855828482e-07
-4.464893108858757e-06 1.007275197148380e-06 -2.418528623458457e-06 9.956106210486198e-07
-3.575120199575775e-06 -1.081332504832295e-07 -1.988253382433431e-06 4.350224385324056e-07
-3.911878477590582e-06 3.667684035812829e-07 -2.139734528479434e-06 6.605388270420199e-07
-5.365408843262400e-06 6.905213690378977e-07 -2.907886092500120e-06 8.186829820623004e-07
-6.118937679295072e-06 1.556553952259842e-07 -3.291824707680343e-06 5.517707350448793e-07
-3.572027955401522e-06 -1.042098991733884e-06 -2.027214461055178e-06 -1.926479785311509e-08
-3.514697678176351e-06 -1.742658972323343e-06 -2.007096680026905e-06 -3.661308977121124e-07
-4.615004792932687e-06 -2.817695279286107e-07 -2.525918876147733e-06 3.374095581051491e-07
-6.065285278563455e-06 -6.224901022121109e-07 -3.226159867267515e-06 1.992963606711026e-07
-6.198915830277485e-06 -1.413848772215804e-06 -3.248399161313422e-06 -1.817590143731198e-07
-4.114050441364037e-06 -1.545745800349609e-06 -2.309461210709280e-06 -2.590302513241400e-07
-3.656427985871864e-06 -2.059361456461620e-06 -2.080881348895301e-06 -4.846643051022271e-07
-3.819297682889534e-06 -2.953354227267709e-06 -2.171074246537370e-06 -8.368659759895704e-07
-5.384521095480418e-06 -1.499375391164723e-06 -2.879398155840014e-06 -2.338485293592479e-07
-4.088103718852513e-06 -3.859866795870326e-06 -2.307816443186444e-06 -1.202822813843066e-06
-6.505966772382593e-06 -2.226814881372313e-06 -3.357140674438429e-06 -5.433028710848741e-07
-4.609712506007830e-06 -2.971808217238769e-06 -2.545344680118819e-06 -8.358864520375917e-07
-5.818216512535861e-06 -3.041506025030451e-06 -3.067371912438645e-06 -8.606702953578818e-07
-4.487847575627768e-06 -4.742285763876995e-06 -2.494518308073721e-06 -1.550905887794395e-06
-6.989254571467826e-06 -3.043069493448098e-06 -3.563003411030876e-06 -8.630944411762717e-07
-6.631811812044229e-06 -3.884027825850036e-06 -3.408488335963623e-06 -1.174940249385580e-06
-5.741448311526969e-06 -4.426477472585203e-06 -3.027628614147191e-06 -1.401534212550841e-06
-5.001366075972009e-06 -5.622576181249363e-06 -2.738013955841786e-06 -1.878344481862032e-06
-5.657065565482740e-06 -6.471390145775599e-06 -3.001018572518086e-06 -2.176437488741756e-06
-7.660312313216636e-06 -3.818239173170678e-06 -3.828013767291229e-06 -1.131307697155143e-06
-7.202128360856251e-06 -4.870715768651430e-06 -3.623878800730011e-06 -1.544816955786527e-06
-6.654741119356592e-06 -6.142104787181126e-06 -3.384328410642634e-06 -2.051245894082071e-06
-6.419182198578015e-06 -7.275541323326414e-06 -3.296991833016973e-06 -2.509456751529079e-06
-8.495937783645456e-06 -4.522569281331912e-06 -4.177440206117350e-06 -1.412207050715819e-06
-8.252532092453025e-06 -6.143296596563591e-06 -4.061605321938870e-06 -2.065856708472489e-06
-7.307944683594842e-06 -7.993977493440392e-06 -3.647070530476191e-06 -2.819171016972315e-06
-8.320549414080554e-06 -8.631439784759900e-06 -4.080492200821696e-06 -3.067992038989114e-06
-9.424066284922512e-06 -9.176736496409693e-06 -4.547604055979126e-06 -3.250027233428547e-06
-9.504291442023080e-06 -6.501508076555707e-06 -4.563915487241336e-06 -2.225794419974317e-06
-9.490272441057155e-06 -5.123731313248077e-06 -4.557193325263079e-06 -1.672218980171091e-06
-9.251042261495100e-06 -7.911975547473276e-06 -4.477948846541104e-06 -2.771615719238422e-06
-1.062460814644791e-05 -9.584120385098806e-06 -5.054778699985866e-06 -3.372546208612240e-06
-1.190096358896472e-05 -9.863868186993509e-06 -5.548722595168533e-06 -3.449426749351432e-06
-1.053235893672277e-05 -6.812052087847906e-06 -4.982980438042075e-06 -2.351870292380678e-06
-1.063294121295330e-05 -5.562991825707911e-06 -5.011504214302518e-06 -1.861762877961952e-06
-1.322028586603968e-05 -9.992266685123358e-06 -6.061328925469396e-06 -3.470165700920747e-06
-1.172562635675242e-05 -8.005634586934626e-06 -5.484569493287872e-06 -2.791076231180867e-06
-1.188442061144666e-05 -5.814552649774905e-06 -5.528638253148090e-06 -1.952257468694321e-06
-1.350694024123621e-05 -8.213972700802173e-06 -6.193345717816438e-06 -2.853244954005566e-06
-1.472870363426803e-05 -1.005441026960986e-05 -6.616983385171875e-06 -3.438587711600097e-06
-1.320300744610055e-05 -5.876958913029743e-06 -6.061546382260324e-06 -1.969242139379449e-06
-1.685653955850472e-05 -1.011602076286484e-05 -7.349374055028434e-06 -3.382048475853323e-06
-1.515126440249108e-05 -7.186877328836945e-06 -6.820496089766173e-06 -2.508167859567700e-06
-1.472563609013222e-05 -5.814814319429141e-06 -6.641577793980172e-06 -2.010346821479318e-06
-1.990416987440057e-05 -1.020849539594147e-05 -8.197880416184613e-06 -3.227794276694811e-06
-1.836988324560199e-05 -7.756824586108823e-06 -7.819468837597425e-06 -2.683191258216966e-06
-1.685865004768209e-05 -5.734775054447754e-06 -7.339665601600930e-06 -2.111268097179322e-06
-2.409653414590235e-05 -1.030421530063390e-05 -8.908690718472685e-06 -2.980552101496468e-06
-2.197326056075599e-05 -7.929205673182608e-06 -8.661976845855712e-06 -2.707671579055921e-06
-1.990539713342216e-05 -5.645269061550977e-06 -8.239931499988355e-06 -2.213725489832362e-06
-2.861847548173086e-05 -1.037942666434240e-05 -9.141942522081254e-06 -2.733032162799193e-06
-2.633432665418778e-05 -7.927697796700751e-06 -9.090332257902072e-06 -2.701455889414686e-06
-2.409708298738046e-05 -5.551606447416558e-06 -8.908592239088847e-06 -2.465557493937794e-06
-3.326301607466067e-05 -1.043585509053641e-05 -8.994571207885036e-06 -2.690447920221856e-06
-3.092301698059421e-05 -7.926724798699962e-06 -9.064480649264150e-06 -2.743315948004745e-06
-2.861883094094269e-05 -5.474882448307530e-06 -9.075292578965387e-06 -2.696748841859576e-06
-3.799728410914914e-05 -1.047528758584872e-05 -8.905826455426868e-06 -2.742853905046736e-06
-3.561793590661202e-05 -7.925864537855728e-06 -8.905208188615565e-06 -2.729569314868511e-06
-3.326341707922194e-05 -5.416637861517023e-06 -8.955638985606360e-06 -2.779815620145442e-06
-4.279073142989271e-05 -1.050012536702244e-05 -9.075489202435736e-06 -2.855420603621309e-06
-4.038647450539688e-05 -7.925144415858910e-06 -8.919406183137239e-06 -2.691453492401515e-06
-3.799769518392449e-05 -5.375683958156521e-06 -8.879176844031858e-06 -2.675158404386943e-06
-4.761906420300148e-05 -1.051354931360686e-05 -9.406523102192870e-06 -2.868486533419142e-06
-4.520090291040438e-05 -7.924339346141657e-06 -9.205089188613066e-06 -2.684439421774620e-06
-4.279125546639698e-05 -5.349361425550671e-06 -9.006670637420082e-06 -2.555465573367416e-06
-5.246444454822387e-05 -1.051889797250050e-05 -9.763135096866392e-06 -2.906174094461070e-06
-5.004028689014040e-05 -7.923487124412149e-06 -9.556295084485468e-06 -2.661699627334939e-06
-4.761959514180289e-05 -5.334250282002357e-06 -9.346949426733084e-06 -2.500888062746988e-06
-5.731472703107656e-05 -1.051897967385411e-05 -1.023717857673002e-05 -3.000556992527395e-06
-5.488971814783183e-05 -7.922556561787307e-06 -9.961224594012867e-06 -2.656591364289049e-06
-5.246501531704262e-05 -5.327189800823719e-06 -9.695283812410373e-06 -2.408297581154588e-06
-6.216226934576248e-05 -1.051637325011906e-05 -1.097617378201729e-05 -3.171546774059740e-06
-5.973945652115983e-05 -7.921774610297696e-06 -1.053486366231103e-05 -2.647615994492176e-06
-5.731508996451211e-05 -5.325327163485148e-06 -1.021800639890536e-05 -2.296272531287007e-06
-7.253006085916206e-05 -1.022815851860394e-05 -1.411812847120388e-05 -3.379218397264596e-06
-7.184280422146969e-05 -1.051285069196868e-05 -1.390229149860310e-05 -3.469873719933033e-06
-6.433219215878326e-05 -7.921270621807188e-06 -1.142933286914999e-05 -2.626991527039376e-06
-6.700450528931704e-05 -1.051367653265220e-05 -1.223576937328550e-05 -3.394662595140166e-06
-6.216262773387553e-05 -5.326622221270225e-06 -1.094077117497318e-05 -2.096955588595130e-06
-7.281473224230243e-05 -9.540871583528127e-06 -1.420666248430476e-05 -3.160285919388036e-06
-7.118876663226114e-05 -7.921031417576663e-06 -1.365731572893425e-05 -2.629345952823173e-06
-6.700464137066227e-05 -5.328639245800915e-06 -1.220614964206310e-05 -1.832274232173220e-06
-7.281486702681532e-05 -6.301115191216597e-06 -1.417314791043201e-05 -2.119508632405103e-06
-7.184295839239742e-05 -5.329139444786273e-06 -1.386426121084779e-05 -1.809875905991045e-06
-7.253020663722849e-05 -5.613828304835274e-06 -1.408229324074863e-05 -1.901347327147157e-06
