7.576885148664562e-05 -1.145811026642941e-05 -4.576957204747473e-06 2.610626771216366e-06
7.604830325372866e-05 -1.078338652147242e-05 -4.559871574497659e-06 2.639938798610597e-06
7.604807920630445e-05 -7.602829429430342e-06 -4.501843804008953e-06 2.694645382383385e-06
7.576859547172495e-05 -6.928073916362899e-06 -4.505251038191183e-06 2.697338134893207e-06
7.509417229352176e-05 -1.173759833354629e-05 -4.612169208402630e-06 2.599725730646850e-06
7.382869083504912e-05 -9.193052262851253e-06 -4.565567732733440e-06 2.648445455222426e-06
7.509386895940617e-05 -6.648569780777188e-06 -4.513885964799776e-06 2.695995274799617e-06
7.034375173906530e-05 -1.173789333119109e-05 -4.665454497355841e-06 2.611937015136661e-06
7.034323292426942e-05 -6.647918768361743e-06 -4.493932906022410e-06 2.610654925601400e-06
6.772041847631462e-05 -9.192810418646299e-06 -4.674505746155068e-06 2.618913565774563e-06
6.559192562723698e-05 -1.173863686199754e-05 -4.731550435911658e-06 2.532949264724871e-06
6.559101188043456e-05 -6.646485897728223e-06 -4.641009113249906e-06 2.656312355016537e-06
6.321434827387873e-05 -9.192222205388082e-06 -4.793944378378612e-06 2.546578044855525e-06
6.083669404391757e-05 -1.173928571977127e-05 -4.749509908924947e-06 2.471911514171284e-06
6.083574912663603e-05 -6.644398816832280e-06 -4.897200698220744e-06 2.604725155529422e-06
5.845748338912198e-05 -9.191448712389116e-06 -4.891797649272490e-06 2.508491770568727e-06
5.607917054200487e-05 -1.173845030199458e-05 -4.812911218656248e-06 2.570410259043560e-06
5.607800270650444e-05 -6.643518709059570e-06 -4.959249700621876e-06 2.378321587731212e-06
5.369964714320314e-05 -9.190475814984964e-06 -4.771005211227869e-06 2.463223096521360e-06
5.132323480874691e-05 -1.173386045599475e-05 -4.666739534497407e-06 2.545010213272886e-06
5.132207642587059e-05 -6.645913172171379e-06 -4.780361996258770e-06 2.355098518642533e-06
4.894707218726478e-05 -9.189417387249207e-06 -4.513118828945250e-06 2.454701476432963e-06
4.657766532752513e-05 -1.172373288190234e-05 -4.382340213923545e-06 2.557050321554370e-06
4.657639699868597e-05 -6.653850394214934e-06 -4.376837887366750e-06 2.286676937700328e-06
4.421045729682570e-05 -9.188258621362338e-06 -4.178576274583020e-06 2.433925840236910e-06
4.185436911912630e-05 -1.170694299033873e-05 -4.098068898333080e-06 2.527094855777880e-06
4.185318323555883e-05 -6.668325890830110e-06 -3.993601672320152e-06 2.269115823190941e-06
3.950276243047192e-05 -9.186917393121426e-06 -4.032358360276608e-06 2.431992290470596e-06
3.716726041004861e-05 -1.168203166525501e-05 -3.967601929471874e-06 2.437061631895082e-06
3.716630349844404e-05 -6.690272818287804e-06 -3.744896786353695e-06 2.360851709733453e-06
3.483850413683919e-05 -9.185324500406751e-06 -4.023730558124339e-06 2.436127996276659e-06
3.253096971169925e-05 -1.164877813023654e-05 -3.973033768401734e-06 2.368517925461265e-06
3.253002051053726e-05 -6.719988447479389e-06 -3.654138725613892e-06 2.489237672735414e-06
3.023251877565715e-05 -9.183356146440698e-06 -4.107082373303340e-06 2.430632224511437e-06
2.796038328863517e-05 -1.160658298352517e-05 -4.083517413776447e-06 2.427850488615778e-06
2.795913938209788e-05 -6.758313742584706e-06 -3.843703496139164e-06 2.526136310142357e-06
2.579058909626486e-05 -9.180983234706293e-06 -4.220142658484305e-06 2.435719016428986e-06
2.365163501548769e-05 -1.155519788544509e-05 -4.253993255086386e-06 2.438387315086009e-06
2.365009367909761e-05 -6.807876947732052e-06 -4.168039921421633e-06 2.563880378803646e-06
2.205481703578161e-05 -9.361856762981996e-06 -4.302554790229519e-06 2.464205432001330e-06
2.045601175759094e-05 -1.150486446655577e-05 -4.319250335381268e-06 2.496086316583820e-06
2.045373942623652e-05 -6.856916523691525e-06 -4.267676896541322e-06 2.527825237386857e-06
1.817793871043495e-05 -1.145883096274774e-05 -4.325181725510721e-06 2.576276876900502e-06
1.860886319945921e-05 -9.961382520701404e-06 -4.353431979303136e-06 2.503162265622852e-06
1.817458573914016e-05 -6.889689858577653e-06 -4.332055172718051e-06 2.463286209541785e-06
1.654603082447977e-05 -6.926223178898377e-06 -4.287549553375428e-06 2.371007438447340e-06
-2.564596452327482e-06 -4.232224407810403e-07 1.022575051936664e-06 5.046722125951126e-08
-2.615154604495627e-06 -3.015786457789680e-07 1.047962235969389e-06 -9.262375743778906e-09
-2.614859636560451e-06 1.513222013681196e-07 1.039034595806999e-06 -2.310283974289087e-07
-2.564567026890584e-06 2.711975611719030e-07 1.012798031929460e-06 -2.873571267782601e-07
1.654340009114686e-05 -1.142526430821155e-05 -4.295225443100081e-06 2.654099959031700e-06
1.508871777801045e-05 -1.131130890291321e-05 -4.201556262397678e-06 2.686657318369429e-06
1.620465364878095e-05 -8.615421661814189e-06 -4.314657529976979e-06 2.482605409925274e-06
1.507799420241313e-05 -6.838734657013657e-06 -4.185561333441005e-06 2.254207222679639e-06
-2.443516679534826e-06 -4.735496968096554e-07 9.609687698775398e-07 7.459794397836102e-08
-2.321635537220043e-06 2.317146581930852e-08 8.899694758821152e-07 -1.673610589110413e-07
-2.444595328823633e-06 3.212180241716117e-07 9.533370968999462e-07 -3.080327357672393e-07
1.461858428666016e-05 -9.929973110649975e-06 -4.186661716512093e-06 2.581309081826769e-06
1.367177653480662e-05 -1.102666186052723e-05 -4.068293602768176e-06 2.720868503297015e-06
1.231838672857176e-05 -1.059691358356958e-05 -3.899304860870372e-06 2.699462482658002e-06
1.418131727011702e-05 -8.052003712449763e-06 -4.133616698138504e-06 2.355058657019859e-06
1.368668051143028e-05 -6.516303934116766e-06 -4.101342863242384e-06 2.135593187934473e-06
-1.623156168617511e-06 -4.872009414498394e-07 5.476324235055961e-07 6.545791416394664e-08
-1.622550045630653e-06 3.356556810692709e-07 5.545718070357268e-07 -2.793481085871273e-07
-1.197304638635312e-06 -7.577169950535318e-08 3.688954820758493e-07 -1.070474474510420e-07
1.104893030694221e-05 -1.001334029981289e-05 -3.693442517025870e-06 2.654380523969981e-06
1.213177226175118e-05 -9.184187309533722e-06 -3.894932939074474e-06 2.509282651346608e-06
1.259578365633262e-05 -7.428821908402487e-06 -3.969601713319299e-06 2.269344274172829e-06
1.240391078637812e-05 -5.977737829676294e-06 -3.954651003392050e-06 1.943953023054105e-06
-7.355188123238903e-07 -5.643509838234199e-07 1.810263592454308e-07 8.596277967961426e-08
-7.357869465813734e-07 4.123053099098674e-07 1.613694537944775e-07 -3.080115290378692e-07
-2.099518276926607e-07 -7.628489780555586e-08 -1.654421416600938e-08 -1.168118599154114e-07
9.866792758795802e-06 -9.306108513678295e-06 -3.464885958407190e-06 2.559595307487906e-06
8.800344687323918e-06 -8.487370677356531e-06 -3.199031156427067e-06 2.440376506414784e-06
1.097820454424300e-05 -7.157115347122068e-06 -3.681101209214519e-06 2.218387150312293e-06
1.126451233574308e-05 -5.239719172485495e-06 -3.730984519326407e-06 1.687947750001301e-06
3.942549801864723e-07 -7.319576927425280e-07 -2.545448592956542e-07 1.446660412326544e-07
3.941686897507518e-07 5.788706492082070e-07 -2.476591895477059e-07 -3.578612817636471e-07
9.070904497691316e-06 -7.240577917084546e-06 -3.244421097000210e-06 2.219281480127314e-06
7.857551072369572e-06 -7.559532042091470e-06 -2.926427182609234e-06 2.283780338232642e-06
9.519159615478896e-06 -5.851234597493718e-06 -3.324448405006698e-06 1.849057670041699e-06
1.029670364645357e-05 -4.347993186178703e-06 -3.514160359634293e-06 1.396308520048585e-06
1.060590184032225e-06 -7.700808716995710e-08 -5.043897255210781e-07 -1.039999041792363e-07
1.854434247511747e-06 -9.747680787523467e-07 -7.471498274134490e-07 1.754593956526607e-07
1.852889770287238e-06 8.217789858532267e-07 -7.791392235448107e-07 -4.276691718235051e-07
7.030764048037622e-06 -6.549938315646847e-06 -2.665649757639485e-06 2.033977321154893e-06
6.350370175845390e-06 -5.490025576770942e-06 -2.411351399230445e-06 1.721089126071826e-06
5.811879174935829e-06 -4.369820982056446e-06 -2.185968451826677e-06 1.373143639509217e-06
8.606201096395634e-06 -4.612315376672481e-06 -3.063042950404314e-06 1.463204463307686e-06
9.521168023443579e-06 -3.343070555419136e-06 -3.327176005891692e-06 1.050058428140902e-06
2.492349268575249e-06 -8.040742513050659e-08 -9.835254734226402e-07 -1.565140351936492e-07
3.277443371719530e-06 -1.215004506230362e-06 -1.328051731442753e-06 2.789850846279504e-07
3.277283202344020e-06 1.070758563689408e-06 -1.269648594544122e-06 -5.766233387784387e-07
6.952434771974873e-06 -4.367406486293403e-06 -2.589773214376208e-06 1.383201283989117e-06
5.403806745678340e-06 -3.217387560945164e-06 -2.012536353452781e-06 9.733657846222626e-07
4.572990258575760e-06 -1.420120156578409e-06 -1.739821690696531e-06 3.436811098122407e-07
4.950912640832404e-06 -1.623407916321545e-06 -1.850489904695685e-06 4.159998118047200e-07
5.152248367972222e-06 -2.037220430797775e-06 -1.914223292213091e-06 5.650040064130669e-07
7.970427551852751e-06 -3.195825350694188e-06 -2.903442123327762e-06 1.008100029772707e-06
8.944541407320742e-06 -2.269684525659335e-06 -3.225952358005372e-06 7.082327559446236e-07
3.982868273911685e-06 -2.479942515154987e-07 -1.563848811512548e-06 -5.315650569856509e-08
4.576742595713135e-06 1.251250680087856e-06 -1.755838714284295e-06 -6.228113683602757e-07
6.193663332580486e-06 -2.402850830754215e-06 -2.280787542306872e-06 7.022691595628794e-07
4.976590305892433e-06 -8.167527585434589e-07 -1.863842568772579e-06 1.438714312307624e-07
5.425986929429860e-06 -1.481262821018298e-06 -2.007980280182120e-06 3.710182000736147e-07
7.515336348044650e-06 -1.937122844518295e-06 -2.743981408852937e-06 5.642617356389928e-07
8.585658976540929e-06 -1.173393426913934e-06 -3.155370651286327e-06 2.764325816841896e-07
5.002065303476197e-06 4.817851156036616e-07 -1.894760119490167e-06 -3.270924101176672e-07
4.946624037585480e-06 1.447117033626303e-06 -1.870156321670043e-06 -6.926693327310179e-07
6.431536561133335e-06 -5.477566160285231e-07 -2.368100009826020e-06 4.796557994863353e-08
8.462581358439009e-06 -7.719089030022349e-08 -3.142332889133452e-06 -1.145598130802728e-07
8.576739097686181e-06 1.003943041906994e-06 -3.184630731027023e-06 -5.132011452068536e-07
5.770241656451598e-06 1.185548987049568e-06 -2.169383484763976e-06 -5.914166913752980e-07
5.160948714400205e-06 1.868596172425761e-06 -1.931278684030508e-06 -8.353578312755984e-07
5.420108081587173e-06 3.035321150962675e-06 -1.990255774760093e-06 -1.244280135885468e-06
7.486517816046110e-06 1.139312352538619e-06 -2.787097319244281e-06 -5.695071535761274e-07
5.814482602539258e-06 4.179324790667056e-06 -2.112338524041396e-06 -1.681865822226037e-06
8.923894977074009e-06 2.098814090768851e-06 -3.303047058782979e-06 -8.767154274555130e-07
6.467661180974835e-06 3.071637863208430e-06 -2.393118111593310e-06 -1.233842740873267e-06
8.025955183741574e-06 3.159091301010993e-06 -2.966750468393250e-06 -1.251332604131492e-06
6.351558317616005e-06 5.276472438998285e-06 -2.327113281385972e-06 -2.114381889064246e-06
9.487222491336489e-06 3.159597600601811e-06 -3.554497316256515e-06 -1.261213012878582e-06
9.027655446310190e-06 4.219835864076632e-06 -3.374225634472122e-06 -1.667887593429816e-06
7.929478437375475e-06 4.891458622633095e-06 -2.942158098593770e-06 -1.938833175327936e-06
7.019753184120888e-06 6.338802491989564e-06 -2.616877939152042e-06 -2.531458399396979e-06
7.834168126179746e-06 7.340793541521293e-06 -2.938462996385720e-06 -2.896211049741432e-06
1.026597836286356e-05 4.145448372287701e-06 -3.877627705649797e-06 -1.622877043715236e-06
9.708694938942174e-06 5.426729214055889e-06 -3.638920479321085e-06 -2.130676686002105e-06
9.049253068446410e-06 6.945177865440507e-06 -3.392824037251846e-06 -2.746230458293949e-06
8.767344356408354e-06 8.270974776776218e-06 -3.301839727789434e-06 -3.285522033900110e-06
1.123403153352730e-05 5.019451577930629e-06 -4.314101650536359e-06 -1.950692164893571e-06
1.094161310359148e-05 6.938038617932439e-06 -4.190919628964996e-06 -2.761737328877162e-06
9.827843256856121e-06 9.093988973973936e-06 -3.735526095100279e-06 -3.654985494770149e-06
1.101072088418709e-05 9.810454883283241e-06 -4.241072540198207e-06 -3.994311518434226e-06
1.228731992323938e-05 1.041033372756966e-05 -4.768927813623430e-06 -4.239925549563855e-06
1.238796943179255e-05 7.353548509975230e-06 -4.845028178523817e-06 -2.940319414079233e-06
1.237668009640350e-05 5.748578798971608e-06 -4.843729967023668e-06 -2.252332103146788e-06
1.209637312322504e-05 8.975658034344787e-06 -4.698164183542373e-06 -3.648426172941015e-06
1.365592629147320e-05 1.085496197374292e-05 -5.348838533833944e-06 -4.410519020709063e-06
1.509726794822588e-05 1.115142540274401e-05 -5.976188272306279e-06 -4.543161742426372e-06
1.356112685385219e-05 7.712352242882945e-06 -5.350830745405154e-06 -3.085925008558304e-06
1.367485311682380e-05 6.281282384399777e-06 -5.411908024606532e-06 -2.477573187195081e-06
1.657862001722998e-05 1.127896751238662e-05 -6.597480003848408e-06 -4.613943475592568e-06
1.491028130420939e-05 9.064218615700688e-06 -5.902450717626179e-06 -3.654216257278321e-06
1.508620753153930e-05 6.591903438665466e-06 -5.984578876436904e-06 -2.591693482841316e-06
1.690240185403889e-05 9.293482413187926e-06 -6.749704572247395e-06 -3.758306035164862e-06
1.825591663068502e-05 1.133010082921577e-05 -7.328107361785583e-06 -4.643794977719527e-06
1.656525060440060e-05 6.677234419332524e-06 -6.593599098448021e-06 -2.612297963026160e-06
2.060788301122541e-05 1.138084794230894e-05 -8.391655584479188e-06 -4.699513681608182e-06
1.873033617806033e-05 8.150769391663205e-06 -7.525628594523381e-06 -3.267679010415401e-06
1.825388352008030e-05 6.625050571333394e-06 -7.314270035436959e-06 -2.596433290262467e-06
2.394382064825669e-05 1.145770948072381e-05 -9.998541845013465e-06 -4.849212969448355e-06
2.227113535706776e-05 8.782044817823819e-06 -9.137923558215506e-06 -3.531489799012200e-06
2.060992505584191e-05 6.557083542375835e-06 -8.355337453797685e-06 -2.541281076596790e-06
2.848957606393508e-05 1.153805770974168e-05 -1.234391563196870e-05 -5.103851862144918e-06
2.619383057874199e-05 8.970813837726716e-06 -1.108767768163699e-05 -3.670695124634650e-06
2.394484570815096e-05 6.480807814786205e-06 -9.914669443724793e-06 -2.408699831615790e-06
3.335763565733894e-05 1.160326488382473e-05 -1.510795440768460e-05 -5.284595543895044e-06
3.090336369727587e-05 8.969048695568159e-06 -1.366294205463980e-05 -3.703235950439711e-06
2.848999474982729e-05 6.400932999996383e-06 -1.230063297588747e-05 -2.267661911773387e-06
3.833553031844264e-05 1.165539002612760e-05 -1.827141933860710e-05 -5.560419924646349e-06
3.582999396956128e-05 8.967993606839066e-06 -1.665927117113696e-05 -3.752245948032995e-06
3.335772158962322e-05 6.333654743385634e-06 -1.508410312613017e-05 -2.107476292711968e-06
4.340018630581101e-05 1.169466605301782e-05 -2.174816862944619e-05 -5.681262134107003e-06
4.085541524556955e-05 8.966904933849008e-06 -2.005422406477511e-05 -3.801996341437499e-06
3.833574151661445e-05 6.279417335866535e-06 -1.832851442081186e-05 -1.947202236563025e-06
4.852817742822538e-05 1.172260444971478e-05 -2.524804915024660e-05 -5.672265110202813e-06
4.595548216194017e-05 8.965922017707690e-06 -2.357574490184276e-05 -3.821266154725612e-06
4.340049906375904e-05 6.238002298172557e-06 -2.181997676177063e-05 -1.911702876304076e-06
5.369946882928257e-05 1.174117039204272e-05 -2.868084656516893e-05 -5.620628159888339e-06
5.110810353798760e-05 8.965008612426247e-06 -2.705844891539321e-05 -3.829251052288232e-06
4.852857142497936e-05 6.208343740354252e-06 -2.533598331415526e-05 -1.981892992712529e-06
5.889921798300496e-05 1.175320710361882e-05 -3.200548189579324e-05 -5.558643207938763e-06
5.629551974651856e-05 8.964171527414606e-06 -3.044560375749775e-05 -3.791527339695214e-06
5.369970683916710e-05 6.188104474467458e-06 -2.878147983997366e-05 -2.007050826701857e-06
6.411730157810762e-05 1.176054048608863e-05 -3.522008026551229e-05 -5.427460771772988e-06
6.150574326262563e-05 8.963476061152386e-06 -3.371301852392353e-05 -3.769199217396024e-06
5.889913210584075e-05 6.174586542397052e-06 -3.211341273651005e-05 -2.019431511945281e-06
6.934626145696123e-05 1.176443272490022e-05 -3.821806432103428e-05 -5.329926254342655e-06
6.673042025624549e-05 8.962883508671415e-06 -3.679146345506945e-05 -3.781136485526351e-06
6.411713166103796e-05 6.165758400342146e-06 -3.526783092446659e-05 -2.150244671570432e-06
8.056042008298102e-05 1.145819399295433e-05 -4.448401768907028e-05 -5.151153662650892e-06
7.981680166223546e-05 1.176620672949007e-05 -4.407082288879902e-05 -5.322299623504599e-06
7.169051075956083e-05 8.962337849464960e-06 -3.955460001380324e-05 -3.760035020380175e-06
7.458076049069609e-05 1.176604923842312e-05 -4.113141708923433e-05 -5.363737209954181e-06
6.934630398761101e-05 6.160573648202955e-06 -3.831575793310613e-05 -2.198694783189073e-06
8.086843882817964e-05 1.071458406989561e-05 -4.465691087776077e-05 -4.741418134168487e-06
7.910881497160257e-05 8.961880086255430e-06 -4.371419217611122e-05 -3.795113626176322e-06
7.458090955831729e-05 6.158149395230260e-06 -4.117064757505838e-05 -2.216805073208984e-06
8.086849224666824e-05 7.209138442114468e-06 -4.472178323565041e-05 -2.814065596583321e-06
7.981689203407171e-05 6.157558571925885e-06 -4.413761664136494e-05 -2.223180961910257e-06
8.056048597068092e-05 6.465556160791393e-06 -4.455166755643939e-05 -2.396284322675337e-06
