7.550607960172849e-05 -1.130774995268719e-05 -4.342435932221504e-06 2.416786073521180e-06
7.578678440863747e-05 -1.063017262051492e-05 -4.310155309912695e-06 2.485950512489992e-06
7.578702921887512e-05 -7.435805440195264e-06 -4.233146257016678e-06 2.803014683597124e-06
7.550635175114642e-05 -6.758217041322814e-06 -4.255006814926853e-06 2.863566244939986e-06
7.482843236538904e-05 -1.158839653091364e-05 -4.415456553020272e-06 2.388674245838676e-06
7.355750981407611e-05 -9.033004640522831e-06 -4.492459785810532e-06 2.635228735518491e-06
7.482873056772929e-05 -6.477561135142889e-06 -4.312933195672388e-06 2.888405370199976e-06
7.005729039384831e-05 -1.158748104142249e-05 -4.868804480541826e-06 2.434876929823086e-06
7.005755720175405e-05 -6.478069465478113e-06 -4.730177551864171e-06 2.836624175917655e-06
6.742407463357506e-05 -9.032503406826537e-06 -4.964546926310692e-06 2.661430336901693e-06
6.528841490053858e-05 -1.158480151087609e-05 -5.255912219699571e-06 2.540572473741646e-06
6.528878754869420e-05 -6.479608705024374e-06 -5.010725621567790e-06 2.746718333233857e-06
6.290585460633704e-05 -9.032093987880102e-06 -5.191092081884217e-06 2.676710188964404e-06
6.052544756815151e-05 -1.158059303947664e-05 -5.472190925472789e-06 2.664019187892316e-06
6.052538005150197e-05 -6.482703954628974e-06 -5.155892023710952e-06 2.685726931060044e-06
5.814630650529576e-05 -9.031429239287582e-06 -5.217804171945588e-06 2.700683949000267e-06
5.577050782028588e-05 -1.157449992395622e-05 -5.397341346280765e-06 2.788097345377100e-06
5.577037214890542e-05 -6.487526019516857e-06 -4.981570579652692e-06 2.619927624272399e-06
5.339646823454612e-05 -9.030749083900413e-06 -5.028732189530113e-06 2.699122954792255e-06
5.102678611964540e-05 -1.156690359291663e-05 -5.144435363827648e-06 2.802686165895019e-06
5.102678778474038e-05 -6.494213101743910e-06 -4.767686767587255e-06 2.620074304693222e-06
4.865966224170039e-05 -9.030225853985591e-06 -4.854936343266708e-06 2.695828982137506e-06
4.629826789391909e-05 -1.155681517650511e-05 -4.945253822072860e-06 2.755712088996164e-06
4.629860029055458e-05 -6.503639055202170e-06 -4.586782913257075e-06 2.602944145824547e-06
4.394051374240403e-05 -9.030017723959917e-06 -4.638886320048671e-06 2.671319343104802e-06
4.159036599927350e-05 -1.154317930054526e-05 -4.844527487092711e-06 2.649459772389549e-06
4.159104129940717e-05 -6.517005191925954e-06 -4.587509580977220e-06 2.661064649528032e-06
3.924530724351647e-05 -9.030138566952691e-06 -4.551230556884106e-06 2.620924395765196e-06
3.691100124583006e-05 -1.152462120353811e-05 -4.842729684568521e-06 2.646736720453200e-06
3.691175876395114e-05 -6.535980421397872e-06 -4.748512272122932e-06 2.600827280261891e-06
3.458375960035480e-05 -9.030494856918477e-06 -4.456262894241788e-06 2.572174938517721e-06
3.227247247834633e-05 -1.149806059300806e-05 -4.833317224279684e-06 2.543678649805096e-06
3.227334073361974e-05 -6.563396021176024e-06 -4.815861039841694e-06 2.560427470508030e-06
2.997113216706951e-05 -9.031003355508487e-06 -4.469175579715804e-06 2.491479076560929e-06
2.769260652035539e-05 -1.145993940220907e-05 -4.848208550113587e-06 2.476875467231841e-06
2.769329317912505e-05 -6.602515041492385e-06 -4.797576413983832e-06 2.494726561730812e-06
2.551868879563896e-05 -9.030943311075177e-06 -4.614131715347051e-06 2.442178068029419e-06
2.337449671418879e-05 -1.140882331136584e-05 -4.881493282725412e-06 2.421336821534436e-06
2.337464690187207e-05 -6.656096969398643e-06 -4.741454506431636e-06 2.435406683998240e-06
2.177572343917373e-05 -9.213757947531938e-06 -4.745024699174442e-06 2.391671303425172e-06
2.017632792957090e-05 -1.135615608675788e-05 -4.817209324906175e-06 2.440197806588649e-06
2.017500388188634e-05 -6.710982636131547e-06 -4.719175977235535e-06 2.331606293467173e-06
1.790141734342415e-05 -1.130638538250867e-05 -4.728813471547054e-06 2.524694936451226e-06
1.833030829643876e-05 -9.813527157911308e-06 -4.760564905839813e-06 2.409869539822908e-06
1.789858006501746e-05 -6.748402277201840e-06 -4.705115078586029e-06 2.273502125899539e-06
1.627512231453091e-05 -6.789948535428659e-06 -4.583420143603203e-06 2.161949024237516e-06
-2.505606151285868e-06 -4.299250092976194e-07 9.042384888676524e-07 -3.823549043237615e-07
-2.554806089837020e-06 -3.115426992078491e-07 9.195857293651167e-07 -4.289874740246214e-07
-2.554498170665354e-06 1.290878537267861e-07 9.253477849598450e-07 -6.039874934303035e-07
-2.505562111866267e-06 2.457000608885825e-07 9.112724391134467e-07 -6.525738391895900e-07
1.627163752064972e-05 -1.126988364342255e-05 -4.588246943752573e-06 2.549452546636481e-06
1.482476192999224e-05 -1.115367717660503e-05 -4.420561761958603e-06 2.581650923610966e-06
1.593305747450848e-05 -8.472567100306816e-06 -4.589673314553610e-06 2.279694858131161e-06
1.481282269482359e-05 -6.708481837510380e-06 -4.491037152282651e-06 2.035212224568876e-06
-2.387778200542844e-06 -4.789069868284593e-07 8.657622708276492e-07 -3.608803744116574e-07
-2.269275586554994e-06 4.419340836900467e-09 8.219254210857991e-07 -5.508321960989254e-07
-2.388846210296988e-06 2.943630816136508e-07 8.720288859902936e-07 -6.746316656865542e-07
1.435616998876624e-05 -9.779368006736664e-06 -4.383553107147637e-06 2.441489695771134e-06
1.341735602209953e-05 -1.086712538163991e-05 -4.211513496721545e-06 2.615734223836583e-06
1.207609288892476e-05 -1.043814758626206e-05 -3.965074806743654e-06 2.620162191222212e-06
1.392132706077375e-05 -7.914907409857781e-06 -4.362805976455525e-06 2.187308754070730e-06
1.343104873617070e-05 -6.394829928880512e-06 -4.267117067242462e-06 1.844345805490458e-06
-1.589811812762695e-06 -4.925441177906271e-07 5.127761051749512e-07 -3.248200952223848e-07
-1.589295988491027e-06 3.085381788635418e-07 4.949383626944786e-07 -6.871951456368643e-07
-1.175382273388536e-06 -9.226772263767552e-08 3.235781203646931e-07 -5.107978794695124e-07
1.082133182994910e-05 -9.856481077267351e-06 -3.692857605900843e-06 2.597784522205826e-06
1.189021484046899e-05 -9.036988207167915e-06 -3.944981170826284e-06 2.426907963609384e-06
1.234993073737241e-05 -7.299681729312741e-06 -4.036777765108262e-06 2.020989850216962e-06
1.215996545542820e-05 -5.868137589962969e-06 -3.994613795927704e-06 1.616077184176220e-06
-7.252343270274245e-07 -5.695301372881736e-07 1.612753080313464e-07 -3.778059027172538e-07
-7.257269969039017e-07 3.836861632638712e-07 1.632659662565695e-07 -6.431902623124848e-07
-2.120615754771624e-07 -9.365161725014657e-08 1.910064391130038e-08 -5.047775629532821e-07
9.655059271888516e-06 -9.154953796539686e-06 -3.393588397978765e-06 2.487022419703265e-06
8.605827197216387e-06 -8.345352138390727e-06 -3.036798812131437e-06 2.284589384093407e-06
1.075119745921302e-05 -7.032767058725057e-06 -3.647906551590561e-06 1.928236781695586e-06
1.103354541062118e-05 -5.144536019755081e-06 -3.726650299072727e-06 1.360849624476226e-06
3.788180331917903e-07 -7.354910890275947e-07 -1.507550131413243e-07 -2.730688027785946e-07
3.784039813589325e-07 5.466376205883816e-07 -1.579584531047795e-07 -7.249542738002222e-07
8.872418774988847e-06 -7.115245052250325e-06 -3.107068525649029e-06 1.940112360288569e-06
7.680317920085644e-06 -7.429171255280591e-06 -2.700873802578987e-06 2.041220496951581e-06
9.313781068005717e-06 -5.748039465962409e-06 -3.221616997549242e-06 1.529399213663515e-06
1.007885163410513e-05 -4.271240108557106e-06 -3.444518403512014e-06 1.040141618070501e-06
1.030854296267483e-06 -9.538018718643966e-08 -3.678379656583440e-07 -4.992154376219722e-07
1.808604602745512e-06 -9.749557825201410e-07 -6.331951503479556e-07 -1.658275535052535e-07
1.806722216820801e-06 7.841805147154581e-07 -6.435206593109225e-07 -8.195784815950118e-07
6.869664732152062e-06 -6.435261194284931e-06 -2.396080703528658e-06 1.752005814415725e-06
6.205042299026853e-06 -5.394911329288593e-06 -2.118252374338743e-06 1.380334507770508e-06
5.680035903017989e-06 -4.296246846630491e-06 -1.924594985559810e-06 9.892480309738795e-07
8.417620094175471e-06 -4.532249572262121e-06 -2.878560572235682e-06 1.098116822065840e-06
9.315548910872637e-06 -3.288378366680124e-06 -3.162786868337242e-06 6.673756424988279e-07
2.433400163882926e-06 -9.968579855192433e-08 -8.583868242324634e-07 -4.903415493032749e-07
3.202542857056138e-06 -1.210772669476458e-06 -1.132447856627326e-06 -1.014294590934952e-07
3.202168740434434e-06 1.026922571021372e-06 -1.081755138906774e-06 -8.338123454973007e-07
6.796060183547644e-06 -4.293193312086069e-06 -2.313749124668612e-06 9.932878120889333e-07
5.282420143184668e-06 -3.168393437619382e-06 -1.786638599862609e-06 5.915331561800309e-07
4.471081427447473e-06 -1.411270262185761e-06 -1.512013194291562e-06 -4.392867920528214e-08
4.840888485065341e-06 -1.609876091848551e-06 -1.632766993016069e-06 3.153986006165097e-08
5.037604984081685e-06 -2.014217625020201e-06 -1.700765460418039e-06 1.825900953004852e-07
7.794553712924184e-06 -3.145378218771965e-06 -2.643440598116742e-06 6.063614240830166e-07
8.748825156422166e-06 -2.239270486570393e-06 -2.966915088114652e-06 3.021899491306180e-07
3.893435206760408e-06 -2.643700678949083e-07 -1.335400676252586e-06 -3.992241216387409e-07
4.474978208509172e-06 1.202524706390602e-06 -1.514641440571946e-06 -8.687555587006940e-07
6.055720884210521e-06 -2.371188861546456e-06 -2.055994515613666e-06 3.201334186233579e-07
4.866178600392427e-06 -8.208673724804194e-07 -1.639603355085905e-06 -2.301721665925031e-07
5.305619527339283e-06 -1.470688864841685e-06 -1.792718965149722e-06 -7.969420507309302e-09
7.349639859828983e-06 -1.914985827278910e-06 -2.497956860295766e-06 1.850328585607731e-07
8.397096746851305e-06 -1.168251757024621e-06 -2.855419535222570e-06 -6.635372947698427e-08
4.891499703304834e-06 4.493584344854712e-07 -1.648710911863484e-06 -6.290418884663717e-07
4.837396182392445e-06 1.393726831256706e-06 -1.631527765088744e-06 -9.291460564061088e-07
6.290034878147892e-06 -5.575043427233137e-07 -2.130007625005588e-06 -3.034051217766271e-07
8.277326127316933e-06 -9.702905113862306e-08 -2.792938762922116e-06 -4.275721612353534e-07
8.390489565861003e-06 9.599139157382780e-07 -2.800309101931426e-06 -7.713382216855937e-07
5.643595818518021e-06 1.137434882261846e-06 -1.894331178842366e-06 -8.471015987078109e-07
5.047405160349744e-06 1.805635621929980e-06 -1.697811003096688e-06 -1.058095236018926e-06
5.301722256087105e-06 2.946691343723662e-06 -1.763028256261425e-06 -1.418452557442716e-06
7.323546791099346e-06 1.091887296587625e-06 -2.442236143589163e-06 -8.213562341999702e-07
5.688186659216613e-06 4.066329923115694e-06 -1.865568058277155e-06 -1.815411910412498e-06
8.732072031651765e-06 2.030617505768351e-06 -2.897319783361346e-06 -1.137508098228296e-06
6.327249692913521e-06 2.982179512854682e-06 -2.093682366512356e-06 -1.426267505843639e-06
7.853643598438005e-06 3.067971664382629e-06 -2.611161929375910e-06 -1.474212426077722e-06
6.214746687054260e-06 5.140364385880446e-06 -2.035770178396397e-06 -2.209742788094436e-06
9.285352135638984e-06 3.068732703686551e-06 -3.089176567446398e-06 -1.488751065744963e-06
8.835982655327120e-06 4.106589715096156e-06 -2.950773502725288e-06 -1.846201231841240e-06
7.760492977317934e-06 4.763699054760088e-06 -2.587413392750946e-06 -2.073174738446081e-06
6.869920783010712e-06 6.180473719862514e-06 -2.260945117114373e-06 -2.601096032859926e-06
7.668797030513469e-06 7.161561914622836e-06 -2.542792275937370e-06 -2.968146118153550e-06
1.004935758932784e-05 4.034188672438097e-06 -3.379874803388975e-06 -1.825996980764219e-06
9.504344049498613e-06 5.288548493980589e-06 -3.204120688647776e-06 -2.261164009381793e-06
8.859441831449946e-06 6.774407542819785e-06 -2.979074798629855e-06 -2.814677420822923e-06
8.583811184123281e-06 8.070922029535057e-06 -2.868227882655319e-06 -3.320558120112043e-06
1.099794171729330e-05 4.890880136153304e-06 -3.731614350264937e-06 -2.115390456895774e-06
1.071295808460593e-05 6.767852786554149e-06 -3.636613323134102e-06 -2.794450639109102e-06
9.623480327851857e-06 8.874897424304200e-06 -3.227437189943161e-06 -3.634055532872763e-06
1.078140131474071e-05 9.573338219126733e-06 -3.630242289899460e-06 -3.902339985257273e-06
1.202935694711105e-05 1.015577614974581e-05 -4.082492173582177e-06 -4.156245040748838e-06
1.212749547351786e-05 7.174363929168390e-06 -4.138727559970860e-06 -2.949242413474133e-06
1.211586996379961e-05 5.605785383147633e-06 -4.136028680538586e-06 -2.362715468407952e-06
1.184353732865614e-05 8.757601877621291e-06 -4.016301689595143e-06 -3.582096059916312e-06
1.336526917554306e-05 1.058656898697391e-05 -4.572529012867526e-06 -4.362141128608338e-06
1.476896257217510e-05 1.087157455061805e-05 -5.161107111698041e-06 -4.536236293911017e-06
1.327308270256620e-05 7.525161092055730e-06 -4.572882028256995e-06 -3.088508220969380e-06
1.338329048959292e-05 6.128916680327018e-06 -4.622295688189032e-06 -2.542030737480292e-06
1.621006978636974e-05 1.099217913734493e-05 -5.786869113657368e-06 -4.643248079443321e-06
1.458874179199056e-05 8.842022884950023e-06 -5.071330055087979e-06 -3.618256684620090e-06
1.475883006757740e-05 6.435679817611660e-06 -5.183399717457430e-06 -2.628992172127456e-06
1.652537093370365e-05 9.064071715983644e-06 -5.915779042655367e-06 -3.728768713730869e-06
1.783756669502576e-05 1.103757959957365e-05 -6.556658573111041e-06 -4.755044050067480e-06
1.619812896676568e-05 6.521921586344190e-06 -5.791009661510905e-06 -2.613945167498756e-06
2.011572332032695e-05 1.108266819537278e-05 -7.752882348848208e-06 -4.869313607871761e-06
1.829899308472565e-05 7.955423709315300e-06 -6.737780168008055e-06 -3.177561766524766e-06
1.783594549886988e-05 6.475120485948455e-06 -6.551063225665876e-06 -2.489540411090808e-06
2.333976347404139e-05 1.115166861977297e-05 -9.661057532554768e-06 -5.082373508849575e-06
2.172475978576398e-05 8.567233600572325e-06 -8.626951821246154e-06 -3.475072295276467e-06
2.011793988154685e-05 6.414203761953863e-06 -7.712417577384297e-06 -2.279653395451406e-06
2.772545888408806e-05 1.122373365583659e-05 -1.265513239999806e-05 -5.263873557840082e-06
2.551206710806944e-05 8.749276518857683e-06 -1.107681146289952e-05 -3.581698836718715e-06
2.334127195624032e-05 6.344894702440749e-06 -9.646468378057727e-06 -2.068831980905152e-06
3.241383453508089e-05 1.128097140402766e-05 -1.596619486480594e-05 -5.352268633704247e-06
3.005193665886837e-05 8.746874581920779e-06 -1.424426496927255e-05 -3.594703598421981e-06
2.772638904245144e-05 6.271647906465497e-06 -1.258850495923355e-05 -1.902470932034383e-06
3.719761771002974e-05 1.132483114725609e-05 -1.928690405437400e-05 -5.308571924938988e-06
3.479193897538399e-05 8.745084092220107e-06 -1.758257333043114e-05 -3.586514780972676e-06
3.241452882169381e-05 6.211020994175067e-06 -1.588666186969758e-05 -1.826250539420803e-06
4.205470338356465e-05 1.135873094959826e-05 -2.244184116523183e-05 -5.276076957791091e-06
3.961549510877949e-05 8.743475434629517e-06 -2.081087311134018e-05 -3.560750702189729e-06
3.719813591509644e-05 6.163797749141411e-06 -1.919788165165243e-05 -1.829328405854524e-06
4.696920609429195e-05 1.138556501679526e-05 -2.569361324753695e-05 -5.318635999208250e-06
4.450335627001328e-05 8.742157935050107e-06 -2.401920515383020e-05 -3.558718469158207e-06
4.205497417227869e-05 6.126951926644303e-06 -2.241102728230429e-05 -1.810749585505429e-06
5.193015698515653e-05 1.140699031697090e-05 -2.905715537632331e-05 -5.349324799019586e-06
4.944265264652059e-05 8.740936857979781e-06 -2.732475057563471e-05 -3.520559176144015e-06
4.696930259169260e-05 6.097523116777459e-06 -2.569916895582463e-05 -1.762832843941502e-06
5.692895037097626e-05 1.142352716708732e-05 -3.248018502632688e-05 -5.271618453217024e-06
5.442405293651577e-05 8.739681469430743e-06 -3.071053348957469e-05 -3.512990757787441e-06
5.193039229780467e-05 6.073535941538021e-06 -2.899819195225585e-05 -1.728401003994198e-06
6.195642241393111e-05 1.143492933275331e-05 -3.571020680853879e-05 -5.218454739193977e-06
5.943890896437715e-05 8.738476669735752e-06 -3.402636538684788e-05 -3.534567833142123e-06
5.692933753577591e-05 6.054505992697127e-06 -3.230133906061163e-05 -1.807924855013507e-06
6.700213580942033e-05 1.144088627686324e-05 -3.872245606025578e-05 -5.219970113948233e-06
6.447737860298155e-05 8.737319473061086e-06 -3.715915523947012e-05 -3.589810201314111e-06
6.195694188059502e-05 6.040800155485519e-06 -3.553947747430903e-05 -1.867682373895496e-06
7.782691222654437e-05 1.114551332783228e-05 -4.512774882152105e-05 -5.067013203433664e-06
7.710918652661797e-05 1.144280001366269e-05 -4.469925083990516e-05 -5.244922599097913e-06
6.926512778016351e-05 8.736591259505671e-06 -4.002057667577939e-05 -3.632424713896697e-06
7.205529393474156e-05 1.144257152465549e-05 -4.168896225265823e-05 -5.239433885783765e-06
6.700227893146472e-05 6.033031673678585e-06 -3.861422365812646e-05 -1.958335279379844e-06
7.812420118380303e-05 1.042779353127696e-05 -4.530478121983624e-05 -4.636426321909639e-06
7.642573693068802e-05 8.736071075287800e-06 -4.428030229169737e-05 -3.619886621576555e-06
7.205528551899232e-05 6.029967247990458e-06 -4.167798429882859e-05 -2.003542544418136e-06
7.812407212508402e-05 7.044413990318196e-06 -4.527884618704332e-05 -2.617079359521359e-06
7.710907264840976e-05 6.029458004764617e-06 -4.467400447974778e-05 -2.014198256804063e-06
7.782678182462091e-05 6.326729102787855e-06 -4.510135842412759e-05 -2.191068428310487e-06
