7.564118698702210e-05 -1.138405469321621e-05 -4.299395432077842e-06 2.425845312102092e-06
7.592098648484741e-05 -1.070850821745250e-05 -4.267354844101841e-06 2.489894705534430e-06
7.592083973326188e-05 -7.524013675027440e-06 -4.185102338708511e-06 2.771989998232748e-06
7.564101817654000e-05 -6.848453706717296e-06 -4.204137999895931e-06 2.821881278771577e-06
7.496567389364480e-05 -1.166388135249854e-05 -4.370348341494151e-06 2.400432316437168e-06
7.369867779636082e-05 -9.116254612074397e-06 -4.410822831896840e-06 2.611778202226077e-06
7.496547399935254e-05 -6.568623365069077e-06 -4.253970537426014e-06 2.840780998811132e-06
7.020949976234725e-05 -1.166427999629113e-05 -4.762107027919952e-06 2.435752810754282e-06
7.020921318020621e-05 -6.568398632481238e-06 -4.566199310052490e-06 2.773066513677177e-06
6.758291712234361e-05 -9.116519388143314e-06 -4.925512888672969e-06 2.640659757401132e-06
6.545157295104957e-05 -1.166525131081689e-05 -5.075643094497854e-06 2.541473796295546e-06
6.545099442182638e-05 -6.567772223127657e-06 -4.876758109084719e-06 2.764748687656181e-06
6.307149267805811e-05 -9.116751915697536e-06 -5.083852396753893e-06 2.599188063325253e-06
6.069204034983798e-05 -1.166524832598014e-05 -5.046753895022305e-06 2.568799695520358e-06
6.069139706408825e-05 -6.568239661701118e-06 -5.059229375195147e-06 2.694153954064418e-06
5.831202755191739e-05 -9.116994271688887e-06 -5.117993637455124e-06 2.629491297276627e-06
5.593437934161631e-05 -1.166299805964588e-05 -5.064594233404700e-06 2.760649858571389e-06
5.593353369649030e-05 -6.571043568914613e-06 -5.085585577513427e-06 2.550226510178021e-06
5.355692584802971e-05 -9.116971312117230e-06 -4.975792464064804e-06 2.646320658261071e-06
5.118414714636669e-05 -1.165691379135026e-05 -4.889468838439354e-06 2.726649537192813e-06
5.118321769377389e-05 -6.576808351847120e-06 -4.863355413671976e-06 2.474893228501198e-06
4.881260141970394e-05 -9.116572890491233e-06 -4.704425075980252e-06 2.649013678153197e-06
4.644818616521940e-05 -1.164656032219441e-05 -4.655576257032515e-06 2.712074372911656e-06
4.644709063722116e-05 -6.586057424167147e-06 -4.493128279559539e-06 2.446652586562581e-06
4.408603562883750e-05 -9.115697676929631e-06 -4.424843226216092e-06 2.610368319057037e-06
4.173390655490913e-05 -1.163106492874328e-05 -4.348143009524025e-06 2.724653476463431e-06
4.173286290815976e-05 -6.599494822947069e-06 -4.114687332331961e-06 2.403519501368925e-06
3.938559753529663e-05 -9.114445022571605e-06 -4.239100679085294e-06 2.596272798878513e-06
3.705128328169259e-05 -1.160880699530030e-05 -4.132732751074296e-06 2.595197492453374e-06
3.705043830082475e-05 -6.618790532189016e-06 -3.836821565606215e-06 2.507973649577862e-06
3.472296838236094e-05 -9.112821207983110e-06 -4.255534614954671e-06 2.559811640786614e-06
3.241363948889165e-05 -1.157797342276741e-05 -4.159682988667516e-06 2.414452209022059e-06
3.241300364439939e-05 -6.646003696099369e-06 -3.821662527952076e-06 2.644926334095506e-06
3.011315702653436e-05 -9.111085594337404e-06 -4.421438554204426e-06 2.526514318687657e-06
2.783783536257487e-05 -1.153696916725621e-05 -4.387972515997384e-06 2.462703802439460e-06
2.783693899065627e-05 -6.683686441344292e-06 -4.061911573066461e-06 2.575037933750565e-06
2.566550460975174e-05 -9.109080738764343e-06 -4.551961940101194e-06 2.476088200029496e-06
2.352401607196332e-05 -1.148515508612489e-05 -4.630933261227587e-06 2.404920120653561e-06
2.352272411953526e-05 -6.734428233681337e-06 -4.396535668984917e-06 2.528775704935322e-06
2.192572140913565e-05 -9.290414913517920e-06 -4.636201585485006e-06 2.407928154574488e-06
2.032651616352596e-05 -1.143339921781049e-05 -4.624672038779920e-06 2.444660034209992e-06
2.032439489692204e-05 -6.786004600764360e-06 -4.520988577782606e-06 2.431003544881649e-06
1.804953581951374e-05 -1.138552397908037e-05 -4.511428772152398e-06 2.492818228904367e-06
1.847957458650827e-05 -9.889921764264932e-06 -4.558131471355965e-06 2.390001425554883e-06
1.804637911160303e-05 -6.820793271183884e-06 -4.510518124989469e-06 2.316965669947242e-06
1.641987164579321e-05 -6.859437081879422e-06 -4.411547116605253e-06 2.200827507977137e-06
-2.535819648784392e-06 -4.226068246030145e-07 9.558068345383727e-07 -4.998689791171348e-08
-2.585722830123558e-06 -3.025386096293641e-07 9.773113226946728e-07 -1.053161001256493e-07
-2.585488307850239e-06 1.443412912069653e-07 9.778666409646974e-07 -3.216552136662940e-07
-2.535871899957215e-06 2.626184654402141e-07 9.558817427235490e-07 -3.755516775661412e-07
1.641689819285622e-05 -1.135056179917047e-05 -4.389503699754709e-06 2.520704777904337e-06
1.496540490173608e-05 -1.123559406405897e-05 -4.325668005128592e-06 2.530570658589635e-06
1.607817512710377e-05 -8.545939077539474e-06 -4.428152463392920e-06 2.330193344307673e-06
1.495411346085326e-05 -6.774535970142135e-06 -4.332289717868424e-06 2.080103773528953e-06
-2.416312960884749e-06 -4.722870168038613e-07 9.034772754356694e-07 -2.724969648861761e-08
-2.296164686655338e-06 1.785230261058724e-08 8.496830729046597e-07 -2.613536804971219e-07
-2.417500732406948e-06 3.119563214608534e-07 9.030622429461872e-07 -3.966072653324819e-07
1.449586156154441e-05 -9.857164462621167e-06 -4.317091599157373e-06 2.427039761057793e-06
1.355236252186404e-05 -1.095006932948356e-05 -4.178966844795378e-06 2.570704071237362e-06
1.220408574818021e-05 -1.052056328973744e-05 -3.990487946198181e-06 2.548335084626295e-06
1.405953771646102e-05 -7.984973346590515e-06 -4.276447527396001e-06 2.198175437332079e-06
1.356672778573059e-05 -6.456082219511927e-06 -4.227245323263973e-06 1.948559831223245e-06
-1.606898379885505e-06 -4.862883683922572e-07 5.704822274377888e-07 -4.527853907445915e-08
-1.606480693508148e-06 3.259186631398536e-07 5.721423548015192e-07 -4.059531184546713e-07
-1.186638850251758e-06 -8.049040265734741e-08 3.819561334491417e-07 -2.379749567469204e-07
1.094113214130320e-05 -9.937657249558045e-06 -3.804763666358161e-06 2.496179201009186e-06
1.201771655409991e-05 -9.112825586044621e-06 -3.982027568346365e-06 2.365829665057487e-06
1.247987984412387e-05 -7.365397269946361e-06 -4.053114341688639e-06 2.106198492239855e-06
1.228875558862033e-05 -5.923012844774191e-06 -4.026546594530373e-06 1.774224103876295e-06
-7.305278189492865e-07 -5.635540978690484e-07 1.621708390918539e-07 -4.629902291647773e-08
-7.309542803358973e-07 4.014105436053274e-07 1.567197400835264e-07 -4.591250858644553e-07
-2.111566840738522e-07 -8.171167109852328e-08 -4.863572899920597e-08 -2.654529034079657e-07
9.766067468183010e-06 -9.232845478508498e-06 -3.596515288374902e-06 2.407729089601780e-06
8.707174539453906e-06 -8.418130125362051e-06 -3.259152384096607e-06 2.268824565527570e-06
1.087040485010117e-05 -7.095933937830970e-06 -3.759656812521546e-06 2.062599077603493e-06
1.115474705282284e-05 -5.191622304863588e-06 -3.796340378221441e-06 1.532176240421914e-06
3.864866931008800e-07 -7.306648563810640e-07 -2.849409749098129e-07 -2.194574143390760e-08
3.860972433097825e-07 5.658132979368638e-07 -2.819190229810138e-07 -5.330815496402151e-07
8.975843827196988e-06 -7.178840407568094e-06 -3.289661094402447e-06 2.043770184286510e-06
7.772153434737588e-06 -7.495484878884343e-06 -2.989826411383313e-06 2.115431252161954e-06
9.420763585710276e-06 -5.799601202731295e-06 -3.364526748850510e-06 1.709628275867240e-06
1.019250298530494e-05 -4.308541658828945e-06 -3.566555133804766e-06 1.240893877694496e-06
1.045563577279396e-06 -8.330575459922081e-08 -5.418134799619194e-07 -3.067477748562526e-07
1.831471782219483e-06 -9.722367000552229e-07 -7.846720828603812e-07 -5.764019323574510e-08
1.829678663592053e-06 8.059103641661130e-07 -7.986064217149201e-07 -6.125274607015264e-07
6.952676918835161e-06 -6.492976766382287e-06 -2.747872876254110e-06 1.961466977031142e-06
6.279627937566671e-06 -5.442114096479831e-06 -2.445141681727960e-06 1.612624733596675e-06
5.747567272897966e-06 -4.331967578763367e-06 -2.197868387902236e-06 1.221147720505281e-06
8.515325706180180e-06 -4.571383204877727e-06 -3.129914452424298e-06 1.339994980678465e-06
9.422265209691394e-06 -3.314193692381983e-06 -3.406525709180039e-06 9.149480704940267e-07
2.462926548287354e-06 -8.734510237200455e-08 -9.863830951406545e-07 -3.293353861186695e-07
3.240213144156430e-06 -1.210424678962302e-06 -1.252059032178542e-06 6.079862978758438e-08
3.240066865496259e-06 1.051843780207480e-06 -1.250804550864429e-06 -6.936756698353308e-07
6.876516616023052e-06 -4.329223873421664e-06 -2.631902275986641e-06 1.239254470253855e-06
5.344467496798368e-06 -3.191277757469169e-06 -2.009105054280942e-06 7.971484682817120e-07
4.522715699824775e-06 -1.413307799927393e-06 -1.684521743043341e-06 1.613756667519695e-07
4.896817985908937e-06 -1.614347346653455e-06 -1.814552209265508e-06 2.380290359599286e-07
5.096017645760789e-06 -2.023617109637299e-06 -1.889595556365913e-06 3.911229477557559e-07
7.885301837372115e-06 -3.169028935355806e-06 -2.949520420254011e-06 8.709051180120498e-07
8.849964030949311e-06 -2.252594605358982e-06 -3.293891295226607e-06 5.668740751048834e-07
3.938624443736943e-06 -2.534402831592580e-07 -1.488255217858024e-06 -2.443373001082007e-07
4.526606778768729e-06 1.230095538583085e-06 -1.708034077821474e-06 -7.991695576652239e-07
6.126376799983053e-06 -2.385100852528292e-06 -2.274881755574296e-06 5.379152182456673e-07
4.922274337692295e-06 -8.161795645385034e-07 -1.823833419005729e-06 -4.540438320336810e-08
5.366972875040168e-06 -1.473617987523636e-06 -1.979130840609731e-06 1.902131860973120e-07
7.434843744111592e-06 -1.923982150708113e-06 -2.760237428184445e-06 4.091570165005336e-07
8.494130222789056e-06 -1.168458397393488e-06 -3.188743970844398e-06 9.584322140039441e-08
4.947654062985146e-06 4.686136334035092e-07 -1.844904065405739e-06 -5.244371815398427e-07
4.892870235002240e-06 1.423712704045345e-06 -1.818502742307487e-06 -8.901319259254610e-07
6.362310553610468e-06 -5.498567454459637e-07 -2.329072857268260e-06 -1.503797486203262e-07
8.372258632878803e-06 -8.428775314613412e-08 -3.129731933780405e-06 -3.457106494707269e-07
8.485432338887321e-06 9.850364725390535e-07 -3.110211117582074e-06 -7.484445419502285e-07
5.708015994911852e-06 1.164764188558651e-06 -2.118125179912542e-06 -8.031180942603495e-07
5.105081454667278e-06 1.840497018216016e-06 -1.881893583829781e-06 -1.067793879087759e-06
5.361734960964607e-06 2.994545193321130e-06 -1.955909100794136e-06 -1.538040388936966e-06
7.406580338952734e-06 1.118870423224959e-06 -2.730907351749164e-06 -8.139353196407800e-07
5.752084964570319e-06 4.126591337590769e-06 -2.105320946343775e-06 -1.948626640965154e-06
8.829461728477329e-06 2.068038430653591e-06 -3.167872857592564e-06 -1.162801392378214e-06
6.398444611428752e-06 3.030414648607146e-06 -2.362145048560855e-06 -1.542657375719155e-06
7.941016277983443e-06 3.116995908134481e-06 -2.857104247828376e-06 -1.559066039119880e-06
6.283863059596276e-06 5.212403016629612e-06 -2.307365815599384e-06 -2.328183660617045e-06
9.387626153488519e-06 3.117615541280033e-06 -3.311872039803204e-06 -1.571257824043908e-06
8.933011201911932e-06 4.166884926726540e-06 -3.140973324977990e-06 -1.945149404206012e-06
7.845980475643472e-06 4.831425586861112e-06 -2.816613854892056e-06 -2.178127055005020e-06
6.945618170931848e-06 6.263907205978326e-06 -2.552429555648370e-06 -2.646208171409379e-06
7.752347919089966e-06 7.255665538816253e-06 -2.774476840783172e-06 -2.915910436167730e-06
1.015896679532857e-05 4.093494432362757e-06 -3.485955658435944e-06 -1.912278581949482e-06
9.607686416777772e-06 5.361634668435715e-06 -3.293203523906951e-06 -2.314455137986733e-06
8.955378506211608e-06 6.864200030983873e-06 -3.104240067947600e-06 -2.791249089015378e-06
8.676534232060578e-06 8.175703343864650e-06 -3.023011486058788e-06 -3.235337086767294e-06
1.111728126252827e-05 4.959083901576357e-06 -3.767889634091199e-06 -2.154161980102761e-06
1.082843410731519e-05 6.857375984362680e-06 -3.652484672819890e-06 -2.761599549298604e-06
9.726634419877855e-06 8.989485860547192e-06 -3.295022551595599e-06 -3.544545370824384e-06
1.089715257109151e-05 9.697307950040607e-06 -3.654169506417470e-06 -3.860459869106223e-06
1.215962197221862e-05 1.028888397771827e-05 -4.075554801121981e-06 -4.178245306672028e-06
1.225909108393938e-05 7.268600672621627e-06 -4.171259030744979e-06 -2.890850279939309e-06
1.224767030185845e-05 5.681314666640918e-06 -4.176020256831800e-06 -2.334090492903809e-06
1.197118739879249e-05 8.871872046493593e-06 -4.007207537434808e-06 -3.551245282001781e-06
1.351213625213014e-05 1.072699372200696e-05 -4.577083219039122e-06 -4.437945315005469e-06
1.493513846731050e-05 1.101817999038140e-05 -5.239401356042322e-06 -4.657371385930309e-06
1.341869257008413e-05 7.623603568435585e-06 -4.622190220879579e-06 -3.020335702447744e-06
1.353073099302296e-05 6.209432671269366e-06 -4.688307727540878e-06 -2.470632511481485e-06
1.639685830844269e-05 1.114270492191833e-05 -5.990796327515318e-06 -4.775941221263812e-06
1.475136105856461e-05 8.958647806085168e-06 -5.136794834804205e-06 -3.606025086991669e-06
1.492451397195342e-05 6.518173767284592e-06 -5.247736527794522e-06 -2.525837495942598e-06
1.671644029302554e-05 9.184553725700924e-06 -6.153606718550166e-06 -3.756014526869232e-06
1.805032366567711e-05 1.119169811406116e-05 -6.891269574319444e-06 -4.851676754779153e-06
1.638410254325268e-05 6.603803924604533e-06 -5.936398127266422e-06 -2.508143453846582e-06
2.036791725506541e-05 1.124055878305501e-05 -8.124341378413750e-06 -4.961668418121962e-06
1.851831074000378e-05 8.057900844216411e-06 -7.086692698408025e-06 -3.206913456766081e-06
1.804840489986081e-05 6.553679494990554e-06 -6.841867675699433e-06 -2.425109733849302e-06
2.365382635299418e-05 1.131476703940925e-05 -1.000310975058117e-05 -5.072016962808419e-06
2.200655720428380e-05 8.679928087117291e-06 -9.025672579075151e-06 -3.538029072460366e-06
2.037005458225838e-05 6.487959402599451e-06 -8.090476504565923e-06 -2.323776033502747e-06
2.812900254502159e-05 1.139091963269698e-05 -1.256505573720650e-05 -5.138861536562749e-06
2.586965066024857e-05 8.865447573244189e-06 -1.122296120679686e-05 -3.666294941740689e-06
2.365500022350238e-05 6.413717789619167e-06 -9.916989849864604e-06 -2.259453203590837e-06
3.291587494661025e-05 1.145028181172573e-05 -1.541404284762873e-05 -5.247153686813903e-06
3.050400050716634e-05 8.862757115164114e-06 -1.394392053935900e-05 -3.649482945798309e-06
2.812979713876997e-05 6.336530620555565e-06 -1.249709404994824e-05 -2.147997583123194e-06
3.780162782215246e-05 1.149593308449572e-05 -1.854192630011568e-05 -5.347015607757385e-06
3.534424887672344e-05 8.860608125705180e-06 -1.696676256253015e-05 -3.635591968341629e-06
3.291636239243145e-05 6.273057957711336e-06 -1.538946708839163e-05 -2.027165281322492e-06
4.276495372175097e-05 1.153138400958722e-05 -2.194132030730148e-05 -5.526183388634765e-06
4.027197526514039e-05 8.858715619235596e-06 -2.025264940221187e-05 -3.639105350686082e-06
3.780203027352749e-05 6.223303957765001e-06 -1.856212117842494e-05 -1.872370468763598e-06
4.778909518347060e-05 1.155897223211794e-05 -2.553064828673422e-05 -5.566090953112421e-06
4.526823976667384e-05 8.857088179699718e-06 -2.381608160926231e-05 -3.669867394766635e-06
4.276543727446660e-05 6.184310514807145e-06 -2.200737695981063e-05 -1.767174111183985e-06
5.286016171264422e-05 1.157989189556465e-05 -2.902128096130774e-05 -5.520902171508445e-06
5.031796465244483e-05 8.855847307145964e-06 -2.738395221527589e-05 -3.700643611586916e-06
4.778950144847724e-05 6.153912205829175e-06 -2.563897111344880e-05 -1.808526976892087e-06
5.796557643632777e-05 1.159450968282446e-05 -3.228657057777761e-05 -5.421280372686143e-06
5.540812615573691e-05 8.854918920513682e-06 -3.076796291931506e-05 -3.712286683848772e-06
5.286035823071567e-05 6.130983730780482e-06 -2.910411262278401e-05 -1.900174368255944e-06
6.309353553854084e-05 1.160382796881515e-05 -3.536869168858799e-05 -5.334304126608502e-06
6.052649700421596e-05 8.854285831013738e-06 -3.387202020416400e-05 -3.708568085428096e-06
5.796541591671081e-05 6.114759026564575e-06 -3.232426357898883e-05 -2.018392673337078e-06
6.823481386105120e-05 1.160942924948043e-05 -3.837899766849426e-05 -5.314780057713277e-06
6.566237374744393e-05 8.854049932404261e-06 -3.688148289562521e-05 -3.726900784502704e-06
6.309324742229468e-05 6.104399409411684e-06 -3.533219199887636e-05 -2.098745161593321e-06
7.926641016657128e-05 1.131004042059735e-05 -4.472524267939583e-05 -5.066044418855327e-06
7.853481423950768e-05 1.161305510548503e-05 -4.431181126356849e-05 -5.239493131224487e-06
7.054022742897294e-05 8.854043622911453e-06 -3.976364776928373e-05 -3.696336699256725e-06
7.338339614763333e-05 1.161232009432811e-05 -4.137294769233279e-05 -5.315887449779241e-06
6.823459811819816e-05 6.098495658252315e-06 -3.844531309904283e-05 -2.064125149005911e-06
7.956944865243834e-05 1.057847594564952e-05 -4.489867686803049e-05 -4.651028059095031e-06
7.783813754461675e-05 8.854053315377265e-06 -4.396275751216738e-05 -3.697120414898678e-06
7.338338142383173e-05 6.095757142199558e-06 -4.142832037862331e-05 -2.106849346204188e-06
7.956941215211370e-05 7.129651558243547e-06 -4.497067910223252e-05 -2.703144952395378e-06
7.853477977678381e-05 6.095080177411705e-06 -4.438990534506934e-05 -2.109048985506410e-06
7.926637266092416e-05 6.398092972625230e-06 -4.480245482545645e-05 -2.283841493550997e-06
