7.801437860076681e-05 -1.122030840944793e-05 6.814961059158251e-06 -1.571985452834048e-06
7.832373151868002e-05 -1.047366353568671e-05 6.824939793367929e-06 -1.538591722998259e-06
7.832363581271131e-05 -6.953244469182693e-06 6.819324750271039e-06 -1.373954768364483e-06
7.801427357343333e-05 -6.206593875481215e-06 6.804343991131029e-06 -1.323183236131669e-06
7.726757454192564e-05 -1.152954231406642e-05 6.789364105724963e-06 -1.588413196585239e-06
7.586619629296597e-05 -8.713421714742477e-06 6.717035786653745e-06 -1.456891613027176e-06
7.726745912050200e-05 -5.897355375687526e-06 6.764891379725329e-06 -1.299551732744857e-06
7.200841597439483e-05 -1.152702531099989e-05 6.491540143442835e-06 -1.648085213340348e-06
7.200824912693170e-05 -5.899603440693981e-06 6.458800530603150e-06 -1.247911828414930e-06
6.910723196076688e-05 -8.713167853082426e-06 6.332973864786659e-06 -1.465596927363743e-06
6.675798093003605e-05 -1.151711489644397e-05 6.139035795030046e-06 -1.629505335359940e-06
6.675774844987093e-05 -5.909060508172087e-06 6.191794392575924e-06 -1.318377834356818e-06
6.414004034896430e-05 -8.712756553046660e-06 6.058743318867770e-06 -1.466968553884175e-06
6.153387370266905e-05 -1.149675463101673e-05 5.821029774216697e-06 -1.607531955008963e-06
6.153415577740418e-05 -5.928698803658824e-06 6.035737625271002e-06 -1.369475722671357e-06
5.893614549558753e-05 -8.712471620301369e-06 5.816945395829906e-06 -1.474785906388283e-06
5.635770887246031e-05 -1.146471316047423e-05 5.599827607722989e-06 -1.619459063436262e-06
5.635827549568030e-05 -5.960039058787291e-06 5.950515616563401e-06 -1.396386850849571e-06
5.379171939004950e-05 -8.712168815887510e-06 5.668723527911944e-06 -1.472285987449384e-06
5.125185244728262e-05 -1.142239991651840e-05 5.398958134852307e-06 -1.573792797067616e-06
5.125231073812274e-05 -6.001462341181892e-06 5.907647825042002e-06 -1.462159767188486e-06
4.872723586684363e-05 -8.711739904252222e-06 5.552868899021510e-06 -1.467070398638136e-06
4.623371633893809e-05 -1.137263174515177e-05 5.270082962229599e-06 -1.508441335208030e-06
4.623380039541897e-05 -6.050156159357180e-06 5.852118817325196e-06 -1.429294542457410e-06
4.375642407578268e-05 -8.711102767171146e-06 5.388232105435031e-06 -1.525887303374200e-06
4.131276814621385e-05 -1.131874231806208e-05 5.382395989203753e-06 -1.490799046291270e-06
4.131269475554160e-05 -6.102858749735327e-06 5.659499162260031e-06 -1.392455825411668e-06
3.888568978682018e-05 -8.710347228019545e-06 5.179213668457694e-06 -1.550587577626295e-06
3.649364372177480e-05 -1.126228007628516e-05 5.552148807085860e-06 -1.507797720096729e-06
3.649387320184256e-05 -6.157767701144084e-06 5.428085554600747e-06 -1.465632070237740e-06
3.411890900651403e-05 -8.709502672331323e-06 5.093300231522879e-06 -1.567564893889901e-06
3.178057037495138e-05 -1.120270977275916e-05 5.506197465278501e-06 -1.521660967004966e-06
3.178107537692076e-05 -6.215524631264000e-06 5.276996984331002e-06 -1.533713715097407e-06
2.946077138557551e-05 -8.708629337076759e-06 5.122215060282873e-06 -1.584404665054827e-06
2.717977023779700e-05 -1.113781324088080e-05 5.330565247913279e-06 -1.610755887363043e-06
2.717996854582480e-05 -6.278762735785695e-06 5.232407442600441e-06 -1.512044588681418e-06
2.500959107244101e-05 -8.707364460012457e-06 5.217656134124941e-06 -1.606622750923705e-06
2.288062262459852e-05 -1.106707697820150e-05 5.237291127923531e-06 -1.619473990663677e-06
2.288029667330309e-05 -6.350542436037552e-06 5.197242961475910e-06 -1.481285774724195e-06
2.129590104244355e-05 -8.887494831305769e-06 5.126653132523789e-06 -1.626031015584792e-06
1.971815845374246e-05 -1.100245356424342e-05 5.073181671797458e-06 -1.696642276596736e-06
1.971636806861063e-05 -6.416233938792542e-06 5.049154479253223e-06 -1.439435591726377e-06
1.747761388182119e-05 -1.094625387718350e-05 4.895477169521593e-06 -1.828373342411522e-06
1.789805190115052e-05 -9.477399434155533e-06 4.950955837953052e-06 -1.717300189486063e-06
1.747464646021182e-05 -6.458064105882420e-06 4.915851180005982e-06 -1.433358496485346e-06
1.587942929509583e-05 -6.502856564569338e-06 4.723366964585495e-06 -1.392884679597259e-06
-2.437214792772210e-06 -3.292739664779414e-07 -9.745309222566498e-07 4.754400237199605e-07
-2.485495956435590e-06 -2.131589701403672e-07 -9.971126674785402e-07 5.337460513625463e-07
-2.485209945068201e-06 2.193104785385397e-07 -9.892335156673952e-07 7.576905776633044e-07
-2.437171172633069e-06 3.338053794872569e-07 -9.644181157392544e-07 8.127608231303874e-07
1.587550164528191e-05 -1.090659334135533e-05 4.740840963963796e-06 -1.867948163787488e-06
1.445582626656254e-05 -1.078962327874474e-05 4.572132211364432e-06 -1.896199538910038e-06
1.554196356576271e-05 -8.157036353251513e-06 4.688312009358554e-06 -1.537381304570399e-06
1.444333293356248e-05 -6.425974795444661e-06 4.634328396987102e-06 -1.384107017805045e-06
-2.321608615735320e-06 -3.772922699289594e-07 -9.188525333590202e-07 4.516155875188521e-07
-2.205137757195347e-06 9.702538930974100e-08 -8.611398931875167e-07 7.000542652321736e-07
-2.322569759720003e-06 3.816093848962501e-07 -9.098418121600365e-07 8.352612860750281e-07
1.399524569989728e-05 -9.439581269574712e-06 4.522003104602853e-06 -1.746254433603598e-06
1.307577015148599e-05 -1.050554668917007e-05 4.396300821990123e-06 -1.892081631346987e-06
1.176229914110013e-05 -1.008330328091951e-05 4.217375343872868e-06 -1.850318496395029e-06
1.356891420765648e-05 -7.610204038953104e-06 4.510865063078111e-06 -1.537927240673667e-06
1.308882639303421e-05 -6.120898763024627e-06 4.449283072337890e-06 -1.305628387517860e-06
-1.538173322206168e-06 -3.899360013408023e-07 -5.926743602531100e-07 4.721136678766822e-07
-1.537529332279417e-06 3.955362946529431e-07 -5.961400409108916e-07 8.459680364930285e-07
-1.131676271405812e-06 2.913373378001564e-09 -4.097272124130921e-07 6.471710773447580e-07
1.053425947847730e-05 -9.511663898428373e-06 4.059126751059509e-06 -1.792189521034943e-06
1.157983809612485e-05 -8.709606585544339e-06 4.184635506605264e-06 -1.711048398825366e-06
1.202999843953601e-05 -7.007647393693586e-06 4.279479530653983e-06 -1.433517012668512e-06
1.184393184794835e-05 -5.606814718253537e-06 4.279442034351635e-06 -1.216752863975041e-06
-6.910826742248835e-07 -4.630816801970109e-07 -2.186878568487271e-07 4.363976727290727e-07
-6.912369363752195e-07 4.687252612749815e-07 -2.280667473835311e-07 8.181219657924343e-07
-1.894096141840132e-07 2.777378199690189e-09 -2.003463738685489e-08 6.174160286707322e-07
9.393555487106482e-06 -8.823606843236496e-06 3.916823793539484e-06 -1.745981017478189e-06
8.368123465091492e-06 -8.030238180761326e-06 3.704564522653699e-06 -1.641427844360652e-06
1.046536960476419e-05 -6.746338376733290e-06 4.035791047111210e-06 -1.413360989504232e-06
1.074107680544223e-05 -4.899807254753988e-06 4.111261268319826e-06 -1.113110579778837e-06
3.868163046493215e-07 -6.216852165778953e-07 2.385219234464931e-07 2.999121525816089e-07
3.868968543761353e-07 6.273223584387759e-07 2.461349501397236e-07 9.030190545750514e-07
8.628717348263409e-06 -6.826322780202538e-06 3.735681162568331e-06 -1.450098600391780e-06
7.464781290562425e-06 -7.132886618870150e-06 3.487537185739830e-06 -1.521733687713888e-06
9.059615774709473e-06 -5.489689458401996e-06 3.796862023999016e-06 -1.229007606739524e-06
9.806421795049818e-06 -4.047100470218073e-06 3.926877660836995e-06 -8.756767445588338e-07
1.022171345495693e-06 2.655647463256198e-09 5.193090882355111e-07 5.782545061650823e-07
1.778088785570947e-06 -8.507275677052797e-07 8.583537141029479e-07 1.669126036581819e-07
1.776800667367362e-06 8.576389393076562e-07 8.467184907013769e-07 9.589554815768652e-07
6.674067145869005e-06 -6.160145402324680e-06 3.287114413726053e-06 -1.421841591317977e-06
6.027285777251218e-06 -5.143663224217271e-06 3.063262306905661e-06 -1.202939747867736e-06
5.518392569481828e-06 -4.071251613099672e-06 2.861576623297280e-06 -9.393146819497177e-07
8.184257791949254e-06 -4.301638047310150e-06 3.607934035758507e-06 -9.565392983672579e-07
9.058979587189184e-06 -3.088908910838937e-06 3.822517867325282e-06 -6.538952046428259e-07
2.385385860872206e-06 -7.621928103573734e-11 1.149660416550272e-06 5.494470137429528e-07
3.130700950925673e-06 -1.075775259415695e-06 1.541686571449577e-06 2.919815157553875e-08
3.130863886402707e-06 1.092003872742637e-06 1.541790838179088e-06 1.073693366295173e-06
6.603880517354172e-06 -4.067879808013594e-06 3.207186915638828e-06 -9.431520470306146e-07
5.134002057456122e-06 -2.971911785636224e-06 2.690966889440936e-06 -6.252976287831607e-07
4.357066691877284e-06 -1.266611971968821e-06 2.178997993018482e-06 -5.939785446000933e-08
4.712922845331966e-06 -1.458074092936920e-06 2.367588911293271e-06 -1.342244513957364e-07
4.900926562094883e-06 -1.849780734385662e-06 2.494159599129944e-06 -2.743437898165053e-07
7.575697977200596e-06 -2.949155288010220e-06 3.492367320752628e-06 -6.439640262315424e-07
8.502904125973105e-06 -2.068009328049683e-06 3.789066022294986e-06 -3.783870462960735e-07
3.800304567979597e-06 -1.584216108174004e-07 1.884991988090798e-06 4.707180445688981e-07
4.365300938031934e-06 1.261644649614219e-06 2.125421893956060e-06 1.139981579206035e-06
5.886242180922250e-06 -2.195656479251027e-06 2.911217163368058e-06 -4.162794463019758e-07
4.739303338461479e-06 -6.948943609422220e-07 2.352678294306988e-06 1.961570198304940e-07
5.161676539208544e-06 -1.322771202382684e-06 2.573489679773435e-06 -7.887621822001610e-08
7.142155038265971e-06 -1.752315141144736e-06 3.379778557813676e-06 -2.725941185127829e-07
8.155729382904889e-06 -1.028442821162926e-06 3.803503248312770e-06 2.062005000078263e-08
4.767373973895987e-06 5.335563255220950e-07 2.332745663587567e-06 7.759212909145480e-07
4.718354368137228e-06 1.446205393998489e-06 2.271687729531760e-06 1.222552483123295e-06
6.115110611631786e-06 -4.363826252037421e-07 2.991108685806347e-06 2.753732226116737e-07
8.035110211384695e-06 9.228273709896173e-09 3.824287013690446e-06 5.118383451783340e-07
8.135251766983134e-06 1.029645155589625e-06 3.934920101411173e-06 1.011502348131688e-06
5.496058026526858e-06 1.200117311219521e-06 2.667439729337265e-06 1.078927590701640e-06
4.923853364894774e-06 1.842077393749376e-06 2.348007473097559e-06 1.427075473300609e-06
5.175193287209458e-06 2.934850425708574e-06 2.437453926314582e-06 2.032574908235549e-06
7.110751378287188e-06 1.159422190226014e-06 3.447092085888578e-06 1.051353068833244e-06
5.553228878451978e-06 3.998736814328064e-06 2.618133180668855e-06 2.627822259805499e-06
8.453189170844076e-06 2.061598508372286e-06 4.139285598236630e-06 1.554069101189869e-06
6.158602506147109e-06 2.971394824104547e-06 2.972629330656620e-06 2.037196491533891e-06
7.613813973930957e-06 3.054434902628339e-06 3.724345377668945e-06 2.097599254217458e-06
6.061217235494805e-06 5.016309697154909e-06 2.897900674342413e-06 3.203775316080082e-06
8.969194705865168e-06 3.056257034429143e-06 4.437554514031503e-06 2.129796185381274e-06
8.541279353979407e-06 4.042749360011338e-06 4.213725437506422e-06 2.665306657152919e-06
7.527447153082570e-06 4.662678016076766e-06 3.695420084185661e-06 2.995127115928733e-06
6.688684320375421e-06 5.992395942606770e-06 3.250330250004306e-06 3.740525268950866e-06
7.445340306151107e-06 6.906850039846164e-06 3.660271169672389e-06 4.215948431098350e-06
9.678111131786668e-06 3.977893489501989e-06 4.781128521509535e-06 2.641608734030920e-06
9.167170425304325e-06 5.157771717031764e-06 4.526121054185012e-06 3.277607739753697e-06
8.564849999939047e-06 6.545329472539093e-06 4.239560623593037e-06 4.029995089684183e-06
8.307847902034217e-06 7.746097236027652e-06 4.112201144342232e-06 4.624496081972523e-06
1.055524134612866e-05 4.791581003496825e-06 5.222186747357629e-06 3.100532476391491e-06
1.029057840149770e-05 6.538968170465364e-06 5.092352229808315e-06 4.021815291380891e-06
9.279804024590948e-06 8.484776496349066e-06 4.588215700167082e-06 4.981351430558573e-06
1.035203901511075e-05 9.119721672735900e-06 5.067158607304443e-06 5.270054665897808e-06
1.150097925299354e-05 9.641015913405367e-06 5.581527491607832e-06 5.516117966923093e-06
1.159336328222044e-05 6.916188008666061e-06 5.681517849392944e-06 4.202000049862999e-06
1.158321693453898e-05 5.466511415091411e-06 5.697035713960509e-06 3.472697326433526e-06
1.133412200578805e-05 8.368532891372612e-06 5.524898507135105e-06 4.913487700140684e-06
1.272148681930678e-05 1.002412211829527e-05 6.117853253859571e-06 5.709132461369533e-06
1.399450545539321e-05 1.027122203606544e-05 6.713326018562613e-06 5.875634085144836e-06
1.264122811485533e-05 7.240779143690272e-06 6.151618881492714e-06 4.361435648962091e-06
1.274003514705546e-05 5.962513410126121e-06 6.219244874931230e-06 3.743640438469873e-06
1.529621769491506e-05 1.037002976923333e-05 7.304773048891411e-06 5.978811826947540e-06
1.383749814798143e-05 8.438597336621577e-06 6.643783845768347e-06 4.951322540137886e-06
1.398818802247561e-05 6.258651951662143e-06 6.737774729724930e-06 3.891216028253123e-06
1.558181490340096e-05 8.637837884187041e-06 7.454238458321529e-06 5.077313735325426e-06
1.675425684152386e-05 1.039873124642392e-05 8.048898524742953e-06 6.049788924877737e-06
1.528804545332711e-05 6.348488491293093e-06 7.312940439158525e-06 3.921181709074770e-06
1.878391661142762e-05 1.042739265112601e-05 9.211856977626827e-06 6.156805659324976e-06
1.717030698516749e-05 7.646562703546040e-06 8.243799085753647e-06 4.558963164872817e-06
1.675260218737902e-05 6.320440999357933e-06 8.041778633876625e-06 3.872174018606285e-06
2.162983206883523e-05 1.047083683723828e-05 1.095658040261920e-05 6.342183080023416e-06
2.020938651697781e-05 8.195397863242315e-06 9.998424891559268e-06 4.872263628957714e-06
1.878464602035890e-05 6.284266629847177e-06 9.123429777679254e-06 3.749173173036120e-06
2.546511248055362e-05 1.051645538783056e-05 1.360308622466078e-05 6.533584453027000e-06
2.353466427245210e-05 8.358663792458276e-06 1.217900376123514e-05 5.014193451351155e-06
2.163011265626704e-05 6.243496422462758e-06 1.086266858700405e-05 3.617972087375086e-06
2.953392497795708e-05 1.055265483169388e-05 1.650329593681593e-05 6.603343835831377e-06
2.748852909766169e-05 8.358676476191041e-06 1.499774605358328e-05 5.030957500205465e-06
2.546517129323092e-05 6.200426953714823e-06 1.350518170215054e-05 3.515805367990397e-06
3.366116099534550e-05 1.058066649662159e-05 1.944719464360262e-05 6.684316394547230e-06
3.158892461688143e-05 8.358606820661450e-06 1.794980194520079e-05 5.045047048096802e-06
2.953404606883842e-05 6.164707103491614e-06 1.644658531989465e-05 3.477445279185496e-06
3.783446669165782e-05 1.060295167334372e-05 2.244530525848331e-05 6.786257572850614e-06
3.574088849708364e-05 8.358377662720861e-06 2.093187435280396e-05 5.085604012155500e-06
3.366121951166748e-05 6.136397836666747e-06 1.944251051760012e-05 3.460965267948920e-06
4.204527877215425e-05 1.062071698169563e-05 2.565439170879677e-05 6.861330445359905e-06
3.993418891970841e-05 8.358071732747873e-06 2.405239229868730e-05 5.117970886052482e-06
3.783444712612264e-05 6.113604630637822e-06 2.252564138472674e-05 3.388959059700693e-06
4.628547510774023e-05 1.063348784541061e-05 2.907412731612140e-05 6.944674691630599e-06
4.416123100866331e-05 8.357763900813643e-06 2.735386985568928e-05 5.101737159991905e-06
4.204519634525132e-05 6.095170304841881e-06 2.574748621901853e-05 3.339962339937739e-06
5.054554266221537e-05 1.064123647808257e-05 3.253398282756028e-05 6.916771919035313e-06
4.841304097361809e-05 8.357423071019881e-06 3.080894795264227e-05 5.103709689082830e-06
4.628549459481933e-05 6.081666677384268e-06 2.910454025711399e-05 3.272651661156755e-06
5.481600494378575e-05 1.064484790675183e-05 3.588820202024555e-05 6.853102968929389e-06
5.267971254530482e-05 8.357079924182540e-06 3.419337520260692e-05 5.097543551341467e-06
5.054556773141939e-05 6.073227636068091e-06 3.249998455437276e-05 3.302792453203889e-06
5.909030297667635e-05 1.064571005567670e-05 3.914037513781969e-05 6.800402806539950e-06
5.695296248153741e-05 8.356668541799551e-06 3.750686689181240e-05 5.085297708904506e-06
5.481618253817429e-05 6.068876940110406e-06 3.582463679797800e-05 3.341077854185141e-06
6.824422792443492e-05 1.039355220683144e-05 4.607110817127903e-05 6.591208747498450e-06
6.763733942289877e-05 1.064494336858035e-05 4.560422610515328e-05 6.782160351585005e-06
6.100498163941246e-05 8.356434847506806e-06 4.060243086751895e-05 5.062595887194646e-06
6.336443573806698e-05 1.064516429872353e-05 4.234999100296900e-05 6.790280098810409e-06
5.909026813553209e-05 6.067439539625009e-06 3.917364107411994e-05 3.339477375677405e-06
6.849560496806479e-05 9.786645834397201e-06 4.626576445525356e-05 6.129826778150248e-06
6.705956564268403e-05 8.356168332262752e-06 4.518283623653174e-05 5.051396271284369e-06
6.336441934876994e-05 6.067400142626871e-06 4.239033749566310e-05 3.351794120162338e-06
6.849551449048810e-05 6.925731277060775e-06 4.630846902198532e-05 3.947561567335773e-06
6.763725984504227e-05 6.067468770476549e-06 4.565383819308390e-05 3.296198271280982e-06
6.824413640931373e-05 6.318849072722939e-06 4.611715995430521e-05 3.485944169625017e-06
