5.983280085934898e-05 -7.994053389131981e-06 2.269879399561769e-05 -3.962256994749055e-06
6.008513375790840e-05 -7.384911958060350e-06 2.281583927479195e-05 -3.692487406576633e-06
6.008481976527787e-05 -4.513132201354456e-06 2.287847216737610e-05 -2.496249684640993e-06
5.983244673100482e-05 -3.903969766449424e-06 2.277165326018153e-05 -2.245119833216964e-06
5.922361205122469e-05 -8.246355521497558e-06 2.242279280326627e-05 -4.072648013892592e-06
5.808058776555157e-05 -5.948990899485498e-06 2.201995295077567e-05 -3.117944242622529e-06
5.922320586812186e-05 -3.651660661108984e-06 2.251440415659803e-05 -2.143782344058716e-06
5.493393150221895e-05 -8.245572181295801e-06 2.072246495686199e-05 -4.014657754592526e-06
5.493340623321948e-05 -3.652534891787007e-06 2.084464574008149e-05 -2.276358404577252e-06
5.256609893560522e-05 -5.949139008993794e-06 1.984231657632886e-05 -3.115738023935623e-06
5.064698492986524e-05 -8.242290553084263e-06 1.906770705177646e-05 -3.977715516433332e-06
5.064637447697619e-05 -3.656138229458061e-06 1.934032859583736e-05 -2.361423438172500e-06
4.850562808067370e-05 -5.949103262175712e-06 1.840128352008935e-05 -3.165190555372500e-06
4.636937139303761e-05 -8.234276613382818e-06 1.757077838970150e-05 -3.913493025082569e-06
4.636878068920356e-05 -3.664013281791159e-06 1.790677054123210e-05 -2.449909904613670e-06
4.423594270269750e-05 -5.949278830153214e-06 1.710383101206773e-05 -3.148925836711899e-06
4.211144190004077e-05 -8.220449944734287e-06 1.625718163181341e-05 -3.741143881320031e-06
4.211041184535326e-05 -3.678296380671472e-06 1.662131232403912e-05 -2.556244865649958e-06
3.999177305408508e-05 -5.949423668786449e-06 1.593337996482405e-05 -3.148472754101140e-06
3.788551356723362e-05 -8.199255094541203e-06 1.504801107171080e-05 -3.709526129581667e-06
3.788479376943585e-05 -3.700140917203934e-06 1.544153703233463e-05 -2.510567045136607e-06
3.578693403059377e-05 -5.949736689570426e-06 1.478499955805370e-05 -3.118545536847770e-06
3.370684530154579e-05 -8.169268830192457e-06 1.410074339666287e-05 -3.598888585310479e-06
3.370680648189987e-05 -3.730803415861863e-06 1.448155599581634e-05 -2.578085222917315e-06
3.163782788349165e-05 -5.950087703383967e-06 1.389000736992348e-05 -3.121335398731924e-06
2.959365492768720e-05 -8.128708191105076e-06 1.337441348483227e-05 -3.488431775722768e-06
2.959402803406209e-05 -3.771905726157888e-06 1.365925030539746e-05 -2.675142250212807e-06
2.756400498913237e-05 -5.950491583224903e-06 1.320704642843774e-05 -3.135772486884681e-06
2.556687499057276e-05 -8.075785935412525e-06 1.274122508790910e-05 -3.532217904340371e-06
2.556722301242496e-05 -3.825535367526142e-06 1.283259419219192e-05 -2.644288219837684e-06
2.358810864458174e-05 -5.950855082400860e-06 1.249035392882688e-05 -3.134434412804436e-06
2.165129013168987e-05 -8.008044456876279e-06 1.180617571707030e-05 -3.741385927093336e-06
2.165161003728987e-05 -3.893945464032920e-06 1.183755415483831e-05 -2.488379088035645e-06
1.973762721405979e-05 -5.951022761466478e-06 1.140703131563512e-05 -3.144429609576713e-06
1.787666963219661e-05 -7.922242856557159e-06 1.045290107690530e-05 -3.845981306947598e-06
1.787667858690222e-05 -3.980506480820398e-06 1.050814067547047e-05 -2.360258574676210e-06
1.611703899499931e-05 -5.950480220061812e-06 9.927938029380513e-06 -3.121742966672592e-06
1.441950438234473e-05 -7.818128242921840e-06 9.001776386214152e-06 -3.855824100707198e-06
1.441889239090595e-05 -4.088976067721025e-06 9.092120831035727e-06 -2.275534559209383e-06
1.316413081216954e-05 -6.090634920650271e-06 8.579920937571097e-06 -3.140116850268333e-06
1.194630720010388e-05 -7.717697297303300e-06 7.938457866853714e-06 -3.903940528183492e-06
1.194349292947696e-05 -4.193199036923906e-06 8.024243154609037e-06 -2.173271824003933e-06
1.024405052995280e-05 -7.628375063706910e-06 7.123620191716139e-06 -3.890935522807544e-06
1.054810571093522e-05 -6.533925143617161e-06 7.286012798465037e-06 -3.377317411841895e-06
1.023947669815616e-05 -4.260867646309653e-06 7.167474798561479e-06 -2.186845139636106e-06
9.057121980121162e-06 -4.333460734741529e-06 6.557383094437636e-06 -2.174669745692161e-06
-1.118218179833735e-06 -1.050945423922653e-06 -8.255269371098651e-07 1.111373328962054e-06
-1.139522911754310e-06 -9.993644583210278e-07 -8.295333741117223e-07 1.127454718161463e-06
-1.139258455681632e-06 -8.086469268404035e-07 -8.342453956492095e-07 1.176389954478988e-06
-1.118115246703477e-06 -7.584094969470820e-07 -8.331026265553394e-07 1.190548473841604e-06
9.050040186094703e-06 -7.565176330906691e-06 6.577085654121211e-06 -3.880060917126594e-06
8.024107177622634e-06 -7.449136182320765e-06 6.016670946496259e-06 -3.866459333653073e-06
8.793185107262294e-06 -5.549057413644659e-06 6.434904510137170e-06 -2.828294564236195e-06
8.002270441105839e-06 -4.319796236650053e-06 5.981319855294826e-06 -2.120837263544451e-06
-1.066973232624529e-06 -1.072489401310375e-06 -8.150778198320179e-07 1.103036673675792e-06
-1.015996034024035e-06 -8.634558018840893e-07 -8.069460182745880e-07 1.159791431961646e-06
-1.067789315831968e-06 -7.377306746378456e-07 -8.249928201812803e-07 1.198026009003565e-06
7.681661838152486e-06 -6.465998643844903e-06 5.834930571096573e-06 -3.348361097474891e-06
7.045437660821010e-06 -7.206939520123018e-06 5.455483276014729e-06 -3.795021708337929e-06
6.141729085079416e-06 -6.882694522850101e-06 4.870092369936545e-06 -3.646551279777481e-06
7.374506990275761e-06 -5.170051538885678e-06 5.635534184869858e-06 -2.600749248715950e-06
7.041060588790351e-06 -4.154430581692134e-06 5.429057642684057e-06 -1.945674332568471e-06
-7.214452413715839e-07 -1.080692054696589e-06 -6.647084026050252e-07 1.046059171464985e-06
-7.217029275443283e-07 -7.330499325826281e-07 -6.647990497538418e-07 1.211830848282569e-06
-5.417810423211233e-07 -9.075779260348443e-07 -5.811731574560721e-07 1.123067130629258e-06
5.325390894486972e-06 -6.453697216652846e-06 4.292532609015762e-06 -3.430283784605376e-06
6.006601537695613e-06 -5.922488980807501e-06 4.786145376250302e-06 -3.074631975023553e-06
6.312025121619887e-06 -4.767747941537272e-06 4.988326331243143e-06 -2.310321546846686e-06
6.181320861794376e-06 -3.857058209388930e-06 4.913681431510877e-06 -1.653491692705808e-06
-3.457733438689579e-07 -1.116096052510609e-06 -4.511533169995917e-07 9.739280562759064e-07
-3.460634748374754e-07 -7.000870662368001e-07 -4.578607322618446e-07 1.244642459865089e-06
-1.217295569147542e-07 -9.084228098923910e-07 -2.942232230273681e-07 1.097303604389237e-06
4.586011611257105e-06 -5.966183944740528e-06 3.738153834080556e-06 -3.124637480689647e-06
3.952230409106635e-06 -5.428794099085989e-06 3.264969965420719e-06 -2.745924006955329e-06
5.270808651129647e-06 -4.601143699545387e-06 4.235577154259973e-06 -2.162653150443224e-06
5.440376997954058e-06 -3.437212852587548e-06 4.388450829402722e-06 -1.297869365669888e-06
1.370962724622718e-07 -1.190223097970781e-06 -9.775653189549456e-08 8.654249060029732e-07
1.370882425103621e-07 -6.269313837281551e-07 -1.297304850181498e-07 1.275342609826161e-06
4.115664486036455e-06 -4.646477470078165e-06 3.388033272826560e-06 -2.172745793108064e-06
3.419770290079841e-06 -4.834027645796553e-06 2.820736779317555e-06 -2.305383116699643e-06
4.377997545772929e-06 -3.814531596258452e-06 3.595575119843437e-06 -1.554181698642203e-06
4.828999524003828e-06 -2.946239789035260e-06 3.957977072205098e-06 -8.765226194930165e-07
4.236341444042485e-07 -9.087761062328451e-07 1.269745206789732e-07 1.039766520720373e-06
7.662922299980879e-07 -1.296796104527019e-06 4.245971662869088e-07 6.986159194839917e-07
7.655558153875905e-07 -5.197799687381072e-07 4.286225757420139e-07 1.365092247939358e-06
2.965263512550659e-06 -4.215717951514427e-06 2.430225900887812e-06 -1.807940900284336e-06
2.624974619274652e-06 -3.607901777755352e-06 2.145599130422380e-06 -1.337638071413939e-06
2.382717077216925e-06 -2.982149600230729e-06 1.958615666872497e-06 -8.537752203453182e-07
3.855450079292818e-06 -3.104020593460946e-06 3.172805704792865e-06 -9.826781667742096e-07
4.350708938090970e-06 -2.417917336416866e-06 3.591201855336057e-06 -4.218340299716825e-07
1.041914834358234e-06 -9.102343600740755e-07 6.597087498140490e-07 1.010789324465639e-06
1.382132698168621e-06 -1.401794806196098e-06 9.555011341127578e-07 5.485602924519716e-07
1.382900298197660e-06 -4.086409614511162e-07 9.576805991416639e-07 1.432642188270439e-06
2.961965632946005e-06 -2.971948822226186e-06 2.409368153004640e-06 -8.497268711495738e-07
2.211308953200253e-06 -2.371589014127467e-06 1.825769039808290e-06 -3.343077136475342e-07
1.929293190112472e-06 -1.490500365409672e-06 1.487533074277771e-06 4.305814905814750e-07
2.078228638339555e-06 -1.583115594233444e-06 1.642552570122459e-06 3.471171849374493e-07
2.144457660541244e-06 -1.778609970440871e-06 1.727160415487417e-06 1.824715601895762e-07
3.501108501033646e-06 -2.344784107982637e-06 2.841090046524672e-06 -3.200151948153404e-07
3.991663147973589e-06 -1.881372728866860e-06 3.257798458835835e-06 1.047080208636448e-07
1.687405971322505e-06 -9.835391666265147e-07 1.234334603017779e-06 9.233750466662247e-07
1.965177444809764e-06 -3.251940904000856e-07 1.483433910295580e-06 1.497935730701185e-06
2.616826278200810e-06 -1.947846464298635e-06 2.143066964166168e-06 3.163049707269642e-08
2.105517314113180e-06 -1.224367179021853e-06 1.649466561681082e-06 6.747823525734655e-07
2.283908586815638e-06 -1.517851311775030e-06 1.833954020502710e-06 4.041937994197438e-07
3.264024034191013e-06 -1.718701741189478e-06 2.650324198389189e-06 2.404453987647340e-07
3.756097563912264e-06 -1.365968109132655e-06 3.060412447505624e-06 5.403102493986113e-07
2.145476656396885e-06 -6.561749934217870e-07 1.656325568745960e-06 1.199652772653824e-06
2.144234449361226e-06 -2.405966211217981e-07 1.636460245424807e-06 1.560289304562812e-06
2.752537177254151e-06 -1.079190260816717e-06 2.231151322229748e-06 7.816325015583705e-07
3.659050304249303e-06 -8.741753511137733e-07 2.995165924723820e-06 9.381708279200583e-07
3.645855622339314e-06 -4.177563503314030e-07 3.063609204803609e-06 1.364852971625768e-06
2.497376392595815e-06 -3.429494407974280e-07 1.956323361498220e-06 1.451707147147994e-06
2.254861169032365e-06 -7.114652548954148e-08 1.722629344537820e-06 1.700729218148247e-06
2.400698997329968e-06 3.735864924461960e-07 1.832569514169065e-06 2.121238658336316e-06
3.205347445673129e-06 -3.442066992840153e-07 2.611659929665793e-06 1.413590856144953e-06
2.595807815273116e-06 7.692030486733383e-07 1.986529665109183e-06 2.569020283504035e-06
3.727477311531450e-06 3.231005576103083e-08 3.250957306948717e-06 1.770433672046911e-06
2.815060659648000e-06 4.002005172463557e-07 2.245224430335040e-06 2.129378912041124e-06
3.387873867993104e-06 4.322126018440317e-07 2.886497221111501e-06 2.163043951140996e-06
2.818331829473398e-06 1.131738908820595e-06 2.192437930284750e-06 3.002648956331220e-06
3.875559017895377e-06 4.327860288747732e-07 3.527213759463447e-06 2.156012637266453e-06
3.709402410374229e-06 7.986177023021427e-07 3.330047802047435e-06 2.556888505877405e-06
3.359175935128381e-06 1.014769523478493e-06 2.835383099900513e-06 2.836289027690721e-06
3.073035243802356e-06 1.445310267071744e-06 2.446058376172413e-06 3.459344555668209e-06
3.343154678405682e-06 1.714728625476893e-06 2.786428878395729e-06 3.912457936617306e-06
4.072002055868988e-06 7.847471728152476e-07 3.886243244653809e-06 2.501746414528216e-06
3.904909766838030e-06 1.175515218815401e-06 3.632041047569869e-06 3.050700260891802e-06
3.715195779738331e-06 1.601591836925015e-06 3.313004579491953e-06 3.736758834085067e-06
3.636357654165090e-06 1.937223708634999e-06 3.188027704686744e-06 4.346460362061715e-06
4.310015747934779e-06 1.075194696772321e-06 4.379433415423210e-06 2.851958226560492e-06
4.229537894572457e-06 1.592168021020144e-06 4.245786612294370e-06 3.724746024492264e-06
3.936970952770914e-06 2.122490188590107e-06 3.687231484585988e-06 4.740412901401381e-06
4.237130901058749e-06 2.262084801866143e-06 4.273684582026555e-06 5.113122866921902e-06
4.540314449720151e-06 2.354513080731092e-06 4.920716131732902e-06 5.431368498851528e-06
4.573034380370180e-06 1.695300539475464e-06 4.941349526799864e-06 3.910102871619428e-06
4.574391467333060e-06 1.299209258209750e-06 4.925193355966833e-06 3.146279961309900e-06
4.508968780891489e-06 2.062062294855565e-06 4.813455775449858e-06 4.697915843508467e-06
4.834672803574862e-06 2.415355414532742e-06 5.635618526459157e-06 5.665522144118787e-06
5.116676294318342e-06 2.436413558746184e-06 6.381815940119288e-06 5.846529597974021e-06
4.828465277643438e-06 1.781882771731359e-06 5.536001435663508e-06 4.068038064809524e-06
4.848561503620062e-06 1.466638774091329e-06 5.593491721231513e-06 3.349712384065299e-06
5.391050018666120e-06 2.426798675900962e-06 7.166013252316054e-06 5.931537978901163e-06
5.100503336222198e-06 2.053579488983790e-06 6.259651183532670e-06 4.756055372339225e-06
5.125707052059317e-06 1.578035186252537e-06 6.338234774705658e-06 3.433029065472646e-06
5.454543251703124e-06 2.088280060424834e-06 7.362635288602121e-06 4.843573763453327e-06
5.665542782962672e-06 2.395784083503624e-06 8.065023837670092e-06 5.946270106570523e-06
5.398757559995549e-06 1.626588423748339e-06 7.175687740092978e-06 3.430032727138303e-06
6.016127811913249e-06 2.363452537067557e-06 9.376318769174459e-06 6.006320108280371e-06
5.753191404851505e-06 1.904922752764170e-06 8.339355441347695e-06 4.184030429859695e-06
5.667135919231840e-06 1.657087634699959e-06 8.096880168553396e-06 3.342257122712491e-06
6.429019498699928e-06 2.310935288686137e-06 1.128587929232394e-05 6.064107639477228e-06
6.240057328396710e-06 2.004350842315521e-06 1.036277808323146e-05 4.496179223485484e-06
6.014908194940775e-06 1.699244052878227e-06 9.410216772242717e-06 3.201748392502555e-06
6.870043937980074e-06 2.250623708584501e-06 1.411796833194681e-05 6.129739849934091e-06
6.666956518926930e-06 2.029605323394268e-06 1.272004812328883e-05 4.529562687969182e-06
6.428484782854145e-06 1.750747677962044e-06 1.140421895012094e-05 3.060723960326335e-06
7.225538046166235e-06 2.196450593384050e-06 1.716583974154538e-05 6.120818273426875e-06
7.064636485449749e-06 2.030467060672117e-06 1.570145452425554e-05 4.470216589099331e-06
6.869829467024797e-06 1.810018696061874e-06 1.420269895937665e-05 2.886677417562314e-06
7.485449704880913e-06 2.148671523716139e-06 2.024339258433818e-05 6.027177223586902e-06
7.370555899750063e-06 2.030908249748522e-06 1.877352459697009e-05 4.420762204708462e-06
7.225421715030190e-06 1.865012563521337e-06 1.726644400837710e-05 2.844139780290777e-06
7.661708941263840e-06 2.107733555116211e-06 2.315060319446977e-05 5.891823023765829e-06
7.586381679994335e-06 2.031231764493977e-06 2.174666257282233e-05 4.372423842460001e-06
7.485222574657845e-06 1.913501764712668e-06 2.025312732742437e-05 2.878160057207793e-06
7.767572617345739e-06 2.073548738521710e-06 2.597672352212198e-05 5.832149722781528e-06
7.725313913375291e-06 2.031429699766529e-06 2.456363979579937e-05 4.328107450041227e-06
7.661494543274389e-06 1.954928307251141e-06 2.312426574857028e-05 2.856526113349874e-06
7.815345217388703e-06 2.045985845874292e-06 2.882625967372686e-05 5.877096209279985e-06
7.800136184652868e-06 2.031593694560144e-06 2.736656212908128e-05 4.323329816412533e-06
7.767389613692329e-06 1.989491141962216e-06 2.589189074439255e-05 2.810032024939639e-06
7.817598777597475e-06 2.025305681302436e-06 3.193391337959400e-05 6.011602169415376e-06
7.822937653892444e-06 2.031656023281806e-06 3.036357650259340e-05 4.305604826991033e-06
7.815267414840880e-06 2.017372875292137e-06 2.881734572291478e-05 2.679613147510019e-06
7.788192137803891e-06 2.011657414997580e-06 3.526830168824780e-05 6.137486165374404e-06
7.806951987922754e-06 2.031617016723964e-06 3.361161381215249e-05 4.284977143147133e-06
7.817468735575846e-06 2.038063738233307e-06 3.196626895703522e-05 2.579826679052217e-06
7.740781241972827e-06 2.004139418611161e-06 3.873795544979247e-05 6.134405710103699e-06
7.766527836790635e-06 2.031446083173114e-06 3.703314599529351e-05 4.267898230159544e-06
7.788097822146263e-06 2.051403698952772e-06 3.535469023913478e-05 2.461499185852657e-06
7.617764357580396e-06 2.003301585324279e-06 4.591450042601984e-05 5.857312701859428e-06
7.626006648619981e-06 1.999915072032205e-06 4.544626486611819e-05 6.053209770579000e-06
7.716444689634693e-06 2.031271005825613e-06 4.026686312399615e-05 4.278526752009798e-06
7.684653730788572e-06 2.000748627917388e-06 4.213764304904034e-05 6.060139741889906e-06
7.740654268259505e-06 2.058498551108006e-06 3.872922174410162e-05 2.474757445742255e-06
7.614344701699778e-06 2.011500284839246e-06 4.610741412997162e-05 5.383983093111797e-06
7.634025684643279e-06 2.030943887395482e-06 4.498229622440577e-05 4.265528415985896e-06
7.684705855887381e-06 2.061462275170846e-06 4.211309840073477e-05 2.482501887266355e-06
7.614290377195007e-06 2.050404583617463e-06 4.606772969638478e-05 3.166120067072967e-06
7.625977847960486e-06 2.062037361848714e-06 4.540647749316961e-05 2.504416175776204e-06
7.617714671206864e-06 2.058635512727443e-06 4.587375840699484e-05 2.698958018681138e-06
