-5.618780452874362e-05 8.302300120804097e-06 -4.764872131763510e-05 6.602794799165896e-06
-5.639348976901820e-05 7.805829639813721e-06 -4.787654449710467e-05 6.060669577889610e-06
-5.639336659229844e-05 5.465190103804240e-06 -4.796100530155582e-05 3.484273235671788e-06
-5.618765899412019e-05 4.968684485999566e-06 -4.774333352853517e-05 2.942271281829502e-06
-5.569125512015491e-05 8.507925867677705e-06 -4.710391035598213e-05 6.827388308569606e-06
-5.475968401279860e-05 6.635487466927963e-06 -4.612267786449288e-05 4.780979143737373e-06
-5.569106980239158e-05 4.763043234848813e-06 -4.720933844175148e-05 2.716764778126881e-06
-5.219513308009365e-05 8.506837890820904e-06 -4.324931620953310e-05 6.806328014949366e-06
-5.219484413676676e-05 4.764111847568343e-06 -4.337506403074490e-05 2.728510479130930e-06
-5.026610423177170e-05 6.635592969679313e-06 -4.127843767634410e-05 4.753905489393868e-06
-4.870324089072344e-05 8.503511500388318e-06 -3.948825612727497e-05 6.678814182566643e-06
-4.870255487778584e-05 4.767501383763051e-06 -3.971478812694970e-05 2.783765812097464e-06
-4.695927407315538e-05 6.635675082433296e-06 -3.785395058990466e-05 4.819155022349074e-06
-4.521953952567291e-05 8.498539738410111e-06 -3.611521712634272e-05 6.623681353353017e-06
-4.521864999580414e-05 4.772789021732409e-06 -3.616266876304108e-05 2.872269117237799e-06
-4.348035724500812e-05 6.635825884973743e-06 -3.427075289583026e-05 4.786159935539990e-06
-4.174615757505607e-05 8.492413243052758e-06 -3.272593648057873e-05 6.610852936530183e-06
-4.174547390450731e-05 4.779596561413938e-06 -3.271906929451292e-05 2.906802739376801e-06
-4.001273021145738e-05 6.635969426362717e-06 -3.075279504893400e-05 4.757640624766035e-06
-3.828581586567130e-05 8.483287996375962e-06 -2.918417572993415e-05 6.648499863462613e-06
-3.828563735099355e-05 4.789136062740474e-06 -2.931428698216233e-05 3.050151733676329e-06
-3.656129508294553e-05 6.636172259153833e-06 -2.742049714403886e-05 4.711957408616952e-06
-3.484665584362859e-05 8.468656318218161e-06 -2.576845953607941e-05 6.475721703168694e-06
-3.484668060352062e-05 4.804110181245589e-06 -2.622111347500046e-05 3.272840863422757e-06
-3.313700145043752e-05 6.636342239673612e-06 -2.449807216605047e-05 4.777301829337307e-06
-3.144134303161253e-05 8.447390899072787e-06 -2.288182599550251e-05 6.250675743441866e-06
-3.144148072461533e-05 4.825603629251059e-06 -2.345219975143695e-05 3.405303058872609e-06
-2.975345072218336e-05 6.636557967066213e-06 -2.190562779851673e-05 4.845168111418337e-06
-2.808258594159300e-05 8.420749934068828e-06 -2.047552752956076e-05 6.090973476114447e-06
-2.808267402822193e-05 4.852358616354489e-06 -2.095843869417750e-05 3.502268635759646e-06
-2.642094308982547e-05 6.636622817240851e-06 -1.948593271171588e-05 4.877611048167700e-06
-2.477785114346722e-05 8.391191299248584e-06 -1.820818405802997e-05 6.112801888280376e-06
-2.477777443288353e-05 4.881907311192018e-06 -1.846528653353467e-05 3.430757586471882e-06
-2.314416610592288e-05 6.636680056681855e-06 -1.697161326206442e-05 4.849677268425698e-06
-2.152961906373662e-05 8.360833174646854e-06 -1.570870697668751e-05 6.135220724014409e-06
-2.152930182947971e-05 4.912473777414697e-06 -1.584111732937821e-05 3.330129965828625e-06
-1.998864179560082e-05 6.636622503561674e-06 -1.439279136408912e-05 4.795472857312240e-06
-1.846599485863295e-05 8.330995102846629e-06 -1.311789044049486e-05 6.171854581493430e-06
-1.846564706674890e-05 4.943927531142707e-06 -1.314698460101543e-05 3.288985902647474e-06
-1.732900256729570e-05 6.767890908402865e-06 -1.214265714256647e-05 4.876091364634297e-06
-1.618400742304461e-05 8.305905776147384e-06 -1.113365423895663e-05 6.178181300365634e-06
-1.618338615129342e-05 4.970241147875208e-06 -1.113198048337351e-05 3.266816912027038e-06
-1.454662004563291e-05 8.285454893461194e-06 -9.731357647820795e-06 6.096918169624176e-06
-1.486063437546121e-05 7.202094716960833e-06 -9.976941354474054e-06 5.217457930104191e-06
-1.454594366327866e-05 4.986076396837336e-06 -9.743706650531471e-06 3.321869102026155e-06
-1.336799526818580e-05 5.002224832623954e-06 -8.782131397862285e-06 3.335421064789295e-06
2.241996047468139e-06 -2.612229946377067e-07 1.061448950123482e-06 -3.815329350686622e-07
2.287689684883459e-06 -3.709043890999988e-07 1.077465231715197e-06 -4.256855344318572e-07
2.287536246488674e-06 -7.804630713981987e-07 1.082859829282813e-06 -5.828135241736021e-07
2.242029902548580e-06 -8.890797356726718e-07 1.069495417146223e-06 -6.255966970710985e-07
-1.336612525769189e-05 8.271689643480455e-06 -8.772390313458280e-06 6.021911593022911e-06
-1.230590509874834e-05 8.199032368674078e-06 -7.917854699107425e-06 5.939351642729780e-06
-1.312477694261643e-05 6.229602005017578e-06 -8.572380461524114e-06 4.324228137473618e-06
-1.230368592317935e-05 4.925922453950082e-06 -7.941654218478276e-06 3.267082942378321e-06
2.132718647387788e-06 -2.159971872632426e-07 1.022491118661588e-06 -3.618019289725912e-07
2.022046714690969e-06 -6.651989962259738e-07 9.864832275542546e-07 -5.374226071941903e-07
2.133355609460528e-06 -9.346274532201259e-07 1.032317345132353e-06 -6.462032690815867e-07
-1.196657548144882e-05 7.193698681934105e-06 -7.639404694009133e-06 5.116458113507403e-06
-1.126622745841481e-05 8.004566110340016e-06 -7.088217772783295e-06 5.758140945879274e-06
-1.026395733312413e-05 7.699360188129226e-06 -6.284600187835126e-06 5.492829445615592e-06
-1.164887321986856e-05 5.813893195401287e-06 -7.404903883701684e-06 3.978086180500501e-06
-1.128498225225788e-05 4.671873189373002e-06 -7.097060215411102e-06 3.013560639489338e-06
1.390384989118438e-06 -2.062672334400595e-07 6.878833362601492e-07 -3.352146718029409e-07
1.389253690889243e-06 -9.488829074725419e-07 6.801747759001926e-07 -6.908580860279846e-07
1.005463355509616e-06 -5.787158489888869e-07 4.996385838650588e-07 -5.277237798426628e-07
-9.311441848295549e-06 7.281642481545696e-06 -5.529639036600975e-06 5.144518843125333e-06
-1.012996281115738e-05 6.657682840182714e-06 -6.165436478825957e-06 4.662413913908790e-06
-1.047697447509824e-05 5.348512360534416e-06 -6.451025571379265e-06 3.547289297960590e-06
-1.033765520936983e-05 4.250613411482918e-06 -6.346800371925584e-06 2.664264180092364e-06
5.905678621039278e-07 -1.427448875297382e-07 3.147748787785757e-07 -3.373078347888202e-07
5.899813698188680e-07 -1.016863893895444e-06 3.012324341786596e-07 -7.329751076801830e-07
1.200721225242426e-07 -5.809324346197663e-07 1.013062474199711e-07 -5.444589680002821e-07
-8.417081556485248e-06 6.764999139181002e-06 -4.831154525287644e-06 4.734837760696881e-06
-7.595611326062633e-06 6.156136842227969e-06 -4.151709685870555e-06 4.208726722846818e-06
-9.264921227480318e-06 5.143606502188967e-06 -5.474250575968238e-06 3.372339548804846e-06
-9.488361959028486e-06 3.675038126729071e-06 -5.640584507724199e-06 2.198108893291720e-06
-4.166567651066656e-07 -2.616232499109522e-09 -1.557877138154409e-07 -2.353492995457992e-07
-4.173117568679930e-07 -1.161578545417307e-06 -1.679097711106756e-07 -8.651834632049400e-07
-7.803858980871575e-06 5.212274103928996e-06 -4.316063277638612e-06 3.409005894574781e-06
-6.855283845450273e-06 5.460115060356368e-06 -3.543982120407655e-06 3.607960832837164e-06
-8.153320620231749e-06 4.142619939034176e-06 -4.582935923050839e-06 2.540221214336693e-06
-8.760599473097562e-06 2.970295072080448e-06 -5.024701813518680e-06 1.600449451903220e-06
-1.005457365782456e-06 -5.830644139756578e-07 -4.871175992126545e-07 -5.567677890634417e-07
-1.701551049591781e-06 2.005366993031028e-07 -8.644276378978666e-07 -1.442345714502076e-07
-1.701294052453036e-06 -1.370469749336802e-06 -8.684256783529787e-07 -9.946560898020293e-07
-6.200059337926789e-06 4.691031320485605e-06 -3.020475328268813e-06 2.952123186493887e-06
-5.643416527960205e-06 3.863149451012233e-06 -2.632090306544479e-06 2.253134639700113e-06
-5.187447937974828e-06 2.979148259344972e-06 -2.403557599554830e-06 1.544894831449484e-06
-7.440848432528717e-06 3.175766298700248e-06 -4.003234316265701e-06 1.718967391569441e-06
-8.173282558522022e-06 2.161571529104294e-06 -4.507787963362282e-06 9.833545152859950e-07
-2.260691915963306e-06 -5.829942268823702e-07 -1.166644358210002e-06 -5.639463015203733e-07
-2.943003712185648e-06 4.007873058199503e-07 -1.507077430066325e-06 -6.190370738617289e-08
-2.943702932005072e-06 -1.582380788645746e-06 -1.526730765293444e-06 -1.072517015069510e-06
-6.118960014032476e-06 2.981626696637294e-06 -3.006081261757725e-06 1.532853477923140e-06
-4.834870994511763e-06 2.052788281095283e-06 -2.253480786053089e-06 8.734748160319052e-07
-4.074510674486172e-06 5.708288552524799e-07 -2.049959196284045e-06 6.298486388118277e-09
-4.409298718845718e-06 7.410212877016974e-07 -2.176700712433605e-06 8.800425213610289e-08
-4.594730266679146e-06 1.086113924569479e-06 -2.221562885169011e-06 2.711603766240133e-07
-6.940314136921871e-06 2.042011443446165e-06 -3.573102393764518e-06 8.585215783361917e-07
-7.740043322026026e-06 1.280934898601249e-06 -4.062042027845939e-06 3.793922639967985e-07
-3.557086052775813e-06 -4.408931867681848e-07 -1.826991448124938e-06 -4.890761814995851e-07
-4.060301362826028e-06 -1.733998874954080e-06 -2.112565198635875e-06 -1.124702232394975e-06
-5.478008609347442e-06 1.393246326961374e-06 -2.664681616476021e-06 4.328102657477531e-07
-4.422978789494605e-06 5.128009813290406e-08 -2.217346085268834e-06 -2.524596326122055e-07
-4.818554538666180e-06 6.193461930204475e-07 -2.363598637144779e-06 2.199670262461120e-08
-6.573171251551318e-06 1.006671261796106e-06 -3.309511153162911e-06 2.058386257075862e-07
-7.478479512588929e-06 3.611143653505840e-07 -3.763031331166050e-06 -1.218433417024978e-07
-4.430085293291694e-06 -1.066962758157214e-06 -2.280296815987682e-06 -8.045987784369169e-07
-4.370937071939985e-06 -1.902891098286440e-06 -2.297014108555046e-06 -1.186689475301584e-06
-5.666230788136653e-06 -1.671204814490644e-07 -2.816565082885218e-06 -4.065923206581518e-07
-7.398849280012783e-06 -5.745537574590698e-07 -3.631354546429446e-06 -5.871946106474684e-07
-7.531541847184586e-06 -1.514805429095357e-06 -3.558319489357758e-06 -1.008151954964936e-06
-5.083005434389644e-06 -1.671317390682546e-06 -2.606697223386276e-06 -1.092298794851098e-06
-4.547483842735476e-06 -2.272990010628943e-06 -2.409379042133224e-06 -1.304959499817158e-06
-4.757021429991317e-06 -3.309552151796717e-06 -2.564809587164943e-06 -1.609388700057267e-06
-6.577300832858400e-06 -1.623462510317836e-06 -3.187545229802971e-06 -1.093168480415201e-06
-5.088764479116505e-06 -4.341879365953947e-06 -2.750601746378532e-06 -1.856389943181556e-06
-7.864815612709110e-06 -2.474047590389462e-06 -3.558855985136760e-06 -1.370180813993528e-06
-5.679250349856655e-06 -3.336888616504038e-06 -2.878437364157738e-06 -1.642297841528402e-06
-7.069209824023005e-06 -3.418033805107142e-06 -3.277177494499715e-06 -1.664399955927956e-06
-5.560883753683831e-06 -5.339597660088190e-06 -2.927347288899976e-06 -2.069849192348857e-06
-8.393123446490517e-06 -3.420830215499934e-06 -3.581325292647479e-06 -1.652562677021881e-06
-7.983002689707784e-06 -4.378795905055043e-06 -3.436122852609766e-06 -1.896160071352063e-06
-6.984651735761712e-06 -4.988295295167449e-06 -3.232908485208147e-06 -2.027836211133041e-06
-6.156413828103742e-06 -6.316353411814364e-06 -3.107618692815446e-06 -2.217111997970433e-06
-6.897073694068107e-06 -7.245741747014525e-06 -3.248776644650770e-06 -2.304423543721893e-06
-9.121249635108278e-06 -4.310490096695113e-06 -3.607729959485170e-06 -1.875079519881218e-06
-8.612472007583224e-06 -5.483868627749508e-06 -3.495441911722164e-06 -2.082373034001515e-06
-8.008821507354451e-06 -6.882883898273296e-06 -3.407008307841262e-06 -2.260677482870808e-06
-7.749878092614255e-06 -8.112497587181185e-06 -3.381890167819740e-06 -2.361882826166234e-06
-1.002370866594333e-05 -5.108278135829924e-06 -3.671046805773268e-06 -2.005277659341308e-06
-9.756703926344165e-06 -6.881702722364499e-06 -3.596197116650161e-06 -2.214910383910206e-06
-8.728227102666900e-06 -8.881470118369552e-06 -3.477888877278638e-06 -2.406386003227715e-06
-9.825400226812224e-06 -9.553673280626721e-06 -3.566209902286523e-06 -2.436660124612069e-06
-1.101145105354414e-05 -1.011809339630690e-05 -3.656080086853477e-06 -2.456176352505275e-06
-1.110202974198979e-05 -7.269980442020966e-06 -3.704796386023877e-06 -2.217471588666192e-06
-1.108920559195898e-05 -5.780075439153887e-06 -3.731375372511859e-06 -2.064076121156311e-06
-1.083196128666020e-05 -8.779331681072244e-06 -3.653710624874859e-06 -2.364995905854809e-06
-1.228705616042882e-05 -1.053706578632951e-05 -3.749282065297831e-06 -2.470861018749822e-06
-1.363185651722826e-05 -1.081777769332852e-05 -3.887389545698247e-06 -2.503754761781153e-06
-1.219572155807355e-05 -7.605295746561953e-06 -3.782319228368271e-06 -2.229020762388196e-06
-1.230100633539051e-05 -6.272585077802043e-06 -3.803697420333740e-06 -2.106946956023524e-06
-1.501492910724250e-05 -1.094065440719400e-05 -4.027838842181526e-06 -2.515706814709164e-06
-1.345530174989500e-05 -8.868102232695737e-06 -3.868814572854104e-06 -2.323512607577770e-06
-1.361886749236231e-05 -6.560604508037146e-06 -3.888685382533294e-06 -2.119337084378754e-06
-1.531615053479331e-05 -9.084981514440050e-06 -4.075461779091240e-06 -2.310800776231497e-06
-1.658281851283056e-05 -1.099316940788894e-05 -4.213411216668593e-06 -2.501804755081377e-06
-1.500017938334986e-05 -6.640154854493314e-06 -4.045540564176043e-06 -2.106116440880200e-06
-1.878362261663987e-05 -1.104692892085619e-05 -4.485750597165015e-06 -2.515070538140937e-06
-1.702423637700260e-05 -8.018011415116475e-06 -4.256401004820790e-06 -2.172118573344727e-06
-1.657905134937920e-05 -6.590585497456996e-06 -4.218082776422308e-06 -2.049928151256683e-06
-2.191444128405903e-05 -1.113064880261032e-05 -4.852829912630184e-06 -2.558848185475765e-06
-2.034135265003264e-05 -8.612516152391950e-06 -4.665277948105933e-06 -2.218298803071044e-06
-1.878410909866531e-05 -6.524883258161201e-06 -4.464885656522861e-06 -1.981582549543933e-06
-2.620049984674326e-05 -1.122300435974597e-05 -5.402368557252492e-06 -2.534716699237726e-06
-2.403149624353345e-05 -8.793649088139471e-06 -5.132161489107068e-06 -2.218982692047061e-06
-2.191394889522318e-05 -6.448859621974451e-06 -4.880285233179018e-06 -1.955038652193901e-06
-3.081553608922676e-05 -1.130254217969705e-05 -5.912459066733762e-06 -2.463543386954034e-06
-2.848390243545581e-05 -8.796107340713917e-06 -5.658885886994850e-06 -2.201988732010853e-06
-2.619967106324638e-05 -6.365793857038245e-06 -5.415554377187245e-06 -1.906860999779658e-06
-3.556074837421949e-05 -1.136904073057954e-05 -6.336261304448889e-06 -2.389320427132578e-06
-3.316759299098974e-05 -8.799037895071973e-06 -6.122623136307091e-06 -2.231391432525045e-06
-3.081452410206067e-05 -6.292629543400706e-06 -5.918850187802432e-06 -1.955011064506245e-06
-4.041270375341682e-05 -1.142223194175068e-05 -6.585510715090792e-06 -2.324635141814064e-06
-3.797034730328533e-05 -8.801790227188965e-06 -6.461927770997959e-06 -2.214143762437553e-06
-3.555971963310987e-05 -6.231856734085676e-06 -6.351712338851162e-06 -2.018564902518116e-06
-4.534660767992116e-05 -1.146236708128976e-05 -6.843383229073150e-06 -2.317969208564056e-06
-4.286738948376808e-05 -8.804274662252864e-06 -6.696725630416526e-06 -2.201216235424161e-06
-4.041165490735942e-05 -6.183889493380535e-06 -6.612734961302853e-06 -2.064361776246129e-06
-5.033919123854486e-05 -1.149088894304617e-05 -7.066999191034354e-06 -2.340250547358494e-06
-4.783425876157765e-05 -8.806513522151089e-06 -6.931530994288560e-06 -2.199792867673295e-06
-4.534559171034430e-05 -6.148500904093809e-06 -6.852804828850984e-06 -2.113324343321296e-06
-5.537079774984349e-05 -1.150956210743991e-05 -7.311842219450583e-06 -2.394377307128166e-06
-5.284942129082811e-05 -8.808485756875890e-06 -7.160683171731465e-06 -2.195519039749145e-06
-5.033824604687512e-05 -6.124118282993273e-06 -7.067834562597207e-06 -2.085129013508412e-06
-6.042501087746382e-05 -1.152028467270107e-05 -7.705798354610179e-06 -2.485264929279044e-06
-5.789486012257426e-05 -8.810176815748687e-06 -7.482735776326072e-06 -2.212720509669403e-06
-5.536997267625518e-05 -6.109103787141626e-06 -7.321951937481287e-06 -2.013186489905307e-06
-6.549029774070637e-05 -1.152581359153503e-05 -8.364640861467453e-06 -2.557944251747744e-06
-6.295622526033356e-05 -8.811409895019417e-06 -8.006918035493014e-06 -2.205488578706898e-06
-6.042449597767221e-05 -6.101282196875749e-06 -7.744540583515151e-06 -1.902818741453079e-06
-7.635063176647221e-05 -1.123055052629596e-05 -1.025207111973574e-05 -2.562220340690032e-06
-7.563050321832117e-05 -1.152883059296340e-05 -1.012891281302188e-05 -2.612806062226229e-06
-6.776052901159573e-05 -8.812355785070794e-06 -8.725045288987614e-06 -2.159374235273715e-06
-7.055980982797722e-05 -1.152820326432213e-05 -9.212949504724758e-06 -2.606696705131303e-06
-6.548978688711879e-05 -6.098095853261135e-06 -8.404366514957667e-06 -1.772807147977743e-06
-7.664891573767448e-05 -1.051042736220491e-05 -1.030302198647894e-05 -2.441060813222418e-06
-7.494473228886021e-05 -8.812956952326142e-06 -1.000619252576715e-05 -2.156290947892170e-06
-7.055955416027407e-05 -6.097069839917075e-06 -9.203428801574245e-06 -1.690546471700694e-06
-7.664877574230386e-05 -7.115579453423674e-06 -1.029911624624533e-05 -1.875527480485971e-06
-7.563030609874938e-05 -6.097121274802120e-06 -1.012097512642363e-05 -1.699649476795070e-06
-7.635047019434274e-05 -6.395421985833814e-06 -1.024645711066025e-05 -1.751178307279401e-06
