-9.004601045643099e-05 1.278800990691913e-05 -4.301307965706442e-05 5.701306462034461e-06
-9.038721034237333e-05 1.196418195224887e-05 -4.320861066123178e-05 5.240754408948487e-06
-9.038710417742905e-05 8.080898691819547e-06 -4.328364184603187e-05 3.145475698719316e-06
-9.004588929747542e-05 7.257039846697140e-06 -4.310226896929209e-05 2.708403686037499e-06
-8.922225812203713e-05 1.312926781218690e-05 -4.254744705920859e-05 5.890839398133811e-06
-8.767739077378502e-05 1.002248565581625e-05 -4.179706124452471e-05 4.203602658562834e-06
-8.922211015378772e-05 6.915764318262121e-06 -4.266189209115183e-05 2.528869307283883e-06
-8.342210563805770e-05 1.313013462460683e-05 -3.948426029052277e-05 5.884541894367317e-06
-8.342188403465410e-05 6.914436004656655e-06 -3.964140394823305e-05 2.528910773266965e-06
-8.021796168464332e-05 1.002205980818463e-05 -3.772072114375788e-05 4.186295856284116e-06
-7.761709309507520e-05 1.313207309892907e-05 -3.626029904428848e-05 5.963931607694474e-06
-7.761686819468194e-05 6.911785183888846e-06 -3.643723860535804e-05 2.401655679784604e-06
-7.471235097608162e-05 1.002143383375519e-05 -3.451860155473528e-05 4.210942307457018e-06
-7.180749124188372e-05 1.313154454959431e-05 -3.278280334274919e-05 6.064746372923942e-06
-7.180734848059133e-05 6.910876911267897e-06 -3.299146815516077e-05 2.327681602508905e-06
-6.890251097114755e-05 1.002047606996181e-05 -3.100827671849268e-05 4.172997071860456e-06
-6.600081333223068e-05 1.312493840988267e-05 -2.915190405353543e-05 5.980022499282540e-06
-6.600084768959936e-05 6.915201651840823e-06 -2.949033676022658e-05 2.321532551872688e-06
-6.310159905885430e-05 1.001926617660787e-05 -2.749336695340725e-05 4.134872530280107e-06
-6.021021498671700e-05 1.311046449875950e-05 -2.572944281685277e-05 5.954194177394168e-06
-6.021052089534036e-05 6.926732624592819e-06 -2.594659849469200e-05 2.240869802907963e-06
-5.732420170319087e-05 1.001786143904316e-05 -2.397210790322638e-05 4.113017096017205e-06
-5.445132372900000e-05 1.308694620562779e-05 -2.246190649200053e-05 5.863471507085937e-06
-5.445156811202148e-05 6.947052968013906e-06 -2.247918985698296e-05 2.265163058217002e-06
-5.158682355936205e-05 1.001617863276752e-05 -2.069205259756410e-05 4.089361969392328e-06
-4.874202902217029e-05 1.305249289776592e-05 -1.927928078157755e-05 5.694699340524839e-06
-4.874222733836134e-05 6.977829977938082e-06 -1.926654245387624e-05 2.441478280288047e-06
-4.590953860546131e-05 1.001413787204251e-05 -1.760523805594452e-05 4.056451145591676e-06
-4.310404624084101e-05 1.300572804590419e-05 -1.618621431467985e-05 5.594671785130316e-06
-4.310444955003218e-05 7.020528814715457e-06 -1.626158501576983e-05 2.546330613374593e-06
-4.031539436198419e-05 1.001208950234512e-05 -1.475194231912533e-05 4.074800406274920e-06
-3.756191097255674e-05 1.294591421198403e-05 -1.349892860309505e-05 5.466760665869472e-06
-3.756235813024600e-05 7.076110716995955e-06 -1.354566775664584e-05 2.637224051027241e-06
-3.482899324384868e-05 1.000997382932798e-05 -1.218129303107684e-05 4.041947903959825e-06
-3.213903170360366e-05 1.287356860946109e-05 -1.109900954690430e-05 5.203633166377970e-06
-3.213876540639181e-05 7.144063565113522e-06 -1.113163210667208e-05 2.877390675383456e-06
-2.957882450950764e-05 1.000722699054633e-05 -1.002773458993281e-05 4.013671052287173e-06
-2.706688253170456e-05 1.279124951994747e-05 -9.099472649735037e-06 5.106849479087491e-06
-2.706580231437508e-05 7.225002920802836e-06 -9.186408245659173e-06 3.046692532560931e-06
-2.519619814427082e-05 1.021853231746146e-05 -8.439505374143160e-06 4.112696177602194e-06
-2.333335720509881e-05 1.271548472182327e-05 -7.736556864997657e-06 5.045430218219473e-06
-2.333055131317504e-05 7.299575367739350e-06 -7.841840624762150e-06 3.071470756414659e-06
-2.068678958546180e-05 1.264958628951779e-05 -6.851968479996976e-06 4.993927147852983e-06
-2.118368438414938e-05 1.091400762146832e-05 -7.026360612465776e-06 4.379263007948965e-06
-2.068268340434924e-05 7.346897997147912e-06 -6.870607917535062e-06 3.089704956893239e-06
-1.879768730977514e-05 7.397933004051941e-06 -6.171762503911158e-06 3.160389407681099e-06
2.877615311585483e-06 8.519622894884257e-08 9.991003718016899e-07 9.167442071383300e-07
2.935135444434572e-06 -5.305261861847672e-08 1.030128499346075e-06 8.468809686255100e-07
2.934886444023988e-06 -5.684400078836067e-07 1.035417380352012e-06 5.925083912888704e-07
2.877644143711939e-06 -7.049756341672294e-07 1.005249551794467e-06 5.233200963936078e-07
-1.879368885786536e-05 1.260315418653730e-05 -6.163128653156442e-06 4.964254463132442e-06
-1.711512475519401e-05 1.246525972488502e-05 -5.590640215832929e-06 4.899859949501311e-06
-1.839957083569254e-05 9.352977806049823e-06 -6.009249568644106e-06 3.850616818056064e-06
-1.710029669445092e-05 7.305004643427567e-06 -5.547428051168444e-06 3.196464755993249e-06
2.739956904531545e-06 1.423022835900990e-07 9.259133500381610e-07 9.453159159499048e-07
2.601066190454527e-06 -4.229915473202966e-07 8.605127779789956e-07 6.688023990439666e-07
2.741020068115451e-06 -7.620862253842554e-07 9.332599856143954e-07 4.963206656127614e-07
-1.657074668739452e-05 1.086897174294248e-05 -5.394376830100698e-06 4.365318337298479e-06
-1.548293120689029e-05 1.212992701036121e-05 -5.052072365178784e-06 4.763614070427337e-06
-1.392881902245906e-05 1.163061836078908e-05 -4.528070728476656e-06 4.600542259733751e-06
-1.606648660411594e-05 8.704987348627113e-06 -5.202680730105255e-06 3.662674583954885e-06
-1.549830364021007e-05 6.942085438546794e-06 -5.008098243630754e-06 3.131934827975569e-06
1.806369268673034e-06 1.565493368614709e-07 4.738830889558235e-07 9.831517981260898e-07
1.805375375580167e-06 -7.792601398470067e-07 4.843060009264095e-07 5.362555239466627e-07
1.321781552290779e-06 -3.117974510202421e-07 2.477110663528188e-07 7.914901480313061e-07
-1.247534671910796e-05 1.095448002263625e-05 -4.032087103540091e-06 4.388423028836506e-06
-1.371309106348431e-05 1.000520578258298e-05 -4.449284254062001e-06 4.071468370145798e-06
-1.424556652349315e-05 7.990967630944490e-06 -4.610404454053521e-06 3.453551477345268e-06
-1.402519793943945e-05 6.331933846565170e-06 -4.533641039189931e-06 2.974684257301409e-06
7.972094233784398e-07 2.419855944008507e-07 2.374792173192784e-09 1.067122476783308e-06
7.973479170771275e-07 -8.656324075006669e-07 2.189640153983112e-08 5.790998179670910e-07
2.010342104751425e-07 -3.117857731120295e-07 -2.499037779193976e-07 8.698086996577982e-07
-1.112484480184253e-05 1.013990303774149e-05 -3.583890437635455e-06 4.143016105175494e-06
-9.910718268804765e-06 9.200474877891509e-06 -3.227559217175393e-06 3.856382663328818e-06
-1.239365545067609e-05 7.680796992281712e-06 -4.024997266759215e-06 3.359827679857897e-06
-1.271986438933085e-05 5.493693380715552e-06 -4.142117304746378e-06 2.741551654975252e-06
-4.823337509711812e-07 4.277552482867927e-07 -5.054387576860283e-07 1.138240639781430e-06
-4.823132416578113e-07 -1.051075246305128e-06 -4.807504503760776e-07 6.831028894841327e-07
-1.021924564799019e-05 7.774969391435051e-06 -3.341861858934265e-06 3.403823655273842e-06
-8.841048754764576e-06 8.137795194285216e-06 -2.912985022772771e-06 3.516152227321519e-06
-1.072925538162544e-05 6.191787354782943e-06 -3.532130564868537e-06 2.927556858522702e-06
-1.161330342359828e-05 4.482926831513382e-06 -3.826163320443726e-06 2.458291294961032e-06
-1.233743885452950e-06 -3.112483803825351e-07 -7.160317978225477e-07 9.441137711556414e-07
-2.126587350575764e-06 6.969236836314595e-07 -1.018940267829863e-06 1.306743477507634e-06
-2.124831325631916e-06 -1.320763963948384e-06 -9.862923691968368e-07 6.547393752738800e-07
-7.904706806239912e-06 6.985211220228785e-06 -2.642425169707965e-06 3.116997822779686e-06
-7.138904749805761e-06 5.780657179339219e-06 -2.469220080384533e-06 2.789128024170736e-06
-6.536944463083749e-06 4.510013309529426e-06 -2.316032486565948e-06 2.447016135673479e-06
-9.692457980921321e-06 4.783730348594602e-06 -3.227024019612822e-06 2.531976949481847e-06
-1.072780628168064e-05 3.347143434211793e-06 -3.554980122862385e-06 2.121432762909548e-06
-2.843398709915658e-06 -3.075308691862692e-07 -1.230010558828220e-06 1.028570413558462e-06
-3.722951754276127e-06 9.624342397488253e-07 -1.498069189893180e-06 1.439125867780711e-06
-3.723081258570542e-06 -1.596545173941920e-06 -1.477684799415948e-06 6.621055417345654e-07
-7.821768693632747e-06 4.506109430129718e-06 -2.662546137994741e-06 2.446710847520996e-06
-6.082731612261537e-06 3.207323293285256e-06 -2.193428095711407e-06 2.092427652320076e-06
-5.169129514795435e-06 1.187988558753394e-06 -1.921348219873534e-06 1.518169755360809e-06
-5.588225026815796e-06 1.414511012897970e-06 -2.050079081146921e-06 1.584129284863430e-06
-5.809065523426854e-06 1.878269772753152e-06 -2.116810373426031e-06 1.717216944323381e-06
-8.971656524985404e-06 3.180995414836087e-06 -3.005598796957052e-06 2.063002989888894e-06
-1.006844770219647e-05 2.137803213966814e-06 -3.319924705471939e-06 1.741374702262696e-06
-4.513045552973754e-06 -1.201453359358973e-07 -1.727717437433696e-06 1.132020504536926e-06
-5.181146005163820e-06 -1.796613996009675e-06 -1.929179824963555e-06 6.836150898962240e-07
-6.973270545124430e-06 2.287750329014195e-06 -2.443360597946073e-06 1.825124552356291e-06
-5.620306187064682e-06 5.129074447530376e-07 -2.060060889192126e-06 1.317077177674872e-06
-6.117800617115949e-06 1.254697256562403e-06 -2.204980120790510e-06 1.534651785276083e-06
-8.458180913242213e-06 1.763336415213183e-06 -2.858049288505910e-06 1.642769809055310e-06
-9.655258063956794e-06 9.071712644742205e-07 -3.145004692754832e-06 1.412906213810871e-06
-5.655271565878860e-06 -9.374248702868282e-07 -2.076266856751674e-06 9.294211211849246e-07
-5.599246180989201e-06 -2.014304294300378e-06 -2.070078561285511e-06 6.534790895202802e-07
-7.244130156756215e-06 2.062754286122442e-07 -2.518238383932639e-06 1.219342225171312e-06
-9.509936614099302e-06 -3.196995602423607e-07 -3.065552094050443e-06 1.091885347459524e-06
-9.622394447756530e-06 -1.523695348380466e-06 -3.109577347193378e-06 8.178795452144294e-07
-6.516244992187693e-06 -1.724828185780183e-06 -2.311640237486384e-06 7.487184795175706e-07
-5.843106275385103e-06 -2.480186340587295e-06 -2.151928283923841e-06 5.519564517526954e-07
-6.142363812883578e-06 -3.763964175113883e-06 -2.257158650932583e-06 2.490402128860500e-07
-8.417073043042986e-06 -1.678356242622120e-06 -2.799165130311785e-06 7.881841677828907e-07
-6.590297642161178e-06 -5.009472720254271e-06 -2.378633849754428e-06 -4.113241387700450e-08
-9.990201926023534e-06 -2.739483799925570e-06 -3.243100312795156e-06 5.089148321884822e-07
-7.298505894937192e-06 -3.808115728059658e-06 -2.522780692497704e-06 2.265032736448565e-07
-9.004552956720626e-06 -3.905442048336663e-06 -2.987579511389843e-06 2.060975788085814e-07
-7.187968074363778e-06 -6.198984056069735e-06 -2.513316151286018e-06 -3.152288220180285e-07
-1.058868132702218e-05 -3.907493944423138e-06 -3.399862547447767e-06 2.222301733061298e-07
-1.008669151086118e-05 -5.062125347162368e-06 -3.279269710019419e-06 -5.892498620287268e-08
-8.903077338455460e-06 -5.786453801758730e-06 -2.949969543681526e-06 -2.309327993387591e-07
-7.924046873709157e-06 -7.336241602700103e-06 -2.668794440195958e-06 -6.012926665870244e-07
-8.807276197374430e-06 -8.398996123059946e-06 -2.923308231937614e-06 -9.280610783598815e-07
-1.141024678502851e-05 -4.986956329787509e-06 -3.637195792892032e-06 -5.752255200013866e-08
-1.081410954194073e-05 -6.362786716087702e-06 -3.504718212721905e-06 -4.152932270819697e-07
-1.011211045816988e-05 -7.977926143673085e-06 -3.306756741887763e-06 -8.217028689329470e-07
-9.812723443854624e-06 -9.373031360212023e-06 -3.216062766048108e-06 -1.160461012842942e-06
-1.242678882891826e-05 -5.936918711543489e-06 -3.876441483062284e-06 -3.478102857484762e-07
-1.211757081719530e-05 -7.969132716874604e-06 -3.824861985104752e-06 -8.489310599422447e-07
-1.094247869456577e-05 -1.022980961129500e-05 -3.537091068012712e-06 -1.335608034736344e-06
-1.218683160401944e-05 -1.096570404537952e-05 -3.861121626714155e-06 -1.443694840704108e-06
-1.352021581462124e-05 -1.157050409380080e-05 -4.174815600315145e-06 -1.474674011248579e-06
-1.362857543539684e-05 -8.406667031295545e-06 -4.137851411379708e-06 -9.790253588207590e-07
-1.361804053519115e-05 -6.722634609404337e-06 -4.113908350748011e-06 -6.009547815195722e-07
-1.332696663161662e-05 -1.009322533582761e-05 -4.137076467693119e-06 -1.264960474260277e-06
-1.493563779337554e-05 -1.201554512145086e-05 -4.455128319758350e-06 -1.473149877887778e-06
-1.641336553766836e-05 -1.230398713761495e-05 -4.636997162389048e-06 -1.427528041930783e-06
-1.484339390244441e-05 -8.783173652518062e-06 -4.365517003041770e-06 -1.068272441540213e-06
-1.495871381832187e-05 -7.298993510991085e-06 -4.358754522024626e-06 -7.976975018787986e-07
-1.792463989166590e-05 -1.242070232341212e-05 -4.773104142464412e-06 -1.380915127549465e-06
-1.623046326488047e-05 -1.017424454057554e-05 -4.623212765582891e-06 -1.259220289567423e-06
-1.640622257503684e-05 -7.641785303296395e-06 -4.602988579549395e-06 -9.369309670746279e-07
-1.825595405614678e-05 -1.040623333303729e-05 -4.779084014219519e-06 -1.266558544651382e-06
-1.962004303561486e-05 -1.245747814205067e-05 -4.813336538341034e-06 -1.344536353817792e-06
-1.791476432535455e-05 -7.744574077793714e-06 -4.774324793771820e-06 -1.013476394206355e-06
-2.198365001477390e-05 -1.249511358901977e-05 -4.867593355792677e-06 -1.268126787650591e-06
-2.010280880891996e-05 -9.252550405809511e-06 -4.896654281626728e-06 -1.182220602356147e-06
-1.961777871435146e-05 -7.709469836830882e-06 -4.860269537768858e-06 -1.085527815148798e-06
-2.530773863974656e-05 -1.255353020734826e-05 -4.810419913362395e-06 -1.172397246895211e-06
-2.364617497685839e-05 -9.891894817927578e-06 -4.900557708039171e-06 -1.218864358458060e-06
-2.198441622730099e-05 -7.662578663252273e-06 -4.941023007090715e-06 -1.201292148068742e-06
-2.980294909530859e-05 -1.261608413072245e-05 -4.639888021881528e-06 -1.050642649222838e-06
-2.753771699696830e-05 -1.008308452365717e-05 -4.775927822306697e-06 -1.185030414643810e-06
-2.530780458040394e-05 -7.608078332985190e-06 -4.889855072794357e-06 -1.275903190087069e-06
-3.458663917746690e-05 -1.266681401941181e-05 -4.348130441783367e-06 -9.785954347139387e-07
-3.217939116144406e-05 -1.008398306756319e-05 -4.526855306624128e-06 -1.177177075415547e-06
-2.980269220042615e-05 -7.550385077456627e-06 -4.696665034085469e-06 -1.331835986142249e-06
-3.945077922432869e-05 -1.270596412400782e-05 -3.810670941120951e-06 -8.522137823111524e-07
-3.700673273094329e-05 -1.008519638542117e-05 -4.111107116487808e-06 -1.191175662966710e-06
-3.458622663961887e-05 -7.502317204670926e-06 -4.358321373355122e-06 -1.378654673225651e-06
-4.437529409551336e-05 -1.273430125548637e-05 -3.162042908368757e-06 -7.954740769481437e-07
-4.190445059720071e-05 -1.008620361675331e-05 -3.534467447746550e-06 -1.182288401635473e-06
-3.945051052595769e-05 -7.465521399472831e-06 -3.879149078183777e-06 -1.473149757058444e-06
-4.934131281331586e-05 -1.275367580456657e-05 -2.503883165563757e-06 -8.760629552390650e-07
-4.685259298843295e-05 -1.008715803906227e-05 -2.870551424864503e-06 -1.162401551715709e-06
-4.437501956359614e-05 -7.439088871156724e-06 -3.293254692976583e-06 -1.514617769011493e-06
-5.433351909862419e-05 -1.276546846647140e-05 -2.063763784395298e-06 -9.777465946650111e-07
-5.183402932292238e-05 -1.008798010165256e-05 -2.310206976969760e-06 -1.126097473561691e-06
-4.934112344206694e-05 -7.421584320134085e-06 -2.647319650106796e-06 -1.419979660123442e-06
-5.934032028797907e-05 -1.277175693299252e-05 -1.942887612875003e-06 -1.098797767843333e-06
-5.683518708499774e-05 -1.008861316229551e-05 -2.002681109602484e-06 -1.102388368935131e-06
-5.433335431202224e-05 -7.411181447906814e-06 -2.192431336025336e-06 -1.305939443044340e-06
-6.435303703651837e-05 -1.277392804021511e-05 -2.084502775147649e-06 -1.249216833412345e-06
-6.184626658698888e-05 -1.008911359837580e-05 -2.023156142106429e-06 -1.125710179262341e-06
-5.934019150759781e-05 -7.406020233270895e-06 -2.050195384505444e-06 -1.151891788232947e-06
-6.936576288984258e-05 -1.277394470505572e-05 -2.241900820854373e-06 -1.287891650277098e-06
-6.685960588858109e-05 -1.008947917363216e-05 -2.204868000068981e-06 -1.153151160809349e-06
-6.435297925930381e-05 -7.404649086477989e-06 -2.158675190593835e-06 -1.031177951216520e-06
-8.009828536606233e-05 -1.247858838848034e-05 -2.846359033693068e-06 -1.308104887003951e-06
-7.938673728598721e-05 -1.277332767884888e-05 -2.804205731437395e-06 -1.322501717590568e-06
-7.161071118857022e-05 -1.008965080268189e-05 -2.427651809536990e-06 -1.135403957782924e-06
-7.437698833294970e-05 -1.277343128673224e-05 -2.561655934196573e-06 -1.299318325827339e-06
-6.936577038089556e-05 -7.405177798154335e-06 -2.352305946249619e-06 -9.828155959030077e-07
-8.039301714239075e-05 -1.176702849722682e-05 -2.865607029331649e-06 -1.270703272986398e-06
-7.870936588824133e-05 -1.008985093384290e-05 -2.783647204978666e-06 -1.175123724717077e-06
-7.437693899317604e-05 -7.406052521170459e-06 -2.587805338254951e-06 -1.029550554813653e-06
-8.039303341169817e-05 -8.412673383640442e-06 -2.918333691130323e-06 -1.051464125440788e-06
-7.938673373380295e-05 -7.406343215543989e-06 -2.856105839359929e-06 -9.886439577111585e-07
-8.009829681952097e-05 -7.701092589031695e-06 -2.901318796949308e-06 -1.006163712267521e-06
