7.787602443472169e-05 -1.292690993394756e-05 -2.564773612647833e-07 -7.869181403578584e-07
7.813398987370062e-05 -1.230401453554136e-05 -2.685167947899071e-07 -8.102668607697047e-07
7.813400494909775e-05 -9.367921987543111e-06 -3.744392834081637e-07 -8.729425378422668e-07
7.787604046120623e-05 -8.745012164002094e-06 -3.824199171183038e-07 -8.660882105691375e-07
7.725321613748538e-05 -1.318494208752529e-05 -2.327279067130100e-07 -7.760225108319960e-07
7.608534824998214e-05 -1.083595381469344e-05 -2.664428205612490e-07 -8.179442010659574e-07
7.725322844220562e-05 -8.486971820407193e-06 -3.935293788194338e-07 -8.633353425623981e-07
7.286816750907793e-05 -1.318618322407843e-05 -3.147402166101008e-08 -7.476788321454064e-07
7.286822498437510e-05 -8.485565239807694e-06 -2.942989663184770e-07 -8.282255706656789e-07
7.044608477404058e-05 -1.083581467029133e-05 -1.607626995856967e-07 -8.405851692589914e-07
6.847802735367570e-05 -1.319095024209547e-05 1.319501215400894e-07 -7.912638720516711e-07
6.847831925985674e-05 -8.480730027733016e-06 -2.359421871356670e-07 -7.630208290442357e-07
6.627948573111201e-05 -1.083588234771456e-05 -1.475370188952064e-07 -7.797686148921761e-07
6.407487884711197e-05 -1.319966211373768e-05 -5.570829828998307e-08 -8.706728048914721e-07
6.407548092478071e-05 -8.472339418383034e-06 -2.068392576406888e-07 -6.353989615044637e-07
6.186793257006022e-05 -1.083621322970270e-05 -2.955363208107826e-07 -7.847455230391397e-07
5.965314415838425e-05 -1.321109343496500e-05 -3.518725213939376e-07 -9.083483465412978e-07
5.965383835006538e-05 -8.461654423323482e-06 -5.332987050762612e-07 -5.780322566436742e-07
5.743533677310082e-05 -1.083693462995362e-05 -6.292423529720840e-07 -7.594216907056856e-07
5.520892371723475e-05 -1.322459494623473e-05 -7.516390343010389e-07 -9.475666509077636e-07
5.520923171912762e-05 -8.449880818965393e-06 -1.029337623648165e-06 -4.752406568254696e-07
5.297852668710241e-05 -1.083787963539379e-05 -1.069134219136633e-06 -7.398599355684156e-07
5.073950314839497e-05 -1.323930884532735e-05 -1.153486700989327e-06 -9.668486255412961e-07
5.073938492830145e-05 -8.437471663092196e-06 -1.655276368353610e-06 -5.024316711704198e-07
4.849583003669079e-05 -1.083920117641700e-05 -1.499052923964846e-06 -6.969654774462326e-07
4.624398189654640e-05 -1.325409304240661e-05 -1.700408400405325e-06 -9.174792598535248e-07
4.624347847912023e-05 -8.425701301328934e-06 -2.101410378521951e-06 -6.168533035903191e-07
4.398736299619164e-05 -1.084061135932750e-05 -1.786749067397118e-06 -6.637149489573165e-07
4.172413639953371e-05 -1.326643749778040e-05 -2.128436777620077e-06 -7.491920426826541e-07
4.172378855977591e-05 -8.416616337382964e-06 -2.189885092592388e-06 -7.520744357378972e-07
3.945765235091334e-05 -1.084220630023069e-05 -1.809854174205396e-06 -6.578401959837325e-07
3.718702164222526e-05 -1.327434980421443e-05 -2.113137945137404e-06 -5.186443691442115e-07
3.718727267882441e-05 -8.412173072767576e-06 -1.921955947581407e-06 -8.481875216003137e-07
3.491574641383516e-05 -1.084404069333740e-05 -1.509099833072325e-06 -6.876922161200568e-07
3.264361944341106e-05 -1.327647886291614e-05 -1.547970929622958e-06 -3.608988037553585e-07
3.264445096773530e-05 -8.413766649237756e-06 -1.340615469035452e-06 -9.707933669111249e-07
3.046524351550861e-05 -1.084596851883756e-05 -9.634782658914861e-07 -6.885131328816238e-07
2.828909326083080e-05 -1.327312491538408e-05 -7.774718476989626e-07 -2.830539245207755e-07
2.828991509152745e-05 -8.420781152221000e-06 -6.335878368886153e-07 -1.024125932795328e-06
2.665949708949168e-05 -1.103679800708102e-05 -4.045203932164298e-07 -6.592397114241624e-07
2.499920352716389e-05 -1.326784777146228e-05 -1.817124422479449e-07 -3.102178436878363e-07
2.499951457524711e-05 -8.428658453342379e-06 -1.581237872414431e-07 -1.009821439186041e-06
2.261141940994118e-05 -1.326329040257153e-05 1.896889770647377e-07 -3.256978520772747e-07
2.307724575136604e-05 -1.167328662876158e-05 1.365317669464909e-07 -5.308277713231509e-07
2.261169082096560e-05 -8.433623067491559e-06 1.691869559841578e-07 -9.386960242686045e-07
2.087947645321428e-05 -8.438266531613716e-06 4.290224325199003e-07 -9.466416480615014e-07
-3.612460966994282e-06 2.151435859994066e-09 -4.134368500005912e-07 -6.226932999926820e-07
-3.683463162263728e-06 1.727740227199662e-07 -4.345605287585991e-07 -5.762506774237383e-07
-3.683054038778861e-06 8.089426230803538e-07 -4.295872417282948e-07 -3.930958054185986e-07
-3.612364586115872e-06 9.774992740892479e-07 -4.074941249936075e-07 -3.456006117248984e-07
2.087854745342632e-05 -1.326043679394357e-05 4.030828014544060e-07 -3.422824064586792e-07
1.930679714290259e-05 -1.316850527180646e-05 6.258386791730607e-07 -3.565135581276143e-07
2.052856583016851e-05 -1.024764909577478e-05 4.826574089572542e-07 -7.530190501516946e-07
1.931006537657206e-05 -8.305324624476991e-06 6.092712913987985e-07 -9.295084219192156e-07
-3.442582542900905e-06 -6.829676430108061e-08 -3.633961672214367e-07 -6.408841313214520e-07
-3.271210146954517e-06 6.296437650166053e-07 -2.988149152635594e-07 -4.457171422930897e-07
-3.443702184835816e-06 1.048115062568624e-06 -3.552660594155874e-07 -3.277957275255619e-07
1.880852684351822e-05 -1.168205927423304e-05 7.029313155051049e-07 -5.419961459953548e-07
1.775653446176233e-05 -1.289857249080514e-05 7.711615502731296e-07 -4.459013499130761e-07
1.624879189004437e-05 -1.245589015524827e-05 8.756340420450299e-07 -5.431812823946961e-07
1.833733219154338e-05 -9.624355303434231e-06 7.349843210702766e-07 -7.782977620955043e-07
1.779163369049836e-05 -7.902460731967133e-06 7.587443552867413e-07 -9.071830172387183e-07
-2.290598925655540e-06 -8.537958553170879e-08 -1.583901524519131e-08 -5.994692476647046e-07
-2.288848051740931e-06 1.071465413085183e-06 -1.718194296399997e-08 -3.518803834772113e-07
-1.691359140156698e-06 4.947013383857599e-07 9.106162913024356e-08 -4.687332700206971e-07
1.480216604942370e-05 -1.184493300996670e-05 9.617147826846568e-07 -6.408017623500181e-07
1.605194492963351e-05 -1.089614495850276e-05 9.259144312029075e-07 -6.570642087099371e-07
1.657641172015431e-05 -8.919022020830171e-06 8.631637729284785e-07 -8.151073006006646e-07
1.636862723133321e-05 -7.242130140123592e-06 8.712562627382624e-07 -8.840608034579157e-07
-1.041690738498665e-06 -1.921207567973454e-07 2.164415786260300e-07 -5.892791778580149e-07
-1.040827767201521e-06 1.184667709621789e-06 2.040743143365203e-07 -3.580308828035123e-07
-2.995485570321185e-07 4.980500162367026e-07 3.193142814827229e-07 -4.728166310989324e-07
1.343507542249205e-05 -1.107516646728423e-05 1.014865215983930e-06 -6.959268209008656e-07
1.216493837237106e-05 -1.015600747193400e-05 9.970948731663171e-07 -7.240015039272059e-07
1.473667377029587e-05 -8.605118808273330e-06 1.039339125019362e-06 -7.932573743099035e-07
1.508367219850353e-05 -6.344432741258613e-06 1.036595025101783e-06 -8.614028377298153e-07
5.528979403032646e-07 -4.253588309459916e-07 4.049169089178262e-07 -5.302869501195938e-07
5.541081934810317e-07 1.425457082743073e-06 4.060678078794740e-07 -4.133470680339476e-07
1.248625058719237e-05 -8.714260277586760e-06 1.013955630203088e-06 -7.590890404439488e-07
1.100733197605811e-05 -9.098919325190498e-06 1.003538598018985e-06 -7.554084837624764e-07
1.302968820654873e-05 -7.062416234317803e-06 1.068005693857863e-06 -8.100937150029949e-07
1.397532452970901e-05 -5.237498009285465e-06 1.097360439931387e-06 -8.159566327158614e-07
1.494831318185954e-06 5.017543115770051e-07 4.992049997597800e-07 -4.783478166349878e-07
2.615526769771347e-06 -7.638708797884748e-07 5.996779559816834e-07 -5.735285655088657e-07
2.615173511627227e-06 1.773718480373443e-06 6.143420813171830e-07 -3.967637182031052e-07
9.977216022562932e-06 -7.918518455176507e-06 1.010476221940854e-06 -8.050550597248292e-07
9.086552052884667e-06 -6.628590438324608e-06 1.005107244092767e-06 -7.913526421527288e-07
8.343567691463143e-06 -5.242913534013680e-06 9.599686158817305e-07 -7.587343865108044e-07
1.191946793651148e-05 -5.556154941033549e-06 1.062186295771239e-06 -7.843271750351928e-07
1.307653934780798e-05 -3.955140231157122e-06 1.095832436792222e-06 -7.179276042390580e-07
3.517799170872801e-06 5.018341693148056e-07 6.981926541282306e-07 -4.748705800018387e-07
4.626285959814095e-06 -1.099231205220132e-06 7.932636916935710e-07 -5.807983465885902e-07
4.626980559818476e-06 2.127940422845949e-06 7.865077899126255e-07 -3.823409449883325e-07
9.832252380560286e-06 -5.250846103384455e-06 1.026409316335617e-06 -7.662239252823202e-07
7.763215698983760e-06 -3.775117405097801e-06 9.168320862102839e-07 -7.072074348542099e-07
6.479115451820648e-06 -1.386662655702257e-06 8.749268564286508e-07 -5.932312304674585e-07
7.034921952128424e-06 -1.666284565787448e-06 8.990636803903540e-07 -6.127615617759586e-07
7.349368305121913e-06 -2.226401518779015e-06 9.088551379501751e-07 -6.472815389242644e-07
1.113561262967176e-05 -3.764521324469987e-06 1.062799828572436e-06 -7.158460412307211e-07
1.241682590273479e-05 -2.545331577509141e-06 1.113070165567856e-06 -6.654583202788158e-07
5.624864773205285e-06 2.704039562508136e-07 8.498561719154361e-07 -5.080460154333550e-07
6.436655660988611e-06 2.381454903997554e-06 8.902941783038194e-07 -3.835463480962139e-07
8.789352120618121e-06 -2.725855075899777e-06 9.617867535140937e-07 -6.638447193372706e-07
7.048335538557921e-06 -5.399475736408396e-07 9.059185911948502e-07 -5.468048371192527e-07
7.706633015006615e-06 -1.470068196570740e-06 9.300924238165438e-07 -6.021262323762275e-07
1.055242355678686e-05 -2.105217888244632e-06 1.023974998943982e-06 -6.200963725683762e-07
1.202718310474688e-05 -1.056765301658542e-06 1.094308407432528e-06 -5.294458808029189e-07
7.043832499347635e-06 1.289482933033056e-06 9.204373413133277e-07 -4.508137030774813e-07
6.933412867461330e-06 2.661356209276999e-06 9.086434505810244e-07 -3.768649183481673e-07
9.082842588452349e-06 -1.985528204551831e-07 9.912610619523725e-07 -5.230395548331127e-07
1.192013791072208e-05 4.690843535563599e-07 1.099306910758884e-06 -5.048994476321020e-07
1.217632711449565e-05 2.018987936606498e-06 1.130857253115038e-06 -4.388466911036856e-07
8.105656814400775e-06 2.276583406698131e-06 9.708981641028724e-07 -4.095018907216546e-07
7.212345500018800e-06 3.279960793023066e-06 9.184039066079193e-07 -3.551514211738426e-07
7.534981415978472e-06 5.024126732987832e-06 9.433901723989618e-07 -2.875655165571980e-07
1.058643184963700e-05 2.187912962503509e-06 1.064320203698536e-06 -4.314631508110561e-07
8.064668145691075e-06 6.786470812620190e-06 9.855694634573900e-07 -2.378760658941048e-07
1.276901402165867e-05 3.610029478573999e-06 1.170075664929789e-06 -3.601498451814236e-07
9.077204636926292e-06 5.061994397504123e-06 1.028343855737005e-06 -2.931917187619562e-07
1.142909714288479e-05 5.199142535099987e-06 1.117844250459346e-06 -2.880831301369617e-07
8.847185034031215e-06 8.500044624614511e-06 1.033934491041301e-06 -1.947547119846901e-07
1.370127354904157e-05 5.203364748108433e-06 1.217856931051709e-06 -2.703064085417449e-07
1.300582935297975e-05 6.838592584665633e-06 1.184365051549864e-06 -2.205059986548662e-07
1.128164993309741e-05 7.889545365877572e-06 1.122766738062048e-06 -2.119453510315924e-07
9.848908964261235e-06 1.020223836353471e-05 1.094475743387697e-06 -1.710187350614352e-07
1.112138130832710e-05 1.183888280111418e-05 1.124293101882250e-06 -1.723818646768251e-07
1.499247647011635e-05 6.713928422010016e-06 1.219092238287423e-06 -2.086642243435934e-07
1.410714695408760e-05 8.750838420330427e-06 1.189680792112095e-06 -1.948847446874835e-07
1.305132257538813e-05 1.120377646555999e-05 1.152528332226626e-06 -1.818110323204487e-07
1.259715657379831e-05 1.338319844624293e-05 1.145816942579597e-06 -1.620601664864402e-07
1.659767251191675e-05 8.083027844515619e-06 1.197976011046961e-06 -1.835032356376567e-07
1.612883695104619e-05 1.120604833976406e-05 1.181577661456275e-06 -2.043551715602333e-07
1.431174961466367e-05 1.476063654726819e-05 1.154418311109057e-06 -1.538354504823863e-07
1.625768783283119e-05 1.597839113370656e-05 1.175144579072473e-06 -1.619410514956491e-07
1.837412878691915e-05 1.701538477583502e-05 1.197685729207224e-06 -1.699065652249874e-07
1.852966523107425e-05 1.189532825601777e-05 1.177346339458849e-06 -2.000743762024372e-07
1.850361132699812e-05 9.248117875926497e-06 1.170544427212583e-06 -1.887331427420847e-07
1.804502954755466e-05 1.459815741205618e-05 1.194480292527995e-06 -1.846054614035367e-07
2.067028162966794e-05 1.778905014164570e-05 1.213563496768117e-06 -1.659372339661081e-07
2.310641068997473e-05 1.831752656455877e-05 1.241364918692599e-06 -1.287595272206331e-07
2.049651526493402e-05 1.249224495520823e-05 1.183571445416329e-06 -1.893851245937102e-07
2.068806413795686e-05 1.010039881748111e-05 1.167621118379204e-06 -1.943390226059136e-07
2.562131744459641e-05 1.855795503185004e-05 1.280469943530600e-06 -1.028162281549367e-07
2.277511946931882e-05 1.477370022481565e-05 1.215521464501589e-06 -1.696777493016230e-07
2.307630818947764e-05 1.059141169957413e-05 1.200522426518785e-06 -2.054766374323632e-07
2.616782729072553e-05 1.517108215468874e-05 1.291365662575269e-06 -1.537492557908547e-07
2.849100250555336e-05 1.867201837359615e-05 1.325009675671458e-06 -1.170673832259488e-07
2.558944375057850e-05 1.071723265854061e-05 1.248091318936866e-06 -2.242073307841312e-07
3.253458769398909e-05 1.878672133339921e-05 1.355688300775611e-06 -1.386636555954661e-07
2.929525051707803e-05 1.321753206301461e-05 1.358272849679145e-06 -1.812146130349955e-07
2.848429515216249e-05 1.060607227584803e-05 1.335723363722287e-06 -2.377625402087629e-07
3.831980761672042e-05 1.896256116109877e-05 1.392467145038019e-06 -1.635388861458981e-07
3.540723854529448e-05 1.430451422229724e-05 1.431933117200311e-06 -1.768467389178660e-07
3.253716701767642e-05 1.046119744302625e-05 1.418585520450316e-06 -2.105047682868010e-07
4.627937934806641e-05 1.915251081772115e-05 1.427333285577724e-06 -1.122411132395243e-07
4.224611810637985e-05 1.463557346622396e-05 1.441006522518779e-06 -1.699109740594017e-07
3.832059509520076e-05 1.029604888757493e-05 1.467505675445957e-06 -1.547205363168947e-07
5.488191433492669e-05 1.931291612668632e-05 1.535277506635002e-06 -2.768168113056916e-08
5.053167524552473e-05 1.463678046946867e-05 1.516829126969901e-06 -1.719032549140079e-07
4.627910235361152e-05 1.011782481441203e-05 1.491255143445915e-06 -2.151310622973581e-07
6.375043267975892e-05 1.944523475317564e-05 1.821366616950753e-06 6.829131095464566e-08
5.927512228245783e-05 1.463917617417856e-05 1.676413396989498e-06 -1.444257242037657e-07
5.488117289995562e-05 9.962916713125937e-06 1.579287832103856e-06 -2.401106840631316e-07
7.283566663039729e-05 1.955103391470135e-05 2.197097785941420e-06 1.279194775152578e-07
6.826041190974714e-05 1.464151526376545e-05 1.997215732163908e-06 -8.858782738712746e-08
6.374966669319269e-05 9.835446293685598e-06 1.775275711206656e-06 -2.548263140906798e-07
8.208972274170786e-05 1.963264608494321e-05 2.548632421819846e-06 1.238254101973904e-07
7.743776352353327e-05 1.464369421977118e-05 2.355932458202728e-06 -6.949224402093104e-08
7.283508718889603e-05 9.734109746158850e-06 2.134944289340629e-06 -2.286086561952489e-07
9.147082767903205e-05 1.969344647110316e-05 2.700909206432523e-06 2.453702721556523e-08
8.676183849150186e-05 1.464555849103323e-05 2.639776582675358e-06 -3.184399032005338e-08
8.208936932459301e-05 9.656532882273230e-06 2.434249894178989e-06 -2.130927272018210e-07
1.009438359781562e-04 1.973616127167667e-05 2.692856331268135e-06 -7.165921603951063e-08
9.619444940878877e-05 1.464714606734033e-05 2.752679645617853e-06 -2.373076500731529e-08
9.147059822750837e-05 9.599319166769652e-06 2.651058959956890e-06 -1.143881637635418e-07
1.104779871163503e-04 1.976293884805355e-05 2.608097614523843e-06 -1.489497201699692e-08
1.057029312770925e-04 1.464819812003442e-05 2.688248845300092e-06 -3.250143317688100e-08
1.009437251949154e-04 9.559292310018006e-06 2.725139605313402e-06 2.374812744516635e-09
1.200463375480451e-04 1.977685805402276e-05 2.748308217818187e-06 1.068435496033156e-07
1.152582708446095e-04 1.464891213532172e-05 2.664250861314615e-06 -4.099763568734459e-08
1.104778441358853e-04 9.534193755194120e-06 2.699777639752026e-06 -4.570998735765701e-08
1.405737889395843e-04 1.921894193588955e-05 3.489166755733947e-06 2.187537912186033e-07
1.392127169494874e-04 1.978270304676362e-05 3.434601292020062e-06 2.399265399578879e-07
1.243375815543684e-04 1.464934940210174e-05 2.824650274488278e-06 6.013347256633771e-09
1.296287411281181e-04 1.978193025403242e-05 3.025247597375143e-06 1.730636810173732e-07
1.200463285889369e-04 9.521374812766584e-06 2.696904177798605e-06 -1.017564106676019e-07
1.411375682319712e-04 1.785789263150292e-05 3.510400769981361e-06 1.651225495755486e-07
1.379167965939557e-04 1.464976443937223e-05 3.344769025906542e-06 2.002432849907194e-08
1.296287247254478e-04 9.517233180228035e-06 2.978597409581250e-06 -1.680738694971252e-07
1.411376784875029e-04 1.144158676200525e-05 3.460161664624679e-06 -9.724813099576216e-08
1.392128040854202e-04 9.516720693756118e-06 3.377816259166851e-06 -1.710488421317797e-07
1.405738977078399e-04 1.008049925261341e-05 3.434792458543214e-06 -1.497594416323937e-07
