-1.408208397544710e-04 1.860000776179113e-05 -4.632954915131623e-07 2.086254831773031e-07
-1.413778147719828e-04 1.725514147065983e-05 -4.941141826986084e-07 1.147221823497185e-07
-1.413777633288410e-04 1.091595538286187e-05 -5.154052684924313e-07 -2.781155075002832e-07
-1.408207923127277e-04 9.571137061075992e-06 -4.925931325812913e-07 -3.470474604631826e-07
-1.394761347685916e-04 1.915710878868142e-05 -3.846885197364676e-07 2.502699231244927e-07
-1.369543767862476e-04 1.408557787374595e-05 -2.864909006995520e-07 -6.410851100410124e-08
-1.394761118097431e-04 9.014061917070812e-06 -4.336059232762683e-07 -3.770211855158342e-07
-1.300078400309573e-04 1.915924266087842e-05 1.064767159906000e-07 3.065131804056146e-07
-1.300079771828907e-04 9.012382896900577e-06 4.337813787200838e-08 -3.662368409953109e-07
-1.247778177050923e-04 1.408596790895863e-05 4.070773808266860e-07 -5.674751156789272e-08
-1.205316334774721e-04 1.916340368789189e-05 7.354517326064746e-07 3.086493259201308e-07
-1.205316619428247e-04 9.008564190104645e-06 7.500395816836393e-07 -3.482654211397463e-07
-1.157902572556373e-04 1.408625180072849e-05 1.073649169972219e-06 -3.529964034282872e-08
-1.110475860560101e-04 1.916435971217340e-05 1.193415181460919e-06 2.840017077106454e-07
-1.110468758918035e-04 9.007549256203177e-06 1.436138260161169e-06 -2.458060524011447e-07
-1.063045385869031e-04 1.408619406754094e-05 1.685693327698303e-06 -1.377990927462246e-09
-1.015659061510600e-04 1.915676772367649e-05 1.460184794078916e-06 1.007493992159267e-07
-1.015644008125296e-04 9.015150005812116e-06 1.871078114600036e-06 -1.138007207822802e-07
-9.683008344333481e-05 1.408610781215752e-05 1.947878746908097e-06 1.161930528658209e-09
-9.210730792349739e-05 1.913600619249107e-05 1.471950520735700e-06 -1.006552879821582e-07
-9.210577449720872e-05 9.036373475886115e-06 1.876434161106311e-06 1.114835348472672e-07
-8.739199536904456e-05 1.408600049395279e-05 1.692248057850411e-06 -4.458987576271865e-09
-8.270079461531726e-05 1.909706323709870e-05 1.209233322616504e-06 -2.416003391479875e-07
-8.270017961376244e-05 9.075480828185793e-06 1.427274395422478e-06 2.762564520065662e-07
-7.802383860056881e-05 1.408596403320473e-05 1.068708294564944e-06 4.074777764506493e-09
-7.338514019847974e-05 1.903483755526308e-05 6.702312407505458e-07 -3.289136680365601e-07
-7.338513671831143e-05 9.137583095348268e-06 7.479719221909468e-07 3.346873740760126e-07
-6.876888111894299e-05 1.408598927693722e-05 3.451829422103307e-07 -2.404560137363327e-09
-6.420863034778992e-05 1.894438222334111e-05 1.539468760173949e-07 -2.712447992710901e-07
-6.420870753688518e-05 9.227931827329248e-06 6.509851970583250e-08 2.932045700019485e-07
-5.968058954830634e-05 1.408601763686370e-05 -1.341549383059080e-07 -4.221422573827691e-09
-5.522956650690888e-05 1.882125293161142e-05 -1.652921938496275e-07 -4.152360121315162e-08
-5.522937407664112e-05 9.350878959773323e-06 -1.989704924056126e-07 1.290851575946072e-07
-5.082109458792992e-05 1.408576058412200e-05 -1.824128029302395e-07 1.694961865401289e-08
-4.651060478902666e-05 1.866334674970778e-05 -1.208558594358092e-07 1.010551364006404e-07
-4.650999582686953e-05 9.508694233792506e-06 -9.969715846353744e-08 3.093885394159192e-08
-4.242230219828796e-05 1.408421777341198e-05 -2.837653953213308e-08 2.638833455481057e-08
-3.844617446300134e-05 1.847593963288323e-05 9.724479335217999e-09 9.930262702116873e-08
-3.844472795560944e-05 9.702505245934313e-06 1.423943730142931e-08 -3.841177875790088e-09
-3.549581578937687e-05 1.441679186658095e-05 3.478246524301901e-08 2.819389679149638e-08
-3.259524608580899e-05 1.829943207567104e-05 3.187946247476205e-08 2.925906889237224e-08
-3.259025277374708e-05 9.884572451672762e-06 5.352716831484023e-08 -2.985317641082237e-09
-2.850661806147857e-05 1.814453250771493e-05 1.051743364001629e-08 -1.439339236221831e-08
-2.925663747196157e-05 1.548805990500702e-05 2.355539535601858e-08 2.551999117213809e-09
-2.849883689706865e-05 1.000171771081610e-05 1.015461226054828e-08 2.569653130561093e-09
-2.562084401362880e-05 1.012711855544191e-05 -5.489207781272497e-09 3.112588945765138e-09
3.612570758920349e-06 4.941540006753755e-07 -1.336594737814746e-11 7.953261152087398e-12
3.684390162168917e-06 3.214094860803633e-07 1.400044403108494e-12 -2.475064046521946e-13
3.683979777641519e-06 -3.219841665487496e-07 -1.162828074717727e-12 3.531635762577276e-13
3.612525092587613e-06 -4.923155827606819e-07 -1.391226110891151e-12 -1.358978613926166e-12
-2.560886968274589e-05 1.803519148521018e-05 -1.746822476057552e-08 -2.342376276377846e-08
-2.307704347349903e-05 1.779135422284530e-05 -1.450293649945504e-08 -1.256318516445400e-08
-2.499638953273273e-05 1.309960208672587e-05 -8.649380645228192e-09 -6.193899749014642e-10
-2.304026629765592e-05 1.003755234880462e-05 -1.768084151984772e-08 2.813587275332107e-09
3.440593926859653e-06 5.655955776025515e-07 -3.226471483130416e-13 -2.732424067823589e-13
3.267318612467900e-06 -1.400416354300758e-07 3.129692623758352e-14 3.153606619284026e-13
3.442048074861667e-06 -5.634264707935464e-07 -1.308311874388933e-13 -1.021089201382818e-13
-2.224486165916310e-05 1.537556089803741e-05 -1.558211285769455e-08 -7.338162545387197e-09
-2.063698046630914e-05 1.724324878663981e-05 -6.030503390656086e-09 -3.021451428938349e-09
-1.834600250779486e-05 1.646853961957593e-05 2.761627954540295e-09 -5.273344075440056e-10
-2.148536159930344e-05 1.214307790111588e-05 -1.745607534504735e-08 3.585652982873066e-09
-2.064432552796781e-05 9.556603371119648e-06 -1.154519417495592e-08 -7.059704015050124e-09
2.275030406610421e-06 5.843958335188766e-07 3.905992207742232e-13 2.258778685333322e-13
2.274094960776244e-06 -5.840623470124660e-07 2.157314383661954e-13 -4.091999907553913e-13
1.670194280887386e-06 -2.872413227887595e-11 -2.043466536098253e-12 5.191447754134408e-14
-1.623709831154824e-05 1.543084084032868e-05 6.117472389130232e-09 6.630459740100012e-10
-1.801674162400130e-05 1.405581922782844e-05 3.482146249161871e-09 4.056781797958370e-10
-1.879685555782142e-05 1.110671940510264e-05 2.335347213363473e-10 -4.144845656161972e-09
-1.846900963352079e-05 8.725188806599714e-06 2.839208155511385e-09 -8.243335783085545e-09
1.014980970293885e-06 6.923730638805956e-07 1.206057958453062e-12 -1.669671068521122e-12
1.015128019297960e-06 -6.922881417004803e-07 2.320359331644323e-12 2.481218400640293e-12
2.696426573716083e-07 7.635532860498639e-11 2.640391076093131e-12 -8.084758569587278e-13
-1.429983503500262e-05 1.421472956583430e-05 6.800400787551987e-09 4.287543610871802e-09
-1.259405837460532e-05 1.284108054357030e-05 1.371193812000681e-09 3.250873833263026e-09
-1.610821618777978e-05 1.066646148742911e-05 5.363572279199106e-09 -3.821334831841894e-09
-1.656547447972298e-05 7.569404785056532e-06 2.686019594148842e-09 8.046071083877657e-10
-5.856519583029425e-07 9.264423661276592e-07 -8.057151316071206e-12 5.949795325684937e-12
-5.857465086597398e-07 -9.263408994135867e-07 -1.212946342940850e-11 -8.829593489362539e-12
-1.303005861106434e-05 1.079483279114932e-05 7.665691570406831e-10 1.440929036797830e-09
-1.112139852124536e-05 1.130245737857760e-05 -3.011828237776054e-09 1.121973149176200e-09
-1.374180088955622e-05 8.565346766021095e-06 1.216420676495820e-09 3.378625445652929e-09
-1.497138402651593e-05 6.193494769409205e-06 1.634489824165387e-09 3.205514261263337e-09
-1.527563205647701e-06 3.043728552896466e-10 1.338515525010129e-11 2.403222725950994e-12
-2.647554836566230e-06 1.264605914315825e-06 1.051296368124537e-11 2.107606370522538e-12
-2.645514411262554e-06 -1.266826236987291e-06 3.918786798150145e-11 1.429654428042058e-11
-9.845716385776026e-06 9.665066640663379e-06 -6.207756722458041e-09 3.368311119580920e-10
-8.838798301884140e-06 7.998410716158932e-06 1.904647040287117e-10 -2.414259029163159e-09
-8.076286445645383e-06 6.258159620328689e-06 1.231131180400284e-09 -2.470968296142099e-09
-1.230695330759686e-05 6.617394874660513e-06 -1.013017593335045e-09 2.562660856796861e-09
-1.370879088248712e-05 4.674607585688386e-06 -7.393899171455367e-10 5.536898484069162e-10
-3.547126207370107e-06 4.472553882778594e-09 -1.680178365333221e-11 -7.665172789530126e-12
-4.650859785376504e-06 1.597124270019794e-06 -3.928380283839378e-11 -3.999689061638974e-11
-4.651989667807466e-06 -1.615087764299791e-06 -4.684862693009258e-11 1.019952785839924e-10
-9.775052474099187e-06 6.243090033365484e-06 1.194930542565302e-09 -2.454357140441948e-09
-7.513664652586750e-06 4.510494869400504e-06 9.507001645847965e-10 3.061607145095457e-10
-6.450121513362391e-06 1.877798265363128e-06 1.645517020005910e-10 1.674629852674013e-10
-6.960195438549767e-06 2.165456437445473e-06 1.962021840213632e-11 6.446994664760923e-10
-7.215196147621844e-06 2.762053841503131e-06 4.038513354951787e-11 1.207328269966381e-09
-1.131969297624843e-05 4.457696597848131e-06 4.398941690090099e-10 -1.676730288931624e-09
-1.276560447368020e-05 3.086970907795532e-06 8.767032457386557e-12 -1.362012563662869e-09
-5.641910553229731e-06 2.397846119185133e-07 -1.343555410559855e-11 -1.727693902705742e-10
-6.499977944345210e-06 -1.869916998818808e-06 -1.079128072704680e-10 6.265036869867251e-11
-8.695391542719112e-06 3.285115091407352e-06 2.705993040088483e-10 7.174883802144466e-10
-7.017026110864207e-06 1.026843696410332e-06 1.843699318861924e-11 -1.054420211724058e-10
-7.623596719076197e-06 1.961129858349591e-06 -2.137918532284630e-10 6.566739407644237e-10
-1.063422330759978e-05 2.599685726800271e-06 -5.824622604226099e-10 -7.502011073983075e-12
-1.216316257444492e-05 1.505912782473892e-06 -1.965833960531035e-10 6.427580359017492e-10
-7.090265260178180e-06 -7.956852557183827e-07 3.557570976619743e-11 -1.574849675655873e-10
-7.042689922185725e-06 -2.141688169320505e-06 -1.204623203454044e-11 8.732109187520472e-11
-9.069170860451478e-06 6.130003561084162e-07 -1.502417465145813e-10 8.645183771904941e-11
-1.193550775083967e-05 -4.619524850999754e-08 7.861037891570812e-11 1.835309797300918e-11
-1.201268540362898e-05 -1.540436692797983e-06 8.107227246975206e-11 -1.563694813734842e-10
-8.187764752821218e-06 -1.789597959930894e-06 9.205288200331025e-11 -2.690347779166053e-11
-7.365730215693699e-06 -2.711207827313732e-06 1.678663201264005e-11 1.165134227244418e-10
-7.773021119588075e-06 -4.257250321800785e-06 1.481767256454344e-11 6.577546771017494e-11
-1.053437686332399e-05 -1.749159269653474e-06 3.135393224670836e-11 -1.308133196377895e-10
-8.356529911339448e-06 -5.718807877591458e-06 -5.836242516012986e-12 -1.335537238603018e-13
-1.240525690232877e-05 -3.036707291779227e-06 4.808964572812208e-11 5.590887367454285e-12
-9.181756656437590e-06 -4.322647812469910e-06 -2.129873809086131e-11 4.792528390553285e-11
-1.121886685871868e-05 -4.437217260852674e-06 2.552132915177983e-11 4.226099710478257e-11
-9.093340575738021e-06 -7.097934658775884e-06 -1.635962435295365e-11 -3.862738094429191e-11
-1.306185806585755e-05 -4.438963877793807e-06 -3.031737560946774e-11 2.019853804043563e-11
-1.246506276994257e-05 -5.793046142147627e-06 -2.302937587910509e-11 -1.734135097479205e-11
-1.110284210009425e-05 -6.628609529766859e-06 -1.160211167282307e-12 -1.983804980779841e-11
-9.979929053191812e-06 -8.381592588334600e-06 8.148312684699089e-13 -3.113897869656243e-13
-1.100542633734280e-05 -9.555984467203031e-06 3.735021151586712e-12 7.671845445846529e-12
-1.395683042432640e-05 -5.715142291987573e-06 -1.641815544434798e-11 -1.381852648893604e-11
-1.328066274473099e-05 -7.280491393575675e-06 -1.022914504013223e-12 5.437248084734297e-12
-1.249182338554104e-05 -9.083538709312249e-06 5.270812750528685e-12 9.468931208907644e-12
-1.215762762149438e-05 -1.060670828700933e-05 5.411315910627927e-12 8.281517241858809e-13
-1.505945155045570e-05 -6.817379845185841e-06 1.137281636372574e-11 1.014830170056481e-11
-1.471510562568591e-05 -9.065661403337325e-06 6.029099215057830e-13 -2.460446785268415e-12
-1.342146918556252e-05 -1.151991672776680e-05 -6.453704998723071e-12 -5.747759958516116e-12
-1.478080429786623e-05 -1.228379952427088e-05 -8.772388050851427e-13 3.181424967904108e-12
-1.621808743286862e-05 -1.288844225935355e-05 6.210449745265924e-13 6.128151646751671e-13
-1.634372056768232e-05 -9.540660469987477e-06 -1.393729179648891e-12 -2.220492089103737e-12
-1.633656856785577e-05 -7.711609399146227e-06 -3.176488838648657e-12 -2.321035720133276e-12
-1.602306816125703e-05 -1.134138777692022e-05 1.627657733964558e-12 8.230765585483081e-13
-1.771473862961219e-05 -1.332600382669803e-05 -3.770873384070952e-13 2.948208255519704e-13
-1.925139413891186e-05 -1.359082492411966e-05 -7.330853762409920e-14 -7.673813090997127e-13
-1.763119224509067e-05 -9.947116717047273e-06 9.743921898170132e-13 7.620981575766129e-13
-1.774943143615704e-05 -8.370441603143328e-06 -1.971194125594287e-13 -1.188643217446630e-12
-2.080817897671749e-05 -1.367948095192653e-05 4.036506457076040e-13 2.795959074391129e-13
-1.908060790474174e-05 -1.139991118736680e-05 -6.566824898853135e-13 -9.101987308635065e-15
-1.925521372765529e-05 -8.773918703012801e-06 1.876795102437404e-13 3.531323231089850e-13
-2.115290588358053e-05 -1.163076522756596e-05 5.224532386188740e-14 -7.439016595197761e-14
-2.252100516771474e-05 -1.367948123722322e-05 -1.031967373555390e-16 2.216698262909264e-13
-2.080817988171608e-05 -8.909785848949042e-06 -1.452535345331793e-13 -9.858759900236100e-14
-2.487710519627247e-05 -1.367948118855844e-05 -2.196222379807455e-13 -1.393842698684805e-13
-2.301816935021006e-05 -1.046724079939451e-05 1.085811044516160e-13 4.510066891007440e-15
-2.252100551211528e-05 -8.909786153305534e-06 5.158472353297522e-13 4.334667534020061e-13
-2.811438537499096e-05 -1.367948118535551e-05 2.269084563872247e-13 -1.507138649940980e-14
-2.651271160396507e-05 -1.110817955631629e-05 -3.627944943472351e-14 2.162277335301060e-13
-2.487710525958519e-05 -8.909786214739854e-06 -1.498334475595155e-13 -1.535461439777526e-13
-3.238690681783593e-05 -1.367948118492745e-05 -8.618982926460019e-14 2.425012089362528e-14
-3.025064609571493e-05 -1.129463369942355e-05 -3.954759236197433e-14 2.124244851602476e-14
-2.811438537145999e-05 -8.909786213752563e-06 5.258243137192687e-14 -1.597497509002165e-13
-3.683938778873694e-05 -1.367948118453429e-05 2.613326501406945e-13 2.323552013302588e-13
-3.461314730349712e-05 -1.129463369914733e-05 1.656377656345533e-14 -2.048773345705534e-13
-3.238690681808939e-05 -8.909786213766520e-06 -8.144180542918976e-14 1.677535808444881e-13
-4.129186875976605e-05 -1.367948118446099e-05 -2.796753338454303e-14 -4.112426872549518e-13
-3.906562827427800e-05 -1.129463369910610e-05 -3.197892306561465e-13 2.033409768373593e-13
-3.683938778888223e-05 -8.909786214016880e-06 3.226445191862726e-13 -5.887967801363292e-14
-4.574434973017570e-05 -1.367948118444241e-05 1.682444484913229e-13 7.872831237837473e-14
-4.351810924486183e-05 -1.129463369947385e-05 1.089765166088066e-13 2.589525260751737e-13
-4.129186875959912e-05 -8.909786213766351e-06 1.090470790002045e-13 -1.252646999586119e-13
-5.019683069990807e-05 -1.367948118431483e-05 -8.153900899202060e-14 -2.412391296876878e-13
-4.797059021534036e-05 -1.129463369897937e-05 -1.510075538923376e-13 -2.024216605183257e-13
-4.574434973002116e-05 -8.909786214650152e-06 -5.391850627634889e-14 -2.283622805134446e-13
-5.464931166996483e-05 -1.367948118428203e-05 -1.841447233146618e-13 -1.410106577506021e-13
-5.242307118513045e-05 -1.129463369939838e-05 1.938089853332585e-13 1.479552116428472e-13
-5.019683070008215e-05 -8.909786214792650e-06 1.235434284449694e-13 9.872389202471270e-14
-5.910179263908153e-05 -1.367948118368304e-05 3.448773775492118e-13 -1.917953491358115e-14
-5.687555215449485e-05 -1.129463369943795e-05 -1.349924781048957e-13 2.787282904855135e-13
-5.464931166989662e-05 -8.909786214690173e-06 -2.109577441592645e-13 -4.032319662828354e-13
-6.355427360766389e-05 -1.367948118380417e-05 -1.961257303632709e-14 -3.828673312501502e-14
-6.132803312361829e-05 -1.129463369966072e-05 2.540175998393744e-15 -1.875661950372811e-13
-5.910179263901832e-05 -8.909786215373855e-06 1.866639038276001e-13 -1.369188793837540e-13
-6.800675457669026e-05 -1.367948118399810e-05 1.112903213450615e-13 8.867390607985829e-15
-6.578051409204936e-05 -1.129463369982486e-05 -5.894479665983331e-14 -2.066581870169928e-14
-6.355427360760686e-05 -8.909786215721562e-06 1.732447479821980e-14 1.138976533769072e-13
-7.754409469652506e-05 -1.341754156468714e-05 -4.568604089023297e-11 3.983990473582623e-11
-7.691171651361872e-05 -1.367948118313102e-05 1.422269407403959e-12 -2.629868707165768e-13
-7.000119159513590e-05 -1.129463369930941e-05 -3.596957449351779e-13 3.486175501588608e-13
-7.245923554506732e-05 -1.367948118346111e-05 1.785676459002951e-14 -2.857688107769009e-13
-6.800675457667885e-05 -8.909786215774322e-06 1.962138527378684e-13 -1.123860291250983e-13
-7.780603431947321e-05 -1.278516337769558e-05 1.214543920299806e-13 -6.022942421805036e-13
-7.630967515197974e-05 -1.129463370034672e-05 -4.486408436169001e-14 9.193286387076139e-14
-7.245923554516521e-05 -8.909786215372786e-06 9.679916105102900e-14 1.980023295367882e-13
-7.780603432049682e-05 -9.804104023003322e-06 -1.203459692125541e-12 4.333781789094064e-13
-7.691171651272884e-05 -8.909786215084987e-06 7.077973667565297e-14 -1.272489474932623e-12
-7.754409469959653e-05 -9.171725837458587e-06 2.053752227759597e-11 2.366226655677769e-11
