-1.094042219464242e-04 1.555780394602813e-05 3.539741662987920e-05 -4.156150056944777e-06
-1.098270195698906e-04 1.453704727829079e-05 3.553736743314373e-05 -3.796881548554459e-06
-1.098268121958160e-04 9.725080528838937e-06 3.539075396563585e-05 -2.110986567682796e-06
-1.094039866286223e-04 8.704312385699617e-06 3.523243302116619e-05 -1.739415802745644e-06
-1.083834806202172e-04 1.598061465219791e-05 3.504874401696695e-05 -4.306242502746811e-06
-1.064688866351201e-04 1.213103657097506e-05 3.428874880175444e-05 -2.925078875617150e-06
-1.083832089322932e-04 8.281498388190937e-06 3.485981589473380e-05 -1.583420340028921e-06
-1.011966359149048e-04 1.598067383892586e-05 3.249507535958104e-05 -4.332368980234375e-06
-1.011962782301838e-04 8.281564869701189e-06 3.225161051559161e-05 -1.488612540474851e-06
-9.722844653574401e-05 1.213124112880555e-05 3.090956538784661e-05 -2.938618721344961e-06
-9.400875789801145e-05 1.598123756426740e-05 2.998432878727988e-05 -4.295551920829089e-06
-9.400842682497472e-05 8.281526466294161e-06 2.961758763026217e-05 -1.557906527676586e-06
-9.041447604112895e-05 1.213127567274844e-05 2.848038062476470e-05 -2.844222361729328e-06
-8.682067535008546e-05 1.598035205610714e-05 2.737300135534562e-05 -4.210657990351716e-06
-8.682052194739802e-05 8.282518619916814e-06 2.708509944167410e-05 -1.517157969189138e-06
-8.322669955488638e-05 1.213132548360084e-05 2.595529785671377e-05 -2.845700397640091e-06
-7.963538182810510e-05 1.597561002167398e-05 2.486743898287611e-05 -4.182018693319735e-06
-7.963499519579118e-05 8.286898339625697e-06 2.447064913895032e-05 -1.468175894163067e-06
-7.604508877222669e-05 1.213119947657503e-05 2.351982074134394e-05 -2.814966212633639e-06
-7.246218580966727e-05 1.596380671298074e-05 2.244052938883782e-05 -4.065191533658924e-06
-7.246158748923727e-05 8.298217920565844e-06 2.204422816164619e-05 -1.519797267843372e-06
-6.888315571814718e-05 1.213102342463050e-05 2.119025271227600e-05 -2.762131194120898e-06
-6.531892812181103e-05 1.594030700998437e-05 2.003324405751657e-05 -4.050998893599802e-06
-6.531796920021456e-05 8.321166243626137e-06 1.970721673059773e-05 -1.491901231911734e-06
-6.176249329584866e-05 1.213051394018196e-05 1.878219887969265e-05 -2.728192750974697e-06
-5.823078899350419e-05 1.590090703546922e-05 1.763258611041033e-05 -4.054737599613183e-06
-5.822996561104193e-05 8.359617762545011e-06 1.748100287498106e-05 -1.460588082100131e-06
-5.471214973309628e-05 1.212973341591430e-05 1.632881626636338e-05 -2.702354108333586e-06
-5.122998972225950e-05 1.584276614469820e-05 1.520519070488992e-05 -4.045109954382123e-06
-5.122981235211419e-05 8.416073376804575e-06 1.521690072551443e-05 -1.495384227577049e-06
-4.776744644994887e-05 1.212870712717364e-05 1.384012002028978e-05 -2.718974022393328e-06
-4.435457170146579e-05 1.576322843579778e-05 1.283750333251056e-05 -3.953104666214446e-06
-4.435477310100211e-05 8.493354598975689e-06 1.290797732835520e-05 -1.574413452747677e-06
-4.096831436820183e-05 1.212741647523577e-05 1.159875904030826e-05 -2.738161745651582e-06
-3.764564629852228e-05 1.565968458339619e-05 1.065982692290704e-05 -3.884101462355431e-06
-3.764548216451529e-05 8.594222318153427e-06 1.071935767114237e-05 -1.649358758450680e-06
-3.448821482512114e-05 1.212513889998798e-05 9.581713378001118e-06 -2.750587907443454e-06
-3.140447419752981e-05 1.553556730705637e-05 8.671759742984980e-06 -3.833187064109503e-06
-3.140349896601929e-05 8.720097101481838e-06 8.715367721255508e-06 -1.722545565927846e-06
-2.911270794488871e-05 1.238365682973123e-05 7.964729971811064e-06 -2.847638947196880e-06
-2.684713264334383e-05 1.541787742367826e-05 7.342527556798461e-06 -3.726207864476829e-06
-2.684358812783323e-05 8.839384321915841e-06 7.286873590052019e-06 -1.820040143007433e-06
-2.364300421841750e-05 1.531470568736528e-05 6.396878952082422e-06 -3.677956245735636e-06
-2.423677665736414e-05 1.322438329578741e-05 6.550122608626297e-06 -3.081567488763862e-06
-2.363764889535115e-05 8.916267534790000e-06 6.358420078019036e-06 -1.906134445696020e-06
-2.137089638908627e-05 8.998485714382347e-06 5.756343321799893e-06 -1.966722874697930e-06
3.158163307197615e-06 8.043271571204042e-07 -1.053194959373901e-06 -3.772876060050326e-08
3.220753770265683e-06 6.536636693664483e-07 -1.087853156049342e-06 4.006730080310385e-08
3.220361898963377e-06 9.301293299714723e-08 -1.084005212207302e-06 3.398315012484889e-07
3.158110303566235e-06 -5.532196167478442e-08 -1.047569640389995e-06 4.201688639989573e-07
-2.136338129093226e-05 1.524216790127359e-05 5.776463517361197e-06 -3.655046022930197e-06
-1.935837619452267e-05 1.506215356792648e-05 5.233684965321390e-06 -3.593746313436668e-06
-2.088487115434406e-05 1.134457155834489e-05 5.620856916062772e-06 -2.551473691573645e-06
-1.933478642598335e-05 8.909344054741080e-06 5.228927472521158e-06 -1.989272507351196e-06
3.008193612715971e-06 8.667217445413670e-07 -9.711873872368823e-07 -6.861561332071507e-08
2.857286996771627e-06 2.519479722999717e-07 -8.810686406417749e-07 2.581954952930470e-07
3.009620701788191e-06 -1.171145546942465e-07 -9.640920375332943e-07 4.531467872803074e-07
-1.870341282960016e-05 1.315165356312351e-05 5.049282060709806e-06 -3.077147398622215e-06
-1.741781185806350e-05 1.464380071483430e-05 4.773198149228621e-06 -3.428648399421534e-06
-1.558370368969112e-05 1.403867478830335e-05 4.353929584675712e-06 -3.246484050203365e-06
-1.810187021865583e-05 1.057947659389610e-05 4.911763393786904e-06 -2.396532820055267e-06
-1.743022924597172e-05 8.503644780077141e-06 4.763802569738661e-06 -1.935730738193994e-06
1.992358248379816e-06 8.839787364837173e-07 -4.286775295408067e-07 -3.955926412764955e-08
1.991787699729196e-06 -1.340816641501592e-07 -4.366163365178701e-07 4.362209309287333e-07
1.465775512020818e-06 3.751855532037552e-07 -1.933581398896405e-07 1.965020949365412e-07
-1.388175358611848e-05 1.322411787131115e-05 3.930483843045707e-06 -3.041252201068785e-06
-1.532460455394845e-05 1.211327789994537e-05 4.279985114291581e-06 -2.776190599146463e-06
-1.595150601338659e-05 9.743548226366042e-06 4.443472653467736e-06 -2.204156553566985e-06
-1.569074952905050e-05 7.811133008653189e-06 4.404452288934984e-06 -1.791390658397645e-06
8.951798952424924e-07 9.787123321923776e-07 1.785895187450882e-09 6.117634726053487e-09
8.955353918063852e-07 -2.274287638094537e-07 3.375890869065917e-08 4.516554682140203e-07
2.462750660825942e-07 3.760510426140278e-07 2.712264222812975e-07 2.484015089815460e-07
-1.230950177123788e-05 1.225697743456510e-05 3.555159077750076e-06 -2.836395995570897e-06
-1.091010315945568e-05 1.115301528443300e-05 3.234996731798854e-06 -2.572664806064870e-06
-1.378281116840988e-05 9.384708636067837e-06 3.932071022508107e-06 -2.128340605535502e-06
-1.415929130567050e-05 6.853653592401374e-06 4.037416404134012e-06 -1.542395275024371e-06
-4.989692406695368e-07 1.184179095184582e-06 5.321826233904272e-07 -6.142606742980747e-09
-4.989000685337203e-07 -4.315608629814690e-07 5.303942238477377e-07 5.157544909778194e-07
-1.126706664396660e-05 9.492398329685872e-06 3.322336326138234e-06 -2.165835509195117e-06
-9.688296213788830e-06 9.910143650477584e-06 2.957179614806193e-06 -2.269807586568903e-06
-1.185387064278419e-05 7.664804907225032e-06 3.461806316974772e-06 -1.703914330899959e-06
-1.286907648561676e-05 5.705295855701186e-06 3.692821576596211e-06 -1.188258586942777e-06
-1.320431136403054e-06 3.767065662979497e-07 8.172621300631355e-07 2.405062065243784e-07
-2.298535322044219e-06 1.481612510229393e-06 1.161158034224856e-06 -1.062905930756453e-07
-2.296747857241684e-06 -7.303665904970277e-07 1.135729017508846e-06 5.369906510459570e-07
-8.623853906421917e-06 8.574480165131266e-06 2.713764266599099e-06 -1.937633793013790e-06
-7.766892402957873e-06 7.195467278224931e-06 2.494821209585282e-06 -1.583889328600782e-06
-7.103592640430696e-06 5.747261635508320e-06 2.323443758162834e-06 -1.209229283497154e-06
-1.066715433531901e-05 6.053011538686679e-06 3.183275204663877e-06 -1.280714030662734e-06
-1.184190309644728e-05 4.424556206370702e-06 3.461177265048723e-06 -8.871254768181634e-07
-3.084488718769962e-06 3.803828628490337e-07 1.388950478941511e-06 2.009898085889374e-07
-4.049940065147572e-06 1.774124962042043e-06 1.649513109125467e-06 -1.558679607740161e-07
-4.050705141872882e-06 -1.036045011043456e-06 1.630849360382018e-06 5.872456011210753e-07
-8.545825014427452e-06 5.739171490546335e-06 2.684449821662671e-06 -1.209022434031999e-06
-6.607606889139583e-06 4.275928424752705e-06 2.200791609149237e-06 -8.208166847757993e-07
-5.633089838216415e-06 2.021785652124118e-06 2.043643519857961e-06 -2.098623945902286e-07
-6.088061022596853e-06 2.272043737747666e-06 2.120867823737053e-06 -2.774547217458493e-07
-6.322929909143921e-06 2.786900870645025e-06 2.152173540877120e-06 -4.186637300460282e-07
-9.846077628583115e-06 4.239385495737912e-06 2.981974587101034e-06 -8.269059429012707e-07
-1.107634595353398e-05 3.071147718613045e-06 3.278936316503879e-06 -4.980726970262661e-07
-4.917414317054659e-06 5.857825700380868e-07 1.867475642405848e-06 1.632578809704135e-07
-5.658650181081674e-06 -1.258686485701917e-06 2.045101219798822e-06 6.023548652176856e-07
-7.609011128563644e-06 3.240089888888396e-06 2.459096353246632e-06 -5.476506573376131e-07
-6.129112860232085e-06 1.278759738460403e-06 2.140783265359180e-06 -2.869066372225123e-08
-6.669632134184369e-06 2.095155326998498e-06 2.247630095771661e-06 -2.373715969861091e-07
-9.267716442642891e-06 2.653906334482421e-06 2.872613437929890e-06 -3.963945890534049e-07
-1.059314481927834e-05 1.706066801782653e-06 3.192390872869841e-06 -1.716799114110666e-07
-6.177938038641116e-06 -3.160794279952439e-07 2.161075264769266e-06 3.768171485512639e-07
-6.124542936295106e-06 -1.498032389955806e-06 2.183794134967837e-06 6.523859037809142e-07
-7.919071891035468e-06 9.314357683350037e-07 2.569780978291178e-06 6.336807599636823e-08
-1.041816870217494e-05 3.530561374268048e-07 3.167714431255720e-06 2.256137669442412e-07
-1.052024388462165e-05 -9.650494455160493e-07 3.176514611961092e-06 5.410456927172329e-07
-7.130744383744664e-06 -1.184122521727589e-06 2.397561444095763e-06 5.908750159565813e-07
-6.398806800002521e-06 -2.005569649910234e-06 2.274416094182259e-06 7.592447456925784e-07
-6.739630974717808e-06 -3.395117805188052e-06 2.395935210528570e-06 1.039619395811923e-06
-9.206946477098677e-06 -1.139959070310687e-06 2.890823519191338e-06 5.862266728857008e-07
-7.240629215478560e-06 -4.728635868368010e-06 2.529357944740629e-06 1.294211960076559e-06
-1.090098094299739e-05 -2.292359160457762e-06 3.221154256235992e-06 8.650092085355276e-07
-7.996258720185633e-06 -3.447553374528146e-06 2.620231341261155e-06 1.086096056596235e-06
-9.835401115775038e-06 -3.552685492340408e-06 3.019078204536396e-06 1.132413427668741e-06
-7.894226407066532e-06 -5.996154563593895e-06 2.692163357108472e-06 1.532254711352071e-06
-1.152533038416597e-05 -3.555229459305887e-06 3.250521538491590e-06 1.131411516727136e-06
-1.098544192337230e-05 -4.791219699453482e-06 3.175556611528938e-06 1.371344639152218e-06
-9.729002130746513e-06 -5.560613051244903e-06 3.019665693977025e-06 1.502909756572923e-06
-8.691243629433573e-06 -7.194044394670431e-06 2.839373704554747e-06 1.650583356523362e-06
-9.633170398305164e-06 -8.303613756821672e-06 2.989468543265236e-06 1.739963106833801e-06
-1.237859624053732e-05 -4.715355525247251e-06 3.309525054517811e-06 1.382985816195233e-06
-1.175002708595822e-05 -6.169160398056338e-06 3.265435165077730e-06 1.571619401999705e-06
-1.101282076971742e-05 -7.861610334222008e-06 3.196986434218099e-06 1.688669955402090e-06
-1.069925530740353e-05 -9.309251847209999e-06 3.150426873843485e-06 1.749369617236817e-06
-1.343128219614109e-05 -5.728545901535050e-06 3.324289803506606e-06 1.551697963787895e-06
-1.310823599588621e-05 -7.849720593717348e-06 3.305770217357718e-06 1.688689336575916e-06
-1.188477055823383e-05 -1.018906214360545e-05 3.266244833461935e-06 1.727244617227701e-06
-1.317659232341305e-05 -1.093574727355737e-05 3.309013029048604e-06 1.697071499139678e-06
-1.455226770513418e-05 -1.153887252178116e-05 3.310851820099855e-06 1.628476023634319e-06
-1.466737082443105e-05 -8.302953950848691e-06 3.313192407610869e-06 1.708699678714282e-06
-1.465788721356147e-05 -6.559696793699800e-06 3.324157485564569e-06 1.647016132801333e-06
-1.435859063224662e-05 -1.003504930649677e-05 3.328869607736285e-06 1.700783756864024e-06
-1.600009136713882e-05 -1.197919764866410e-05 3.236590805251208e-06 1.563296950323077e-06
-1.749953626602196e-05 -1.225573535656151e-05 3.105274391617873e-06 1.463386038356032e-06
-1.591138040699118e-05 -8.691900606149373e-06 3.259431489246027e-06 1.710795997832936e-06
-1.602737586972101e-05 -7.171001508812666e-06 3.264470647757821e-06 1.719182475900696e-06
-1.902657381961726e-05 -1.235892267521318e-05 2.959744006117292e-06 1.396171805480616e-06
-1.732269720725984e-05 -1.010619197024390e-05 3.155589887204565e-06 1.654845038508193e-06
-1.749705174585195e-05 -7.540239548383308e-06 3.162090842407625e-06 1.786490546966170e-06
-1.936298524316294e-05 -1.033676194077073e-05 2.913069470539043e-06 1.640271557922504e-06
-2.072380576418975e-05 -1.237790179927047e-05 2.725016417040839e-06 1.364884983942555e-06
-1.902121436770826e-05 -7.658059444719509e-06 3.001238343094509e-06 1.855598192551767e-06
-2.307479042831270e-05 -1.239673433845533e-05 2.369009539098271e-06 1.288889705223130e-06
-2.121191831202241e-05 -9.183329149449916e-06 2.694722119278912e-06 1.785881589120914e-06
-2.072282620027037e-05 -7.639694416866265e-06 2.746484047417372e-06 1.969381576166190e-06
-2.634168697971109e-05 -1.242419668302985e-05 1.845295415487677e-06 1.336407214458213e-06
-2.471773698348770e-05 -9.820782625751272e-06 2.068075945798331e-06 1.719377587954814e-06
-2.307542618508861e-05 -7.616216825827769e-06 2.388832368681939e-06 2.084242008375253e-06
-3.070078301823749e-05 -1.245187768604462e-05 1.212620735702803e-06 1.492483534548362e-06
-2.851381083455268e-05 -1.000866386879518e-05 1.456517108221617e-06 1.743148085855160e-06
-2.634200840074609e-05 -7.590987878969965e-06 1.754234862153226e-06 2.064782946221806e-06
-3.528520882107143e-05 -1.247476184791322e-05 8.542585382845474e-07 1.645741194748962e-06
-3.298630603932427e-05 -1.000910900799826e-05 9.460654040397501e-07 1.773943072540687e-06
-3.070077305394463e-05 -7.565753441319459e-06 1.127385164195031e-06 2.008422231053604e-06
-3.990747989324366e-05 -1.249530476047294e-05 7.371908481944695e-07 1.828354626485372e-06
-3.758998967596257e-05 -1.000969247806106e-05 7.269184349782100e-07 1.814077001328676e-06
-3.528500861283816e-05 -7.544129700074772e-06 7.809515758620579e-07 1.912638892463326e-06
-4.456626829929318e-05 -1.251446298577949e-05 7.945368694157953e-07 1.941608237990310e-06
-4.223083834362669e-05 -1.001026913826300e-05 7.644164759424842e-07 1.851251329678924e-06
-3.990728712849962e-05 -7.524665344891868e-06 7.602406914173533e-07 1.828361176420919e-06
-4.925866869568504e-05 -1.253144231730824e-05 9.506079769748250e-07 1.953389337108551e-06
-4.690718231259365e-05 -1.001071931363716e-05 8.893548298472156e-07 1.895320869676066e-06
-4.456618348183799e-05 -7.506450472709008e-06 8.373125338497693e-07 1.793583664698477e-06
-5.397876228046650e-05 -1.254488571843124e-05 1.222968048513888e-06 1.989937467316947e-06
-5.161455101902920e-05 -1.001131449914583e-05 1.100104279160691e-06 1.901060582123372e-06
-4.925849319991616e-05 -7.490562710086052e-06 9.908119312522649e-07 1.793448600491255e-06
-5.871935908255985e-05 -1.255460333022890e-05 1.408722615556176e-06 1.976404937242115e-06
-5.634614216744959e-05 -1.001182341817852e-05 1.310794226915551e-06 1.896532129625669e-06
-5.397857683313935e-05 -7.478178803949837e-06 1.218590909122446e-06 1.801808144213113e-06
-6.347412057085294e-05 -1.256193923630609e-05 1.483136621602041e-06 1.862411160994167e-06
-6.109465263881633e-05 -1.001234223157441e-05 1.464273289609911e-06 1.862790325647281e-06
-5.871922034892920e-05 -7.469492037795743e-06 1.390606360639731e-06 1.764153924201817e-06
-6.823912354755948e-05 -1.256720916718645e-05 1.400754060523370e-06 1.772032860188173e-06
-6.585510049348602e-05 -1.001279989397375e-05 1.458566195959853e-06 1.865592917603293e-06
-6.347405628335598e-05 -7.463200120634922e-06 1.454275434956690e-06 1.906576039443845e-06
-7.846780197306378e-05 -1.229072512362462e-05 6.351362649722778e-07 1.663319136365594e-06
-7.778938743717693e-05 -1.257170044832575e-05 6.927315331515214e-07 1.642845089756428e-06
-7.037612544184161e-05 -1.001311241600111e-05 1.295908816676084e-06 1.870918518744652e-06
-7.301221385325886e-05 -1.257066046453783e-05 1.076172442347277e-06 1.709469736077302e-06
-6.823903288140724e-05 -7.458782930755215e-06 1.393028879285574e-06 1.978371128318314e-06
-7.874881365919117e-05 -1.161235844624348e-05 6.108563825940483e-07 1.717086105061648e-06
-7.714326436311011e-05 -1.001326836623350e-05 7.620776400994748e-07 1.865782720595203e-06
-7.301215523867818e-05 -7.455733984173583e-06 1.095606627858720e-06 2.053613214585010e-06
-7.874878614023533e-05 -8.414193789269975e-06 6.130577827352140e-07 2.010106084177129e-06
-7.778934647433949e-05 -7.454838675003170e-06 7.026205480094598e-07 2.093336436203925e-06
-7.846776950987340e-05 -7.735818665972908e-06 6.393262556707220e-07 2.069757256829244e-06
