-1.205200449403392e-04 1.681003450725043e-05 2.888753394462937e-05 -2.404205937810777e-06
-1.209973630898646e-04 1.565782438522995e-05 2.898682240628924e-05 -2.181522741972779e-06
-1.209973551304835e-04 1.022593146971587e-05 2.913797434180824e-05 -1.135150933071391e-06
-1.205200287086615e-04 9.073683625934218e-06 2.905665610193086e-05 -9.155012790457496e-07
-1.193677323009941e-04 1.728727484529508e-05 2.865834204281873e-05 -2.497034277753676e-06
-1.172061390277378e-04 1.294185858701123e-05 2.833997558373996e-05 -1.688849254482004e-06
-1.193676916591897e-04 8.596423851091833e-06 2.884819089185173e-05 -8.242241915989266e-07
-1.112537695531249e-04 1.728562446238536e-05 2.706938552495359e-05 -2.544913646564090e-06
-1.112536034472792e-04 8.597775613171625e-06 2.732380361061363e-05 -8.436280179568807e-07
-1.067754546256240e-04 1.294156887466925e-05 2.631951602693443e-05 -1.639903431813430e-06
-1.031456207032342e-04 1.727781090043391e-05 2.526799405972205e-05 -2.664913857112894e-06
-1.031452099802926e-04 8.604738738873650e-06 2.567387057703693e-05 -6.890771797480920e-07
-9.909638602194301e-05 1.294098047000566e-05 2.456584504354420e-05 -1.682876206346860e-06
-9.505748383065383e-05 1.726073027916976e-05 2.335929533348124e-05 -2.843302984216742e-06
-9.505697954787495e-05 8.620366183767217e-06 2.372731956535431e-05 -6.144719535332176e-07
-9.102428332390052e-05 1.293999000245784e-05 2.239040142816631e-05 -1.697949380231396e-06
-8.700884821783384e-05 1.723185022575785e-05 2.113308789777306e-05 -2.872892702075099e-06
-8.700843676936051e-05 8.646808386045064e-06 2.159964528981604e-05 -5.992770626208554e-07
-8.300322711599618e-05 1.293854310572072e-05 2.017148348305324e-05 -1.744175680299660e-06
-7.902359430677394e-05 1.718930648769359e-05 1.891729496730244e-05 -2.943363723330560e-06
-7.902318628053392e-05 8.685933841342717e-06 1.937954203156283e-05 -6.125189793536366e-07
-7.505816373653340e-05 1.293659231103422e-05 1.808541661397595e-05 -1.786676997968038e-06
-7.112694897905386e-05 1.713304618919555e-05 1.673230837784449e-05 -3.003654017835849e-06
-7.112652146905512e-05 8.737877378309490e-06 1.717540449441561e-05 -5.471545638727272e-07
-6.721397680765695e-05 1.293414001812801e-05 1.581151744358235e-05 -1.846598651590623e-06
-6.334345920944328e-05 1.706315045494454e-05 1.456054318755825e-05 -3.004173770531299e-06
-6.334277395085714e-05 8.802263265163021e-06 1.482925000277614e-05 -4.765213070758291e-07
-5.949482014118340e-05 1.293114673783000e-05 1.325465437644054e-05 -1.877375291508824e-06
-5.569761336656434e-05 1.697895000401808e-05 1.230922596361213e-05 -3.070436965037529e-06
-5.569668489296325e-05 8.879769075207071e-06 1.226686724900204e-05 -4.554301195517849e-07
-5.192587681767133e-05 1.292769037589528e-05 1.066396589684438e-05 -1.881076093303749e-06
-4.821534197276470e-05 1.687963018418876e-05 9.995805839296472e-06 -3.080508438393894e-06
-4.821365174188467e-05 8.971570905240745e-06 9.788406552958659e-06 -6.291056781712855e-07
-4.453411054609938e-05 1.292379340116685e-05 8.449661314648555e-06 -1.881026178650343e-06
-4.092451225526025e-05 1.676330346390908e-05 7.754183858519610e-06 -2.979154156098064e-06
-4.092200924055634e-05 9.080480718558196e-06 7.658115132602994e-06 -9.158503767970155e-07
-3.749155970096710e-05 1.291883499774362e-05 6.694812872797489e-06 -1.922601952019383e-06
-3.413754060733440e-05 1.663047051737524e-05 5.989498476681893e-06 -2.806880878424440e-06
-3.413470718508754e-05 9.210405969899965e-06 5.991806139935940e-06 -1.142211081894642e-06
-3.164196396335246e-05 1.319842964503375e-05 5.411069043609345e-06 -2.033556146695792e-06
-2.917193599691155e-05 1.650635962193381e-05 4.952971550726302e-06 -2.731418642695868e-06
-2.916712305860362e-05 9.332846536673583e-06 5.001955727579113e-06 -1.215102926281120e-06
-2.567477557562351e-05 1.639677973393033e-05 4.279379295650707e-06 -2.688567466421327e-06
-2.632393300168275e-05 1.411429917957936e-05 4.391775588122035e-06 -2.266362468356062e-06
-2.566802306488559e-05 9.411970806901833e-06 4.311720719262773e-06 -1.273790020823227e-06
-2.319097025983670e-05 9.497964790515349e-06 3.792959085074968e-06 -1.292024337984115e-06
3.385147553637634e-06 6.715139594967124e-07 -4.387371280697194e-07 -3.058969783601398e-07
3.453827168055335e-06 5.062502482366356e-07 -4.539494831762044e-07 -2.711230125517648e-07
3.453396564909312e-06 -1.091993572068004e-07 -4.504592161921399e-07 -1.464509810898763e-07
3.385065530382398e-06 -2.720783156136143e-07 -4.345983131108670e-07 -1.156598371906248e-07
-2.318401568753452e-05 1.631875789436923e-05 3.820995435577943e-06 -2.637576377584644e-06
-2.099154583663244e-05 1.612246460365014e-05 3.381579520538924e-06 -2.609022673289513e-06
-2.266106705453985e-05 1.206055030104728e-05 3.672961564047837e-06 -1.783899239479515e-06
-2.096487603453398e-05 9.397748449052213e-06 3.378549221500107e-06 -1.321072696461095e-06
3.220606510723604e-06 7.399078865049637e-07 -4.021639865631914e-07 -3.196831679189337e-07
3.054674125594601e-06 6.508381820587933e-08 -3.747909094502927e-07 -1.783666715080070e-07
3.222028140032158e-06 -3.399713810039353e-07 -4.016731720364005e-07 -1.040274165006742e-07
-2.027544961020723e-05 1.403425455152641e-05 3.224567065369741e-06 -2.210455623550517e-06
-1.886967663744608e-05 1.566501791506340e-05 2.967742859434315e-06 -2.509785243440715e-06
-1.686367726599051e-05 1.500202969951299e-05 2.555753254210334e-06 -2.359873959645737e-06
-1.961645217893948e-05 1.122266006517123e-05 3.079729842459339e-06 -1.699415469649388e-06
-1.888068339329791e-05 8.953292978096753e-06 2.905496650736939e-06 -1.268247609231488e-06
2.105200373710269e-06 7.578586059011034e-07 -2.267726168577444e-07 -3.280265595546494e-07
2.104575054666283e-06 -3.582855150445489e-07 -2.489858839243114e-07 -1.178075725234822e-07
1.527363129508112e-06 1.999931216515911e-07 -1.231521732683850e-07 -2.478096301555439e-07
-1.500434887520618e-05 1.410932691910466e-05 2.208086214569221e-06 -2.165050814767406e-06
-1.657956858228892e-05 1.289675107922870e-05 2.462803063099587e-06 -1.989994288724568e-06
-1.726348568480856e-05 1.030782885027142e-05 2.577098347854837e-06 -1.513323076309501e-06
-1.697650250842722e-05 8.197954892289271e-06 2.523392971961146e-06 -1.190260031221386e-06
9.027850631087206e-07 8.583926755699673e-07 -1.559823949731526e-08 -3.793280746908817e-07
9.031833394030228e-07 -4.573792253528649e-07 -1.672617526951913e-08 -1.390022046242118e-07
1.950233100946036e-07 2.010570444660890e-07 1.100212746091610e-07 -2.750659807703096e-07
-1.328725763708624e-05 1.304945681172062e-05 1.912603441123944e-06 -1.973400550311061e-06
-1.176173856799041e-05 1.184133893795385e-05 1.666458937761209e-06 -1.761234844188078e-06
-1.489274033340698e-05 9.914426495049587e-06 2.133720393990194e-06 -1.443914143655845e-06
-1.530014612444286e-05 7.155319389043755e-06 2.226870896478340e-06 -1.085650907981547e-06
-6.146523001252631e-07 1.075723166063044e-06 2.389854526117316e-07 -4.220196916489172e-07
-6.143343398570657e-07 -6.723714448848879e-07 2.249737028914439e-07 -1.509452864435239e-07
-1.214992064306918e-05 1.002874639915279e-05 1.717105079745848e-06 -1.461176822278737e-06
-1.043486122517918e-05 1.048253724274579e-05 1.496311596942908e-06 -1.531287906748654e-06
-1.278633421702638e-05 8.038432394255134e-06 1.800275358265386e-06 -1.198874324563017e-06
-1.388802612368823e-05 5.908712663194773e-06 1.956526823494568e-06 -8.962394071478367e-07
-1.502627716181880e-06 2.025432815235293e-07 3.619844577958412e-07 -3.045967357857630e-07
-2.554803864846227e-06 1.388296484194928e-06 5.156858787488926e-07 -4.518050156494105e-07
-2.552538767263151e-06 -9.842245844652073e-07 4.878583528591410e-07 -1.894796343059251e-07
-9.280776889182141e-06 9.024486407417813e-06 1.370764459290072e-06 -1.321950791787352e-06
-8.357739075922600e-06 7.525447016878211e-06 1.327277087453757e-06 -1.168242713879936e-06
-7.650300582442411e-06 5.954940931506175e-06 1.271149291123793e-06 -9.980153919062976e-07
-1.149537234806144e-05 6.285709451735103e-06 1.655272758355994e-06 -9.872768946047541e-07
-1.276410286953535e-05 4.524713105384523e-06 1.829535053983712e-06 -8.361526520253882e-07
-3.398438058821005e-06 2.076234754479403e-07 5.968984574470443e-07 -3.366438811461501e-07
-4.429817675881004e-06 1.694627278172890e-06 7.037996489403495e-07 -5.089394813801483e-07
-4.430072127902865e-06 -1.301770054642020e-06 7.236780853286445e-07 -1.310574039950825e-07
-9.201684610379822e-06 5.944610271582951e-06 1.418941300835831e-06 -9.970722048315970e-07
-7.124494134299841e-06 4.366020897023799e-06 1.209673413290984e-06 -8.355717391442951e-07
-6.111096259099706e-06 1.952448706939280e-06 9.940688616501996e-07 -5.976763439478431e-07
-6.589872095890043e-06 2.217573484383847e-06 1.072917656443254e-06 -6.347654420995813e-07
-6.833314033046426e-06 2.766775878350170e-06 1.124877131268836e-06 -6.903994469822657e-07
-1.060339185724989e-05 4.324442091425525e-06 1.569358424415328e-06 -8.462515566342352e-07
-1.192411568422127e-05 3.069730820907936e-06 1.736747916919199e-06 -6.762010920055985e-07
-5.355120111536564e-06 4.278993450445797e-07 8.340503646375647e-07 -3.381936658340420e-07
-6.148139712523353e-06 -1.532439560058082e-06 9.425153126896429e-07 -7.956229638720783e-08
-8.202043028321392e-06 3.249797065601126e-06 1.286744981979284e-06 -7.462071934079566e-07
-6.638312039418675e-06 1.161500815970611e-06 1.057072530925109e-06 -4.865857964945299e-07
-7.206313267696589e-06 2.028187665685472e-06 1.151911869940690e-06 -6.111518282008006e-07
-9.978807953138221e-06 2.621337634345730e-06 1.513214858122797e-06 -6.484860923879027e-07
-1.138919926807608e-05 1.610954268484634e-06 1.690020804692478e-06 -5.325653998261205e-07
-6.698614273972882e-06 -5.316548115962415e-07 1.028725136478505e-06 -2.163294018070595e-07
-6.648756090063790e-06 -1.783370835128198e-06 1.023420367208068e-06 -3.617318765261234e-08
-8.538429868585034e-06 7.846371957103588e-07 1.327746534009908e-06 -4.313687296093446e-07
-1.118976319974979e-05 1.725200114159412e-07 1.687619722658087e-06 -2.892422485636883e-07
-1.127629945515474e-05 -1.218856243044531e-06 1.738157723543916e-06 -9.504815639182584e-08
-7.712618546418260e-06 -1.452513016526825e-06 1.175896582279097e-06 -7.914063087792948e-08
-6.944635827232712e-06 -2.313498888496300e-06 1.073063769504490e-06 5.745472374175565e-08
-7.315583605806725e-06 -3.760332305280992e-06 1.137315841274085e-06 3.124887156590796e-07
-9.897681697465939e-06 -1.409450385165171e-06 1.538159003053679e-06 -8.590019716869858e-08
-7.851883242354678e-06 -5.137754748585685e-06 1.226758809103112e-06 5.700305010876315e-07
-1.165551933880015e-05 -2.613023267671885e-06 1.833824177396783e-06 1.366206665884617e-07
-8.631203641985549e-06 -3.818554628582219e-06 1.333579574808118e-06 3.372740578807785e-07
-1.054384759889391e-05 -3.925829669712845e-06 1.680461918166128e-06 3.749505223746448e-07
-8.537942326947281e-06 -6.441554233933749e-06 1.370613113801039e-06 8.244900407092784e-07
-1.228540745950619e-05 -3.927237415731906e-06 1.934502009480790e-06 3.871775080336838e-07
-1.172443766815412e-05 -5.203808072781223e-06 1.876664052227568e-06 6.268637548806970e-07
-1.043335278919477e-05 -5.995324622077275e-06 1.704321332647146e-06 7.628638998065907e-07
-9.368258986889737e-06 -7.664010309940401e-06 1.499911762690970e-06 1.000561215301293e-06
-1.033753992800621e-05 -8.788850123714130e-06 1.665250697204975e-06 1.165015592533336e-06
-1.314605640296071e-05 -5.127397588137902e-06 2.070644748235580e-06 6.349794428805267e-07
-1.250255194716153e-05 -6.615075699620207e-06 2.017536487230116e-06 8.597222440671553e-07
-1.174988052622404e-05 -8.337882387237198e-06 1.916648235314440e-06 1.090050655542125e-06
-1.143048453198378e-05 -9.802607432434420e-06 1.853372182341172e-06 1.241916694479212e-06
-1.420831111429675e-05 -6.168682341216378e-06 2.207362587537129e-06 8.253751790471069e-07
-1.387875295190695e-05 -8.322348408438779e-06 2.205943513714895e-06 1.090484476062795e-06
-1.263733081398777e-05 -1.068684950515471e-05 2.042701071943934e-06 1.281144054969760e-06
-1.394457109169179e-05 -1.143255890645327e-05 2.196600235114860e-06 1.310325263782147e-06
-1.533235313532102e-05 -1.202988324311260e-05 2.344369077378252e-06 1.322152859488587e-06
-1.545143238851111e-05 -8.779422996510650e-06 2.351116785579782e-06 1.144422863443839e-06
-1.544342967087301e-05 -7.017736455388192e-06 2.343311544460593e-06 9.762189454539778e-07
-1.514024861230394e-05 -1.052304972277058e-05 2.336297104197418e-06 1.226676390419304e-06
-1.678598851365727e-05 -1.246438565452350e-05 2.446254430530943e-06 1.322675650623950e-06
-1.828642662407963e-05 -1.273316624506025e-05 2.491781081528987e-06 1.291254691767496e-06
-1.670115612312031e-05 -9.171275827149226e-06 2.429126178050579e-06 1.174311487219355e-06
-1.681725420227977e-05 -7.642327527009660e-06 2.438443417560396e-06 1.088237299711974e-06
-1.981108233189988e-05 -1.282906372628811e-05 2.521227622308096e-06 1.252701933577230e-06
-1.811402177494414e-05 -1.058708429283459e-05 2.499399133737205e-06 1.233418623921640e-06
-1.828727059733503e-05 -8.021433416022872e-06 2.491312258097682e-06 1.170484992121732e-06
-2.014786902187890e-05 -1.081489189968511e-05 2.504760531923902e-06 1.246273929118803e-06
-2.149869734806811e-05 -1.283976476457491e-05 2.463052376511614e-06 1.203284328907590e-06
-1.980839833022079e-05 -8.144756517139093e-06 2.519542829933223e-06 1.238995181441656e-06
-2.382925201442213e-05 -1.285048163317199e-05 2.376517432831273e-06 1.139193709950905e-06
-2.198580274229019e-05 -9.667499738550130e-06 2.446623466872304e-06 1.263843247456869e-06
-2.149836929707533e-05 -8.133065963378817e-06 2.448713278818494e-06 1.306848265280849e-06
-2.705468995510874e-05 -1.286764141613607e-05 2.163991691386244e-06 1.120134416447618e-06
-2.545386407806972e-05 -1.029898481978997e-05 2.269529442231106e-06 1.279097505524859e-06
-2.382987821007298e-05 -8.117577972509773e-06 2.349919785489299e-06 1.375184367674034e-06
-3.134647953701818e-05 -1.288763976536711e-05 1.886648410352759e-06 1.182694087038635e-06
-2.919468770769167e-05 -1.048330560281713e-05 2.003520548537510e-06 1.279326236094007e-06
-2.705507501132769e-05 -8.099151607985128e-06 2.157297703931903e-06 1.409749563417096e-06
-3.585667615658698e-05 -1.290712370106273e-05 1.732616194364939e-06 1.265013404263040e-06
-3.359531348983667e-05 -1.048180058160106e-05 1.775161985955469e-06 1.312303761241353e-06
-3.134686298058811e-05 -8.077201213131003e-06 1.861594336711088e-06 1.386575281488285e-06
-4.040604411857595e-05 -1.292651453688029e-05 1.727842361780907e-06 1.344857908802515e-06
-3.812502969697325e-05 -1.048026699553976e-05 1.717863123033331e-06 1.319402283862804e-06
-3.585718451812642e-05 -8.054834107964809e-06 1.749836795543774e-06 1.342929785880079e-06
-4.499405140533222e-05 -1.294545827582966e-05 1.805582591976765e-06 1.387930771670603e-06
-4.269387070536822e-05 -1.047895465232325e-05 1.759094233846798e-06 1.337453731613950e-06
-4.040648981309589e-05 -8.032590973146752e-06 1.752290130144385e-06 1.335468263245371e-06
-4.961847919992073e-05 -1.296288830694140e-05 1.754608828087551e-06 1.298932759495508e-06
-4.730058745393068e-05 -1.047804293538926e-05 1.798092974913359e-06 1.386759820373797e-06
-4.499432420764684e-05 -8.011504192863212e-06 1.779833509237282e-06 1.369143177319872e-06
-5.427463705522554e-05 -1.297785001354923e-05 1.428808218353634e-06 1.246484594494677e-06
-5.194176174027710e-05 -1.047747267370916e-05 1.589486089769757e-06 1.457444800004595e-06
-4.961865018147198e-05 -7.992687091095622e-06 1.671672459206540e-06 1.506791016248259e-06
-5.895681783504939e-05 -1.298989096447391e-05 9.238700373778374e-07 1.230937642462746e-06
-5.661190824141950e-05 -1.047707235009688e-05 1.195868186448025e-06 1.513811572201857e-06
-5.427475735837835e-05 -7.976704650305709e-06 1.391577416912001e-06 1.673843340446400e-06
-6.365914500592542e-05 -1.299905828432966e-05 3.341970815433785e-07 1.270077445792131e-06
-6.130507266995923e-05 -1.047692463652750e-05 6.354201924259564e-07 1.570912762489644e-06
-5.895687854776609e-05 -7.964096860184682e-06 9.366454280965343e-07 1.805815081645648e-06
-6.837563695472252e-05 -1.300519645381314e-05 -2.357424353705746e-07 1.251075780314562e-06
-6.601549079612977e-05 -1.047702877383181e-05 6.237137741657046e-08 1.595762357344046e-06
-6.365903530516219e-05 -7.954888343596160e-06 3.576604225609300e-07 1.913796897168342e-06
-7.849951855126890e-05 -1.273088265120856e-05 -1.969597664158419e-06 1.261029049962341e-06
-7.782815421920903e-05 -1.300895248074022e-05 -1.855548443006014e-06 1.212403749927012e-06
-7.049120388005067e-05 -1.047707453291002e-05 -5.601915423421579e-07 1.640649289021652e-06
-7.310041018052656e-05 -1.300828634580263e-05 -1.001709438278510e-06 1.219886396356708e-06
-6.837563551121719e-05 -7.948914844206396e-06 -2.612804109307429e-07 1.999427041858040e-06
-7.877760986649438e-05 -1.205954898136984e-05 -2.016522973742182e-06 1.376517043394872e-06
-7.718881606861739e-05 -1.047712622102546e-05 -1.744377716114932e-06 1.652535536401583e-06
-7.310040538252882e-05 -7.945907156562848e-06 -1.007771164259978e-06 2.080867606670979e-06
-7.877760785281281e-05 -8.894709618749929e-06 -2.024941603341641e-06 1.931898661400646e-06
-7.782814955261151e-05 -7.945301687329946e-06 -1.864200466072514e-06 2.097247735144564e-06
-7.849951578242150e-05 -8.223373216965818e-06 -1.978084640703275e-06 2.048661012198745e-06
