-2.208502417637175e-06 1.582069605180934e-06 -4.580996621457005e-05 5.938814539151511e-06
-2.182086098145783e-06 1.645739079459393e-06 -4.604412773802700e-05 5.376435229945418e-06
-2.181677272488831e-06 1.945861216803742e-06 -4.599527399979773e-05 2.695012384657880e-06
-2.208034903499412e-06 2.009464476048932e-06 -4.575143534009126e-05 2.115548847474043e-06
-2.272233014227526e-06 1.555704208713735e-06 -4.524408149395264e-05 6.170274022282872e-06
-2.391605681858027e-06 1.795699639326324e-06 -4.414452596662012e-05 4.017936501710765e-06
-2.271675254546865e-06 2.035798313767280e-06 -4.516702202660473e-05 1.876257942610816e-06
-2.721227829754269e-06 1.556421243013301e-06 -4.125927212781669e-05 6.114603293271714e-06
-2.720461346633177e-06 2.034649528627765e-06 -4.117807067708707e-05 1.881876834545074e-06
-2.968092691479513e-06 1.795472348372956e-06 -3.900013089036070e-05 4.020050747256918e-06
-3.166352601096714e-06 1.561826049970745e-06 -3.734297598273298e-05 6.093389394127061e-06
-3.166151060925441e-06 2.029430879797767e-06 -3.730207609312761e-05 1.974586776183733e-06
-3.385232394938049e-06 1.795433619331214e-06 -3.537884556671512e-05 4.004143628961981e-06
-3.596191008814624e-06 1.574478372742292e-06 -3.352987387466220e-05 5.975654144215702e-06
-3.597001812162647e-06 2.016776881288511e-06 -3.355867042647687e-05 2.078762175149189e-06
-3.802821981050258e-06 1.795879757752118e-06 -3.180088536816816e-05 4.024982748652148e-06
-3.995441422436826e-06 1.595941178694353e-06 -3.006895875691289e-05 5.710024972905316e-06
-3.996061409489522e-06 1.996222492556123e-06 -2.999391944332498e-05 2.298814803563544e-06
-4.180553114945933e-06 1.796561043860982e-06 -2.862163190903497e-05 4.060675105980067e-06
-4.346904447907855e-06 1.625607540522441e-06 -2.718009728301781e-05 5.454208325996991e-06
-4.347221725605322e-06 1.968185285750823e-06 -2.689371043517622e-05 2.545421585138536e-06
-4.503382646144442e-06 1.797533599060511e-06 -2.589819491239407e-05 4.065216262829446e-06
-4.638417057522039e-06 1.660790045987281e-06 -2.481025427490921e-05 5.284050629733632e-06
-4.638350379933424e-06 1.935161636044516e-06 -2.435575051120819e-05 2.765477110069532e-06
-4.762047963573228e-06 1.798563329151409e-06 -2.356263947812990e-05 4.057138647118371e-06
-4.861990063292388e-06 1.700092512897280e-06 -2.256009075608203e-05 5.259946581581186e-06
-4.861565306376606e-06 1.898140476141802e-06 -2.212462645131520e-05 2.867133434408004e-06
-4.949347360090262e-06 1.799703644866815e-06 -2.138250000045891e-05 4.031453182907888e-06
-5.010452315158507e-06 1.743986938913692e-06 -2.029068201074386e-05 5.240384647442114e-06
-5.009773468613773e-06 1.856697909293071e-06 -2.001927358316919e-05 2.913420629056315e-06
-5.057634378133324e-06 1.800816494051064e-06 -1.929427894786040e-05 4.018579275479565e-06
-5.074751597946259e-06 1.793364439238744e-06 -1.798901432769846e-05 5.322093029834518e-06
-5.074452257302658e-06 1.809959843458182e-06 -1.798374874802761e-05 2.859016988225064e-06
-5.076604200895379e-06 1.802227349894077e-06 -1.706686292359953e-05 4.026302277005957e-06
-5.044190772505629e-06 1.848727935694217e-06 -1.563986649811266e-05 5.399195406059882e-06
-5.044784922432980e-06 1.757429178211295e-06 -1.577178343945259e-05 2.757031761856294e-06
-4.998247453111957e-06 1.804160478885071e-06 -1.460670406934669e-05 4.042384632102294e-06
-4.916190102044611e-06 1.908537190383657e-06 -1.316279863628372e-05 5.467981015667976e-06
-4.917313925366838e-06 1.698455609601419e-06 -1.330373653673367e-05 2.610256351342859e-06
-4.845993526894873e-06 1.816662863014357e-06 -1.226623250152696e-05 4.163637309874301e-06
-4.740868081391453e-06 1.961140988387285e-06 -1.119906384306950e-05 5.525147548932744e-06
-4.742846768175123e-06 1.646683602996526e-06 -1.121503231085070e-05 2.569394627382212e-06
-4.565084245662940e-06 2.004812980856659e-06 -9.732541980373485e-06 5.493450867404977e-06
-4.613420248010114e-06 1.869192847247729e-06 -1.000686105439750e-05 4.544024533269256e-06
-4.567496416221210e-06 1.614940643712205e-06 -9.681733366478564e-06 2.562341528938002e-06
-4.413895347466285e-06 1.581657926294091e-06 -8.638163140466952e-06 2.622099280928464e-06
9.963624456575376e-07 -3.681326826122809e-07 1.134753764514410e-06 -3.615243702690720e-07
1.016364553876533e-06 -4.160650070096841e-07 1.157571262743335e-06 -4.092982074477702e-07
1.016301371322880e-06 -5.953295714129066e-07 1.149762822580881e-06 -5.968964450567929e-07
9.963666243279311e-07 -6.429405352479972e-07 1.124574964082418e-06 -6.472778267963559e-07
-4.416831066267832e-06 2.034856513891305e-06 -8.670619534406881e-06 5.471185094595202e-06
-4.255091342496708e-06 2.052767249689296e-06 -7.732282767736860e-06 5.408768910335738e-06
-4.394595724431448e-06 1.750191662333084e-06 -8.422564273678408e-06 3.722607405091731e-06
-4.267120602237407e-06 1.533299621377919e-06 -7.660680512147433e-06 2.594442224406464e-06
9.485981976528279e-07 -3.484256123712006e-07 1.081148298731120e-06 -3.433521396057137e-07
9.001333176230307e-07 -5.451686918547715e-07 1.018247821724192e-06 -5.511968290166384e-07
9.487505832236310e-07 -6.630203864816792e-07 1.068912551363376e-06 -6.697996019746106e-07
-4.212164179705406e-06 1.906713238764854e-06 -7.432072545190102e-06 4.524000727592792e-06
-4.080040033975059e-06 2.056900868076235e-06 -6.821440358955649e-06 5.246342429105375e-06
-3.887028805651057e-06 2.028715429762619e-06 -5.971239135222394e-06 4.962003903775488e-06
-4.163630836438615e-06 1.673704761094707e-06 -7.117407534653027e-06 3.345910399496347e-06
-4.096918783540834e-06 1.446061584670320e-06 -6.813009734866909e-06 2.458721011556114e-06
6.237556086060823e-07 -3.446396176718333e-07 7.278455681519795e-07 -3.840774967084875e-07
6.229818117577354e-07 -6.703646044837866e-07 7.303115987002366e-07 -6.864009097561814e-07
4.547875073890913e-07 -5.083474169645009e-07 5.800067898204259e-07 -5.383546965361519e-07
-3.677718528540566e-06 1.980890983449899e-06 -5.213646699075460e-06 4.555775986508100e-06
-3.870073791413892e-06 1.841479615336300e-06 -5.865592388042197e-06 4.031735574294293e-06
-3.941698922015204e-06 1.574388267267774e-06 -6.157375593123788e-06 3.006576207877440e-06
-3.918412640820288e-06 1.315222584463815e-06 -6.044158946028220e-06 2.194123924208073e-06
2.722903191518518e-07 -3.161841878387300e-07 4.377617964338453e-07 -3.628184541925898e-07
2.719041617021754e-07 -7.019756155389626e-07 4.104602273592388e-07 -7.617842664471234e-07
6.439742406933316e-08 -5.098699950656242e-07 2.110364323628169e-07 -5.751134076845166e-07
-3.464737034424938e-06 1.895599195736130e-06 -4.525164130144038e-06 4.073949270096708e-06
-3.241319912194823e-06 1.772450286762092e-06 -3.965897743724533e-06 3.597777469561560e-06
-3.677326079548780e-06 1.524684859759554e-06 -5.227954674404860e-06 2.857054610484759e-06
-3.740891189406160e-06 1.144298966022010e-06 -5.413130291266875e-06 1.815126081864772e-06
-1.733254874605067e-07 -2.533843325531435e-07 -5.105561318436557e-08 -2.993679951826488e-07
-1.738074637098615e-07 -7.680721486215436e-07 -5.006565494260013e-08 -8.890926781542749e-07
-3.296616947193801e-06 1.549295508419175e-06 -4.125239371712416e-06 2.907606889106116e-06
-3.015033718228179e-06 1.619542353786387e-06 -3.480568099763262e-06 3.080769263738960e-06
-3.397337424527943e-06 1.262172122090545e-06 -4.399873317447036e-06 2.168578501298329e-06
-3.575010504853025e-06 9.199496274767426e-07 -4.848289484569697e-06 1.362867607344116e-06
-4.351531899547440e-07 -5.114965668869166e-07 -3.869136770219270e-07 -6.141128856236298e-07
-7.452695445790103e-07 -1.619290278721352e-07 -7.801603219335679e-07 -2.158365320019636e-07
-7.455090873427599e-07 -8.632030500026155e-07 -7.831192820857193e-07 -1.030434752421000e-06
-2.804053389013527e-06 1.426863700285675e-06 -3.060532318140870e-06 2.549376589746037e-06
-2.595053174444642e-06 1.182516916423901e-06 -2.766217518752260e-06 1.992261349149746e-06
-2.398840663323962e-06 9.060171748211359e-07 -2.523494210164662e-06 1.409224494307307e-06
-3.186670467308842e-06 9.775171377888864e-07 -3.904568773695884e-06 1.517724413096702e-06
-3.432501270454289e-06 6.390666200419049e-07 -4.384678176848862e-06 8.701377343007569e-07
-9.948825283738180e-07 -5.122904124724217e-07 -1.074044428049279e-06 -6.191441745414701e-07
-1.300326904523104e-06 -7.100174453703230e-08 -1.393351851014455e-06 -1.242538553077716e-07
-1.300187530327205e-06 -9.592212061375111e-07 -1.432276470995140e-06 -1.163179472011248e-06
-2.744127408219031e-06 9.144900929743437e-07 -3.082317431082945e-06 1.400943869598716e-06
-2.236093177689696e-06 5.867432452552151e-07 -2.336362444441450e-06 8.449852860951313e-07
-1.822578258332830e-06 7.977395949509573e-09 -1.997608380606714e-06 -1.059284660042430e-08
-1.987483308082840e-06 8.139082076290810e-08 -2.169719605007299e-06 8.557565311371229e-08
-2.090373453688723e-06 2.229358156005729e-07 -2.251486780618873e-06 2.791378649505609e-07
-3.030777543240118e-06 5.951769598417768e-07 -3.567468442770113e-06 8.054286985110423e-07
-3.332786483666116e-06 3.068717971475805e-07 -4.035457028870141e-06 3.292981098453609e-07
-1.576080320079602e-06 -4.497877424717062e-07 -1.719933973585223e-06 -5.723745428174003e-07
-1.784109132864638e-06 -1.026190892434368e-06 -2.010605918955965e-06 -1.262864028827725e-06
-2.470962856050511e-06 3.516870652073376e-07 -2.727579156303143e-06 4.310606362810210e-07
-1.978647678515945e-06 -2.220469511893696e-07 -2.185782919468908e-06 -3.017887148560979e-07
-2.173013496506225e-06 3.001189374730231e-08 -2.388590322553821e-06 1.228621254356187e-08
-2.901132606670022e-06 2.010504519155310e-07 -3.329633465018412e-06 1.681155608451584e-07
-3.287165479234926e-06 -7.104435063821668e-08 -3.804832014230643e-06 -2.013036183892490e-07
-1.954884292898993e-06 -7.228474281529217e-07 -2.192422108688574e-06 -9.226571031920127e-07
-1.906349619057888e-06 -1.104144900387890e-06 -2.184306641597073e-06 -1.355649704329512e-06
-2.528183973443578e-06 -2.943027185780779e-07 -2.845083594648455e-06 -4.518120442495353e-07
-3.292566776854264e-06 -4.782637331368439e-07 -3.740303520913617e-06 -6.634678503344416e-07
-3.414188449371508e-06 -9.158594023391263e-07 -3.769844492017683e-06 -1.153382245943404e-06
-2.233638396050270e-06 -9.892823918605526e-07 -2.531104286347171e-06 -1.251054603457663e-06
-1.969421744225265e-06 -1.286128892827331e-06 -2.293618407196282e-06 -1.550148783631580e-06
-2.032200769540750e-06 -1.817762607725608e-06 -2.445122249904951e-06 -2.052322734374811e-06
-2.948689143491835e-06 -9.503200680930601e-07 -3.299699800653593e-06 -1.226575597461840e-06
-2.159860582638223e-06 -2.385804051040548e-06 -2.639953741201100e-06 -2.470183238540243e-06
-3.634201771535775e-06 -1.375527653864245e-06 -3.866694186004304e-06 -1.668990333628969e-06
-2.490961320428623e-06 -1.819649670390541e-06 -2.850764511583178e-06 -2.097013288238170e-06
-3.224133292993122e-06 -1.862836019688102e-06 -3.481993267740852e-06 -2.131253233109204e-06
-2.385333313521304e-06 -2.950636426556747e-06 -2.843464220929205e-06 -2.849671876254086e-06
-3.969816064980151e-06 -1.864133694388305e-06 -3.973705744468504e-06 -2.111634992367977e-06
-3.751287221907781e-06 -2.391791798077917e-06 -3.778664333461589e-06 -2.519195521063215e-06
-3.173833631814060e-06 -2.742124006699801e-06 -3.402618590146534e-06 -2.756637244167907e-06
-2.691212645433655e-06 -3.538966168383407e-06 -3.079116773524312e-06 -3.187065215173667e-06
-3.110527866400768e-06 -4.123269640461160e-06 -3.339860917087185e-06 -3.498805662928217e-06
-4.440253025634901e-06 -2.343202692385873e-06 -4.137704594283370e-06 -2.507684351094453e-06
-4.136400599012990e-06 -3.038282596658785e-06 -3.949027720563072e-06 -2.945307708593599e-06
-3.768378076193870e-06 -3.901344222211010e-06 -3.731445920397532e-06 -3.381289414232069e-06
-3.608532007900024e-06 -4.693194693877480e-06 -3.636364024470638e-06 -3.747402696184290e-06
-5.029137484965394e-06 -2.794048345971798e-06 -4.332176658531507e-06 -2.829242451235337e-06
-4.863691761392813e-06 -3.907713216063822e-06 -4.222405594218872e-06 -3.367818626403301e-06
-4.210578791439395e-06 -5.209198134167182e-06 -3.938528844445862e-06 -3.946259960028379e-06
-4.917893387201029e-06 -5.679466355159531e-06 -4.240277976482255e-06 -4.113502408811688e-06
-5.700599295644809e-06 -6.095021497402140e-06 -4.580710473034356e-06 -4.293413748954469e-06
-5.751840409330415e-06 -4.159899482287575e-06 -4.588618318648334e-06 -3.454954517267808e-06
-5.739053541756623e-06 -3.191319794547070e-06 -4.608386140291381e-06 -3.038091625325600e-06
-5.569716438252554e-06 -5.170548787280857e-06 -4.516063079695316e-06 -3.884444274424434e-06
-6.569949980227312e-06 -6.409509252094040e-06 -4.940950457663782e-06 -4.438953527795183e-06
-7.509114725077318e-06 -6.635543149148049e-06 -5.339575800056935e-06 -4.539196177009275e-06
-6.494592073445967e-06 -4.379942748212226e-06 -4.873821521048705e-06 -3.533490606557635e-06
-6.569423420470818e-06 -3.480100691425994e-06 -4.912526270028397e-06 -3.145732147016349e-06
-8.488313166018068e-06 -6.748763303948065e-06 -5.806360844863246e-06 -4.591148732553103e-06
-7.368925096524364e-06 -5.254789883352308e-06 -5.260908918583642e-06 -3.923095730848554e-06
-7.490205211533485e-06 -3.638378123426941e-06 -5.330255328544363e-06 -3.191098355298307e-06
-8.699030818088584e-06 -5.414193556750225e-06 -5.882411157880059e-06 -4.007261875910481e-06
-9.626475695897983e-06 -6.816329158000730e-06 -6.317257942488291e-06 -4.639862606614927e-06
-8.469612030930566e-06 -3.668065546498392e-06 -5.790011266454627e-06 -3.201638679032290e-06
-1.124936023462774e-05 -6.884363751743072e-06 -7.057364524387828e-06 -4.626675187712001e-06
-9.939915426888009e-06 -4.638137266510813e-06 -6.469507934432307e-06 -3.661954381465749e-06
-9.622694170036577e-06 -3.601842206823851e-06 -6.319917287472145e-06 -3.180959336974735e-06
-1.361581600196828e-05 -6.988863065063839e-06 -8.022909732060565e-06 -4.572737696681699e-06
-1.241515285901237e-05 -5.071663438469343e-06 -7.594224465430239e-06 -3.859157390584226e-06
-1.125110867758384e-05 -3.515387775296207e-06 -7.110922788409668e-06 -3.183692374385787e-06
-1.693269934614579e-05 -7.102164106802086e-06 -9.157727383962962e-06 -4.501652965003636e-06
-1.524236559488000e-05 -5.206436098125435e-06 -8.616879106991493e-06 -3.883553986417357e-06
-1.361650847954305e-05 -3.416780767324348e-06 -8.058879649408640e-06 -3.247344762193526e-06
-2.057373869788234e-05 -7.198454730259963e-06 -1.020657413175566e-05 -4.539728060570173e-06
-1.872381568616633e-05 -5.207003014068083e-06 -9.665821988665098e-06 -3.882868427588738e-06
-1.693264194722940e-05 -3.310000769724569e-06 -9.117057572249527e-06 -3.293285100585517e-06
-2.437494351166391e-05 -7.277728142306720e-06 -1.147675071078335e-05 -4.628493098545184e-06
-2.244968566926719e-05 -5.208278867877441e-06 -1.079328198819931e-05 -3.870215545192801e-06
-2.057338458872152e-05 -3.216821130586788e-06 -1.018022182887427e-05 -3.266640738150622e-06
-2.830643138881062e-05 -7.340896019705617e-06 -1.295123917772223e-05 -4.753027098234681e-06
-2.632118255647787e-05 -5.209493404698841e-06 -1.216562854264955e-05 -3.853146486734770e-06
-2.437458949881118e-05 -3.140057426628182e-06 -1.142656025138760e-05 -3.155091338254965e-06
-3.233867354184449e-05 -7.389143936822925e-06 -1.464595543849631e-05 -4.774481204571905e-06
-3.030780679790994e-05 -5.210558260542520e-06 -1.377432290630042e-05 -3.857692287489583e-06
-2.830618731338657e-05 -3.079136419023041e-06 -1.289125346182361e-05 -2.992174743536281e-06
-3.644579339657387e-05 -7.424490257461896e-06 -1.646396297623546e-05 -4.735898405590195e-06
-3.438151896905732e-05 -5.211413069769726e-06 -1.554354336353024e-05 -3.823949108603624e-06
-3.233856428723047e-05 -3.032777236041550e-06 -1.457613235855362e-05 -2.895887121941079e-06
-4.060647079628702e-05 -7.448909532449322e-06 -1.827981992616708e-05 -4.720641334158332e-06
-3.851876277635332e-05 -5.211865918020427e-06 -1.735500203051335e-05 -3.781423685738089e-06
-3.644584424986253e-05 -2.998772329660107e-06 -1.637588207817371e-05 -2.842140088140137e-06
-4.480230826189861e-05 -7.464104723308136e-06 -2.001780728732789e-05 -4.676367614408766e-06
-4.269991031675699e-05 -5.212122720205541e-06 -1.914009368535727e-05 -3.749175514729948e-06
-4.060657120876462e-05 -2.975148980330103e-06 -1.819388445608244e-05 -2.816113247570841e-06
-4.901776074277837e-05 -7.471907974901349e-06 -2.181758301549718e-05 -4.648876207333347e-06
-4.690788349629013e-05 -5.212322589106421e-06 -2.091255211249672e-05 -3.716985320511553e-06
-4.480242374198828e-05 -2.960473266333558e-06 -1.999307769878624e-05 -2.801641172100383e-06
-5.806599237283439e-05 -7.226457211529447e-06 -2.557186275326327e-05 -4.519996489547924e-06
-5.746604065221016e-05 -7.474954660108102e-06 -2.532325052194611e-05 -4.622869995188068e-06
-5.090913951161662e-05 -5.212391885853579e-06 -2.258803106389981e-05 -3.704031699582157e-06
-5.324143233190713e-05 -7.474558461400483e-06 -2.355816155407812e-05 -4.612758409719535e-06
-4.901792190416325e-05 -2.952932551289464e-06 -2.176417624423752e-05 -2.788227396936651e-06
-5.831450331136235e-05 -6.626523176080946e-06 -2.567366950599264e-05 -4.270993998282451e-06
-5.689479098275321e-05 -5.212417470041710e-06 -2.506185862590533e-05 -3.680201890166272e-06
-5.324148213559931e-05 -2.950322796917942e-06 -2.352628164311031e-05 -2.743273890624990e-06
-5.831456464410551e-05 -3.798271732267273e-06 -2.562588517491213e-05 -3.116970003017420e-06
-5.746610996025541e-05 -2.949839757998519e-06 -2.527233507055915e-05 -2.770043855750145e-06
-5.806605837905045e-05 -3.198336377676745e-06 -2.552104612616383e-05 -2.871779776923629e-06
