5.696961927457182e-05 -6.736391824789302e-06 -2.074736568691064e-05 3.992356091936732e-06
5.721135437703515e-05 -6.152944299046393e-06 -2.081441026487933e-05 3.838057033903412e-06
5.721145583763556e-05 -3.402202340880064e-06 -2.091152594809625e-05 3.219970182627028e-06
5.696973725686586e-05 -2.818775539929876e-06 -2.086060217384892e-05 3.089884634266019e-06
5.638605868863791e-05 -6.978041139582530e-06 -2.059222870898838e-05 4.057034019354597e-06
5.529124721198834e-05 -4.777594832312721e-06 -2.043441818446238e-05 3.551188022444139e-06
5.638620370207428e-05 -2.577135453950827e-06 -2.073292278066790e-05 3.036071117541070e-06
5.227664353740692e-05 -6.976517058693429e-06 -1.966989296780528e-05 4.083490044669707e-06
5.227683787497125e-05 -2.578724497799626e-06 -1.984075945422929e-05 3.047135472660248e-06
5.000963918922909e-05 -4.777614303489525e-06 -1.925569856598779e-05 3.517301979933581e-06
4.817344564695141e-05 -6.969806482966179e-06 -1.879623305673952e-05 3.985544283009259e-06
4.817357589487920e-05 -2.585347806974519e-06 -1.901136087075433e-05 3.076560135785161e-06
4.612682245798161e-05 -4.777639279662343e-06 -1.848103117410831e-05 3.571076524155962e-06
4.408857886255181e-05 -6.956423206083552e-06 -1.807243095256939e-05 4.012093482873620e-06
4.408831914315412e-05 -2.598568805731894e-06 -1.809470192208766e-05 3.091072830837530e-06
4.205480045505154e-05 -4.777392610192077e-06 -1.768672715993652e-05 3.544394092296382e-06
4.003479338635270e-05 -6.935577014143623e-06 -1.718218956668397e-05 4.185423466428922e-06
4.003432060957159e-05 -2.618748634730942e-06 -1.720853525790646e-05 3.031608204468923e-06
3.802084711501903e-05 -4.777016295322856e-06 -1.665605003858755e-05 3.565347121077514e-06
3.602575831309845e-05 -6.907205577535481e-06 -1.598096200797252e-05 4.299203233772442e-06
3.602509069040290e-05 -2.646328679571080e-06 -1.610008090342775e-05 2.960267948361696e-06
3.403878201347635e-05 -4.776560299519010e-06 -1.536720895645272e-05 3.585260345714596e-06
3.207606982502473e-05 -6.870273823242447e-06 -1.450640321672063e-05 4.339939736921099e-06
3.207494746235493e-05 -2.682014035439968e-06 -1.485286750487141e-05 2.842488417617247e-06
3.012405433327981e-05 -4.775815037413093e-06 -1.388664738129433e-05 3.616351505960208e-06
2.820196123684956e-05 -6.824037637783277e-06 -1.299074252319931e-05 4.254956476227228e-06
2.820069851191755e-05 -2.726749378565483e-06 -1.327357846359802e-05 2.713126358428779e-06
2.629377465809327e-05 -4.775047662440885e-06 -1.240006717008386e-05 3.595233627116673e-06
2.442138213972416e-05 -6.767917591158397e-06 -1.172033999668556e-05 4.125438790455710e-06
2.442028848010506e-05 -2.781430785635687e-06 -1.176879234865023e-05 2.740566324210628e-06
2.256655618621795e-05 -4.774243134806542e-06 -1.107632439311268e-05 3.540893061081015e-06
2.075413098291442e-05 -6.700685677687793e-06 -1.056429581218614e-05 4.047802958910391e-06
2.075319614454566e-05 -2.847073280959213e-06 -1.034099133284900e-05 2.851071692472281e-06
1.896246828837590e-05 -4.773287543903588e-06 -9.911113862126966e-06 3.485131722576072e-06
1.722007387942013e-05 -6.621279540955294e-06 -9.570592590168018e-06 4.039961152619596e-06
1.721892859675974e-05 -2.924691234011968e-06 -9.286415563074643e-06 2.974508766711832e-06
1.557015721174480e-05 -4.771596282492718e-06 -9.014172323866333e-06 3.436076481140920e-06
1.397495472211177e-05 -6.529987367441981e-06 -8.680264891770606e-06 4.035475265461317e-06
1.397343358073494e-05 -3.017470042566995e-06 -8.478279123466849e-06 3.021313584605357e-06
1.279263057400973e-05 -4.903012446676254e-06 -8.256650699020008e-06 3.472066357606853e-06
1.163990758309787e-05 -6.443817678793183e-06 -7.938522564435816e-06 4.058429791318603e-06
1.163701686089132e-05 -3.105039632322767e-06 -7.880619198708724e-06 2.989066760348793e-06
1.002299854594440e-05 -6.366829325168929e-06 -7.402830822522023e-06 4.048452431925900e-06
1.031444473618353e-05 -5.323920738801214e-06 -7.508030960263557e-06 3.635647712799332e-06
1.001853754519241e-05 -3.162150000052840e-06 -7.401169022625013e-06 2.967736423950343e-06
8.889660548085678e-06 -3.224321928040598e-06 -7.018990349619329e-06 2.945820684389899e-06
-1.084546089841881e-06 -3.680715762441742e-08 1.514476951242296e-06 4.711103030618885e-07
-1.107139931490749e-06 1.749856040268903e-08 1.555250313512635e-06 3.694918089410860e-07
-1.107053986430839e-06 2.200277929582669e-07 1.553370202703410e-06 -2.174579783637341e-08
-1.084569246734892e-06 2.736784655754372e-07 1.510966293833391e-06 -1.248358627486670e-07
8.884177115896285e-06 -6.311736091625776e-06 -6.985529690265708e-06 4.042751029338542e-06
7.900322978722432e-06 -6.205115531419224e-06 -6.602040018849957e-06 4.032834883999604e-06
8.640095071465174e-06 -4.385292405705175e-06 -6.942454607950486e-06 3.336251235745531e-06
7.880416906107650e-06 -3.204426866953630e-06 -6.662539513047781e-06 2.896647306338193e-06
-1.030455079628389e-06 -5.924119360707967e-08 1.415795474651819e-06 5.133955219256263e-07
-9.757597127993101e-07 1.628281657929075e-07 1.305862192314172e-06 8.876964495145085e-08
-1.030876523850762e-06 2.960894455844081e-07 1.409706904634539e-06 -1.676846408311385e-07
7.573242161345840e-06 -5.264205784932075e-06 -6.490651160874724e-06 3.683434689993533e-06
6.959578044384334e-06 -5.977760425337320e-06 -6.219181841056702e-06 3.982918789788881e-06
6.086960441137565e-06 -5.668563288642820e-06 -5.882719746447582e-06 3.902955397681067e-06
7.277678331919135e-06 -4.019450254646627e-06 -6.412879412029423e-06 3.219768427424703e-06
6.955292537587468e-06 -3.038757665608166e-06 -6.292194283217855e-06 2.782633293008158e-06
-6.633867933890887e-07 -6.475619682482919e-08 7.358654457403011e-07 5.007820690369477e-07
-6.631367662371035e-07 3.020980038457249e-07 7.203233114201404e-07 -1.707066443213056e-07
-4.734731105799140e-07 1.185336952100124e-07 4.020743520807743e-07 1.699627988439932e-07
5.296546779965134e-06 -5.257981857455993e-06 -5.546043116894959e-06 3.783869719897166e-06
5.957238782201212e-06 -4.744085352017517e-06 -5.844978655331692e-06 3.559008053274884e-06
6.251518423810955e-06 -3.629363298743181e-06 -5.971927716406375e-06 3.061917400763151e-06
6.124429518975911e-06 -2.746091203678631e-06 -5.910344934978784e-06 2.585482621575038e-06
-2.683421909706794e-07 -9.761766401735635e-08 6.885709203692351e-08 5.173055967554218e-07
-2.686970624234552e-07 3.338437247555332e-07 1.023473557807531e-07 -1.246444429238099e-07
-3.630152021461218e-08 1.176693627458688e-07 -2.195816038767892e-07 2.092377284551660e-07
4.578539651421618e-06 -4.787866943993392e-06 -5.199472965214481e-06 3.606934620708367e-06
3.961091716096500e-06 -4.267629922654894e-06 -4.832875601887941e-06 3.407420019120083e-06
5.242470010878921e-06 -3.466360603745220e-06 -5.485966967205175e-06 2.996062649822874e-06
5.405798141104780e-06 -2.335696146718558e-06 -5.569924226950729e-06 2.346395369278045e-06
2.288459020913813e-07 -1.683233555043953e-07 -5.886080523531456e-07 6.351803695853717e-07
2.286727904171693e-07 4.028793574368804e-07 -6.012366179429223e-07 -2.094603877471949e-07
4.119383935591874e-06 -3.509114876300405e-06 -4.906912104126756e-06 3.054464464635115e-06
3.442247810053736e-06 -3.691009786711320e-06 -4.478763527238956e-06 3.168114431155858e-06
4.373340888483748e-06 -2.700825431830653e-06 -5.026106937532644e-06 2.588010546101333e-06
4.810737165098596e-06 -1.856290895233877e-06 -5.268761820962608e-06 2.036858742603458e-06
5.191793680292378e-07 1.168532917976402e-07 -1.007720118862589e-06 2.217543920434411e-07
8.623790464488705e-07 -2.688373428256006e-07 -1.432562458657115e-06 7.201770023747260e-07
8.614954676678843e-07 5.028923031987790e-07 -1.445159184575893e-06 -2.471994500594295e-07
2.999076644945700e-06 -3.089474896620157e-06 -4.151803402235052e-06 2.861617306260476e-06
2.667292789525764e-06 -2.497319457370297e-06 -3.832719817055772e-06 2.464903935595032e-06
2.432709303821172e-06 -1.888281196711264e-06 -3.559763779863341e-06 2.027541351280479e-06
3.863359374696310e-06 -2.008364337430078e-06 -4.666613057643557e-06 2.124450231464450e-06
4.343543671314995e-06 -1.341278579487528e-06 -4.986804283324476e-06 1.641202945205372e-06
1.137173096523390e-06 1.149257825032729e-07 -1.792259527156077e-06 2.143929854774780e-07
1.471505358844418e-06 -3.656856507000937e-07 -2.233362026402205e-06 7.945467561073516e-07
1.472029067138676e-06 6.041948826354374e-07 -2.205901666878276e-06 -3.626377418823066e-07
2.994566814108830e-06 -1.878409994144351e-06 -4.054478005572950e-06 2.037200428673939e-06
2.267510645511682e-06 -1.294418754229338e-06 -3.342081611906468e-06 1.560936482238695e-06
2.002344618767768e-06 -4.451262144856265e-07 -2.834687908162942e-06 8.123238053868734e-07
2.144375098472119e-06 -5.325400447241975e-07 -3.032681121781535e-06 9.005834746388677e-07
2.206147303576977e-06 -7.202501921090998e-07 -3.162114052284505e-06 1.082964413257180e-06
3.516731924735668e-06 -1.268974792760451e-06 -4.440252109649942e-06 1.605142727432448e-06
3.990904971996308e-06 -8.197011995934235e-07 -4.839470889114647e-06 1.257118257827283e-06
1.770673305630045e-06 4.303859254007805e-08 -2.581286569415719e-06 2.955303406493753e-07
2.041788849091071e-06 6.789240489540030e-07 -2.820232379118946e-06 -4.161164613798189e-07
2.660424105667673e-06 -8.831032717360541e-07 -3.658195644530248e-06 1.255520098576897e-06
2.172803293818799e-06 -1.872078775306813e-07 -3.025254021590606e-06 5.322946797900862e-07
2.341457433891694e-06 -4.685108745405446e-07 -3.268104343215872e-06 8.390103968468300e-07
3.285337506612088e-06 -6.609550825698223e-07 -4.236957902271772e-06 1.094567408459531e-06
3.756703725384118e-06 -3.207782754326523e-07 -4.752183714336961e-06 7.382330083910237e-07
2.215335778968427e-06 3.594202404884472e-07 -3.022407619127931e-06 -4.208506589715792e-08
2.218073397006808e-06 7.577359158646941e-07 -2.973967487133006e-06 -5.088620541660170e-07
2.792238890903384e-06 -4.336689698035016e-08 -3.725232422645221e-06 4.423249495400594e-07
3.657093642120895e-06 1.529438345010396e-07 -4.717959220705630e-06 2.254471577971980e-07
3.631441916389703e-06 5.876917598346457e-07 -4.769818160869371e-06 -3.038671185631327e-07
2.554311174767540e-06 6.603140199722888e-07 -3.393790984907283e-06 -3.740629298385897e-07
2.327323363647112e-06 9.146748679318344e-07 -3.059693833056219e-06 -7.185742973097768e-07
2.473664388875921e-06 1.323387354354324e-06 -3.146655285671167e-06 -1.326228817766867e-06
3.219645357652320e-06 6.614142537843739e-07 -4.235416976020670e-06 -3.660198226295651e-07
2.664561005945139e-06 1.676839575505561e-06 -3.326240743643197e-06 -1.961903417395598e-06
3.692696070176258e-06 1.011731723932420e-06 -4.926816114592113e-06 -8.744443873506003e-07
2.858764203168955e-06 1.351044768912748e-06 -3.708871763240824e-06 -1.329347383462910e-06
3.380308757747345e-06 1.379791980758682e-06 -4.484293461909113e-06 -1.406463900183352e-06
2.873597322131486e-06 1.995947548825645e-06 -3.628547907524385e-06 -2.586106358171235e-06
3.810457583797669e-06 1.380270499328000e-06 -5.235953185668185e-06 -1.442446733423889e-06
3.659397622243560e-06 1.707218761666036e-06 -5.012650750196557e-06 -2.008785747505139e-06
3.355115214604478e-06 1.895963156366528e-06 -4.462423346457556e-06 -2.361613059455225e-06
3.107523061080689e-06 2.260645357248195e-06 -4.007086398788933e-06 -3.164616270673648e-06
3.344481726244192e-06 2.479070727127651e-06 -4.456334270153952e-06 -3.691307568192101e-06
3.963585195113404e-06 1.698065019143538e-06 -5.671305140304996e-06 -1.982648308758544e-06
3.821284544580457e-06 2.032076520065796e-06 -5.390283442441537e-06 -2.672594174864090e-06
3.662306998956370e-06 2.384654567302848e-06 -5.084185611031525e-06 -3.493571808984451e-06
3.596880529248740e-06 2.650241239336339e-06 -4.952879012540139e-06 -4.171212016306616e-06
4.147090474043654e-06 1.953406812413385e-06 -6.199632655862671e-06 -2.473533282219222e-06
4.079948618202970e-06 2.373725728681425e-06 -6.056901513529900e-06 -3.513540948262605e-06
3.844870684350658e-06 2.788443005290379e-06 -5.497107713632169e-06 -4.600939558458368e-06
4.080504747959154e-06 2.884214959513505e-06 -6.092824537251937e-06 -4.966747743951440e-06
4.312092068350432e-06 2.938542412603443e-06 -6.700266029344233e-06 -5.224290968689545e-06
4.341361893120387e-06 2.453923257042594e-06 -6.782369274635943e-06 -3.759797713378979e-06
4.345131616162921e-06 2.144226216096001e-06 -6.777117906012087e-06 -2.909256142225626e-06
4.293255713456842e-06 2.729866851736261e-06 -6.631457312971654e-06 -4.568793202035285e-06
4.525223199525372e-06 2.971417184304071e-06 -7.319356610047739e-06 -5.412081478133044e-06
4.721564299546682e-06 2.974587007812904e-06 -7.983020659677417e-06 -5.548226225579631e-06
4.527136374818808e-06 2.520327166241405e-06 -7.340900802122813e-06 -3.967506646087224e-06
4.541241942451597e-06 2.286371788667658e-06 -7.392018871085717e-06 -3.264028725106488e-06
4.906544704603649e-06 2.958224295667066e-06 -8.623242236620957e-06 -5.620060984660979e-06
4.717110734742587e-06 2.713458219856116e-06 -7.920041849056076e-06 -4.604133459809276e-06
4.732540374151774e-06 2.382005511248134e-06 -8.000688591703219e-06 -3.492786663802786e-06
4.950169728374431e-06 2.734690197840606e-06 -8.769804627800102e-06 -4.742371389310608e-06
5.081476571263594e-06 2.927719662421038e-06 -9.348069109506532e-06 -5.669291899928544e-06
4.915408961684305e-06 2.425347496173685e-06 -8.625497803157033e-06 -3.575686427465518e-06
5.296219127471946e-06 2.898434054166889e-06 -1.039887861740273e-05 -5.737776856546169e-06
5.139474449280079e-06 2.616308309491183e-06 -9.554523356900882e-06 -4.269480200306578e-06
5.082760530225586e-06 2.456593648169185e-06 -9.338574618862610e-06 -3.613083294981476e-06
5.533938218781262e-06 2.856187170551521e-06 -1.192380690975477e-05 -5.891814552947365e-06
5.428221321159909e-06 2.679755037058908e-06 -1.106443110344148e-05 -4.593645982952538e-06
5.295146112143461e-06 2.495318960946980e-06 -1.030403092516457e-05 -3.631980272103152e-06
5.773217018470540e-06 2.814702126229371e-06 -1.408198951135248e-05 -6.060548507642540e-06
5.665030141365180e-06 2.695246409248381e-06 -1.289392827192088e-05 -4.771239536001751e-06
5.533225933798877e-06 2.536373756007415e-06 -1.175097797487344e-05 -3.573838450862376e-06
5.959023386003830e-06 2.783109626954480e-06 -1.651620662006956e-05 -6.194870355165296e-06
5.875588115203196e-06 2.695984529196147e-06 -1.520230315384561e-05 -4.833378901030205e-06
5.772867498598834e-06 2.577038344512941e-06 -1.390825901979700e-05 -3.529974288597408e-06
6.094116310306918e-06 2.758664358646082e-06 -1.914245172126440e-05 -6.412067368077101e-06
6.034086916880263e-06 2.696339769027187e-06 -1.779364968856336e-05 -4.878615698913745e-06
5.958840114861051e-06 2.609179221428056e-06 -1.639494054377117e-05 -3.429519783597688e-06
6.188905424697432e-06 2.738379263163458e-06 -2.212412670827961e-05 -6.619727925204690e-06
6.147722248240600e-06 2.696428847992813e-06 -2.064982852344008e-05 -4.896656698085002e-06
6.094159983859357e-06 2.634105818194033e-06 -1.920704369952921e-05 -3.297423856773568e-06
6.249632149225388e-06 2.720365376756518e-06 -2.552178237969619e-05 -6.756210580163154e-06
6.224769988587493e-06 2.696118525762348e-06 -2.388110352677406e-05 -4.892530875714058e-06
6.189139316588003e-06 2.654232206837420e-06 -2.228307458781731e-05 -3.132815509464063e-06
6.278805977729294e-06 2.703289873146035e-06 -2.918265913615128e-05 -6.844575200647881e-06
6.269465893711236e-06 2.695680699582284e-06 -2.740452263751217e-05 -4.886849304008785e-06
6.249802635527970e-06 2.671551642573126e-06 -2.570001295894636e-05 -3.072507142537736e-06
6.277800954798479e-06 2.687741280400637e-06 -3.277376776461085e-05 -6.806944300997458e-06
6.283211462050526e-06 2.695188296133272e-06 -3.102317528022352e-05 -4.882459416821889e-06
6.278935193885457e-06 2.687549650103563e-06 -2.923902326717052e-05 -3.014321862461496e-06
6.250649086905484e-06 2.675525108544502e-06 -3.617767257332516e-05 -6.664666880507756e-06
6.268160896713217e-06 2.694770592394285e-06 -3.449491678552539e-05 -4.891026963947251e-06
6.277986406425922e-06 2.702064933958649e-06 -3.275599782719854e-05 -3.058323695822864e-06
6.205367412579844e-06 2.667845008118139e-06 -3.942738114056458e-05 -6.682380421060406e-06
6.230393623821370e-06 2.694370001590110e-06 -3.778976670078121e-05 -4.931702829965168e-06
6.250965742472043e-06 2.713512524632294e-06 -3.608885500886783e-05 -3.155156965806560e-06
6.084979655696893e-06 2.666835818333791e-06 -4.691939954642718e-05 -6.644047540907405e-06
6.093060914024726e-06 2.663503716785600e-06 -4.640445880109398e-05 -6.853966968751715e-06
6.181813792039759e-06 2.694076813068271e-06 -4.095928195316540e-05 -4.938426190950365e-06
6.150611338636863e-06 2.664188113263353e-06 -4.282717450426650e-05 -6.863200501383601e-06
6.205607646877964e-06 2.720625972240828e-06 -3.949126648682262e-05 -3.122028819630573e-06
6.081630193352950e-06 2.674892963594891e-06 -4.713627595933310e-05 -6.136043711079307e-06
6.100921823255161e-06 2.693963124504337e-06 -4.596220312288650e-05 -4.955112189143302e-06
6.150611014623846e-06 2.723827970462025e-06 -4.289647656395625e-05 -3.075283594814727e-06
6.081631897451794e-06 2.713029316121934e-06 -4.723339115128344e-05 -3.719221229753251e-06
6.093061891139278e-06 2.724420127467217e-06 -4.650784227984692e-05 -2.991502579106219e-06
6.084981152813685e-06 2.721087080339799e-06 -4.702294423077847e-05 -3.203859880533772e-06
