7.753466124880451e-05 -1.280672319569400e-05 7.991506278068563e-07 1.043494023241586e-06
7.780431492390495e-05 -1.215561471954961e-05 8.519421905641882e-07 1.156846399896066e-06
7.780444961849284e-05 -9.086609172503914e-06 8.563943050519675e-07 1.546535028315167e-06
7.753481871014320e-05 -8.435532887445975e-06 8.078554131141162e-07 1.642904323499547e-06
7.688364036999171e-05 -1.307644452077128e-05 6.770232235850389e-07 9.980776251350516e-07
7.566290716505814e-05 -1.062113459086291e-05 5.501405979144494e-07 1.344638014564943e-06
7.688383641783080e-05 -8.165825781506638e-06 6.982361326836868e-07 1.680407933344702e-06
7.229973161183156e-05 -1.307783494186443e-05 7.466571926490429e-08 1.029381611554009e-06
7.230003415729080e-05 -8.164569507834434e-06 8.922914026023133e-08 1.656326228589769e-06
6.976803351756892e-05 -1.062127755229242e-05 -3.170916893640627e-07 1.384292011571054e-06
6.771150489358209e-05 -1.308173925453944e-05 -4.522083223572410e-07 1.000065792367988e-06
6.771163612818966e-05 -8.160798765842626e-06 -3.287767929327616e-07 1.633145865729305e-06
6.541435637362764e-05 -1.062156026077994e-05 -9.012033653029166e-07 1.371629508389031e-06
6.311346758307702e-05 -1.308807950360292e-05 -1.022794258309836e-06 9.962628879601134e-07
6.311283478789934e-05 -8.154904346592460e-06 -8.460717778116671e-07 1.603925535888745e-06
6.080972311127996e-05 -1.062172474348538e-05 -1.423484202511233e-06 1.356203758015106e-06
5.850212926164011e-05 -1.309568913344344e-05 -1.535681980545950e-06 1.048148543526736e-06
5.850120643965948e-05 -8.147810521061890e-06 -1.326669941989924e-06 1.573851710556631e-06
5.619111564678526e-05 -1.062187334077929e-05 -1.883012018511929e-06 1.330070015163796e-06
5.387647691398274e-05 -1.310294045952345e-05 -1.945521160709899e-06 1.148404005455241e-06
5.387553897859007e-05 -8.141230103406295e-06 -1.703864559143524e-06 1.501005578499003e-06
5.155848206628625e-05 -1.062209229287841e-05 -2.240241762497152e-06 1.294749809608715e-06
4.923701511990893e-05 -1.310901381634147e-05 -2.301813660364933e-06 1.221323265516017e-06
4.923667872205434e-05 -8.136073401769654e-06 -1.926767308451777e-06 1.476362836410835e-06
4.691380708756143e-05 -1.062262221100207e-05 -2.495166544538583e-06 1.314494688631186e-06
4.458901297356457e-05 -1.311098567045632e-05 -2.629972477118346e-06 1.206781374605632e-06
4.458929302419422e-05 -8.135304886907952e-06 -2.158135382212351e-06 1.461179491851249e-06
4.226513779766166e-05 -1.062338435514164e-05 -2.635702070843228e-06 1.295672055038205e-06
3.994399544539457e-05 -1.310545135741470e-05 -2.823157133403943e-06 1.248379396481806e-06
3.994461282782413e-05 -8.142307940594911e-06 -2.473817863167988e-06 1.400957841137511e-06
3.762693841665496e-05 -1.062432758228306e-05 -2.702316355633945e-06 1.268177359598228e-06
3.531887021300964e-05 -1.309053124500979e-05 -2.911145901647864e-06 1.242875374933982e-06
3.531956685064447e-05 -8.159178943442391e-06 -2.688915255160190e-06 1.335048849726159e-06
3.301810885854355e-05 -1.062548464528941e-05 -2.757667176536713e-06 1.269770627298749e-06
3.073269854018053e-05 -1.306636241771169e-05 -2.972858872938279e-06 1.173131229228138e-06
3.073311251696340e-05 -8.185928690357165e-06 -2.800219399605352e-06 1.343830286467473e-06
2.854868524565510e-05 -1.062657120610350e-05 -2.939533655042719e-06 1.239268075373620e-06
2.638436254462217e-05 -1.303457859595047e-05 -3.129062005614182e-06 1.189850401251370e-06
2.638449846244156e-05 -8.221669342653718e-06 -2.951733493804286e-06 1.266640862613363e-06
2.476765700930222e-05 -1.081409434866454e-05 -3.084475911843852e-06 1.200382765322224e-06
2.313659195248245e-05 -1.300417909343295e-05 -3.176623399978219e-06 1.176089511771771e-06
2.313616034900581e-05 -8.255294597409362e-06 -3.115201651780796e-06 1.240351205404308e-06
2.080300105906955e-05 -1.297840325163215e-05 -3.196138451373378e-06 1.247118694144123e-06
2.125137336155866e-05 -1.143385964324440e-05 -3.218680035083410e-06 1.207940764269567e-06
2.080231577772775e-05 -8.276518945610462e-06 -3.218364273004536e-06 1.199708764031145e-06
1.912239208052918e-05 -8.298500693166900e-06 -3.138831521164660e-06 1.086910841964935e-06
-3.214826250892745e-06 -7.044281661859446e-07 6.977223869087774e-07 -4.283924739971098e-09
-3.279104631977442e-06 -5.497164409653534e-07 7.183454864514895e-07 -5.383565207423173e-08
-3.278699476755716e-06 2.615480669618936e-08 7.193036634471995e-07 -2.342167390939181e-07
-3.214763360476707e-06 1.785323073627692e-07 6.990635307022646e-07 -2.797777048617535e-07
1.911957609499346e-05 -1.296070876073083e-05 -3.143549250307349e-06 1.280429275001441e-06
1.760661388842404e-05 -1.285858328795891e-05 -3.049441831625801e-06 1.315884573195486e-06
1.877590936625474e-05 -1.004858572202964e-05 -3.153417345193842e-06 1.137487461977493e-06
1.760421243785295e-05 -8.188889158722672e-06 -3.070787330085656e-06 9.871625765985576e-07
-3.060826150063794e-06 -7.684750625307922e-07 6.480986661209374e-07 1.585164470528662e-08
-2.905781202620442e-06 -1.369668875753469e-07 6.073581393479555e-07 -1.817884338405608e-07
-3.062242718939099e-06 2.420461846091549e-07 6.516184695987228e-07 -2.973761072922872e-07
1.712280206283911e-05 -1.142474282298161e-05 -3.028804232641570e-06 1.237487956235162e-06
1.612266953366965e-05 -1.258257855823754e-05 -2.922034701094640e-06 1.346122650532379e-06
1.469137860434861e-05 -1.214803070885050e-05 -2.766639561969973e-06 1.327473366704656e-06
1.666951908885030e-05 -9.455965820099630e-06 -2.996866784538371e-06 1.070875334680075e-06
1.615000726592221e-05 -7.825635676935402e-06 -2.937132112422206e-06 8.614266187495782e-07
-2.017451372176527e-06 -7.859706841346650e-07 3.816107327409222e-07 9.246625376714725e-09
-2.016866098087160e-06 2.597141377311709e-07 3.803507019786614e-07 -3.051442671732098e-07
-1.476133203891658e-06 -2.632955471082063e-07 2.146924681541399e-07 -1.658187409053618e-07
1.333039442092766e-05 -1.155290100272228e-05 -2.627727983155404e-06 1.285045457629277e-06
1.450034013857055e-05 -1.066121763267150e-05 -2.741853116188905e-06 1.213810754625294e-06
1.499616925089589e-05 -8.791856316130335e-06 -2.800715375255184e-06 9.694489777976002e-07
1.479757719504853e-05 -7.223408723910806e-06 -2.780921455739569e-06 7.235197039944123e-07
-8.898390280169503e-07 -8.825775985459858e-07 6.092396959025495e-08 -3.209166523898966e-08
-8.900864963207205e-07 3.553482102312284e-07 2.884260408265640e-08 -3.524639067438808e-07
-2.235486510593970e-07 -2.638352060928103e-07 -1.259846704828743e-07 -2.307756907126871e-07
1.205214101356630e-05 -1.081625391342270e-05 -2.476243643586803e-06 1.216824244448827e-06
1.087746180121695e-05 -9.947607701749475e-06 -2.205253363246803e-06 1.079698221386761e-06
1.326479664716000e-05 -8.499723032213636e-06 -2.554984593620291e-06 9.180840733233690e-07
1.358514868635836e-05 -6.400498109840873e-06 -2.565907562542464e-06 5.459443320227748e-07
5.404839662034646e-07 -1.090760475820898e-06 -3.142495242964858e-07 -6.732022632566271e-08
5.405162051387305e-07 5.629196998663154e-07 -3.222477241835351e-07 -4.554686482648470e-07
1.117546621012993e-05 -8.599214625635805e-06 -2.229002161987205e-06 8.760045336108898e-07
9.817341809928708e-06 -8.954178503922350e-06 -2.007395097252876e-06 9.297515243947736e-07
1.167625763021704e-05 -7.069598497505184e-06 -2.281065083024316e-06 6.361258966934544e-07
1.254632780568694e-05 -5.391737915568169e-06 -2.393837904267510e-06 3.597123560840980e-07
1.380988035210603e-06 -2.641218155436693e-07 -4.701669495483918e-07 -2.991728497938480e-07
2.379235729281985e-06 -1.390850845203798e-06 -6.632617417328510e-07 -8.872416030930911e-08
2.377908902271600e-06 8.650093284292581e-07 -6.581272577720372e-07 -5.736331820720827e-07
8.878468070660138e-06 -7.856008663896659e-06 -1.844057828257583e-06 7.941521281833176e-07
8.078727999533606e-06 -6.671749129986923e-06 -1.655969851700369e-06 5.650305376811823e-07
7.420441221040163e-06 -5.405553758059915e-06 -1.572848704511756e-06 3.352426918519191e-07
1.065696187685787e-05 -5.686722533024043e-06 -2.137782582606931e-06 4.026033581242778e-07
1.170862273469552e-05 -4.232068673511227e-06 -2.291353595990414e-06 1.740885697233896e-07
3.181223523540059e-06 -2.668418969135003e-07 -8.384401099933327e-07 -3.386609975543691e-07
4.164682776894693e-06 -1.686500582002969e-06 -9.963322971526479e-07 -1.341152250166762e-07
4.164619684064695e-06 1.173252391889515e-06 -1.040093511287336e-06 -5.928146156725365e-07
8.760389683922464e-06 -5.409636430431985e-06 -1.780667177153239e-06 3.317931832477960e-07
6.910013611192030e-06 -4.076191450920617e-06 -1.527379492844322e-06 1.220190902870313e-07
5.800228508278155e-06 -1.938357492969768e-06 -1.310372844015718e-06 -1.430991593092731e-07
6.286664853941950e-06 -2.185916685912077e-06 -1.425436979939108e-06 -1.151351952542506e-07
6.557777179764645e-06 -2.684760309904393e-06 -1.486879685603818e-06 -5.334608678553430e-08
9.940898730605014e-06 -4.061261278332030e-06 -2.007943082608259e-06 1.300070978747457e-07
1.109256082236872e-05 -2.966312989395506e-06 -2.202790250433488e-06 -2.291221351230134e-08
5.049412240369276e-06 -4.738605908937794e-07 -1.172091690399640e-06 -3.607442432102842e-07
5.773508104528350e-06 1.394170605552399e-06 -1.308115866961467e-06 -6.853596976238176e-07
7.835051698313198e-06 -3.128578605810974e-06 -1.659369695062589e-06 -3.478796521037585e-10
6.303816612428629e-06 -1.188319845326880e-06 -1.419094018910674e-06 -2.803406693751836e-07
6.879634950178832e-06 -2.011106536293374e-06 -1.528549517813018e-06 -1.510621744589911e-07
9.413986827150545e-06 -2.572179389945061e-06 -1.928070737541004e-06 -8.490920717501006e-08
1.072372733822241e-05 -1.640208785673459e-06 -2.152603202674298e-06 -2.460587146901767e-07
6.309255676307646e-06 4.292287664485754e-07 -1.409541648050003e-06 -5.359012760587026e-07
6.219222908032746e-06 1.639582261791739e-06 -1.375465425865052e-06 -7.392139455096906e-07
8.104553286593051e-06 -8.777598252427133e-07 -1.713383738764270e-06 -3.479707707032916e-07
1.061526573210188e-05 -2.884171110716434e-07 -2.124820096024187e-06 -4.486824522055245e-07
1.082036093171086e-05 1.075045452004050e-06 -2.167743433169562e-06 -6.417396728163534e-07
7.252509095480983e-06 1.302433142299875e-06 -1.558560468677290e-06 -6.836139530078478e-07
6.471480296085617e-06 2.179305778021150e-06 -1.402830792234076e-06 -8.380694523994915e-07
6.767806256150180e-06 3.695395141736503e-06 -1.411235644896113e-06 -1.097378842316258e-06
9.428928028549470e-06 1.229230477010570e-06 -1.919997774073590e-06 -6.587951254611349e-07
7.243106234185950e-06 5.215498894212515e-06 -1.467348372545609e-06 -1.389874062906562e-06
1.131991717538187e-05 2.469511050118621e-06 -2.295344410188166e-06 -8.400526065241554e-07
8.114524514042407e-06 3.732250861518667e-06 -1.662574075818578e-06 -1.078740684014854e-06
1.015486179928391e-05 3.850679792937769e-06 -2.068194033522277e-06 -1.078744539246567e-06
7.929803949644887e-06 6.688477198098545e-06 -1.595509990534291e-06 -1.688200897722542e-06
1.211025180994138e-05 3.854277861810875e-06 -2.497883157162833e-06 -1.074968580425996e-06
1.150810042084561e-05 5.264747991243684e-06 -2.368077784812782e-06 -1.351254432934506e-06
1.002924428802580e-05 6.166640563925590e-06 -2.032100123533019e-06 -1.551400707476502e-06
8.801704801013168e-06 8.140554237628384e-06 -1.772722527123134e-06 -2.021600081708713e-06
9.896498090516762e-06 9.528960234737526e-06 -2.019433939528218e-06 -2.360818004382670e-06
1.320249904321416e-05 5.160730435250346e-06 -2.765891320772939e-06 -1.314868099615701e-06
1.244653489682854e-05 6.902095755881190e-06 -2.587947526904131e-06 -1.721847020745551e-06
1.154732841054727e-05 8.988134927211501e-06 -2.387114173162067e-06 -2.239505270413248e-06
1.116121583758295e-05 1.083093657155427e-05 -2.306719286509558e-06 -2.695213889113052e-06
1.455832533797292e-05 6.338266617015875e-06 -3.133861591655159e-06 -1.579988753977041e-06
1.416034202559734e-05 8.987932948777000e-06 -3.041510193812572e-06 -2.253061783754534e-06
1.262083979292753e-05 1.198883689641776e-05 -2.658688135120674e-06 -3.002972628320898e-06
1.426679477380299e-05 1.300610222931518e-05 -3.067272954193244e-06 -3.266820988954674e-06
1.605051854015224e-05 1.386486696270487e-05 -3.503282368960013e-06 -3.474746766480908e-06
1.618414877941217e-05 9.570216870199457e-06 -3.559169227312172e-06 -2.397506404335942e-06
1.616313314911939e-05 7.334973984801516e-06 -3.550234225188259e-06 -1.826078809707703e-06
1.577737413768020e-05 1.184241660420258e-05 -3.443865393042643e-06 -2.981288087639686e-06
1.797646715343704e-05 1.450320414249619e-05 -3.979416409541521e-06 -3.628026017453853e-06
2.001133947242461e-05 1.493332021977486e-05 -4.498188659517727e-06 -3.737472791404139e-06
1.783507807862741e-05 1.007366914331290e-05 -3.986449733080285e-06 -2.530692377802470e-06
1.799437934067084e-05 8.065434140005942e-06 -4.021861309763458e-06 -2.025040476709145e-06
2.210733996379494e-05 1.512352559799280e-05 -5.017025411093332e-06 -3.776469650935212e-06
1.974086440409317e-05 1.198113126118890e-05 -4.445595892712667e-06 -3.005829525238721e-06
1.998977354615270e-05 8.490595475653080e-06 -4.490814577880050e-06 -2.169007689757178e-06
2.256390814324209e-05 1.230976557540299e-05 -5.143510748367995e-06 -3.075302078152089e-06
2.448813433780170e-05 1.520626898348058e-05 -5.612669420619438e-06 -3.766833344564343e-06
2.208395650029017e-05 8.605093004479323e-06 -5.007530718679442e-06 -2.219620529175084e-06
2.783253074345587e-05 1.528905449895871e-05 -6.424484296881968e-06 -3.810464527604313e-06
2.515835679439665e-05 1.069009502547970e-05 -5.745807663566034e-06 -2.676167258836118e-06
2.448321817352166e-05 8.524278752713498e-06 -5.588840424722069e-06 -2.164722226155729e-06
3.259285540736092e-05 1.541492877235733e-05 -7.586451332810202e-06 -3.842893539284260e-06
3.020153045685934e-05 1.159010189485749e-05 -7.003283491752271e-06 -2.869645481803508e-06
2.783435605689835e-05 8.419616606795291e-06 -6.389357064943394e-06 -2.060055783680570e-06
3.910543167216801e-05 1.554863301948853e-05 -9.277704133606613e-06 -3.877344147017083e-06
3.581147927206842e-05 1.186250115881961e-05 -8.440588926590311e-06 -2.919794745313430e-06
3.259317371908104e-05 8.301158271546516e-06 -7.615398684175237e-06 -2.008297301051259e-06
4.610616412188524e-05 1.565850456503722e-05 -1.118711268460703e-05 -4.031396220031352e-06
4.257219569444090e-05 1.186300796874827e-05 -1.022473233959027e-05 -2.911495958961153e-06
3.910512128172904e-05 8.175447235760586e-06 -9.313164380206577e-06 -1.939258361794679e-06
5.328734262250648e-05 1.574683125827269e-05 -1.331051042034710e-05 -4.088677288301227e-06
4.966928549411011e-05 1.186410097080486e-05 -1.224016610568993e-05 -2.933991386757713e-06
4.610565128995402e-05 8.068498202909455e-06 -1.120998229677144e-05 -1.871744967677954e-06
6.061147254012163e-05 1.581480762007852e-05 -1.555745346773626e-05 -4.159567925816600e-06
5.692834901625442e-05 1.186524461807536e-05 -1.442178939435125e-05 -2.960651625610875e-06
5.328685955994882e-05 7.982528736369758e-06 -1.326404702919145e-05 -1.786091770516052e-06
6.804114043495220e-05 1.586369092552211e-05 -1.790093507327507e-05 -4.266877012881704e-06
6.431129131182407e-05 1.186646217939312e-05 -1.670684292971944e-05 -2.988213535340091e-06
6.061093169770398e-05 7.916979158405722e-06 -1.552904695825874e-05 -1.759850990529345e-06
7.554281172810653e-05 1.589604920920231e-05 -2.035504655994324e-05 -4.317361663544475e-06
7.178213875789456e-05 1.186753659431138e-05 -1.916529325305415e-05 -2.982635214919095e-06
6.804063176573469e-05 7.870450426268540e-06 -1.793775517270313e-05 -1.666905634861095e-06
8.308803085711629e-05 1.591450567168019e-05 -2.292090832618647e-05 -4.345239173944020e-06
7.930990296844384e-05 1.186840539486470e-05 -2.167826987174895e-05 -2.977918841423566e-06
7.554227191931533e-05 7.840066547155791e-06 -2.044473663563657e-05 -1.650258824336973e-06
9.065385872696173e-05 1.592223329741302e-05 -2.550847809819737e-05 -4.374980639987055e-06
8.686875584705752e-05 1.186915554673101e-05 -2.424283620696140e-05 -2.985833460399721e-06
8.308743426820724e-05 7.823101874705704e-06 -2.295800008805883e-05 -1.633458182681039e-06
9.822408159611361e-05 1.592338472961745e-05 -2.798917813023151e-05 -4.382061233627753e-06
9.443888548617853e-05 1.186987187016732e-05 -2.674816301199976e-05 -3.002436872519003e-06
9.065328208596991e-05 7.816740210146679e-06 -2.548294302755584e-05 -1.625189187111930e-06
1.144261116202989e-04 1.547639670548415e-05 -3.361115503176430e-05 -4.263900253763700e-06
1.133520940661650e-04 1.592129958053085e-05 -3.323464860262300e-05 -4.418689813216760e-06
1.016137926952304e-04 1.187046241936275e-05 -2.914371853347830e-05 -2.983318346746283e-06
1.057900912932234e-04 1.592189569780887e-05 -3.059904589725733e-05 -4.389474151240933e-06
9.822362444751628e-05 7.816947795063620e-06 -2.800698601786743e-05 -1.591847590674507e-06
1.148709782232643e-04 1.440233252607999e-05 -3.376729888562758e-05 -3.889792212196612e-06
1.123296923971067e-04 1.187080707766951e-05 -3.288316650346657e-05 -2.999116515807312e-06
1.057899514534304e-04 7.819332483907409e-06 -3.061376415945585e-05 -1.593662827473559e-06
1.148708918894959e-04 9.339343123059813e-06 -3.378867658620658e-05 -2.099267663199869e-06
1.133519767148559e-04 7.820346564898469e-06 -3.325713908361981e-05 -1.567031170712498e-06
1.144260131613115e-04 8.265260903578608e-06 -3.363320024725864e-05 -1.722206670524141e-06
