-1.037469988034025e-05 2.655877490272854e-06 -4.545621728929284e-05 5.961187868896096e-06
-1.038712295612889e-05 2.625902518527049e-06 -4.564057921155822e-05 5.523129894475943e-06
-1.038745210148491e-05 2.484739290570088e-06 -4.564613310304171e-05 3.468686245420046e-06
-1.037506765916489e-05 2.454772602271633e-06 -4.546096551501350e-05 3.025914986198705e-06
-1.034472730997757e-05 2.668299181200223e-06 -4.501383429687913e-05 6.141680751909003e-06
-1.028882219557134e-05 2.555381710919423e-06 -4.421451714544995e-05 4.503745360668056e-06
-1.034513993402113e-05 2.442353588076040e-06 -4.501511209176964e-05 2.844202207940730e-06
-1.013373598620931e-05 2.668645227240575e-06 -4.201548095829809e-05 6.111502915952016e-06
-1.013423230582382e-05 2.441927086155918e-06 -4.201909972525560e-05 2.913144386217799e-06
-1.001703928024407e-05 2.555111529609503e-06 -4.032841029753296e-05 4.515365978704591e-06
-9.921532292307459e-06 2.669147863153986e-06 -3.897152570057661e-05 6.170061271231997e-06
-9.921924480480906e-06 2.440558259811797e-06 -3.902540410415019e-05 2.887033255305936e-06
-9.814753325359662e-06 2.555006472238667e-06 -3.742384352796437e-05 4.517476695695458e-06
-9.707604611431296e-06 2.670080704674885e-06 -3.577431850699248e-05 6.194362505841035e-06
-9.707195578267312e-06 2.439278871032665e-06 -3.592826905636121e-05 2.832675127558146e-06
-9.599757770636413e-06 2.554612228639870e-06 -3.434579290281107e-05 4.488976272201048e-06
-9.491671707871846e-06 2.671746912003542e-06 -3.245824987345245e-05 6.248068983179459e-06
-9.491083235440575e-06 2.437122050280064e-06 -3.262525321960339e-05 2.692810712350012e-06
-9.382484681437582e-06 2.554232087322212e-06 -3.103658184536362e-05 4.434329627358148e-06
-9.271478860867186e-06 2.675828105217268e-06 -2.893253174355043e-05 6.326945854102263e-06
-9.271294255507345e-06 2.432669102150734e-06 -2.915556057492542e-05 2.554491112191087e-06
-9.158584776339351e-06 2.553686332921167e-06 -2.750817696702434e-05 4.392763654199707e-06
-9.039552186384111e-06 2.685400340829488e-06 -2.534172200515244e-05 6.339884799566800e-06
-9.040399490008117e-06 2.422301369653612e-06 -2.561287081964204e-05 2.511857974798635e-06
-8.917479859894148e-06 2.553368562473486e-06 -2.388654280300586e-05 4.367038029018833e-06
-8.782978504815072e-06 2.703588667140921e-06 -2.185003770567053e-05 6.133916296044632e-06
-8.784251698812877e-06 2.403119961578784e-06 -2.209515397994399e-05 2.551749654729352e-06
-8.642800256773514e-06 2.553045703404049e-06 -2.042880770265798e-05 4.341747655718554e-06
-8.483076460079718e-06 2.732039073417558e-06 -1.873446966933089e-05 5.824582258194334e-06
-8.483986792696626e-06 2.373452367193445e-06 -1.881416976758970e-05 2.684689549479130e-06
-8.314054521158225e-06 2.552637015812456e-06 -1.741992118008854e-05 4.330964353810615e-06
-8.118780580525670e-06 2.771273305785898e-06 -1.614382406984081e-05 5.654441458402675e-06
-8.119019090248847e-06 2.333214403879328e-06 -1.599146641236070e-05 2.902820373382418e-06
-7.910582306362931e-06 2.552292099554872e-06 -1.485461920243557e-05 4.287263021499233e-06
-7.670820808593676e-06 2.820451825934195e-06 -1.380659923841677e-05 5.492658527705004e-06
-7.670875043208119e-06 2.283272043195661e-06 -1.367123386394577e-05 3.089414695205450e-06
-7.426191843137544e-06 2.552387650127038e-06 -1.266075067307265e-05 4.233905217264657e-06
-7.147085457576801e-06 2.876959105832703e-06 -1.165072943458721e-05 5.376975748384519e-06
-7.147229799031936e-06 2.224385929156153e-06 -1.166628456458851e-05 3.095440884955654e-06
-6.928321470427621e-06 2.580491499961363e-06 -1.087634145335262e-05 4.297068909373340e-06
-6.672018231915453e-06 2.928138360037022e-06 -1.010689702461982e-05 5.318840441045101e-06
-6.673248063558931e-06 2.171309298967727e-06 -1.015505459847549e-05 3.074367519867564e-06
-6.277494559207293e-06 2.971091502555320e-06 -9.052890148619756e-06 5.289139437114832e-06
-6.368574971168263e-06 2.689741602650871e-06 -9.260787523500713e-06 4.569706359720044e-06
-6.279239636221326e-06 2.138333393903521e-06 -9.057009593259501e-06 3.042822143067967e-06
-5.965938643358412e-06 2.104071840368992e-06 -8.286948607429744e-06 3.063000183137657e-06
1.222003124308647e-06 -4.771693939532933e-07 1.430130340272792e-06 -3.744947090015004e-07
1.246515324281563e-06 -5.359077688260616e-07 1.463345325242169e-06 -4.539392190145033e-07
1.246464270254974e-06 -7.556428944742761e-07 1.454942291336136e-06 -7.572999213282168e-07
1.222035426345983e-06 -8.140051845773709e-07 1.420383275091937e-06 -8.347887253547995e-07
-5.969699044806122e-06 3.000350109469977e-06 -8.265623006614735e-06 5.268355647318174e-06
-5.662639875491259e-06 3.009001916288867e-06 -7.631047879236935e-06 5.179064240493899e-06
-5.914685508063163e-06 2.438671997788866e-06 -8.128506208027312e-06 3.929474278156978e-06
-5.673871096414707e-06 2.042567674561992e-06 -7.572008135586744e-06 3.001323537084504e-06
1.163475427769170e-06 -4.530251177588517e-07 1.350458464314910e-06 -3.425602915030529e-07
1.104093729516707e-06 -6.941754804788912e-07 1.263533334738164e-06 -6.806373774813458e-07
1.163678200743910e-06 -8.386218948233568e-07 1.341270429061664e-06 -8.687863652838361e-07
-5.573376579022270e-06 2.725757839841207e-06 -7.414765715723524e-06 4.528757280268592e-06
-5.344843009623403e-06 2.986875669894105e-06 -6.942179132601920e-06 5.057872985307152e-06
-5.013305646031280e-06 2.915975854824897e-06 -6.248525917039216e-06 4.866693815914000e-06
-5.480378507324144e-06 2.303787503648508e-06 -7.174974797970108e-06 3.593118813469392e-06
-5.362372796552668e-06 1.918552472378265e-06 -6.940680721575760e-06 2.848899509211622e-06
7.654356657249327e-07 -4.485109687818621e-07 8.072017896224255e-07 -3.719651260201003e-07
7.644940097554955e-07 -8.476210180801941e-07 8.144955434858083e-07 -9.016233753866548e-07
5.582542460696394e-07 -6.491680463439233e-07 5.202683118350340e-07 -6.313610689291455e-07
-4.673444698560630e-06 2.809409577533456e-06 -5.624223542216591e-06 4.587486153425033e-06
-4.977358703136242e-06 2.585345636247702e-06 -6.161525613438699e-06 4.171192836188284e-06
-5.095534878496821e-06 2.138987576601655e-06 -6.388009862938647e-06 3.315451375052531e-06
-5.051396203987416e-06 1.729783777974547e-06 -6.289091038341302e-06 2.556692172278327e-06
3.348138223767450e-07 -4.144185419598585e-07 2.099542423766753e-07 -3.304266956856360e-07
3.342268013555961e-07 -8.859343345384052e-07 2.151789107742318e-07 -9.209911736053936e-07
8.070119975771847e-08 -6.511787438868521e-07 -1.050972611606690e-07 -6.105960599699916e-07
-4.337927785042687e-06 2.650875037856987e-06 -5.033149447145275e-06 4.228769900418550e-06
-4.003983999412665e-06 2.442230800272258e-06 -4.430186132888519e-06 3.786134638444544e-06
-4.663677976431190e-06 2.059487705139264e-06 -5.580965592724820e-06 3.165146126696120e-06
-4.754562903013337e-06 1.481592457037214e-06 -5.721921620491602e-06 2.113805749528627e-06
-2.093376278273933e-07 -3.386762865501021e-07 -4.349997884431571e-07 -2.741659416132659e-07
-2.099099897142847e-07 -9.656577044715579e-07 -4.187689889891307e-07 -9.373624410837568e-07
-4.086445963989391e-06 2.090367033378085e-06 -4.566017529735585e-06 3.141887074267925e-06
-3.682066019017727e-06 2.192460940216947e-06 -3.966057588861443e-06 3.295310493045728e-06
-4.231220939931959e-06 1.660771366308816e-06 -4.808123787599621e-06 2.424336822982895e-06
-4.486054402586100e-06 1.165722267808262e-06 -5.250896311023473e-06 1.653223232143097e-06
-5.279724468310275e-07 -6.530081320870842e-07 -7.459022509984672e-07 -5.978412684442697e-07
-9.048066542842074e-07 -2.284315510126222e-07 -1.101928478225265e-06 -1.702868047889939e-07
-9.048231746474921e-07 -1.079780223963771e-06 -1.117575004117846e-06 -1.009573801727743e-06
-3.387911473951963e-06 1.893877527167560e-06 -3.574750927248422e-06 2.788084661504090e-06
-3.113390842191074e-06 1.541063981968305e-06 -3.227617220273641e-06 2.227183262258747e-06
-2.869469264830174e-06 1.151980445562986e-06 -2.962067129364793e-06 1.642216963431997e-06
-3.926499162042148e-06 1.248570506302683e-06 -4.372058577003323e-06 1.801276498484892e-06
-4.260478721786582e-06 7.853288401829099e-07 -4.862110995536607e-06 1.119793345668624e-06
-1.207706708205989e-06 -6.533101901213044e-07 -1.394204793340407e-06 -5.809456973737983e-07
-1.578017107789758e-06 -1.184773650387874e-07 -1.756080999074086e-06 -4.467415622487666e-08
-1.577920912287914e-06 -1.194928197986456e-06 -1.750523153361586e-06 -1.111287058111323e-06
-3.322165583385919e-06 1.159589667063408e-06 -3.530323386270215e-06 1.645448601384653e-06
-2.672551652688312e-06 7.198148045097551e-07 -2.768116282563116e-06 1.055152485379593e-06
-2.203806897264740e-06 -2.339131355602223e-08 -2.378422663903595e-06 8.160903366899125e-08
-2.396804135540011e-06 6.729554588775781e-08 -2.567284734960901e-06 2.028234437847727e-07
-2.512531945802559e-06 2.455729861652947e-07 -2.664361665098188e-06 4.361393222886243e-07
-3.705398743307003e-06 7.259831567738697e-07 -4.031977526646863e-06 1.033589486758816e-06
-4.096843533438583e-06 3.514579141191463e-07 -4.533673986394882e-06 5.422124606730753e-07
-1.911832912471312e-06 -5.765369324760653e-07 -2.091924407504546e-06 -4.909877344539095e-07
-2.172008665830371e-06 -1.275838233122390e-06 -2.393117299625964e-06 -1.192072471838885e-06
-2.981891411338678e-06 4.065561608189619e-07 -3.170686784332585e-06 6.265888337615318e-07
-2.392978736139487e-06 -3.035112545733383e-07 -2.577606422959078e-06 -2.160417047525761e-07
-2.620846533566273e-06 3.655012426628488e-09 -2.802868815068423e-06 1.367014051832588e-07
-3.531056456449190e-06 2.138739652854131e-07 -3.803010165475945e-06 3.802298526235174e-07
-4.007679537941249e-06 -1.243246481169455e-07 -4.325764009780436e-06 -1.106296733921452e-08
-2.376535631471456e-06 -9.104932703160315e-07 -2.584907918500178e-06 -8.383274629765527e-07
-2.327960814707406e-06 -1.368823883217230e-06 -2.584356202563764e-06 -1.291618364567973e-06
-3.062408040424503e-06 -4.026638866093468e-07 -3.263280882144105e-06 -3.400219253805242e-07
-3.993847646940926e-06 -6.241685812849552e-07 -4.255489866980052e-06 -5.726533464250796e-07
-4.110640424302528e-06 -1.146254331241313e-06 -4.280734222877029e-06 -1.093762767046995e-06
-2.720226298358293e-06 -1.234780880134381e-06 -2.959542723745544e-06 -1.186376629102171e-06
-2.411641056376035e-06 -1.581049458770062e-06 -2.707636236350614e-06 -1.495672769184909e-06
-2.501356812999324e-06 -2.192168550735087e-06 -2.890844550366853e-06 -2.017363677016364e-06
-3.564860942588119e-06 -1.195070870901498e-06 -3.790287925377961e-06 -1.173335023838607e-06
-2.664414084940404e-06 -2.830572488284741e-06 -3.130802562184608e-06 -2.447587987643478e-06
-4.343030725012237e-06 -1.687507267480757e-06 -4.373197690814674e-06 -1.614177693049269e-06
-3.034925944802684e-06 -2.198860665080260e-06 -3.342793385047588e-06 -2.062632408090273e-06
-3.871062519869925e-06 -2.246723899831830e-06 -3.990675310805655e-06 -2.081947496917727e-06
-2.929125970964561e-06 -3.459433991439526e-06 -3.386778896523632e-06 -2.833277613212116e-06
-4.703453531816535e-06 -2.247252619731414e-06 -4.467866234469805e-06 -2.056278312259194e-06
-4.454562430047584e-06 -2.839850211014402e-06 -4.288502218938549e-06 -2.473775810771675e-06
-3.814038845918510e-06 -3.229524479109856e-06 -3.943915663237575e-06 -2.719044717233174e-06
-3.279799537809242e-06 -4.103669567415174e-06 -3.631924938938162e-06 -3.141822671249786e-06
-3.746157808684006e-06 -4.736297185289234e-06 -3.892167381059964e-06 -3.439551939999020e-06
-5.208354468482781e-06 -2.787719114663867e-06 -4.652866581444385e-06 -2.463077557046339e-06
-4.873650317662474e-06 -3.552697112893459e-06 -4.486499172975370e-06 -2.888426561121063e-06
-4.470278951832445e-06 -4.493461789657589e-06 -4.285145059300160e-06 -3.317679880586869e-06
-4.295717593426038e-06 -5.348379598010977e-06 -4.189537916938557e-06 -3.685036760820206e-06
-5.840732767184667e-06 -3.288269847227785e-06 -4.903505343266823e-06 -2.795556382974150e-06
-5.659212355232815e-06 -4.496991356558378e-06 -4.835089629435919e-06 -3.323645340568798e-06
-4.951148960681434e-06 -5.900435122454229e-06 -4.517889376052113e-06 -3.881112126693644e-06
-5.714166061036809e-06 -6.400278520082052e-06 -4.841683680279623e-06 -4.026021526157748e-06
-6.555568477562290e-06 -6.839440006254532e-06 -5.182388729239797e-06 -4.147910601957364e-06
-6.613306608870146e-06 -4.767655346593323e-06 -5.206670173185360e-06 -3.429848006162799e-06
-6.601344563709610e-06 -3.723538104773035e-06 -5.208882528435363e-06 -3.042364865138739e-06
-6.417265828274955e-06 -5.852194683725935e-06 -5.140508638951555e-06 -3.798241974735261e-06
-7.484969539214453e-06 -7.171213344564606e-06 -5.503689816814408e-06 -4.238629426058493e-06
-8.486776799919224e-06 -7.408264287411185e-06 -5.803399985326212e-06 -4.287956874191740e-06
-7.407618941808895e-06 -5.003561177884792e-06 -5.458600984425132e-06 -3.513244608438213e-06
-7.487907138506528e-06 -4.039362396674816e-06 -5.481205942798129e-06 -3.203828530535234e-06
-9.529455087623029e-06 -7.525555225834564e-06 -6.096007731885495e-06 -4.308672870053925e-06
-8.339652868932470e-06 -5.937090421531881e-06 -5.761591562521879e-06 -3.818283571888268e-06
-8.468981071344541e-06 -4.213059790511607e-06 -5.786422614176881e-06 -3.302883845918213e-06
-9.754333205814486e-06 -6.105346068990104e-06 -6.137473725528312e-06 -3.881024149529743e-06
-1.073912126859665e-05 -7.594368683073876e-06 -6.416716771648077e-06 -4.317068853238885e-06
-9.511162958826347e-06 -4.246715873705807e-06 -6.084331845372671e-06 -3.347549230150907e-06
-1.246233952323103e-05 -7.663880337015155e-06 -6.848028207385008e-06 -4.287585841849470e-06
-1.107291084767614e-05 -5.279409053342386e-06 -6.508866976982390e-06 -3.634427889088603e-06
-1.073562327225994e-05 -4.178020130606664e-06 -6.418851185039647e-06 -3.340378039825859e-06
-1.497272156629134e-05 -7.771766143337617e-06 -7.552158371542272e-06 -4.369813211457202e-06
-1.369951875514572e-05 -5.738502390330774e-06 -7.179548393849854e-06 -3.778037161093887e-06
-1.246447987415776e-05 -4.087259249380811e-06 -6.869280116080109e-06 -3.337993701137019e-06
-1.848959727385073e-05 -7.889008856467700e-06 -8.656165996954968e-06 -4.440770150812238e-06
-1.669774106406395e-05 -5.880001796835521e-06 -8.104693906991375e-06 -3.808697906521552e-06
-1.497368806958067e-05 -3.982491169837661e-06 -7.582053993914647e-06 -3.257133987785654e-06
-2.234891605013384e-05 -7.988335917533370e-06 -9.829166760473542e-06 -4.419568403272701e-06
-2.038859065212130e-05 -5.878746527838706e-06 -9.282914375332641e-06 -3.828718655058604e-06
-1.848996006471313e-05 -3.868448939778720e-06 -8.671955292747285e-06 -3.182064500494677e-06
-2.637695145230417e-05 -8.070954789001526e-06 -1.090807813497274e-05 -4.428220688764274e-06
-2.433706159909892e-05 -5.878245003682110e-06 -1.041552644647492e-05 -3.840488811384265e-06
-2.234906398854346e-05 -3.768547986407277e-06 -9.867902287361712e-06 -3.226660394082462e-06
-3.054425489643561e-05 -8.138430873177594e-06 -1.200390677216479e-05 -4.470322894230610e-06
-2.843960291050143e-05 -5.877933045826349e-06 -1.150318702960094e-05 -3.817975899990480e-06
-2.637701834773406e-05 -3.685191768235834e-06 -1.097880696957051e-05 -3.220536060762113e-06
-3.482392735265110e-05 -8.193041513551859e-06 -1.325983790262878e-05 -4.567164472790049e-06
-3.266713649694785e-05 -5.877887165376068e-06 -1.267382982672781e-05 -3.809975179913516e-06
-3.054423542848347e-05 -3.617351636304982e-06 -1.210380243410786e-05 -3.164983489680707e-06
-3.919484723032452e-05 -8.237281929184008e-06 -1.473286034656083e-05 -4.629169122635974e-06
-3.699552929492207e-05 -5.877953814562200e-06 -1.405910566294920e-05 -3.824480753260107e-06
-3.482388884621880e-05 -3.562749073195329e-06 -1.335752084940987e-05 -3.084440164823279e-06
-4.363837156802488e-05 -8.271250856116740e-06 -1.633017983866776e-05 -4.706812741457067e-06
-4.140590152420169e-05 -5.878322404682087e-06 -1.560629881810669e-05 -3.825668238657800e-06
-3.919461783025730e-05 -3.518959743222559e-06 -1.486333109400299e-05 -2.998478047562861e-06
-4.813401111427914e-05 -8.294036270975946e-06 -1.794283511228576e-05 -4.672375624524737e-06
-4.587913140113919e-05 -5.878804587675968e-06 -1.721226775542810e-05 -3.827791298254799e-06
-4.363807771284116e-05 -3.485821812795783e-06 -1.644714287143364e-05 -2.941801753466024e-06
-5.266022312831982e-05 -8.306573329991062e-06 -1.947180850576213e-05 -4.598847540642532e-06
-5.039351917957656e-05 -5.879394071264035e-06 -1.878612289649333e-05 -3.859270721311606e-06
-4.813373759003353e-05 -3.464097120960248e-06 -1.802044430303866e-05 -3.028866682678115e-06
-6.238548440983431e-05 -8.045201496927139e-06 -2.251551277483170e-05 -4.475803320550483e-06
-6.174060391963185e-05 -8.312305017715974e-06 -2.232301001737081e-05 -4.557083828112385e-06
-5.469228900748066e-05 -5.879897539222489e-06 -2.017589741108710e-05 -3.830790730579182e-06
-5.719926044611939e-05 -8.311447118202865e-06 -2.092032880594031e-05 -4.591434583680310e-06
-5.265997505788416e-05 -3.452719772150780e-06 -1.956413593542791e-05 -3.079826513000878e-06
-6.265260375152926e-05 -7.400342884389340e-06 -2.259637367080470e-05 -4.282553869677610e-06
-6.112643750771202e-05 -5.880277554247637e-06 -2.216333006384479e-05 -3.837026779813807e-06
-5.719914202813227e-05 -3.448720512417803e-06 -2.095968627751597e-05 -3.103757860145101e-06
-6.265256058110867e-05 -4.360245917263944e-06 -2.265195773240484e-05 -3.359292746146633e-06
-6.174053078285194e-05 -3.448247938591605e-06 -2.238291975332193e-05 -3.080111555742911e-06
-6.238543131061860e-05 -3.715364424043649e-06 -2.257465161876744e-05 -3.162175753311938e-06
