7.859158394929397e-05 -1.272435638345457e-05 -2.559197901975820e-06 -4.661117346776590e-07
7.885788279349826e-05 -1.208148805871934e-05 -2.588180361767211e-06 -5.396512397793305e-07
7.885829714121602e-05 -9.051091359779388e-06 -2.589792965544450e-06 -9.018791969289047e-07
7.859205560318693e-05 -8.408278426348191e-06 -2.560632779670817e-06 -9.771883839702308e-07
7.794870617822011e-05 -1.299064382182887e-05 -2.488614469620880e-06 -4.351364936451586e-07
7.674329071818179e-05 -1.056636674868642e-05 -2.337601909458839e-06 -7.291475760756123e-07
7.794926177201972e-05 -8.142016437591354e-06 -2.488853696850553e-06 -1.009867430782567e-06
7.342243000535373e-05 -1.299082330200180e-05 -1.886930029956195e-06 -4.176710697439232e-07
7.342324395226164e-05 -8.142157183130423e-06 -1.883843795382944e-06 -1.054838862348380e-06
7.092431277342793e-05 -1.056658177794691e-05 -1.551424115856596e-06 -6.886766385856539e-07
6.889657164679018e-05 -1.299079975432402e-05 -1.350343506675574e-06 -4.463708746776911e-07
6.889739581701014e-05 -8.142536618431273e-06 -1.231790740719973e-06 -1.062169201331960e-06
6.663403781877804e-05 -1.056717173056774e-05 -9.701869401671167e-07 -6.666701639885911e-07
6.437089874549289e-05 -1.299135071958365e-05 -7.867469798894909e-07 -4.308102985223110e-07
6.437107296054811e-05 -8.143298240771411e-06 -5.808285493942137e-07 -9.702288039707282e-07
6.210821581738834e-05 -1.056770639597458e-05 -4.994397522822654e-07 -6.874546480444460e-07
5.984490445564829e-05 -1.299238990055965e-05 -3.054306718431435e-07 -4.533827847345359e-07
5.984534751767567e-05 -8.144059902989902e-06 -1.596262255970612e-07 -8.807142674481741e-07
5.758240850279872e-05 -1.056860377797591e-05 -2.047605847277268e-07 -6.952189460796124e-07
5.531919991873180e-05 -1.299307010719499e-05 7.255843034863035e-08 -5.112518377267776e-07
5.532022455256391e-05 -8.145592941759086e-06 1.121248528314489e-07 -8.369135765251453e-07
5.305738605022803e-05 -1.056972969885613e-05 9.618173945302651e-08 -7.301794945504304e-07
5.079422887541899e-05 -1.299418939440784e-05 3.861568173654760e-07 -5.274730060536707e-07
5.079590467548201e-05 -8.146887710272825e-06 3.658877072723724e-07 -7.948090678378998e-07
4.853285527811400e-05 -1.057107626462180e-05 4.825658774726293e-07 -7.527585058353953e-07
4.626918521455001e-05 -1.299623949230488e-05 7.107376990818849e-07 -5.255849552602745e-07
4.627061702337316e-05 -8.146855528261129e-06 5.685379560666471e-07 -8.457178434032069e-07
4.400671152886516e-05 -1.057221526301072e-05 9.037559154401140e-07 -7.692492560388209e-07
4.174151118647224e-05 -1.299917373734130e-05 1.001342573743503e-06 -6.607065186499490e-07
4.174217512798782e-05 -8.146035915054986e-06 7.038760429305659e-07 -8.191957970413147e-07
3.947656763311277e-05 -1.057340241667248e-05 1.135026039355954e-06 -7.763585214406848e-07
3.720888098825796e-05 -1.300286461104932e-05 1.113508623128246e-06 -7.998802117623096e-07
3.720887015888396e-05 -8.144911101871737e-06 8.304920605412290e-07 -8.505612249883146e-07
3.494090475064347e-05 -1.057462833176418e-05 1.139025862463861e-06 -7.786562828110323e-07
3.267111529512354e-05 -1.300606898924329e-05 1.001832471191536e-06 -8.678846778137999e-07
3.267103574508667e-05 -8.144497251901820e-06 8.789988368195049e-07 -8.189660023827233e-07
3.049315956950254e-05 -1.057593363166323e-05 9.747059165663851e-07 -8.010786331086133e-07
2.831495039903861e-05 -1.300682345831553e-05 8.604365251651448e-07 -8.707317211293238e-07
2.831505244254984e-05 -8.146613609123584e-06 8.351001501943098e-07 -8.228652598188925e-07
2.668213949289102e-05 -1.076685957764805e-05 8.780768691982064e-07 -8.192122922180672e-07
2.501631930437495e-05 -1.300492319413194e-05 8.564808106503563e-07 -8.512030290485214e-07
2.501643147202505e-05 -8.150722060720024e-06 8.919617722702932e-07 -8.328882486975594e-07
2.261915038529888e-05 -1.300195594175721e-05 9.051899180881469e-07 -8.694286857119173e-07
2.308726548826226e-05 -1.140559764045520e-05 9.108726235614412e-07 -8.560937652205902e-07
2.261939861835074e-05 -8.154154275650140e-06 8.765733483973608e-07 -7.909271211590379e-07
2.087930368485308e-05 -8.157720512116911e-06 8.653020955292161e-07 -7.771989591732743e-07
-3.595562160187882e-06 2.370156167973892e-07 -1.727265765789991e-07 -1.200658377422980e-07
-3.667329164704232e-06 4.093698910648594e-07 -1.792007411396519e-07 -1.089932262772953e-07
-3.666955863216436e-06 1.052551854067662e-06 -1.855028641466953e-07 -7.928044592341163e-08
-3.595476862360389e-06 1.223046327549870e-06 -1.802695494752022e-07 -6.865717509367009e-08
2.087855728145200e-05 -1.299956639090210e-05 9.094075571929604e-07 -9.096749851044688e-07
1.929952662636255e-05 -1.290726809629233e-05 8.536597532259467e-07 -9.269469493686891e-07
2.052708748818235e-05 -9.974349009059422e-06 8.783628441548618e-07 -8.265497277156211e-07
1.930253808654419e-05 -8.023770023823417e-06 8.421296854498361e-07 -7.442869646571517e-07
-3.423900046991885e-06 1.659108090354163e-07 -1.588515082781609e-07 -1.244745138383078e-07
-3.250356234873505e-06 8.714803728110976e-07 -1.611582420707137e-07 -8.771627625154069e-08
-3.424879399170155e-06 1.294531700536457e-06 -1.684051848136070e-07 -6.319709095096915e-08
1.879892738749303e-05 -1.141444720640489e-05 8.404891602613592e-07 -8.779006995838569e-07
1.774252101597613e-05 -1.263574121134250e-05 7.778927106186475e-07 -9.364013857000088e-07
1.622835204428983e-05 -1.219036499815031e-05 6.749791167889147e-07 -9.343223023415850e-07
1.832515950500496e-05 -9.348264828447496e-06 8.239989874175314e-07 -7.829366539063321e-07
1.777660402683883e-05 -7.619654901307397e-06 7.741721460953068e-07 -6.505759455952877e-07
-2.258920772642514e-06 1.498957423137576e-07 -1.141173649592291e-07 -1.546575866869746e-07
-2.257030459119108e-06 1.317947852522954e-06 -1.259483214244583e-07 -6.839364583349366e-08
-1.653624348039819e-06 7.358161546195575e-07 -7.961554837199850e-08 -1.256705712254563e-07
1.477676133958644e-05 -1.157572361173928e-05 5.352990987203220e-07 -9.295737470809759e-07
1.603021417969517e-05 -1.062415712564879e-05 6.661741953123137e-07 -8.468772701384097e-07
1.655615820372068e-05 -8.640005308739136e-06 6.869281293578333e-07 -6.950487475238132e-07
1.634666891359147e-05 -6.958238534127457e-06 6.447252716010250e-07 -5.369146479691552e-07
-9.990726851648834e-07 4.568531937993609e-08 -8.791809682757122e-08 -1.236812100621053e-07
-9.981575476723361e-07 1.429433611514669e-06 -6.973262271445220e-08 -9.935387040746068e-08
-2.535267213560070e-07 7.394141124974463e-07 -7.064049532161265e-08 -1.142988271492730e-07
1.340540823329840e-05 -1.080174863620109e-05 3.775845694797317e-07 -8.682970406675248e-07
1.213276982720239e-05 -9.878445394788938e-06 2.775109111462224e-07 -7.858960341450692e-07
1.470930709940890e-05 -8.324659950838928e-06 4.951093474090329e-07 -6.363953703711570e-07
1.505551022034590e-05 -6.059466231157154e-06 5.292634884310911e-07 -4.476535989430217e-07
6.004304897773389e-07 -1.835221283493467e-07 -8.398847782916043e-08 -9.320614881054452e-08
6.016354802783967e-07 1.666308164390326e-06 -1.004716718354526e-07 -1.264996671149087e-07
1.245422875715994e-05 -8.432612774245094e-06 3.032999669527788e-07 -6.483572968629275e-07
1.097523910516672e-05 -8.817243285903390e-06 1.666301795499344e-07 -6.751156199849083e-07
1.299700186980150e-05 -6.778345880841988e-06 3.310488140491256e-07 -5.025230322926111e-07
1.394187595227895e-05 -4.952832718097402e-06 4.226959020281917e-07 -3.420856982512089e-07
1.541377217509557e-06 7.430394564155246e-07 -1.112609714254814e-07 -1.011439904710402e-07
2.657799920300449e-06 -5.158526827433655e-07 -8.648135787654510e-08 -1.015626312851705e-07
2.657424110970671e-06 2.008051792606105e-06 -7.428845034494134e-08 -5.892205427147049e-08
9.946066336296281e-06 -7.633231318499674e-06 6.271935675975921e-08 -5.138649902112234e-07
9.059214454099536e-06 -6.342606930099038e-06 1.406897281598815e-08 -4.230275606920203e-07
8.322887954395782e-06 -4.958121892960032e-06 -1.846571633234050e-08 -3.388342293527970e-07
1.188564169630621e-05 -5.270957106886204e-06 2.063260483731202e-07 -3.708797739078298e-07
1.303879624038415e-05 -3.673998875469043e-06 3.197143217996823e-07 -2.399289129801889e-07
3.555769893241929e-06 7.430160819386978e-07 -6.415901786831032e-08 -1.056506225812848e-07
4.655829569030376e-06 -8.444074018928938e-07 -1.146651605580635e-07 -7.801907499820254e-08
4.656454089457246e-06 2.354854714636093e-06 -4.762146180239671e-08 -7.422265268051577e-08
9.803776209385340e-06 -4.965316312912991e-06 5.384229015046725e-08 -3.393290337901565e-07
7.749202460593449e-06 -3.494820429610812e-06 -3.673465555944052e-08 -2.476323925487203e-07
6.489219170043334e-06 -1.124956683255954e-06 -4.116723358140429e-08 -1.025241655880886e-07
7.036780855585778e-06 -1.400726437134964e-06 -3.043390469513805e-08 -1.133140725909431e-07
7.344902936332044e-06 -1.955444168952000e-06 -3.311411466373459e-08 -1.385808199705517e-07
1.110140105565210e-05 -3.483532631669121e-06 1.408394174000752e-07 -2.234510757519691e-07
1.237428996825434e-05 -2.271564714879027e-06 2.284990969044507e-07 -1.248989776395576e-07
5.646295202194886e-06 5.134970441964560e-07 -8.286328617880832e-08 -5.149141170808845e-08
6.452497596660288e-06 2.602376008378650e-06 -4.405773480061384e-08 -3.623168957524174e-08
8.770003258934523e-06 -2.450087923475856e-06 3.457929004952676e-08 -1.655295696322374e-07
7.052508282759290e-06 -2.864452224910621e-07 -2.702838856807828e-08 -7.832228244760249e-08
7.700321166355225e-06 -1.205755927055630e-06 -1.100444636876355e-08 -1.058475794971472e-07
1.051983850216366e-05 -1.833630011675428e-06 1.324645880632772e-07 -1.331146615653745e-07
1.197858952519757e-05 -7.951229773999013e-07 1.873560143111429e-07 -1.290937511885410e-07
7.052481790561626e-06 1.522485875678053e-06 -3.890164559940527e-08 -3.196749726722853e-08
6.947287378673274e-06 2.877413475332222e-06 -1.870015907335560e-08 -1.541690603542354e-08
9.063171382776775e-06 5.552566434891609e-08 3.743593009876383e-08 -6.595728543140688e-08
1.186564185120911e-05 7.149219440578613e-07 1.662694065460593e-07 -4.741391785663740e-08
1.210624784203061e-05 2.243381948275903e-06 1.852394387600727e-07 -2.673272111809672e-09
8.103634447384847e-06 2.498455757655448e-06 -8.568778849854797e-09 -2.550131537725922e-09
7.225919982001852e-06 3.484169713168622e-06 5.751258686581635e-09 2.359125218599908e-08
7.550574593014906e-06 5.192154540864073e-06 4.033068545002239e-08 1.092086839151535e-07
1.054413836586673e-05 2.413313260019305e-06 1.074958018850676e-07 -7.567572175320670e-10
8.077333652814401e-06 6.910960145911785e-06 6.082123965466875e-08 1.876504676079130e-07
1.267663660751197e-05 3.808495916464462e-06 2.335301906888209e-07 7.164514165249161e-08
9.063974895312457e-06 5.231446084958958e-06 6.018442515650264e-08 1.350196437339920e-07
1.136403806139344e-05 5.364881252965725e-06 1.872092941067579e-07 1.457440926110922e-07
8.846475676745141e-06 8.579177016313190e-06 7.820505856462011e-08 2.628561293739821e-07
1.357681153668804e-05 5.368583435645265e-06 2.646697396384667e-07 1.277179041380870e-07
1.289679589401257e-05 6.963385445864199e-06 2.606789743920805e-07 2.044151215570294e-07
1.121998606596042e-05 7.986195654057112e-06 1.867052617679430e-07 2.542972178284278e-07
9.827094147486789e-06 1.023033129198922e-05 6.537979322720662e-08 3.304696240942853e-07
1.106540147062111e-05 1.181367824352035e-05 1.123715954881858e-07 4.569172835849165e-07
1.482311197884434e-05 6.843248966893780e-06 3.507482037906427e-07 2.072997826507298e-07
1.396337227624426e-05 8.821264387037370e-06 3.369320695461134e-07 2.918066786345950e-07
1.293932146830578e-05 1.119789011537768e-05 2.569923048852713e-07 4.048805164534653e-07
1.249913108400714e-05 1.330448692716719e-05 2.040414018020814e-07 5.491313699036447e-07
1.637249546777733e-05 8.175511795599050e-06 4.214013053691538e-07 2.746358546026015e-07
1.591760807108789e-05 1.119835281211632e-05 4.428453560963513e-07 4.162348185993481e-07
1.415968503550915e-05 1.463285009653479e-05 3.616995270647186e-07 6.046559589582497e-07
1.603993404755465e-05 1.580504879263498e-05 4.782190512627640e-07 6.193159173174975e-07
1.808307884795890e-05 1.680156087229904e-05 5.913054709594598e-07 6.467632973028375e-07
1.823493297505707e-05 1.186379881843275e-05 5.454583357014074e-07 4.628369342234420e-07
1.821095104846136e-05 9.306007535457872e-06 5.210183072702215e-07 3.469771808298384e-07
1.776688519911981e-05 1.447201925626769e-05 5.709628156200129e-07 5.536113663005573e-07
2.029636839024884e-05 1.754470471574984e-05 6.482206120906323e-07 6.838564395315213e-07
2.264328874344780e-05 1.805146842818536e-05 7.021350181632604e-07 6.957124124901840e-07
2.013096209773956e-05 1.243986292835755e-05 6.119744006266015e-07 4.926607480505066e-07
2.031579881187148e-05 1.013261390082895e-05 6.137530734260669e-07 3.937733829768477e-07
2.506496780264015e-05 1.828114288270298e-05 7.762108941616445e-07 7.019634850390867e-07
2.232559270349107e-05 1.463831099962328e-05 6.879597997958854e-07 5.651637403740643e-07
2.261567320967680e-05 1.060915655314535e-05 7.303007504240392e-07 4.173401341662145e-07
2.559135843541672e-05 1.502040384715685e-05 7.737848288842505e-07 5.607014605492915e-07
2.782675297037129e-05 1.838948675450685e-05 8.737477140130973e-07 7.548642587041919e-07
2.503502383257215e-05 1.073192617551715e-05 8.132360998735565e-07 4.097824962263774e-07
3.171736191591507e-05 1.849892097124989e-05 1.033134812358022e-06 8.009702618514362e-07
2.860088049173451e-05 1.313985961709539e-05 8.983713645235692e-07 4.520933584189439e-07
2.782027838271323e-05 1.062634442796177e-05 8.971443312689404e-07 3.653395536012010e-07
3.728292578294121e-05 1.866773594325815e-05 1.495243653826390e-06 9.883041064272466e-07
3.448079906421847e-05 1.418581131817798e-05 1.215991761641611e-06 5.380143123043166e-07
3.171967168196347e-05 1.048784837402823e-05 1.080672328334831e-06 2.939126362221566e-07
4.494100586010722e-05 1.885188933911414e-05 2.532621339819881e-06 1.250625710279229e-06
4.105999291262709e-05 1.450439521057742e-05 1.934921403803244e-06 5.793371716921265e-07
3.728325254369222e-05 1.032888602698693e-05 1.506398693617867e-06 1.406724999187721e-07
5.322222566191465e-05 1.901048587874523e-05 4.024328605154685e-06 1.472207775531956e-06
4.903323899558147e-05 1.450557285008400e-05 3.194781051748742e-06 6.112274515810148e-07
4.494051256932822e-05 1.015597216538109e-05 2.463759916990437e-06 -6.907451475629185e-08
6.177072158017045e-05 1.914645344755313e-05 5.706809292709420e-06 1.626193539226455e-06
5.745428128662472e-05 1.450789611959278e-05 4.826730530950743e-06 6.462796509107423e-07
5.322139563412170e-05 1.000275882893184e-05 3.955810542354059e-06 -2.511616562379499e-07
7.054843056054410e-05 1.926094734043002e-05 7.434368466559796e-06 1.612300222827521e-06
6.612412359257018e-05 1.450991742163298e-05 6.628460019687099e-06 7.099706074390344e-07
6.177015290057154e-05 9.871317102473592e-06 5.726579985497213e-06 -2.918131050641167e-07
7.951690817253536e-05 1.935504862130350e-05 9.014653687612549e-06 1.561608372039916e-06
7.500350394828625e-05 1.451171588221013e-05 8.339587698135075e-06 7.688506079580581e-07
7.054791866476179e-05 9.760752396646979e-06 7.537120309715939e-06 -1.706058127562248e-07
8.863968121690744e-05 1.943014171588952e-05 1.039400909682655e-05 1.467221558536953e-06
8.405509034182915e-05 1.451329033814285e-05 9.826846868996511e-06 8.164949012196052e-07
7.951641403217762e-05 9.669987268131991e-06 9.138433319212458e-06 -4.911150279059761e-09
9.788214465017219e-05 1.948712141522087e-05 1.143130911798713e-05 1.346311832352712e-06
9.324330707589080e-05 1.451475256987115e-05 1.100734899939406e-05 8.758921839174391e-07
8.863916480807107e-05 9.597993593804060e-06 1.045090480782034e-05 2.071069324447672e-07
1.072113815680320e-04 1.952667401136031e-05 1.219253163182081e-05 1.255312543735370e-06
1.025346543515056e-04 1.451609137011820e-05 1.187832107082667e-05 9.286032610844432e-07
9.788162026531671e-05 9.543727691881880e-06 1.148520777129023e-05 4.317389255245972e-07
1.165959432719966e-04 1.955070796490893e-05 1.256231302776471e-05 1.116180944321563e-06
1.118966273006508e-04 1.451730476692364e-05 1.245688785931935e-05 9.536255484977997e-07
1.072109418253375e-04 9.506797106913915e-06 1.219584435753316e-05 6.283631342959373e-07
1.367695628161289e-04 1.901035183464568e-05 1.289947625970877e-05 1.018084264623564e-06
1.354316730864442e-04 1.956447432174542e-05 1.288122654139551e-05 1.025333970704526e-06
1.208097230462436e-04 1.451816273016089e-05 1.271887844354469e-05 9.596361790063624e-07
1.260095402001122e-04 1.956212139752872e-05 1.279445237007400e-05 1.070255874079460e-06
1.165956883936363e-04 9.484837601531265e-06 1.263758560932213e-05 7.985880251828334e-07
1.373237418577491e-04 1.767254006282725e-05 1.290888229033699e-05 1.000901754069379e-06
1.341573846327465e-04 1.451898048820344e-05 1.289852023600293e-05 9.737979784439619e-07
1.260093553156839e-04 9.475041375498637e-06 1.283619463723824e-05 9.004499837485884e-07
1.373237251515029e-04 1.136545335761016e-05 1.296280288408573e-05 9.149660621764292e-07
1.354316031368249e-04 9.473440687815481e-06 1.294019536225644e-05 8.871092798691409e-07
1.367695309621181e-04 1.002759055103968e-05 1.295767431381601e-05 8.953204564532686e-07
