5.791272195765043e-05 -6.914928172402881e-06 -1.951173400685552e-05 3.630778013075167e-06
5.815597329979099e-05 -6.327726488690134e-06 -1.952119935330885e-05 3.595850944346997e-06
5.815611439104293e-05 -3.559560442302710e-06 -1.945257301403397e-05 3.377301773596399e-06
5.791288686022773e-05 -2.972381849842778e-06 -1.943351140415223e-05 3.333836259035888e-06
5.732548201566221e-05 -7.158147771351720e-06 -1.948187111933617e-05 3.645820022549857e-06
5.622408054331594e-05 -4.943663603095770e-06 -1.935318483092054e-05 3.484262999425724e-06
5.732568506324111e-05 -2.729170089794063e-06 -1.938989152702029e-05 3.315854858030292e-06
5.319063323392605e-05 -7.157358535765905e-06 -1.923902435668684e-05 3.692600653390077e-06
5.319082332486103e-05 -2.729661118518242e-06 -1.908918703739995e-05 3.258357864993576e-06
5.090833502790370e-05 -4.943184692028350e-06 -1.893325822987751e-05 3.472682793541894e-06
4.905800633825191e-05 -7.153252306060666e-06 -1.874892686866685e-05 3.850645192438976e-06
4.905818377295823e-05 -2.732804619252671e-06 -1.856591208427558e-05 3.168856967645643e-06
4.699431700302444e-05 -4.942716203697044e-06 -1.839492403844804e-05 3.412408634578745e-06
4.493557038693518e-05 -7.144041059542304e-06 -1.782730087548785e-05 3.989093184159042e-06
4.493550208717167e-05 -2.741004627692107e-06 -1.786057914685940e-05 2.927334613801723e-06
4.288044392918544e-05 -4.942033446586202e-06 -1.748677038100328e-05 3.432238204629047e-06
4.083434767310632e-05 -7.127882328813648e-06 -1.665424922572375e-05 4.061711076632366e-06
4.083430002476187e-05 -2.755704283679726e-06 -1.679616586587218e-05 2.850976974410482e-06
3.879457014859723e-05 -4.941241025123118e-06 -1.634123087166225e-05 3.440248177753279e-06
3.676877860695670e-05 -7.103101489024098e-06 -1.536575029886702e-05 4.074631436638013e-06
3.676906924095296e-05 -2.778909210074348e-06 -1.553191455045388e-05 2.758214255050200e-06
3.475245598752726e-05 -4.940448047738224e-06 -1.508319670309706e-05 3.453196433104828e-06
3.275602126813999e-05 -7.068491333475955e-06 -1.418508657637748e-05 4.124856449640252e-06
3.275677191645498e-05 -2.811763241657898e-06 -1.432555273435669e-05 2.772046740405721e-06
3.077257969969064e-05 -4.939747436058363e-06 -1.376442859119743e-05 3.432245368656062e-06
2.881604870938060e-05 -7.023024713815148e-06 -1.289885198847953e-05 4.183104298757132e-06
2.881698959319702e-05 -2.855638464093577e-06 -1.311426964715098e-05 2.792867965435522e-06
2.687588482506461e-05 -4.939253337282827e-06 -1.238197246166569e-05 3.458551137175541e-06
2.497045812145977e-05 -6.965869465682797e-06 -1.153481771699451e-05 4.237456714305946e-06
2.497087517908460e-05 -2.911615866801428e-06 -1.184645544609402e-05 2.806088378502349e-06
2.308427665211587e-05 -4.938730255615543e-06 -1.096606891767314e-05 3.453699829383912e-06
2.124122092815479e-05 -6.896574267320768e-06 -1.006528397499248e-05 4.222802718952791e-06
2.124090744133430e-05 -2.980083114572155e-06 -1.047936430452951e-05 2.784886842714463e-06
1.942075869405875e-05 -4.938059858172400e-06 -9.616568788703553e-06 3.525353755757442e-06
1.765155103391908e-05 -6.813841507670578e-06 -8.827196437215685e-06 4.100419070561215e-06
1.765089153480933e-05 -3.062055175337180e-06 -9.215480496237637e-06 2.893166098698257e-06
1.597804396787802e-05 -4.936727459702476e-06 -8.507046378348746e-06 3.570320784280217e-06
1.436094788294293e-05 -6.719208402294958e-06 -7.854011463490537e-06 4.025827449728048e-06
1.435997229649531e-05 -3.158800778075495e-06 -8.094715498316899e-06 2.985103242487175e-06
1.316367015866589e-05 -5.070280202641927e-06 -7.666749648655254e-06 3.621073446714450e-06
1.199649265534946e-05 -6.631521881663079e-06 -7.299543869259028e-06 4.016505517451557e-06
1.199379621877770e-05 -3.248053911329322e-06 -7.386850182283223e-06 2.983940429556227e-06
1.035875790176728e-05 -6.554957491789921e-06 -6.814175710305538e-06 4.022762160502152e-06
1.065456650022230e-05 -5.497192527170375e-06 -6.911835050200995e-06 3.736265222909516e-06
1.035454532880536e-05 -3.305011380370134e-06 -6.849031556451299e-06 3.017082609949040e-06
9.209844116066997e-06 -3.366185259462662e-06 -6.486264592462775e-06 3.022532058116664e-06
-1.154334204220276e-06 -6.351635105871439e-08 1.504722561464329e-06 5.138558902109866e-07
-1.178653519659815e-06 -5.042472298761779e-09 1.541941635141800e-06 4.283111785115343e-07
-1.178535522480527e-06 2.131244714543783e-07 1.533367125147816e-06 1.118784856559361e-07
-1.154318384472702e-06 2.709229423081878e-07 1.494575181100281e-06 2.457170154100502e-08
9.204508794486601e-06 -6.500814976645001e-06 -6.527790849427352e-06 4.049606066806585e-06
8.205280258184173e-06 -6.394477518614336e-06 -6.210392369190315e-06 4.069745293073329e-06
8.957494171350019e-06 -4.544896781332990e-06 -6.419320527394263e-06 3.404260197365322e-06
8.185819156224088e-06 -3.343415273098676e-06 -6.162711310934012e-06 2.992376340105793e-06
-1.096097633263479e-06 -8.767787184623730e-08 1.416323504283905e-06 5.488646446915756e-07
-1.037118611960321e-06 1.515227918146362e-07 1.316242173957609e-06 1.996156880491612e-07
-1.096487183793405e-06 2.950863562658138e-07 1.405821522431004e-06 -1.326166283527764e-08
7.873674574834830e-06 -5.438872666487873e-06 -6.108579772589877e-06 3.750632865683349e-06
7.248224689299777e-06 -6.166075438657746e-06 -5.866223075983032e-06 4.054841492320472e-06
6.358259232333788e-06 -5.853237487127224e-06 -5.470768713562923e-06 3.955567242125254e-06
7.573333200669675e-06 -4.172022565764643e-06 -5.977974034645298e-06 3.256446626621736e-06
7.244866808008028e-06 -3.171206295203785e-06 -5.834875670444948e-06 2.851092800453444e-06
-7.005685193191929e-07 -9.310180585074657e-08 7.835847221191693e-07 5.608116109996757e-07
-7.000982476887086e-07 3.020885678520982e-07 7.758794965731618e-07 -1.978526175730158e-08
-4.956440190714197e-07 1.049519586709415e-07 4.784755046776872e-07 2.699933932879845e-07
5.549785410999932e-06 -5.437162305098589e-06 -5.080552757971187e-06 3.812326918950903e-06
6.226653415395440e-06 -4.911453907656944e-06 -5.419600751730289e-06 3.562231903933021e-06
6.527120269354864e-06 -3.773286388972320e-06 -5.569488666951480e-06 3.050883406024725e-06
6.397601981212869e-06 -2.868416863185536e-06 -5.548938781358110e-06 2.644622952819722e-06
-2.753230184480926e-07 -1.257896053133264e-07 1.865498579986329e-07 5.720988837582440e-07
-2.750347309721023e-07 3.367631528742884e-07 1.739757679113797e-07 -6.987951105357348e-08
-2.639857583401011e-08 1.061255341574254e-07 -1.564665280717132e-07 2.292383418983928e-07
4.813820701293080e-06 -4.958669643170075e-06 -4.720523669650837e-06 3.634351550411653e-06
4.178324725605991e-06 -4.427290789487390e-06 -4.376645253712717e-06 3.384196028565099e-06
5.494882267662357e-06 -3.605986777873522e-06 -5.113402082952142e-06 2.953404818187408e-06
5.662672467133536e-06 -2.444718760740978e-06 -5.260955379728599e-06 2.368689294117750e-06
2.562957584338404e-07 -1.970601791559169e-07 -4.940366810772629e-07 5.471711092374698e-07
2.567639899724478e-07 4.108150113282601e-07 -4.891263639601891e-07 -1.529360572287764e-07
4.340848556917364e-06 -3.650061102566450e-06 -4.476773740427764e-06 2.973675022642638e-06
3.642210134384189e-06 -3.837249175535591e-06 -4.016916413624656e-06 3.081721867247569e-06
4.602013732546025e-06 -2.819078554194866e-06 -4.652013115883910e-06 2.517085880761398e-06
5.052409620474971e-06 -1.948453831989796e-06 -4.940310553684345e-06 1.937962052084874e-06
5.650158228189048e-07 1.075155430224589e-07 -8.543277843024044e-07 1.768425650352778e-07
9.276312121969210e-07 -2.988542782123018e-07 -1.263629300254529e-06 5.943462787723569e-07
9.274785654497265e-07 5.165843560553817e-07 -1.297726611730668e-06 -3.089856290147531e-07
3.183285156029623e-06 -3.219385372154501e-06 -3.684441753099248e-06 2.721929977109514e-06
2.837354498925536e-06 -2.608674030511129e-06 -3.384464822089161e-06 2.315171013080644e-06
2.590890785849880e-06 -1.979574487416944e-06 -3.166158704639839e-06 1.892785542441021e-06
4.075243512398022e-06 -2.104629265672201e-06 -4.295628141473138e-06 2.013193573600295e-06
4.572200214467231e-06 -1.414027313403602e-06 -4.667936580306357e-06 1.504944927451396e-06
1.218194336348827e-06 1.075943635039966e-07 -1.593516217590736e-06 1.269915811348128e-07
1.569882516762710e-06 -3.979105955428306e-07 -1.921501022427796e-06 6.303252586955463e-07
1.571205738457088e-06 6.239115746794651e-07 -1.955323187056909e-06 -4.445336145696618e-07
3.175241521819690e-06 -1.969954777556973e-06 -3.609139794407473e-06 1.893194793976728e-06
2.416256695298148e-06 -1.364063680515400e-06 -2.998168400487324e-06 1.446434825391652e-06
2.130127252744665e-06 -4.799219410351390e-07 -2.586302833868817e-06 7.006978571377982e-07
2.280914675124877e-06 -5.711423444803596e-07 -2.759130684554983e-06 7.752220206449879e-07
2.347817086859923e-06 -7.670032035404565e-07 -2.855543735549943e-06 9.468365680349813e-07
3.716468357421596e-06 -1.338672149129216e-06 -4.019107485215838e-06 1.414237815703993e-06
4.209742143075390e-06 -8.710534826288645e-07 -4.424981991831362e-06 9.953928663907071e-07
1.885263203637560e-06 3.375379095401816e-08 -2.269829109756242e-06 1.294215079796360e-07
2.168728955771063e-06 7.031755473491964e-07 -2.539003049638024e-06 -5.695573489341558e-07
2.824312110111308e-06 -9.372935647700668e-07 -3.312577367040090e-06 1.107752981866142e-06
2.309427790335484e-06 -2.085500652844033e-07 -2.762655359194765e-06 4.044140690319061e-07
2.488379263833704e-06 -5.038688529066066e-07 -2.965471586215435e-06 7.004489347557202e-07
3.475937695000725e-06 -7.056444071159317e-07 -3.864088685580706e-06 8.841334006915467e-07
3.969638991466780e-06 -3.495372401776295e-07 -4.314459251201994e-06 5.656257117225972e-07
2.351535015186441e-06 3.667117427320996e-07 -2.734629087593885e-06 -2.270973677038808e-07
2.352255085088038e-06 7.865619857912962e-07 -2.700429449753240e-06 -6.737827291511118e-07
2.959972591630619e-06 -5.906548211313500e-08 -3.388132180620920e-06 2.617364184923465e-07
3.868284883225070e-06 1.477135808892577e-07 -4.290857534387064e-06 2.460324083415863e-08
3.846444601841184e-06 6.067681851261537e-07 -4.430018954602415e-06 -4.754491795966235e-07
2.706432189331019e-06 6.832496275241169e-07 -3.052089695587390e-06 -5.597116343085950e-07
2.465506333076262e-06 9.535094738880180e-07 -2.793137169555403e-06 -9.007039151988191e-07
2.616342618491065e-06 1.390158143551257e-06 -2.914492163916080e-06 -1.506809604970520e-06
3.409934592748814e-06 6.831355734798196e-07 -3.885222842912608e-06 -5.171500697305674e-07
2.815220905335353e-06 1.771330512386040e-06 -3.099327009297957e-06 -2.069732253301190e-06
3.916565127094412e-06 1.056205715723301e-06 -4.690048385593195e-06 -1.009655859397144e-06
3.025257112509248e-06 1.418475513380631e-06 -3.381512995702747e-06 -1.540832628122489e-06
3.583089580738582e-06 1.449568692907891e-06 -4.224237896047650e-06 -1.577702424700556e-06
3.036296889518580e-06 2.117386866953994e-06 -3.355684510667586e-06 -2.617685553106633e-06
4.048145460954065e-06 1.450208442565371e-06 -4.989056392992306e-06 -1.551030300256560e-06
3.886077239386295e-06 1.803031976594577e-06 -4.747929788056362e-06 -2.109391173277089e-06
3.555342134932925e-06 2.008080694480043e-06 -4.158501388124628e-06 -2.460008658060989e-06
3.285615385467167e-06 2.408588092170302e-06 -3.653667495127321e-06 -3.178321664449126e-06
3.542170362056740e-06 2.652384080240098e-06 -4.065354473654902e-06 -3.767626864950167e-06
4.220432193518718e-06 1.792253177165725e-06 -5.399889824786669e-06 -2.067619834933906e-06
4.064552015537314e-06 2.158113793551484e-06 -5.107016446244118e-06 -2.758001894760042e-06
3.889540072399635e-06 2.548416391045096e-06 -4.726243062560031e-06 -3.558564403188986e-06
3.817189076167426e-06 2.846868223453656e-06 -4.556132120388277e-06 -4.250359748126104e-06
4.427752951017930e-06 2.069738919713456e-06 -5.888465666057369e-06 -2.522817091293390e-06
4.353553456607492e-06 2.537987270447642e-06 -5.724156192063218e-06 -3.539347271348990e-06
4.091213938639382e-06 3.005712001938036e-06 -5.130125741107056e-06 -4.650216976640577e-06
4.356148535647193e-06 3.119472500108598e-06 -5.759591997119180e-06 -4.994977491694336e-06
4.619114576316284e-06 3.188385381616414e-06 -6.457214243146788e-06 -5.320700738794142e-06
4.650632105478185e-06 2.629138509247285e-06 -6.477368876065894e-06 -3.725212691641589e-06
4.653925899076215e-06 2.279409847831076e-06 -6.478329105370176e-06 -2.879536330895140e-06
4.595625567664267e-06 2.944843974307796e-06 -6.337379789993194e-06 -4.554862449880584e-06
4.865782604859388e-06 3.231893232104773e-06 -7.204047360354648e-06 -5.564703000921795e-06
5.096511279805842e-06 3.241597465244444e-06 -7.961079586748422e-06 -5.706588647721324e-06
4.865162625664544e-06 2.704968724922736e-06 -7.096930051605140e-06 -3.897886677022949e-06
4.881710229793481e-06 2.435916503799676e-06 -7.157554480202918e-06 -3.130241690306832e-06
5.316367864153321e-06 3.227770529200390e-06 -8.751315595243154e-06 -5.755090093026005e-06
5.087924011698031e-06 2.931230749978329e-06 -7.845483535417933e-06 -4.622947193446413e-06
5.106920625375269e-06 2.540825290325067e-06 -7.923792409686975e-06 -3.300710434013231e-06
5.367480737245170e-06 2.958339825718339e-06 -8.890431491526846e-06 -4.733852287050863e-06
5.529709982909933e-06 3.197858231746854e-06 -9.608403763629197e-06 -5.778946413929636e-06
5.324724576303900e-06 2.587761043333874e-06 -8.714186301488303e-06 -3.364096827534669e-06
5.797147567740580e-06 3.169482757036574e-06 -1.081812359020542e-05 -5.779802776691381e-06
5.598521426477483e-06 2.814382208292956e-06 -9.853072036642546e-06 -4.114911641235059e-06
5.530528699678363e-06 2.619546166049450e-06 -9.610041072843644e-06 -3.308536172646968e-06
6.107361500149124e-06 3.129755833767507e-06 -1.244492177764774e-05 -5.801082125632189e-06
5.965143420946875e-06 2.893408908574568e-06 -1.168218790077538e-05 -4.476366512747762e-06
5.795466858531969e-06 2.658854661470143e-06 -1.085880074150709e-05 -3.264109696428028e-06
6.447617014075910e-06 3.093940844628308e-06 -1.472942923131857e-05 -5.879007861190062e-06
6.287355460168669e-06 2.914374641342460e-06 -1.363539069096738e-05 -4.583357408655629e-06
6.106125522430592e-06 2.699602322486435e-06 -1.255562694649843e-05 -3.330815964689066e-06
6.749198910208921e-06 3.070149708709390e-06 -1.723740459784398e-05 -6.065604408060368e-06
6.605514207222355e-06 2.916575888198969e-06 -1.600020316584149e-05 -4.584105312308298e-06
6.446675571392902e-06 2.737504162268034e-06 -1.485748809821246e-05 -3.295685621902005e-06
7.013508656248341e-06 3.053857479254300e-06 -2.002506705299472e-05 -6.156805404177702e-06
6.886427124293143e-06 2.918509210506996e-06 -1.858037400378634e-05 -4.609800008438386e-06
6.748468813292462e-06 2.764887672886954e-06 -1.731022250308844e-05 -3.230824092848699e-06
7.248844020579595e-06 3.040674153363808e-06 -2.286029273437384e-05 -6.255135602191323e-06
7.135555257149122e-06 2.920402503378026e-06 -2.136014692309533e-05 -4.685377346215892e-06
7.012950159478158e-06 2.784914908044204e-06 -1.992461991301419e-05 -3.218201363030257e-06
7.457901001646958e-06 3.028351021758577e-06 -2.578629588803047e-05 -6.333616847226144e-06
7.357643851280727e-06 2.922107307199657e-06 -2.426413573197686e-05 -4.713140885342008e-06
7.248527045982807e-06 2.801740612484315e-06 -2.273152583316179e-05 -3.169086433018043e-06
7.641898990305311e-06 3.016857594623584e-06 -2.883631691846914e-05 -6.521765441520036e-06
7.553922061552810e-06 2.923618573987406e-06 -2.723378406723398e-05 -4.768045535558017e-06
7.457710613358258e-06 2.817410949955235e-06 -2.567106577059755e-05 -3.124699964755382e-06
7.802854212063723e-06 3.006553858188206e-06 -3.223477463115496e-05 -6.738686625556759e-06
7.725870424563990e-06 2.924937171458844e-06 -3.046251206448925e-05 -4.817442238951816e-06
7.641663029514725e-06 2.831853518795209e-06 -2.878743333676616e-05 -3.045309287703874e-06
7.943865980807555e-06 2.997602782084209e-06 -3.592435744150566e-05 -6.901973030395325e-06
7.876210863035326e-06 2.925879701085124e-06 -3.402756211748777e-05 -4.855910944203326e-06
7.802490683812022e-06 2.844439650927935e-06 -3.221191767942362e-05 -2.970603888464704e-06
8.068253583458312e-06 2.990470994630328e-06 -3.972646031227467e-05 -6.932068675743166e-06
8.008339428557801e-06 2.926575301737930e-06 -3.781442188296405e-05 -4.859972933861652e-06
7.943366260246453e-06 2.854878784140370e-06 -3.591182663115792e-05 -2.855643803634830e-06
8.302802986430039e-06 2.978564599102111e-06 -4.763236060769854e-05 -6.721642431391426e-06
8.287530101839964e-06 2.984932017493524e-06 -4.711027557513353e-05 -6.936366261374046e-06
8.119980023558696e-06 2.926967556360681e-06 -4.136989950752251e-05 -4.927590814140640e-06
8.180592786805763e-06 2.986194939148576e-06 -4.343512906292326e-05 -6.885583931572406e-06
8.068163439171767e-06 2.862952770183852e-06 -3.964309563357640e-05 -2.927635316515745e-06
8.309128895346285e-06 2.963235751534222e-06 -4.784733272002452e-05 -6.200230082369096e-06
8.273364874979833e-06 2.927311216555070e-06 -4.658010674757101e-05 -4.953930271698303e-06
8.180664585937871e-06 2.868186329743346e-06 -4.338758643712160e-05 -2.971027541025319e-06
8.309298664849660e-06 2.891298488441928e-06 -4.779338567611681e-05 -3.740281973443094e-06
8.287698486940405e-06 2.869563113370348e-06 -4.704987008726849e-05 -3.005156463715458e-06
8.302979639739749e-06 2.875941763375932e-06 -4.757431126844264e-05 -3.220295906004968e-06
