3.932111866446486e-05 -4.685745299559661e-06 3.315394553137401e-05 -5.143874807477312e-06
3.949772643125025e-05 -4.259487563760281e-06 3.328098069671603e-05 -4.826483878078917e-06
3.949787499711155e-05 -2.249884350245640e-06 3.312937802815429e-05 -3.431027811059090e-06
3.932128967074663e-05 -1.823650862638167e-06 3.297860316139469e-05 -3.082324514187334e-06
3.889478153803209e-05 -4.862291891232403e-06 3.284187851259842e-05 -5.275637527061741e-06
3.809502342647219e-05 -3.254718609803595e-06 3.223211725070007e-05 -4.098365320684443e-06
3.889498762520731e-05 -1.647114782694367e-06 3.262800248800211e-05 -2.936313664158717e-06
3.589262017924452e-05 -4.861283985395521e-06 3.077517188653357e-05 -5.284135180023973e-06
3.589285403246375e-05 -1.648158029080311e-06 3.049253394018849e-05 -2.883982573879309e-06
3.423644081797283e-05 -3.254684273631577e-06 2.933672143097239e-05 -4.135118115740185e-06
3.289438053270778e-05 -4.857197944649090e-06 2.860928518397331e-05 -5.389339634009921e-06
3.289498868477980e-05 -1.652478687413354e-06 2.833476327861818e-05 -2.908735012076439e-06
3.139882852336854e-05 -3.254951054399663e-06 2.708132766024463e-05 -4.076521814729796e-06
2.990763378420147e-05 -4.849159870129375e-06 2.609277976815845e-05 -5.369310710326699e-06
2.990851053535586e-05 -1.661023341214203e-06 2.601457450806199e-05 -2.861836681486035e-06
2.842023693655854e-05 -3.255137832690838e-06 2.475951703150282e-05 -4.111297661453035e-06
2.694031119483842e-05 -4.836203773325740e-06 2.379052661611913e-05 -5.335329067353772e-06
2.694149192628126e-05 -1.674255896285329e-06 2.360530152570259e-05 -2.903727250968764e-06
2.546574714629532e-05 -3.255403646840418e-06 2.249544753196991e-05 -4.128411956686153e-06
2.400169783011603e-05 -4.818470154141723e-06 2.164357086227030e-05 -5.212058940480795e-06
2.400280097047158e-05 -1.692393660273648e-06 2.138804007641074e-05 -2.981005912623098e-06
2.254434778876427e-05 -3.255589721354414e-06 2.029777346714172e-05 -4.144214706080349e-06
2.110111702686164e-05 -4.794965324696505e-06 1.966001338212772e-05 -5.189535155787566e-06
2.110185475884850e-05 -1.716032404103842e-06 1.930917758803610e-05 -3.083261368958438e-06
1.966611224167217e-05 -3.255657238649735e-06 1.829247564313925e-05 -4.157903086247122e-06
1.825003501937161e-05 -4.764098456936875e-06 1.760700092525986e-05 -5.220357135788653e-06
1.825017664816800e-05 -1.747088041111506e-06 1.736951745727772e-05 -3.111005669254129e-06
1.684421501841808e-05 -3.255808231369226e-06 1.644750608554183e-05 -4.173487065119249e-06
1.546396581293424e-05 -4.723757686629187e-06 1.556481830928836e-05 -5.240894086077164e-06
1.546356608554391e-05 -1.788095134513307e-06 1.541650878879240e-05 -3.172847468098877e-06
1.409705875585684e-05 -3.256084317791494e-06 1.465054279375759e-05 -4.205995389594797e-06
1.276346419877384e-05 -4.671451515474625e-06 1.351801320913374e-05 -5.305052852077093e-06
1.276322661983874e-05 -1.841650693671203e-06 1.351740854449943e-05 -3.226411981787750e-06
1.144729298141699e-05 -3.256754862351876e-06 1.272642127169565e-05 -4.224401776845472e-06
1.017263219670230e-05 -4.604263090100547e-06 1.156115236249319e-05 -5.335873023442338e-06
1.017278190366944e-05 -1.910773598971722e-06 1.163558662868773e-05 -3.231236156900289e-06
8.970206876386102e-06 -3.257134581935832e-06 1.078082297390215e-05 -4.249915069056918e-06
7.817024310776799e-06 -4.520724677462419e-06 9.774808682544094e-06 -5.230383631466745e-06
7.816944315731560e-06 -1.999737978365493e-06 9.857487339698589e-06 -3.318451463993016e-06
6.966538201228840e-06 -3.351647970198433e-06 9.180929362795636e-06 -4.297464419899492e-06
6.151159976558095e-06 -4.436764347335389e-06 8.496715015969812e-06 -5.130809924791100e-06
6.149255856464883e-06 -2.088637639694298e-06 8.523837403926894e-06 -3.335742288516551e-06
5.022635357418753e-06 -4.358420864783499e-06 7.633398818209529e-06 -5.092289743636067e-06
5.217616053983694e-06 -3.643658461952859e-06 7.790403296168650e-06 -4.527679502658992e-06
5.018585920179559e-06 -2.148928462074032e-06 7.587125510555146e-06 -3.327530006947260e-06
4.246718783526044e-06 -2.215290647668603e-06 6.970671899712960e-06 -3.380964908172593e-06
-2.820901468658323e-07 -8.988768798118861e-07 -1.444235691871068e-06 -1.070102083008235e-06
-2.878123609011068e-07 -8.848047154727413e-07 -1.472806719699185e-06 -1.005740455398080e-06
-2.876274643404983e-07 -8.335740987722777e-07 -1.467372762889456e-06 -7.550014224677124e-07
-2.819771222376448e-07 -8.202651699901216e-07 -1.436632899804139e-06 -6.857707514346497e-07
4.240509016594538e-06 -4.301301233377763e-06 7.026540503329642e-06 -5.077451433730730e-06
3.584188161272912e-06 -4.211067095165475e-06 6.528454251366843e-06 -4.998295511989211e-06
4.067698999179450e-06 -3.000821124207828e-06 6.842486235749856e-06 -4.011122625325477e-06
3.562418232530236e-06 -2.229226972350856e-06 6.467700161342740e-06 -3.401995132158656e-06
-2.681503573002710e-07 -9.048946708958044e-07 -1.376765629007792e-06 -1.096197701677567e-06
-2.545334298434139e-07 -8.489332874355470e-07 -1.298351412054039e-06 -8.171830733322814e-07
-2.685971600348947e-07 -8.150383319996956e-07 -1.365577216389951e-06 -6.518391686130713e-07
3.359957013657591e-06 -3.579901562814607e-06 6.351823602737969e-06 -4.476363787095599e-06
2.969003330738406e-06 -4.036274162654538e-06 6.037870580778367e-06 -4.864923429147354e-06
2.416455563955215e-06 -3.817717400904523e-06 5.593078094930521e-06 -4.698574310943633e-06
3.162823497331665e-06 -2.768488620892850e-06 6.198533806891401e-06 -3.818064978241983e-06
2.956171163671551e-06 -2.155766884672102e-06 6.050296772197179e-06 -3.326769341386167e-06
-1.751067835266476e-07 -9.085853219977317e-07 -8.684626921078928e-07 -1.072459328882477e-06
-1.758270607991236e-07 -8.160215296478205e-07 -8.494804599028016e-07 -5.751227787583877e-07
-1.276195625858936e-07 -8.636268630949231e-07 -5.577824238049719e-07 -8.166154873961712e-07
1.936810765555946e-06 -3.533245979652337e-06 5.177498074796766e-06 -4.475700733518832e-06
2.327449755824318e-06 -3.223264192919496e-06 5.536547527429581e-06 -4.191971537682367e-06
2.510316883516205e-06 -2.531047350427110e-06 5.701205330419713e-06 -3.626916223062168e-06
2.427518820527299e-06 -2.011399483797295e-06 5.654830895381240e-06 -3.155135486902002e-06
-7.578502878351626e-08 -9.189936221711164e-07 -2.409425698669581e-07 -1.142085183567010e-06
-7.660055010306028e-08 -8.110070221078553e-07 -2.436677261879248e-07 -4.723855934419302e-07
-1.834542664393355e-08 -8.663662437408293e-07 1.008811878974362e-07 -7.919744732335741e-07
1.514905141695406e-06 -3.226036555069751e-06 4.800056370932891e-06 -4.213040756940937e-06
1.175985039636394e-06 -2.903335861988599e-06 4.522904339371251e-06 -3.969332245893733e-06
1.896549651894807e-06 -2.437572868633671e-06 5.203091570758605e-06 -3.541387212279445e-06
1.984742326578898e-06 -1.800607833538479e-06 5.354932722750363e-06 -2.916021923353848e-06
4.799086342926690e-08 -9.390180125964323e-07 4.810041135227179e-07 -1.177273563807954e-06
4.722502130500856e-08 -7.964184580755029e-07 5.109996965342127e-07 -3.389658639718809e-07
1.264342576333427e-06 -2.457338597208786e-06 4.619071249513741e-06 -3.593716913319445e-06
9.125980230333882e-07 -2.555266577156541e-06 4.214292065593989e-06 -3.699856247507574e-06
1.399764862822912e-06 -2.010622115549396e-06 4.792717836891309e-06 -3.135832112109319e-06
1.630328869606002e-06 -1.567944474316766e-06 5.084870151089978e-06 -2.567618975999998e-06
1.199257962186416e-07 -8.690259558239185e-07 9.225888833624375e-07 -7.316434160092488e-07
2.061520170316006e-07 -9.669190886024300e-07 1.365114859831597e-06 -1.172893070853663e-06
2.050447217563265e-07 -7.731306748620403e-07 1.376086152854813e-06 -2.388864247675236e-07
6.975329959102881e-07 -2.212192386902712e-06 3.923663378272760e-06 -3.399589909055726e-06
5.646098823743833e-07 -1.905327027412972e-06 3.657475132254362e-06 -3.020341276653616e-06
4.956482879556141e-07 -1.603031612795914e-06 3.396141751673396e-06 -2.595022120073366e-06
1.135062798256431e-06 -1.651607356738803e-06 4.484196506838433e-06 -2.677953489518633e-06
1.360338268951042e-06 -1.339397685504801e-06 4.855714906164489e-06 -2.174358904654127e-06
2.744901219900101e-07 -8.718260457889614e-07 1.709359344905419e-06 -6.870656651225281e-07
3.588780806526728e-07 -9.933451301704608e-07 2.117477760878635e-06 -1.252111564660978e-06
3.589952167275395e-07 -7.475360178200737e-07 2.112481129472235e-06 -5.060529548312520e-08
7.275092227980892e-07 -1.590880682790682e-06 3.883888076459899e-06 -2.602293331865075e-06
4.595149035893638e-07 -1.335504123715589e-06 3.180880738087718e-06 -2.123221650110128e-06
4.762635010952770e-07 -1.013649900829874e-06 2.750660868204720e-06 -1.318951881189168e-06
4.958321816754968e-07 -1.040467349484630e-06 2.923497929998990e-06 -1.410308791117611e-06
4.888874673771306e-07 -1.104720299294441e-06 3.025016565765047e-06 -1.600663101222273e-06
9.624584983589801e-07 -1.310851308808945e-06 4.274456678108093e-06 -2.127359822862712e-06
1.153698191233775e-06 -1.132455898804145e-06 4.701804490703085e-06 -1.693879727956032e-06
4.331415516167854e-07 -8.924264959868441e-07 2.468548396506163e-06 -7.364685149215963e-07
5.220169423861789e-07 -7.259257497197033e-07 2.734906679473702e-06 2.301737282266245e-08
6.252331337414836e-07 -1.157033608779783e-06 3.520822670129103e-06 -1.772707197434180e-06
5.200648709531996e-07 -9.444411523593123e-07 2.932880070206022e-06 -1.025154233757060e-06
5.448528054026631e-07 -1.020677296571884e-06 3.149531594682291e-06 -1.342856497208869e-06
8.608117302213597e-07 -1.072684447654714e-06 4.103639433359804e-06 -1.547745960961768e-06
1.007744413895188e-06 -9.652341427610168e-07 4.626217242195281e-06 -1.173378945311759e-06
5.611414965398871e-07 -8.029092599821202e-07 2.940263253424380e-06 -3.742412622046958e-07
5.857100440256869e-07 -7.077087951361606e-07 2.912514059796903e-06 1.195593505802268e-07
6.919614219994085e-07 -8.787074822085266e-07 3.641981855034977e-06 -9.064976104766986e-07
9.345642716168959e-07 -8.301947090496139e-07 4.642870249355654e-06 -6.544391489367230e-07
8.599355553971310e-07 -7.366110474232038e-07 4.763490206537246e-06 -8.676557668332330e-08
6.647818676544896e-07 -7.208073625739189e-07 3.321565171831423e-06 -1.690806718830422e-08
6.312961359873210e-07 -6.841283335062564e-07 3.020144159554696e-06 3.424879610210289e-07
7.018233893710541e-07 -6.495733025299355e-07 3.162153996136212e-06 9.782185395209475e-07
7.919549648909829e-07 -7.021155096951983e-07 4.205420630823847e-06 -3.170562346120300e-08
7.726261953444720e-07 -6.678895679303958e-07 3.372678190381540e-06 1.585603860788766e-06
8.014887249441983e-07 -6.598427237506613e-07 4.974752437307373e-06 5.110150630019883e-07
7.543821116393833e-07 -6.319647991177783e-07 3.704001825904215e-06 1.006761184999376e-06
7.757520350185594e-07 -6.328065077224885e-07 4.533627771682834e-06 1.066139972056563e-06
8.110700402516099e-07 -7.078740894121252e-07 3.662261349393236e-06 2.164027977141821e-06
7.302515375609893e-07 -6.336644273045983e-07 5.284847780714942e-06 1.062705288554530e-06
7.269601936962313e-07 -6.516866384255316e-07 5.074229062005218e-06 1.603754145670647e-06
7.808013596411474e-07 -6.818320564519532e-07 4.517943780645589e-06 1.958763373710790e-06
8.303561718219605e-07 -7.932660934446009e-07 4.025080710415142e-06 2.719331591295211e-06
8.016498816759844e-07 -9.070455093744178e-07 4.453250844126636e-06 3.248442612805393e-06
6.238187189339054e-07 -6.366690373613920e-07 5.728425167019946e-06 1.565132549702732e-06
6.639664835238684e-07 -7.233358093382170e-07 5.454296867823183e-06 2.236822078632148e-06
7.212208658032885e-07 -8.715241643786642e-07 5.106762809919071e-06 3.037920452090723e-06
7.485735220497442e-07 -1.045334459922311e-06 4.948481014038716e-06 3.751403232117217e-06
4.859843805810551e-07 -6.677671331757519e-07 6.262034308852049e-06 2.043331269900587e-06
5.148420099219236e-07 -8.815373805806359e-07 6.127782719329398e-06 3.075894846001785e-06
6.472249454591534e-07 -1.181556297927111e-06 5.522744085988855e-06 4.196670243734021e-06
4.919845301762883e-07 -1.325478681118752e-06 6.175131479957947e-06 4.578275943770869e-06
3.007483183271128e-07 -1.473245990515883e-06 6.885538026072005e-06 4.894508837702594e-06
2.970629126936685e-07 -9.396239830643564e-07 6.914952947982888e-06 3.315561437279627e-06
3.047462360085329e-07 -7.172156475498307e-07 6.905953315715529e-06 2.475187691379281e-06
3.458236768440964e-07 -1.203202479204856e-06 6.770261333282858e-06 4.135080962668090e-06
5.954289407853403e-08 -1.591053356494457e-06 7.652362272167069e-06 5.121600316036353e-06
-2.251008943951615e-07 -1.690607642039023e-06 8.418954121015661e-06 5.265581686811064e-06
9.338207947121247e-08 -9.925697457093152e-07 7.538548675696748e-06 3.498479462857090e-06
6.923613999546236e-08 -7.502977658102485e-07 7.595851585455966e-06 2.760037050603217e-06
-5.351285571040517e-07 -1.753676521103142e-06 9.195250880211599e-06 5.323207796556769e-06
-1.654183812723291e-07 -1.251330166472120e-06 8.302042731831060e-06 4.202059071996636e-06
-2.096631737665184e-07 -7.554830205886585e-07 8.377706386188180e-06 2.905519866528734e-06
-5.990155912117074e-07 -1.308265537564427e-06 9.354567258052265e-06 4.326244952850475e-06
-9.249627969985569e-07 -1.807603433211664e-06 1.006468022374969e-05 5.320094234339472e-06
-5.206657112967197e-07 -7.380515602649322e-07 9.177126761495191e-06 2.958139723967866e-06
-1.507345183320148e-06 -1.862113970485169e-06 1.122001649980453e-05 5.243372416110699e-06
-1.024554598994894e-06 -1.040473507180322e-06 1.033878200955422e-05 3.760792557116749e-06
-9.221051042340129e-07 -6.847669877029606e-07 1.007078052067632e-05 2.992346398596366e-06
-2.419025735622222e-06 -1.946443887275150e-06 1.260780230101163e-05 5.163455301116642e-06
-1.943590846652158e-06 -1.191831482464636e-06 1.193949173011884e-05 4.098072583215645e-06
-1.508995640515802e-06 -6.144604917937229e-07 1.120002403222571e-05 3.107261359832086e-06
-3.780409776121397e-06 -2.037255204210990e-06 1.432378817724464e-05 5.137477766950722e-06
-3.073803466198480e-06 -1.242417198027919e-06 1.349852366219041e-05 4.173954796765183e-06
-2.419523481493803e-06 -5.334129485931599e-07 1.264700348910870e-05 3.179670244144931e-06
-5.347084226135399e-06 -2.112220993463173e-06 1.601429335994469e-05 5.142524020380104e-06
-4.540620793258375e-06 -1.241914728323265e-06 1.515191817884406e-05 4.211828729024267e-06
-3.780398034507575e-06 -4.461228343027004e-07 1.433589088572457e-05 3.269664607014679e-06
-7.038045971358343e-06 -2.172313595687315e-06 1.776507736907982e-05 5.215357273369650e-06
-6.173784483754000e-06 -1.241933268437984e-06 1.683560727997886e-05 4.239868834467769e-06
-5.346910661838935e-06 -3.715454715850317e-07 1.600512067036996e-05 3.280489471286068e-06
-8.827088965040139e-06 -2.218794546944638e-06 1.966346114479307e-05 5.319251900999193e-06
-7.918182117873800e-06 -1.242028915286038e-06 1.864169203116409e-05 4.226989554833578e-06
-7.037964265602045e-06 -3.116377235997513e-07 1.774011315638965e-05 3.217242792654724e-06
-1.069032991332507e-05 -2.253935063964901e-06 2.177975704024754e-05 5.474157244989272e-06
-9.747912639320697e-06 -1.242343695463319e-06 2.067554203619008e-05 4.244803468507913e-06
-8.826998088044333e-06 -2.655987987666823e-07 1.965673949062509e-05 3.095351100138922e-06
-1.260865861828555e-05 -2.279869103585649e-06 2.416111074357402e-05 5.580061017099151e-06
-1.164154471736668e-05 -1.242692534440294e-06 2.297774608478759e-05 4.247358580558731e-06
-1.069025037739165e-05 -2.311733427270127e-07 2.185568395754303e-05 3.007597070288320e-06
-1.456608503204313e-05 -2.297851375927263e-06 2.679267552083568e-05 5.705980433185694e-06
-1.358176929553122e-05 -1.243238747655133e-06 2.545610372092371e-05 4.229173046457327e-06
-1.260830955752434e-05 -2.061765245011701e-07 2.428655773146490e-05 2.928741804892567e-06
-1.654886931852425e-05 -2.308692375443566e-06 2.962591616897866e-05 5.765921275765231e-06
-1.555409213439762e-05 -1.243689054819658e-06 2.814468155371498e-05 4.225973703703700e-06
-1.456564028858063e-05 -1.891283238042015e-07 2.682265022645378e-05 2.813301367746331e-06
-1.854469289609913e-05 -2.313673086579214e-06 3.252205185197323e-05 5.741730105209309e-06
-1.754534875053863e-05 -1.243948388367788e-06 3.105106366772032e-05 4.248039320008477e-06
-1.654854689022018e-05 -1.789444518755275e-07 2.956440626279069e-05 2.704169265440779e-06
-2.282862427172133e-05 -2.197265319369085e-06 3.867065014792376e-05 5.539251608058386e-06
-2.254462677676250e-05 -2.314912412345659e-06 3.827273429412992e-05 5.705818028437182e-06
-1.944029610431706e-05 -1.244004067084704e-06 3.385946057606060e-05 4.199456667048910e-06
-2.054474392396791e-05 -2.314968960651023e-06 3.545686753917259e-05 5.742183095066402e-06
-1.854453491248406e-05 -1.742591285278114e-07 3.254662390010271e-05 2.621872702354561e-06
-2.294625705919098e-05 -1.913250796393993e-06 3.883675438814214e-05 5.139156529812153e-06
-2.227422877551723e-05 -1.243847443626044e-06 3.792152285975493e-05 4.203121081044470e-06
-2.054477470934335e-05 -1.729046578856735e-07 3.549326509688907e-05 2.661704698796573e-06
-2.294621530066256e-05 -5.744572638651583e-07 3.888610294774653e-05 3.242864292298408e-06
-2.254460261867779e-05 -1.728283377000651e-07 3.832459090446990e-05 2.669600006029004e-06
-2.282858544733025e-05 -2.904649886546932e-07 3.872329656375170e-05 2.838234808062075e-06
