-1.364247621573522e-04 1.899556100980000e-05 -1.515962019991332e-05 2.048547568630871e-06
-1.369696850877765e-04 1.768005927182101e-05 -1.522055157853673e-05 1.897864682723036e-06
-1.369694777441552e-04 1.147835914413226e-05 -1.514578789520966e-05 1.240584710923378e-06
-1.364245265496082e-04 1.016284337919901e-05 -1.507569460036624e-05 1.081922950117957e-06
-1.351092053616810e-04 1.954044906389053e-05 -1.501011491718647e-05 2.111192697289021e-06
-1.326412290236666e-04 1.457919347553949e-05 -1.471142342131609e-05 1.563344465725999e-06
-1.351089321275631e-04 9.617951998445092e-06 -1.491374080397466e-05 1.015904180614669e-06
-1.258454044630537e-04 1.953955514414095e-05 -1.399478229787407e-05 2.111854028479705e-06
-1.258450796648500e-04 9.619044973698875e-06 -1.385447114251057e-05 9.809383143846049e-07
-1.207320792183420e-04 1.457942384568581e-05 -1.330468875549629e-05 1.539443607159033e-06
-1.165856323129363e-04 1.953462731946971e-05 -1.290730904957334e-05 2.200965041525998e-06
-1.165852804971601e-04 9.624432404602853e-06 -1.282388482893697e-05 8.880510451708313e-07
-1.119592170443065e-04 1.457948327377266e-05 -1.208845023179247e-05 1.535326985700174e-06
-1.073396363286094e-04 1.952263399528652e-05 -1.152022072314635e-05 2.186990262380735e-06
-1.073394503403982e-04 9.636533859683039e-06 -1.151086961714386e-05 6.976971069235157e-07
-1.027248082824399e-04 1.457953691541403e-05 -1.063574500763077e-05 1.541210788950181e-06
-9.812325956720640e-05 1.950038030520231e-05 -1.019175825987957e-05 2.179239110235819e-06
-9.812297849428358e-05 9.658739740122303e-06 -9.968839452878871e-06 6.606392220924550e-07
-9.353001568208678e-05 1.457945481448387e-05 -9.141669882581308e-06 1.517151635635575e-06
-8.895925079609933e-05 1.946338291975897e-05 -8.905202247332450e-06 2.111317456545046e-06
-8.895917228779341e-05 9.695445105064510e-06 -8.540681963759181e-06 7.930648486123104e-07
-8.440194217657369e-05 1.457922030850519e-05 -7.856102625733633e-06 1.472050392511943e-06
-7.987812381085795e-05 1.940857630054698e-05 -7.785207189384296e-06 2.001546141487528e-06
-7.987821009744680e-05 9.749555990778424e-06 -7.442134684589561e-06 9.410779468335709e-07
-7.537400713628112e-05 1.457886797303308e-05 -6.901846464686200e-06 1.434981490605298e-06
-7.091615084247708e-05 1.933356214360501e-05 -6.876974065442995e-06 1.932590987546899e-06
-7.091601026215066e-05 9.823413366811044e-06 -6.483663233019780e-06 9.289613890670121e-07
-6.648421920304669e-05 1.457828916908878e-05 -6.095737580874746e-06 1.420576853048200e-06
-6.211276633817974e-05 1.923642869210219e-05 -6.007459603334424e-06 1.959777616069424e-06
-6.211216298112120e-05 9.919157033250508e-06 -5.480655094167392e-06 9.003465956741528e-07
-5.777339783911888e-05 1.457736166367276e-05 -5.221034496551179e-06 1.395057840147873e-06
-5.350991491049932e-05 1.911540045629089e-05 -4.950906561238730e-06 2.002244806969718e-06
-5.350900662198486e-05 1.003827666271001e-05 -4.475173327649835e-06 8.726292451664498e-07
-4.928531059341215e-05 1.457627054568347e-05 -4.187440732965465e-06 1.398326681558324e-06
-4.515208115545004e-05 1.896844985095780e-05 -3.689524675369673e-06 2.035694826791367e-06
-4.515081306401099e-05 1.018392059730731e-05 -3.482231175804749e-06 8.896879067039672e-07
-4.122842927421612e-05 1.457416061230186e-05 -3.102129833729081e-06 1.448626718520925e-06
-3.740774600442131e-05 1.879689050052392e-05 -2.635487045626359e-06 1.893357276677395e-06
-3.740575997914261e-05 1.036016346322274e-05 -2.577321340352465e-06 9.854897197079972e-07
-3.457027407002387e-05 1.489393121545008e-05 -2.321189252838113e-06 1.491228968140506e-06
-3.177571708554436e-05 1.863533456986876e-05 -2.090422859398475e-06 1.753756673387190e-06
-3.177068130323334e-05 1.052614909354308e-05 -2.057770195838768e-06 1.125003523866124e-06
-2.783183598497749e-05 1.849292204590920e-05 -1.770012964748854e-06 1.746152931641434e-06
-2.855754162687388e-05 1.592750097890760e-05 -1.825208105449052e-06 1.577631083870140e-06
-2.782429161189652e-05 1.063317978049901e-05 -1.768428205625385e-06 1.172369943790410e-06
-2.504392320780346e-05 1.074812369796521e-05 -1.550823708612271e-06 1.181859612939745e-06
3.544144250712437e-06 1.268270295496206e-06 1.275383029987819e-07 7.720529329059593e-07
3.614793568456365e-06 1.098051197628834e-06 1.271444171890696e-07 7.742190265407231e-07
3.614298200322495e-06 4.652469265174482e-07 1.229378056237081e-07 7.788425748991853e-07
3.544067858941987e-06 2.979599180718579e-07 1.222233065632835e-07 7.778921736809693e-07
-2.503316789428998e-05 1.839210881510757e-05 -1.574903441519753e-06 1.749839509566448e-06
-2.258325367064095e-05 1.816055210392327e-05 -1.412002769165853e-06 1.746850391917412e-06
-2.444279473934941e-05 1.362093556609402e-05 -1.508782376991973e-06 1.388716035320339e-06
-2.254939516720592e-05 1.065504296835702e-05 -1.407467919115225e-06 1.189624424551305e-06
3.374751639750291e-06 1.338852044423849e-06 1.286651108979078e-07 7.712464286573833e-07
3.204558119701123e-06 6.450384432815089e-07 1.204652485006840e-07 7.741315041314075e-07
3.376584237930215e-06 2.284455937866216e-07 1.217219526981408e-07 7.750058933549744e-07
-2.177935651460840e-05 1.582411356149389e-05 -1.357190905868608e-06 1.579805830460802e-06
-2.021965933062188e-05 1.763520267706816e-05 -1.243917649697932e-06 1.721177954302857e-06
-1.799665850088462e-05 1.688796849190219e-05 -1.073264182942068e-06 1.662487369496732e-06
-2.104420765858973e-05 1.269287657399588e-05 -1.314315871522093e-06 1.338160293777227e-06
-2.022832772780827e-05 1.018180420122380e-05 -1.253616935183957e-06 1.145639858156834e-06
2.228196527171456e-06 1.359815141960730e-06 7.642234068579222e-08 7.652181101284525e-07
2.228190217916019e-06 2.110293714959117e-07 6.731136683566339e-08 7.483426243809257e-07
1.634159088403991e-06 7.868153877800160e-07 2.213482234357485e-08 7.506475632307175e-07
-1.594658768566526e-05 1.588571264784682e-05 -9.173551877878994e-07 1.583156751723750e-06
-1.767840800599642e-05 1.454891906880611e-05 -1.044243485066317e-06 1.493171859686667e-06
-1.843566666850698e-05 1.168528614834818e-05 -1.112782311845049e-06 1.250675465265012e-06
-1.811750879277759e-05 9.367249079591378e-06 -1.092247912399278e-06 1.079470099165746e-06
9.897723734094240e-07 1.469038943579700e-06 -1.530416079371892e-08 7.444642562317265e-07
9.909341382982800e-07 1.081519885990193e-07 -3.132072540880402e-08 7.077344647115847e-07
2.579123094758295e-07 7.903802831256295e-07 -7.020617073689125e-08 7.029496167958292e-07
-1.406068433969371e-05 1.470711435529231e-05 -7.739671423763046e-07 1.489080101281684e-06
-1.239621088624338e-05 1.337269998202258e-05 -6.332344248359184e-07 1.362765372339323e-06
-1.582183832882001e-05 1.125589598315826e-05 -8.971465052269613e-07 1.207864798556121e-06
-1.626748257393052e-05 8.236950989365947e-06 -9.365836071507070e-07 9.874098000565433e-07
-5.833359737096810e-07 1.703255707911377e-06 -1.051209850473710e-07 7.183001257167293e-07
-5.824219394477513e-07 -1.189816119083604e-07 -1.271472485393099e-07 6.359571313629466e-07
-1.282112514061828e-05 1.138112438772399e-05 -6.589822570082682e-07 1.196501331393736e-06
-1.095645215452160e-05 1.187641923391245e-05 -5.422562911932560e-07 1.232891373980378e-06
-1.351553349224756e-05 9.206665463657582e-06 -7.027239088060782e-07 1.041200728192233e-06
-1.471581515622562e-05 6.889845392460131e-06 -7.777943295705243e-07 8.532685749533985e-07
-1.509290933230634e-06 7.940025926001282e-07 -1.289962448673545e-07 6.644035948258000e-07
-2.611923426703371e-06 2.040062698706500e-06 -1.467834692151211e-07 6.998670534207444e-07
-2.608970658901436e-06 -4.516355142742403e-07 -1.598106631034618e-07 5.968408375796602e-07
-9.707919196763747e-06 1.028061783069292e-05 -4.745200667359610e-07 1.134128119387546e-06
-8.718799068178311e-06 8.651790809448686e-06 -4.292518797475206e-07 1.029021608763222e-06
-7.967317656588613e-06 6.949460691073941e-06 -3.928784778915350e-07 9.138955592334851e-07
-1.211316412717976e-05 7.302845976518581e-06 -6.197056887270550e-07 9.040792381332384e-07
-1.348514795210731e-05 5.400374874822382e-06 -6.956819207155832e-07 8.000430967478242e-07
-3.496974872573618e-06 8.007846917275709e-07 -1.761244721011758e-07 6.483592399082023e-07
-4.584459007226772e-06 2.370366328305003e-06 -2.142323732092521e-07 6.943188856280440e-07
-4.584518231632123e-06 -7.926815712426192e-07 -2.134534804661925e-07 5.570269855650339e-07
-9.634283468703957e-06 6.935711057602581e-06 -4.879693480052186e-07 9.088994189235777e-07
-7.411821855139534e-06 5.236309150951769e-06 -3.618983081013995e-07 8.040832412720779e-07
-6.357498141706033e-06 2.648798930144110e-06 -2.887074009222815e-07 6.927683117082475e-07
-6.861098818656029e-06 2.932470497580711e-06 -3.068414201149930e-07 7.004729088728116e-07
-7.114028127039228e-06 3.519595046768764e-06 -3.245068780029018e-07 7.183793364644767e-07
-1.114708093755430e-05 5.186797745735486e-06 -5.625549047168650e-07 7.993930935874016e-07
-1.256555474365290e-05 3.841263801273069e-06 -6.262676082859468e-07 7.220504388664029e-07
-5.560125826748085e-06 1.034560488402704e-06 -2.525895517205874e-07 6.298622887884687e-07
-6.403490593194769e-06 -1.041808477584979e-06 -2.890401011018761e-07 5.371226952532838e-07
-8.570913625658398e-06 4.034622220926065e-06 -4.148641658412540e-07 7.436434531940752e-07
-6.915697398393810e-06 1.811178357233225e-06 -3.027788101648833e-07 6.623135769545781e-07
-7.514698359834670e-06 2.731751694866477e-06 -3.373421299463849e-07 6.929244862324084e-07
-1.047460019336039e-05 3.361953912121539e-06 -5.232726183789794e-07 7.104885128859166e-07
-1.197829243576930e-05 2.285997375573125e-06 -5.871156024617357e-07 6.823135655930530e-07
-6.985371571215722e-06 1.654713896924460e-08 -3.097284194269665e-07 5.808452338148721e-07
-6.936695900463649e-06 -1.308986117014547e-06 -3.239663033501347e-07 5.174612573753937e-07
-8.935788159110557e-06 1.406617265602424e-06 -4.249735087550458e-07 6.344150574449605e-07
-1.175686474009433e-05 7.580584542311850e-07 -5.721075831635201e-07 5.836813498077709e-07
-1.183699563954185e-05 -7.144404834496844e-07 -5.819523309375627e-07 5.341957808836225e-07
-8.064705042736811e-06 -9.610701960156319e-07 -3.790671053070717e-07 5.268548200335039e-07
-7.253429611749003e-06 -1.870239521095321e-06 -3.501906485054571e-07 4.801855975014588e-07
-7.651664912247216e-06 -3.396474113937564e-06 -3.658856076344763e-07 3.981689187801818e-07
-1.037866969646331e-05 -9.191158848558532e-07 -5.110701353985941e-07 5.324046731309536e-07
-8.223834915845703e-06 -4.843575125583617e-06 -3.829269414179354e-07 3.151731303264120e-07
-1.222843606443047e-05 -2.189167751490290e-06 -6.160280422303579e-07 4.571234905188578e-07
-9.041833698111871e-06 -3.459770140555465e-06 -4.168672330913615e-07 3.878038173266913e-07
-1.105605187107870e-05 -3.572545294276513e-06 -5.568528935991609e-07 3.709862745181099e-07
-8.949587349480061e-06 -6.210641078102513e-06 -4.247186178557128e-07 2.289503382426901e-07
-1.288277338562137e-05 -3.573896459334466e-06 -6.412826488111200e-07 3.638407425534472e-07
-1.229230492773599e-05 -4.914637841076633e-06 -6.191310875736826e-07 2.839770034653219e-07
-1.094008354172776e-05 -5.743980833485077e-06 -5.527552785573293e-07 2.420644377235524e-07
-9.824982912901672e-06 -7.487367733636125e-06 -4.644362214625509e-07 1.611271516260244e-07
-1.084136657974526e-05 -8.658319269334460e-06 -5.131703895030759e-07 7.655386868418766e-08
-1.377643035555613e-05 -4.835883383344133e-06 -6.775388548289040e-07 2.849779277113621e-07
-1.310385547349913e-05 -6.391426208076109e-06 -6.613353699558502e-07 2.169208809302994e-07
-1.231826503408887e-05 -8.187761999907295e-06 -6.132065335028748e-07 1.122652133826074e-07
-1.198520529476601e-05 -9.709908971039184e-06 -5.794690492731494e-07 1.636472803311864e-08
-1.487880685086249e-05 -5.927853116971146e-06 -7.308289145871482e-07 2.429366234642830e-07
-1.453509784396774e-05 -8.170391039216046e-06 -7.397931096191317e-07 1.140282119146140e-07
-1.324355861930637e-05 -1.062555231073131e-05 -6.654353072926396e-07 -2.341406609340910e-08
-1.460155510868127e-05 -1.139477018914533e-05 -7.326672363195317e-07 -2.928915268432152e-08
-1.604059610810827e-05 -1.200788773087560e-05 -7.986206365208930e-07 -2.690232837123095e-08
-1.616559376536848e-05 -8.644908349935944e-06 -8.041266279955356e-07 8.795186789716307e-08
-1.615825209856449e-05 -6.815608319207698e-06 -8.021497869547194e-07 1.846499976313504e-07
-1.584331366930689e-05 -1.045117128883290e-05 -7.948087902620646e-07 1.186161910573722e-08
-1.754354494727222e-05 -1.245309321162828e-05 -8.485360832910327e-07 -2.522957795042224e-08
-1.909194934967504e-05 -1.272651889069759e-05 -8.931085593615953e-07 -2.511974638844180e-08
-1.745796925050365e-05 -9.051304110056097e-06 -8.390668008748294e-07 6.797664145145319e-08
-1.757782348522512e-05 -7.468617637276428e-06 -8.436575409203158e-07 1.387137290465269e-07
-2.066331174174558e-05 -1.282215373450488e-05 -9.366730706317679e-07 -2.175864394280913e-08
-1.891632514602695e-05 -1.051375396265262e-05 -8.850807566685970e-07 1.292523982466516e-08
-1.909436691292690e-05 -7.865783402515762e-06 -8.910702589476322e-07 1.031926147692376e-07
-2.101071646274955e-05 -1.074788379094363e-05 -9.490127487540813e-07 1.597159985721412e-08
-2.239942656465124e-05 -1.283002683784944e-05 -9.723593709802655e-07 -8.608712544173194e-09
-2.066172969405710e-05 -7.996274720822487e-06 -9.649824449143292e-07 7.573927007669783e-08
-2.479527095913349e-05 -1.283832819338379e-05 -9.600370420856306e-07 2.772925390751130e-08
-2.290137756276282e-05 -9.567134122536435e-06 -1.000406931059357e-06 5.004847531218727e-08
-2.239924466348239e-05 -7.987935818382218e-06 -9.970246438553744e-07 6.628233545628931e-08
-2.810630659055279e-05 -1.285167675066293e-05 -9.490720535835712e-07 7.252955642485118e-08
-2.646400921927074e-05 -1.021713760187116e-05 -9.588324685665923e-07 5.487547142661515e-08
-2.479575934487155e-05 -7.976089382574787e-06 -9.944728070909998e-07 3.829781200409686e-08
-3.250245293645363e-05 -1.286500366210026e-05 -8.768219923636242e-07 1.253117123526776e-07
-3.030029660654454e-05 -1.040695629280631e-05 -8.779564342865242e-07 8.097413405845175e-08
-2.810636533150968e-05 -7.961945245856287e-06 -9.063413292661112e-07 -1.511535695289761e-08
-3.710503919919841e-05 -1.287293628120483e-05 -8.114125745323379e-07 1.067395557708214e-07
-3.480104505567907e-05 -1.040616913499968e-05 -7.693246612682737e-07 1.046975481784734e-07
-3.250251190172309e-05 -7.947833552269094e-06 -7.697383377068686e-07 2.562207046780703e-08
-4.171832075670610e-05 -1.287446279118017e-05 -8.076095109684993e-07 1.132667261719373e-07
-3.941114797095340e-05 -1.040540354781759e-05 -7.444100983726653e-07 8.127354373440917e-08
-3.710523689020759e-05 -7.938505263996270e-06 -6.973463790921623e-07 7.371321262274419e-08
-4.632900304770319e-05 -1.286869119384278e-05 -8.147025734535981e-07 1.374106145750555e-07
-4.402558136762996e-05 -1.040468295310933e-05 -8.090765884589858e-07 1.181597677859890e-07
-4.171877040962684e-05 -7.935584807052701e-06 -7.956782094590639e-07 1.406841956571348e-07
-5.092283687934735e-05 -1.285606416483284e-05 -8.201341366319230e-07 1.864502685688718e-07
-4.863006336510388e-05 -1.040413802172600e-05 -8.075703160262572e-07 1.333074479931850e-07
-4.632944773161528e-05 -7.940149042298208e-06 -8.322654728444884e-07 8.332733619085789e-08
-5.548750960593490e-05 -1.283873783798147e-05 -5.882078346121135e-07 2.895199741278946e-07
-5.321091742778077e-05 -1.040382928586367e-05 -6.799460749094948e-07 1.089469771036833e-07
-5.092307385182947e-05 -7.951831841098344e-06 -7.395540136350231e-07 -2.495516669586793e-08
-6.001572342539882e-05 -1.281969421137172e-05 -7.825666205745413e-08 4.299282744958136e-07
-5.775796838048390e-05 -1.040369147955344e-05 -2.779538570423524e-07 1.082109849628948e-07
-5.548758531116592e-05 -7.968707079188087e-06 -4.671573865602508e-07 -1.432922141060110e-07
-6.450760764221919e-05 -1.280267037474387e-05 7.360525305419437e-07 5.804726789172090e-07
-6.226734570768964e-05 -1.040367586858709e-05 3.547929586604958e-07 8.911288072954938e-08
-6.001576090642188e-05 -7.987686577540216e-06 7.322988281239081e-08 -2.344709508095741e-07
-6.897128106846690e-05 -1.279125107353071e-05 1.846917849612299e-06 7.532523511922359e-07
-6.674310861478448e-05 -1.040385424188246e-05 1.275291433161263e-06 7.588288191214163e-08
-6.450760245371144e-05 -8.004988155911994e-06 8.097361960250149e-07 -4.094329764945596e-07
-7.849477441954964e-05 -1.252342184428232e-05 5.208392479487296e-06 8.564062250472578e-07
-7.786342713916630e-05 -1.278495960366152e-05 4.972264107197671e-06 9.507790401347618e-07
-7.096520324230638e-05 -1.040403609668889e-05 2.474762147300948e-06 8.181531798816030e-08
-7.341931774050529e-05 -1.278609584409186e-05 3.299989306159879e-06 9.273775650155712e-07
-6.897133798829912e-05 -8.016730575501755e-06 1.908178490443618e-06 -6.007636806199591e-07
-7.875628625964341e-05 -1.189203866366346e-05 5.308727542420034e-06 6.251870988736975e-07
-7.726270517436655e-05 -1.040404251437076e-05 4.759277710111044e-06 8.700288402453838e-08
-7.341941521844303e-05 -8.022130022907999e-06 3.331360992731567e-06 -7.295988348100347e-07
-7.875637176944494e-05 -8.915980937481595e-06 5.348352349029263e-06 -4.752918513011765e-07
-7.786353595858136e-05 -8.023075439098164e-06 5.015663393844294e-06 -8.030762863156282e-07
-7.849486993280733e-05 -8.284606868629724e-06 5.251929355503919e-06 -7.074365247243696e-07
