7.679600076562019e-05 -1.194497491625029e-05 -4.138554090465762e-06 1.856541481222949e-06
7.707964923114710e-05 -1.126025182426079e-05 -4.126778498245103e-06 1.862227872252457e-06
7.707952436398704e-05 -8.032392796963872e-06 -3.985533531851950e-06 1.937570038227812e-06
7.679586293587819e-05 -7.347673757891796e-06 -3.977200858886417e-06 1.932414020337787e-06
7.611122502811187e-05 -1.222858595270144e-05 -4.156827112383470e-06 1.856115440077103e-06
7.482666900617616e-05 -9.646309345256446e-06 -4.097469962486014e-06 1.877966875132062e-06
7.611107523131459e-05 -7.064065825242995e-06 -3.967965086559594e-06 1.928762438483045e-06
7.128953183392304e-05 -1.222784994343669e-05 -4.203278325179526e-06 1.924461684929959e-06
7.128939311280973e-05 -7.064910425337797e-06 -3.951732599755761e-06 1.893482408922489e-06
6.862866304442063e-05 -9.646479391073830e-06 -4.085604293776305e-06 1.941457212125436e-06
6.647150510777490e-05 -1.222491975420811e-05 -4.116753574682346e-06 2.087811546135433e-06
6.647139075074427e-05 -7.068392454375270e-06 -3.940332852100425e-06 1.906947741338880e-06
6.406461848215353e-05 -9.646822100658940e-06 -3.880298181233514e-06 1.888424890595740e-06
6.166133044486849e-05 -1.221981018270748e-05 -3.646170339761319e-06 2.149735867178369e-06
6.166101087443664e-05 -7.074253686475136e-06 -3.686840285642884e-06 1.779918003954048e-06
5.925973270748846e-05 -9.647445213809573e-06 -3.438485431087949e-06 1.971218958787835e-06
5.686356360505914e-05 -1.221243854216763e-05 -3.214283299518423e-06 2.198552103433877e-06
5.686269733081837e-05 -7.082863787920397e-06 -3.147379484150206e-06 1.771272471974316e-06
5.446960369113327e-05 -9.648057448104182e-06 -3.019862704498050e-06 2.038110089097095e-06
5.208338023288503e-05 -1.220154946222085e-05 -2.911567734035808e-06 2.138520692087111e-06
5.208244020676874e-05 -7.095285037443342e-06 -2.765465715719242e-06 1.933666241088522e-06
4.970059944193271e-05 -9.648756900851504e-06 -2.845027046276064e-06 2.066379909605046e-06
4.732811467761371e-05 -1.218626318388640e-05 -2.861831176827475e-06 2.001447485802533e-06
4.732762910409291e-05 -7.112059636108878e-06 -2.668037017896421e-06 2.039917638470722e-06
4.496116236581143e-05 -9.649379880171768e-06 -2.860454063150228e-06 2.097746470973099e-06
4.260708213696908e-05 -1.216622605648041e-05 -3.043404792220007e-06 1.956535126558776e-06
4.260703219291687e-05 -7.133289861613129e-06 -2.800096401248956e-06 2.048556461888788e-06
4.026040551360513e-05 -9.649968455385868e-06 -2.906854659723671e-06 2.086500516770754e-06
3.792935599893795e-05 -1.214115014339119e-05 -3.287968870910699e-06 1.981524842302031e-06
3.792936386138070e-05 -7.159348440753475e-06 -2.930022026350939e-06 2.043660135276380e-06
3.560704772421790e-05 -9.650333391483741e-06 -2.893493188046162e-06 2.063212242918476e-06
3.330337831956461e-05 -1.211080256652497e-05 -3.419558843046758e-06 1.994117473831815e-06
3.330322581776390e-05 -7.190058641481313e-06 -3.084889156004964e-06 2.144043554231998e-06
3.100987599934340e-05 -9.650260003308716e-06 -3.024570095044093e-06 2.030544905790953e-06
2.873872808796457e-05 -1.207374123654539e-05 -3.493851701764470e-06 2.074533736475873e-06
2.873852271966921e-05 -7.226914238126395e-06 -3.251158342346204e-06 2.102398122384123e-06
2.657045797752452e-05 -9.649684673294795e-06 -3.213342367043199e-06 2.047164723447663e-06
2.442843766823664e-05 -1.202873403533086e-05 -3.536424336881673e-06 2.055971948376465e-06
2.442790539782088e-05 -7.272832676270863e-06 -3.349124118636525e-06 2.116304922378010e-06
2.282957338818693e-05 -9.832654631031105e-06 -3.407286122273447e-06 2.029052624241920e-06
2.122482954135222e-05 -1.198458568499118e-05 -3.472695443896295e-06 2.078172339310633e-06
2.122319917277373e-05 -7.317830270905217e-06 -3.364405273615846e-06 2.048685894704660e-06
1.893591628429587e-05 -1.194444456557743e-05 -3.408314595337266e-06 2.112600453470922e-06
1.937083602020161e-05 -1.043692829916300e-05 -3.411171882054601e-06 2.050554097359735e-06
1.893340141275111e-05 -7.347497601697556e-06 -3.395064773751682e-06 2.081395437651305e-06
1.729395169630810e-05 -7.379999809052218e-06 -3.377714737779958e-06 2.050563645145744e-06
-2.780142609279793e-06 -5.688526322461914e-07 1.198124501261618e-06 7.020802163883712e-07
-2.835091460909205e-06 -4.366337592756172e-07 1.233670041944154e-06 6.241963166954573e-07
-2.834719577630239e-06 5.566327869814329e-08 1.236740848848551e-06 3.172219550073420e-07
-2.780040593032278e-06 1.859416360742767e-07 1.199142748979781e-06 2.345233459642221e-07
1.729121392088110e-05 -1.191551194845020e-05 -3.374090349445400e-06 2.140701131504960e-06
1.582336691054166e-05 -1.180525221810060e-05 -3.271343159757916e-06 2.168214137573030e-06
1.695186135596976e-05 -9.082873218538951e-06 -3.383892928230618e-06 2.055009696289869e-06
1.581508543802747e-05 -7.286483546610499e-06 -3.340320121816014e-06 1.996402665449187e-06
-2.648519445360749e-06 -6.235711227831736e-07 1.114192380632656e-06 7.327507374340636e-07
-2.515956303932356e-06 -8.370827132548749e-08 1.025974863150218e-06 4.065898902666616e-07
-2.649627634396468e-06 2.402746494940068e-07 1.111358512523796e-06 2.031305434677214e-07
1.535046831832345e-05 -1.041211723442665e-05 -3.253040679428300e-06 2.117166384610949e-06
1.439052786729430e-05 -1.152391028270424e-05 -3.196682224458584e-06 2.158686076406077e-06
1.301795984984248e-05 -1.109399776541784e-05 -3.140977661882118e-06 2.156210106697692e-06
1.490974952758300e-05 -8.512411130312897e-06 -3.269333450523975e-06 2.037649113355926e-06
1.440931498830809e-05 -6.953018632570731e-06 -3.229339225927131e-06 1.920808216142872e-06
-1.756856264169529e-06 -6.379561308510834e-07 6.093248634909076e-07 6.978262399038953e-07
-1.756131244936202e-06 2.559359310550840e-07 6.110560358963404e-07 2.487586285959842e-07
-1.294228781367010e-06 -1.907220483160896e-07 4.015704640037906e-07 4.780510000805724e-07
1.172499662848235e-05 -1.050873649464801e-05 -3.046827569147418e-06 2.166856204368985e-06
1.283065228628726e-05 -9.663269803950503e-06 -3.137197095567771e-06 2.107272996648314e-06
1.330295834629418e-05 -7.878982255205670e-06 -3.157957960982970e-06 1.966224610904622e-06
1.310992544119407e-05 -6.397002067892470e-06 -3.136277733357925e-06 1.841479727121503e-06
-7.932059127770157e-07 -7.199903921102462e-07 2.150327637380756e-07 6.837053100452543e-07
-7.931237650735567e-07 3.390725852679243e-07 2.116218361527521e-07 2.622757062228977e-07
-2.231057133521096e-07 -1.900454707469219e-07 1.702224994754269e-09 4.804525719453745e-07
1.051777018459468e-05 -9.795037456250512e-06 -2.934148270653825e-06 2.157181741222189e-06
9.421901274285040e-06 -8.963971395166750e-06 -2.768414546310098e-06 2.101644440563228e-06
1.165648212458615e-05 -7.602142952367678e-06 -3.027959856865380e-06 1.934972313834243e-06
1.195254249400489e-05 -5.635475966811397e-06 -3.031778593597108e-06 1.743852766107860e-06
4.309821971365479e-07 -8.983734196702672e-07 -2.320866996132145e-07 7.481280456109251e-07
4.314421606794140e-07 5.194308202432987e-07 -2.198537296882433e-07 2.447598567758722e-07
9.700019482112689e-06 -7.690396580193697e-06 -2.792271219387213e-06 1.973941761399094e-06
8.446205074594906e-06 -8.019375247353580e-06 -2.643638549203468e-06 2.030904855444275e-06
1.016309007390568e-05 -6.262684545411632e-06 -2.826257758936014e-06 1.800432533012576e-06
1.096670097172912e-05 -4.710630789053649e-06 -2.899334103872691e-06 1.602265550500918e-06
1.151909630653273e-06 -1.891293796143599e-07 -4.895060674281318e-07 5.135202512794344e-07
2.009006155614941e-06 -1.156885093965444e-06 -8.074121425102046e-07 8.479725925956400e-07
2.007962029617190e-06 7.815834711892265e-07 -7.943189505493081e-07 2.154173797625833e-07
7.587664465030188e-06 -6.986237068253852e-06 -2.530540350364974e-06 1.951945289039402e-06
6.872591405754896e-06 -5.891621515914922e-06 -2.360555705078224e-06 1.806862286042368e-06
6.298587190799394e-06 -4.730130517800494e-06 -2.166421056701481e-06 1.618964348799936e-06
9.220706006300806e-06 -4.983639959465483e-06 -2.707020460089677e-06 1.652384385232957e-06
1.017522725263167e-05 -3.661105117376281e-06 -2.840956263260410e-06 1.459156277884644e-06
2.697964813355695e-06 -1.909634426969166e-07 -1.035173347367337e-06 5.471074915355766e-07
3.543777392155247e-06 -1.412208954450706e-06 -1.289928834390513e-06 9.168845346262943e-07
3.544156079816315e-06 1.049488201610350e-06 -1.267494608220336e-06 1.863174248003636e-07
7.497302384725195e-06 -4.729745026176912e-06 -2.450618754657127e-06 1.633600659394339e-06
5.859896670725366e-06 -3.526879506440843e-06 -2.005320290442491e-06 1.384295739298420e-06
4.943480637273844e-06 -1.630009804514636e-06 -1.690616939965929e-06 9.749073404033983e-07
5.354544606119597e-06 -1.846138761774214e-06 -1.809921135299658e-06 1.025496418763890e-06
5.577301179739417e-06 -2.284983032680347e-06 -1.883978223203259e-06 1.126562163224439e-06
8.562666467810754e-06 -3.507229218532846e-06 -2.631552161127358e-06 1.439773657658843e-06
9.589235232758493e-06 -2.531342662166140e-06 -2.840274061901270e-06 1.240428225012930e-06
4.304410392754499e-06 -3.693842348080082e-07 -1.495195348106355e-06 6.143922976171459e-07
4.938023048081139e-06 1.242951065065020e-06 -1.644799268322796e-06 1.536976611323360e-07
6.689228612664210e-06 -2.673759448605080e-06 -2.186729622214849e-06 1.230743109305082e-06
5.377541052961083e-06 -9.819208134598761e-07 -1.802492727596178e-06 8.007358407557659e-07
5.865200957391122e-06 -1.693921423349799e-06 -1.947733883645913e-06 9.859485607480789e-07
8.087190589026185e-06 -2.180835297996396e-06 -2.541099083267886e-06 1.152771943390010e-06
9.229567104419274e-06 -1.366330132194693e-06 -2.858549540919024e-06 9.578046087616073e-07
5.396905106839855e-06 4.137894761613055e-07 -1.771442603214473e-06 3.957027445728418e-07
5.331108802773519e-06 1.454278055538180e-06 -1.727416759707870e-06 8.962822582311560e-08
6.936631889879209e-06 -7.000259331477582e-07 -2.223516615697971e-06 7.510176124790206e-07
9.112365216372657e-06 -1.924020046126020e-07 -2.878178618459666e-06 5.758274429018688e-07
9.255055184347093e-06 9.755182137033157e-07 -2.975702584786041e-06 2.178008085179565e-07
6.218495611804618e-06 1.169921457107251e-06 -1.964703880227547e-06 1.764879928356886e-07
5.557215306666721e-06 1.912245764462157e-06 -1.759092511592141e-06 -6.071394270930929e-08
5.828723107565757e-06 3.185943327194054e-06 -1.763233622394637e-06 -5.261820138490312e-07
8.073667571954917e-06 1.116413137484840e-06 -2.579846608230357e-06 1.964707092087089e-07
6.249272516054366e-06 4.443027896231505e-06 -1.823401055297983e-06 -1.080001959171730e-06
9.648241657668777e-06 2.163081084569583e-06 -3.154504270269040e-06 -1.720144599963605e-07
6.967180291742272e-06 3.223061972889636e-06 -2.125502344544971e-06 -5.327527027619731e-07
8.670240515726028e-06 3.321203049896540e-06 -2.797088467347147e-06 -5.933488276107881e-07
6.833483807664360e-06 5.652869486344786e-06 -2.031022438570523e-06 -1.651095343328086e-06
1.027831250727218e-05 3.323754973096156e-06 -3.437808466130224e-06 -5.961414980030887e-07
9.776331873051175e-06 4.489550642247915e-06 -3.260539056596217e-06 -1.100943714132458e-06
8.566917738549905e-06 5.228443304309412e-06 -2.758187394730967e-06 -1.456961386328121e-06
7.564500305749083e-06 6.828824747815133e-06 -2.303589985514143e-06 -2.158272857089381e-06
8.462979188096842e-06 7.941557655964150e-06 -2.673671525980098e-06 -2.655693422051867e-06
1.114661604168157e-05 4.408239305279585e-06 -3.869793241293486e-06 -1.045045628664418e-06
1.053245522045455e-05 5.824102946744445e-06 -3.603239322566705e-06 -1.673914594216148e-06
9.805269664961178e-06 7.504753736179163e-06 -3.278427886816287e-06 -2.444195624359218e-06
9.493946912869091e-06 8.974517299780083e-06 -3.126288909806659e-06 -3.175994080782466e-06
1.222302627456654e-05 5.374724111549877e-06 -4.381664136870673e-06 -1.420072153558836e-06
1.190167481938957e-05 7.500431399714058e-06 -4.228159685382424e-06 -2.455468129062982e-06
1.066931078841050e-05 9.888789587882256e-06 -3.670887364065932e-06 -3.653183821250327e-06
1.198105824938806e-05 1.068439874150450e-05 -4.302960225584261e-06 -4.097460618300563e-06
1.339581590240689e-05 1.134879590225537e-05 -4.992313161162235e-06 -4.487751048466312e-06
1.350589226519571e-05 7.963230432061366e-06 -5.062517519616784e-06 -2.695581966635031e-06
1.349182313493193e-05 6.184089419912585e-06 -5.050551998637529e-06 -1.773267174261823e-06
1.318416060199111e-05 9.760172012219269e-06 -4.875570777254986e-06 -3.650203107326589e-06
1.491230852246987e-05 1.184070485221224e-05 -5.758430159867310e-06 -4.785485301401078e-06
1.650673391764490e-05 1.216714998598458e-05 -6.663333103401502e-06 -4.979761238224824e-06
1.480640607531916e-05 8.362595439200996e-06 -5.766254001091675e-06 -2.898700736462995e-06
1.493118365301948e-05 6.777326753399187e-06 -5.848795524079215e-06 -2.049706476513086e-06
1.814411945215619e-05 1.230680129272046e-05 -7.625727760186266e-06 -5.052494431148393e-06
1.630083394117484e-05 9.860024786837283e-06 -6.551550588683696e-06 -3.685728951934372e-06
1.649367414374432e-05 7.125829055279333e-06 -6.711011842507171e-06 -2.219503651632181e-06
1.850162999662296e-05 1.011471972736627e-05 -7.813354447783930e-06 -3.842805656511015e-06
1.999464813401058e-05 1.236165037969869e-05 -8.669099736221531e-06 -5.086665362096094e-06
1.812886351598207e-05 7.224388097207334e-06 -7.619893356194041e-06 -2.273673985654702e-06
2.258618069958921e-05 1.241720219290546e-05 -1.012312849637907e-05 -5.070415638136432e-06
2.051776275939042e-05 8.855564858561378e-06 -8.945105852068142e-06 -3.170847251830286e-06
1.999115478072857e-05 7.171577593057170e-06 -8.643148946586474e-06 -2.272965648971460e-06
2.625794991358178e-05 1.250344623198040e-05 -1.207446658688140e-05 -5.004535411216314e-06
2.441655290295863e-05 9.554949461335791e-06 -1.109396542232085e-05 -3.536576889221486e-06
2.258708146885728e-05 7.102171695655968e-06 -1.009186697260214e-05 -2.283623161801394e-06
3.126383833685271e-05 1.259944790535579e-05 -1.429008114342651e-05 -4.894930072466780e-06
2.873386220218060e-05 9.766217595136948e-06 -1.315748737581697e-05 -3.678725716783035e-06
2.625781283109431e-05 7.021961935809771e-06 -1.195281535865277e-05 -2.348728298941389e-06
3.663814660109090e-05 1.268452655142752e-05 -1.639860860907575e-05 -4.733769330626874e-06
3.392504294395181e-05 9.767975864312960e-06 -1.533209615518999e-05 -3.688632695987097e-06
3.126313094801423e-05 6.933750374146921e-06 -1.418459671078119e-05 -2.472486253713301e-06
4.215611570467626e-05 1.275946486406104e-05 -1.839536175774673e-05 -4.783398926309443e-06
3.937388596131488e-05 9.770476169797097e-06 -1.736290200191766e-05 -3.695767537571375e-06
3.663710889391540e-05 6.853818409146266e-06 -1.636740653780302e-05 -2.548796194616934e-06
4.779945463688083e-05 1.282321347579318e-05 -2.052167683649468e-05 -4.890813477737138e-06
4.495804787243145e-05 9.772988879817195e-06 -1.942164876416199e-05 -3.679114594131679e-06
4.215513640311922e-05 6.783966784341843e-06 -1.845230184904736e-05 -2.521995182835126e-06
5.354618265863911e-05 1.287470387915621e-05 -2.288587847585228e-05 -5.011551052974411e-06
5.065700966154255e-05 9.775241891157631e-06 -2.168510943458302e-05 -3.682488891959691e-06
4.779860367202728e-05 6.725026621348964e-06 -2.062136607633745e-05 -2.434489621286197e-06
5.937386825255755e-05 1.291423844676790e-05 -2.553238487777018e-05 -5.230093028010058e-06
5.644796764368400e-05 9.777089611651065e-06 -2.412825651555738e-05 -3.671335780948798e-06
5.354558523347961e-05 6.677752451549224e-06 -2.294026024504233e-05 -2.378503562003061e-06
6.526166472683071e-05 1.294335352886975e-05 -2.854092728584888e-05 -5.494572103933972e-06
6.230884296375560e-05 9.778586947396692e-06 -2.694174093499499e-05 -3.718890177039313e-06
5.937320634599611e-05 6.641650960810710e-06 -2.553015575235384e-05 -2.191725979284897e-06
7.119261120380199e-05 1.296404949300509e-05 -3.202473222060618e-05 -5.701704222983123e-06
6.822070710367500e-05 9.779820918053816e-06 -3.020525268016750e-05 -3.756969873711138e-06
6.526089039227798e-05 6.615157763559216e-06 -2.858577872922171e-05 -1.981020185841156e-06
7.715330215360523e-05 1.297773511474503e-05 -3.589491826714861e-05 -5.903255204056238e-06
7.416875039021382e-05 9.780678612603976e-06 -3.393312204908167e-05 -3.793428874203337e-06
7.119198113943888e-05 6.596465109154158e-06 -3.207784758885308e-05 -1.793961245614032e-06
8.996630447101378e-05 1.263460295888376e-05 -4.455689116545047e-05 -5.747343123288573e-06
8.911645060846508e-05 1.298658175077306e-05 -4.398503433650561e-05 -5.983793857060229e-06
7.982919560656968e-05 9.781277772447350e-06 -3.771243669760705e-05 -3.819100837403406e-06
8.313150033354959e-05 1.298491887869831e-05 -3.992505389276721e-05 -6.004745791517768e-06
7.715286999726266e-05 6.584198449244886e-06 -3.595504701864880e-05 -1.687336721272187e-06
9.031832950191166e-05 1.178481214120629e-05 -4.479535834472132e-05 -5.177002461310306e-06
8.830694407676666e-05 9.781611284012309e-06 -4.345381799537016e-05 -3.841633415764459e-06
8.313139831893009e-05 6.577976531922887e-06 -3.993230592343696e-05 -1.664023788552175e-06
9.031826513629691e-05 7.778452977100578e-06 -4.482920711590669e-05 -2.487251130290075e-06
8.911636572578203e-05 6.576663502961802e-06 -4.401452804487596e-05 -1.669479212907568e-06
8.996623186755524e-05 6.928650360887168e-06 -4.459142555715441e-05 -1.909357209453476e-06
