7.865341649376376e-05 -1.140804333217784e-05 1.799435086797553e-06 -6.072755064185509e-07
7.895461308871965e-05 -1.068090117329158e-05 1.723753853926971e-06 -7.873339047620672e-07
7.895461151372296e-05 -7.252978500911056e-06 1.729795608634966e-06 -1.632358359398080e-06
7.865341901996484e-05 -6.525836460363719e-06 1.802538747718619e-06 -1.800998107408739e-06
7.792626397892955e-05 -1.170923275426136e-05 1.982084512624634e-06 -5.333013608624433e-07
7.656231351964296e-05 -8.966913842066001e-06 2.342981068581503e-06 -1.210206517888820e-06
7.792627436691261e-05 -6.224643014509545e-06 1.976429549298674e-06 -1.870241463400967e-06
7.280608435099510e-05 -1.170885196390673e-05 3.308166025366766e-06 -5.938942372831219e-07
7.280602774343722e-05 -6.224499009660872e-06 3.332554415403967e-06 -1.849929571454346e-06
6.997935197134279e-05 -8.966342841769385e-06 3.969217310005088e-06 -1.263776007016707e-06
6.768625983542599e-05 -1.170701342751995e-05 4.351366393908307e-06 -7.385969106951271e-07
6.768590801553129e-05 -6.224991979606663e-06 4.372041627197012e-06 -1.650563516418288e-06
6.512705653857306e-05 -8.965562627608466e-06 4.786745899728062e-06 -1.287510070925150e-06
6.257001780041698e-05 -1.170236219049278e-05 5.146319893974160e-06 -8.580279180469924e-07
6.256917638054849e-05 -6.227761875792781e-06 5.026116607257797e-06 -1.504080825558767e-06
6.001384286070953e-05 -8.964301786705500e-06 5.340365398713857e-06 -1.269083450913723e-06
5.746296565510267e-05 -1.169238427013748e-05 5.771750222133130e-06 -8.876860581171957e-07
5.746199967554192e-05 -6.234725588818345e-06 5.393056214891245e-06 -1.464644582457187e-06
5.491472595329966e-05 -8.962663758841373e-06 5.859524608450470e-06 -1.233671408500806e-06
5.237711865018227e-05 -1.167374688140788e-05 6.330405961097653e-06 -9.693667625361735e-07
5.237594740929876e-05 -6.249511273387954e-06 5.792972561346458e-06 -1.420370803753001e-06
4.984502255130366e-05 -8.960522725279674e-06 6.364974458448600e-06 -1.174097721465880e-06
4.733116282780574e-05 -1.164354729037244e-05 6.791638244260005e-06 -1.089927500354979e-06
4.733000353519301e-05 -6.275172116151638e-06 6.298038349277981e-06 -1.365438158263510e-06
4.482687191944898e-05 -8.958217844527212e-06 6.599211425856187e-06 -1.120760932065141e-06
4.234900723855054e-05 -1.160098823371853e-05 6.842208812652289e-06 -1.299731270555172e-06
4.234791204338432e-05 -6.313031582591489e-06 6.539668353594815e-06 -1.172330747052597e-06
3.988439754779683e-05 -8.955752564777903e-06 6.308347666646932e-06 -1.093463593605374e-06
3.745341867593179e-05 -1.154672132502496e-05 6.376685122213702e-06 -1.458911246671632e-06
3.745222017254667e-05 -6.361845617197295e-06 6.348294712526002e-06 -9.408843509773140e-07
3.503891156987975e-05 -8.952889039026794e-06 5.694952289284847e-06 -1.107415224482654e-06
3.266473736725757e-05 -1.148183813174419e-05 5.544712961848318e-06 -1.495020636220689e-06
3.266312480832906e-05 -6.420818604183454e-06 5.750741132558636e-06 -8.038202141959165e-07
3.030956030351724e-05 -8.949803847715244e-06 5.048381664420419e-06 -1.140848839571436e-06
2.800015092157100e-05 -1.140788703904120e-05 4.767117810237186e-06 -1.368865302382201e-06
2.799805958781799e-05 -6.488941842330228e-06 5.018937454667302e-06 -7.975071546249778e-07
2.580342517905411e-05 -8.946254079574885e-06 4.548140379891200e-06 -1.119050125452396e-06
2.365469022977675e-05 -1.132827532324210e-05 4.313330565442679e-06 -1.276246537252434e-06
2.365256792539726e-05 -6.565344900649148e-06 4.420779156234690e-06 -8.326358533238960e-07
2.205514863252860e-05 -9.126047699086883e-06 4.249437792161958e-06 -1.115171687835582e-06
2.046565220702787e-05 -1.125905536387202e-05 4.160429401187438e-06 -1.277435123609590e-06
2.046264656363337e-05 -6.631663684316033e-06 4.122232041852323e-06 -8.014463076457643e-07
1.820685501526997e-05 -1.120264777588378e-05 3.925261690426344e-06 -1.298916322106410e-06
1.863124496763283e-05 -9.719449903488838e-06 3.959475943619520e-06 -1.172680328403089e-06
1.820369053351082e-05 -6.671529526983023e-06 3.942136103687794e-06 -8.666311084241327e-07
1.659468455821700e-05 -6.712708679832848e-06 3.770577776148245e-06 -8.116159717517560e-07
-2.629036805555404e-06 -2.342844903748882e-07 -7.779580421609317e-07 5.910610787474606e-07
-2.681946131402758e-06 -1.071011703175547e-07 -7.903222143399737e-07 6.157544104574007e-07
-2.681682657394740e-06 3.670136890821222e-07 -7.986353064519836e-07 7.079741174939698e-07
-2.629020469507661e-06 4.925930147284181e-07 -7.874063390126169e-07 7.385398889641277e-07
1.659114951421514e-05 -1.116457155201724e-05 3.830783221751381e-06 -1.310635806100244e-06
1.515624915717872e-05 -1.104897690306567e-05 3.624046555033725e-06 -1.359041834597795e-06
1.625572583218936e-05 -8.384641212389747e-06 3.752044381440114e-06 -9.466711340383852e-07
1.514553011063639e-05 -6.629194969224763e-06 3.624431276455821e-06 -7.656678602754598e-07
-2.502371899329561e-06 -2.868485701162370e-07 -7.502109002725983e-07 5.808602136564452e-07
-2.374456068523387e-06 2.330499337429359e-07 -7.232029741958979e-07 6.804305157586054e-07
-2.503335947352078e-06 5.450574466126948e-07 -7.562705879232627e-07 7.546300522694927e-07
1.469178680249770e-05 -9.683589316047444e-06 3.557185915574851e-06 -1.184830839019935e-06
1.375845266908905e-05 -1.076588692204846e-05 3.432840499572861e-06 -1.350709254145312e-06
1.242454594456042e-05 -1.034160610088737e-05 3.184578457978379e-06 -1.276943610359694e-06
1.426154982323303e-05 -7.828035933093747e-06 3.478455325617187e-06 -9.109452679995846e-07
1.377510568187354e-05 -6.311553833829936e-06 3.377486958795640e-06 -6.545766327516096e-07
-1.643040298184212e-06 -2.996601964419107e-07 -5.195295083690074e-07 5.730888867278783e-07
-1.642189162929837e-06 5.601717886060903e-07 -5.005775519684972e-07 7.922574713244625e-07
-1.197650828248910e-06 1.307101484492751e-07 -3.974661534450881e-07 6.985051330982833e-07
1.117147377192236e-05 -9.766412753777836e-06 2.946299299534236e-06 -1.188367453794658e-06
1.224104201508150e-05 -8.947114553587049e-06 3.128655191257097e-06 -1.072413250391096e-06
1.269974355986442e-05 -7.212831664011686e-06 3.226975332118403e-06 -7.575692943554214e-07
1.251201414717926e-05 -5.777891130081426e-06 3.239951930159239e-06 -5.506829775116888e-07
-7.167423799403992e-07 -3.756422587730783e-07 -2.636650616848477e-07 5.438781047963808e-07
-7.166356244129441e-07 6.376421529083523e-07 -2.807279972816361e-07 8.530547675798356e-07
-1.717646587220413e-07 1.312808348427996e-07 -9.629978935093845e-08 7.058509661297277e-07
1.000420033215087e-05 -9.069707185615471e-06 2.750855899443191e-06 -1.127729925908859e-06
8.948269859563741e-06 -8.261628781782851e-06 2.529517483059455e-06 -9.660121716205223e-07
1.110413403048523e-05 -6.944680899298737e-06 2.953713924723242e-06 -7.113331206377140e-07
1.138937681979075e-05 -5.045168058078667e-06 3.046369911401241e-06 -4.321418342931307e-07
4.512176161443739e-07 -5.417326647238009e-07 7.954032023508053e-08 5.343154625330225e-07
4.514815553961092e-07 8.049322614818250e-07 9.633320739351376e-08 9.127237531126749e-07
9.216664553734421e-06 -7.028410016790539e-06 2.580804401501662e-06 -7.194228570757949e-07
8.011717389803154e-06 -7.344994726835854e-06 2.345295745173326e-06 -7.855757457658091e-07
9.662258626668352e-06 -5.650909985092989e-06 2.696444051633436e-06 -5.051877181402951e-07
1.043504821134168e-05 -4.157439842196005e-06 2.850126359595080e-06 -2.406973030210710e-07
1.135040739365304e-06 1.317051571421354e-07 2.996901318324516e-07 7.296166063356834e-07
1.945861942985686e-06 -7.830693972184569e-07 5.868054503734867e-07 4.065235004812436e-07
1.944660056998640e-06 1.048705508221426e-06 5.872707899093312e-07 1.043135054861518e-06
7.189295119673293e-06 -6.345815779531631e-06 2.196024410101400e-06 -6.596582868292586e-07
6.508762685501087e-06 -5.292424263162430e-06 2.055393542105616e-06 -4.700085403427542e-07
5.967053930040663e-06 -4.177242462750834e-06 1.970119837328686e-06 -2.699117517697878e-07
8.756686513622684e-06 -4.419921044668508e-06 2.570354605998874e-06 -3.099928457533913e-07
9.669738698647954e-06 -3.153578947871144e-06 2.752534339661988e-06 -1.094929401715781e-07
2.596801472447199e-06 1.293277154978107e-07 8.105510598227372e-07 7.326845478913693e-07
3.394263813179143e-06 -1.021821120032113e-06 1.064502900538574e-06 3.426133703929200e-07
3.394431816328313e-06 1.297996328187066e-06 1.047481384626041e-06 1.104203008354087e-06
7.108261921882099e-06 -4.175778608512776e-06 2.176183919280350e-06 -2.639505173295512e-07
5.555303388388265e-06 -3.026295339323400e-06 1.889049462429029e-06 -6.811257950838531e-08
4.708789079236467e-06 -1.224902050986455e-06 1.500465725753769e-06 2.939986154826578e-07
5.092108909840003e-06 -1.428487682231950e-06 1.633350686816470e-06 2.509540304497556e-07
5.297292156619678e-06 -1.843971143825743e-06 1.732082479446592e-06 1.662761631088286e-07
8.125251102807979e-06 -3.006121966192350e-06 2.391147914276047e-06 -4.636875548832631e-08
9.101424550255465e-06 -2.077240881554791e-06 2.600097244774721e-06 1.572418339633287e-07
4.110885171074450e-06 -3.959860879370517e-08 1.282830201173599e-06 6.825777256732765e-07
4.711298855289031e-06 1.478268753287026e-06 1.432939013707828e-06 1.139446602337097e-06
6.345682674788414e-06 -2.211715061598083e-06 2.018173965884018e-06 7.567661652991239e-08
5.117243639732117e-06 -6.142721381889858e-07 1.614823613112113e-06 4.772291640498111e-07
5.571683422273414e-06 -1.284465827376006e-06 1.776970170757707e-06 2.908408632039289e-07
7.671601125453092e-06 -1.743456152090327e-06 2.313360336098426e-06 1.934214820522355e-07
8.749181308024533e-06 -9.733910486219058e-07 2.588075547854637e-06 3.653279728440186e-07
5.141921569905016e-06 6.987678682504798e-07 1.584150786575694e-06 8.863733065132588e-07
5.085652128963281e-06 1.675906004487741e-06 1.540097903034479e-06 1.193336372082779e-06
6.583859809927049e-06 -3.432461889586121e-07 2.063334486006734e-06 5.258110088884642e-07
8.630190287450311e-06 1.340804208361545e-07 2.632787995934777e-06 6.944668107921827e-07
8.749363326274528e-06 1.228942803412289e-06 2.776147979085920e-06 1.051455165081601e-06
5.917712420700059e-06 1.410935416035867e-06 1.816221388510419e-06 1.090712964078487e-06
5.302480869102125e-06 2.101881205835362e-06 1.592818190950508e-06 1.334800721464044e-06
5.566486269757796e-06 3.281494901468822e-06 1.636858661058279e-06 1.782503108751793e-06
7.649018544336288e-06 1.364988082036044e-06 2.397255709680170e-06 1.061213207387386e-06
5.968080743800926e-06 4.434771657882454e-06 1.731189497146122e-06 2.287587984283140e-06
9.100656327500624e-06 2.338284284299864e-06 3.000961067843912e-06 1.436517611952235e-06
6.624567904631454e-06 3.319374586997802e-06 2.023641870673654e-06 1.785412544707025e-06
8.195907897365618e-06 3.410312827901855e-06 2.662614740788477e-06 1.852165101199336e-06
6.514442406655779e-06 5.540331372887428e-06 1.924114159930758e-06 2.796126896863644e-06
9.666243113084812e-06 3.413080952067914e-06 3.325429280338441e-06 1.875550912973829e-06
9.203948714868567e-06 4.482602621860431e-06 3.138291499915256e-06 2.330627113413955e-06
8.103078152639217e-06 5.155760398764250e-06 2.625506671120051e-06 2.624365050819517e-06
7.191823948659209e-06 6.603907841616266e-06 2.187269506456614e-06 3.298903906234963e-06
8.013047776510722e-06 7.602803112143424e-06 2.551052423327966e-06 3.807800923861002e-06
1.044244365032181e-05 4.411634285134860e-06 3.734293303413438e-06 2.287058044961036e-06
9.886536842726621e-06 5.695742218684896e-06 3.467796809955846e-06 2.884051760741468e-06
9.230746271889985e-06 7.209006006198556e-06 3.132957034358964e-06 3.616222280624350e-06
8.950607188562202e-06 8.521691288140189e-06 2.987921470726786e-06 4.310263639702585e-06
1.140220303468531e-05 5.295444254612254e-06 4.258316616835888e-06 2.669441709913358e-06
1.111358116026322e-05 7.203303580183688e-06 4.112749407260938e-06 3.630159003889410e-06
1.001007703792158e-05 9.331519595839132e-06 3.522993864091144e-06 4.766234932170361e-06
1.118178510307178e-05 1.002954545781513e-05 4.168640095614145e-06 5.182197679945446e-06
1.243905509547305e-05 1.060478023286139e-05 4.872740765297954e-06 5.513508668059029e-06
1.253949499382232e-05 7.616165544283521e-06 4.885203455433273e-06 3.859620851670361e-06
1.252810574166224e-05 6.030298704055587e-06 4.861939895038961e-06 2.995398340019110e-06
1.225523195280672e-05 9.207686996508853e-06 4.754497716639552e-06 4.737918583563934e-06
1.377727935907884e-05 1.102832480361501e-05 5.647256623933333e-06 5.749911706343583e-06
1.517591354905316e-05 1.130351423734744e-05 6.448267245575341e-06 5.923150231851835e-06
1.368822956942803e-05 7.971570884276305e-06 5.540219283534017e-06 4.051303732894890e-06
1.379704948829269e-05 6.570087089551952e-06 5.603135183631325e-06 3.244224801256412e-06
1.660757008269047e-05 1.141562979525351e-05 7.318469920892373e-06 5.994910875043883e-06
1.500147007307802e-05 9.287315425785224e-06 6.318031239676122e-06 4.792145171206054e-06
1.516797534649273e-05 6.891187879597894e-06 6.421483943452632e-06 3.366908212816854e-06
1.692119214765675e-05 9.507595506868764e-06 7.530574326416666e-06 4.887739442196585e-06
1.821474005924733e-05 1.145160958284146e-05 8.284178951384582e-06 5.988600794691108e-06
1.659738537833185e-05 6.987147454650885e-06 7.328975127099900e-06 3.381662127864257e-06
2.045551675720469e-05 1.148785498448649e-05 9.590617864095568e-06 6.000251004129129e-06
1.867199861458333e-05 8.414859430503890e-06 8.595884323156798e-06 4.229765277242852e-06
1.821231297619499e-05 6.952748707131376e-06 8.320265259732645e-06 3.353981873885358e-06
2.360624129423565e-05 1.154341443474922e-05 1.140744749943163e-05 6.022787113026433e-06
2.203139623699091e-05 9.020834131890387e-06 1.054155330315252e-05 4.568161590286486e-06
2.045598624471838e-05 6.907763317413964e-06 9.641636830394126e-06 3.341825640173236e-06
2.786623403852418e-05 1.160386713888818e-05 1.382522114108083e-05 6.000942783161691e-06
2.571924847074995e-05 9.202090451617573e-06 1.267078816421266e-05 4.645127360343367e-06
2.360608140106223e-05 6.856260094756247e-06 1.149457619574977e-05 3.306619286882298e-06
3.240344802282303e-05 1.165602967091894e-05 1.641031190275626e-05 5.982772190450026e-06
3.011898510798469e-05 9.202963508563647e-06 1.514518778017531e-05 4.591478886039206e-06
2.786588276435473e-05 6.800599245764788e-06 1.391722569760339e-05 3.259961414882288e-06
3.702789566376388e-05 1.170106748004808e-05 1.909550959517528e-05 6.001214849193291e-06
3.470176164025906e-05 9.204159568915116e-06 1.776025572645878e-05 4.535844182905875e-06
3.240297734154529e-05 6.751052586545958e-06 1.647695100321935e-05 3.172874801950272e-06
4.172824328778610e-05 1.173924926172886e-05 2.191399842184602e-05 6.016374368818063e-06
3.936628718323171e-05 9.205177516953442e-06 2.047532692003254e-05 4.493890197032009e-06
3.702769684672170e-05 6.708243929930956e-06 1.911444580798500e-05 3.087799709801113e-06
4.649142561994687e-05 1.177034456688800e-05 2.487113537567016e-05 6.075071740898880e-06
4.410031472751976e-05 9.206303473944441e-06 2.333028034789349e-05 4.467953907045422e-06
4.172795243825866e-05 6.672175287060879e-06 2.185054731428279e-05 2.986817547563330e-06
5.130359777477679e-05 1.179371550933613e-05 2.789202016299477e-05 6.101539224747116e-06
4.889047031606013e-05 9.207426081986661e-06 2.633731642410404e-05 4.474535241621362e-06
4.649124580100913e-05 6.643346506977465e-06 2.478011288934228e-05 2.868658199579473e-06
5.614961820665421e-05 1.180942670419437e-05 3.103140582068331e-05 6.215409157435743e-06
5.372198654646373e-05 9.208681824083462e-06 2.943300356196150e-05 4.459971213637902e-06
5.130327738952064e-05 6.622348282479978e-06 2.785607798085035e-05 2.767224232813098e-06
6.101535787918259e-05 1.181800958379978e-05 3.440478990824059e-05 6.327650379469867e-06
5.858013248169887e-05 9.209864509837116e-06 3.271308256470115e-05 4.450025998303621e-06
5.614931100693777e-05 6.609136362189474e-06 3.107371899238567e-05 2.692818188111721e-06
6.588891878143677e-05 1.182129900525268e-05 3.799957510831792e-05 6.396768043977449e-06
6.345147232195638e-05 9.210792217667311e-06 3.619259244829890e-05 4.430004363992549e-06
6.101511228042349e-05 6.602701204292920e-06 3.447659057282147e-05 2.587560450820599e-06
7.632796027887212e-05 1.153488800736656e-05 4.575025157355860e-05 6.162415568593531e-06
7.563590951748267e-05 1.182155227955563e-05 4.524121333481919e-05 6.372534940203515e-06
6.807245918641698e-05 9.211284896865433e-06 3.962085199162220e-05 4.443635393995841e-06
7.076320721820956e-05 1.182167970564140e-05 4.165777100081158e-05 6.365392294262027e-06
6.588888259039301e-05 6.600817059451973e-06 3.797837426930325e-05 2.530215031994871e-06
7.661461835571519e-05 1.084282857120873e-05 4.596048958905498e-05 5.653798705178690e-06
7.497712375566972e-05 9.211651349396830e-06 4.474155960194498e-05 4.450917137337461e-06
7.076318916841155e-05 6.601319878936169e-06 4.162402939400804e-05 2.506122687185593e-06
7.661469801077308e-05 7.580436559814158e-06 4.592618642419815e-05 3.269124618237811e-06
7.563597160267423e-05 6.601671048711084e-06 4.520137667490316e-05 2.549461324459635e-06
7.632803843921552e-05 6.888348338839886e-06 4.571308742337194e-05 2.760455828013045e-06
