7.988705744638833e-05 -1.233792169464585e-05 -2.757851990255071e-06 2.255656594393972e-07
8.017114950722049e-05 -1.165205597596011e-05 -2.820919273962021e-06 5.680046140822255e-08
8.017095568540742e-05 -8.418679065542295e-06 -2.698909007051704e-06 -8.893983382138506e-07
7.988683923032473e-05 -7.732804646385945e-06 -2.619392268548761e-06 -1.070352558942156e-06
7.920118775581195e-05 -1.262201229452242e-05 -2.593939763716865e-06 2.948101466816144e-07
7.791454975268634e-05 -1.003533599444601e-05 -2.093380442191417e-06 -4.380816838311565e-07
7.920093949212956e-05 -7.448710786203390e-06 -2.432114720288691e-06 -1.145006025277436e-06
7.437181765875992e-05 -1.262156926184128e-05 -1.229985794125275e-06 2.526647439168292e-07
7.437147978190763e-05 -7.449043050691509e-06 -9.938056677152118e-07 -1.149176428394426e-06
7.170544014023816e-05 -1.003523030274569e-05 -4.588405529560885e-07 -4.239960570788099e-07
6.954315272145820e-05 -1.261934233393828e-05 1.311100000116848e-07 2.208452424748303e-07
6.954278867408442e-05 -7.450833110268746e-06 3.700461843719108e-07 -1.033003150349664e-06
6.713044965201438e-05 -1.003471021735048e-05 5.988815801760510e-07 -4.477232133473016e-07
6.472113644137325e-05 -1.261331531444875e-05 1.282707906512660e-06 4.756963441070816e-08
6.472075659893539e-05 -7.455336764667478e-06 1.278059699865735e-06 -8.887754196152698e-07
6.231378627998434e-05 -1.003385439604400e-05 1.471286124911809e-06 -4.229492260038724e-07
5.991255512618107e-05 -1.260328476373571e-05 1.961399724239966e-06 -1.580163438836519e-07
5.991160807802439e-05 -7.463048813514375e-06 1.950133070036602e-06 -6.871473957579901e-07
5.751382221729071e-05 -1.003263421085478e-05 1.953337955730480e-06 -4.170489428072402e-07
5.512327973191994e-05 -1.259059714630665e-05 2.220077011643783e-06 -3.726207889329446e-07
5.512195396163885e-05 -7.473040695187555e-06 2.309321487790769e-06 -5.344918090931204e-07
5.273552968919586e-05 -1.003105871999482e-05 2.056040357313083e-06 -4.360908940879497e-07
5.035724861912534e-05 -1.257565045581405e-05 2.085294850483780e-06 -5.915575696338470e-07
5.035579729442298e-05 -7.484720617027958e-06 2.306611625072629e-06 -3.587044628354843e-07
4.798224841729126e-05 -1.002934687981285e-05 1.825628482691595e-06 -4.562717641001705e-07
4.561782394729874e-05 -1.255860621317996e-05 1.679787090750611e-06 -7.406360552019014e-07
4.561651365744640e-05 -7.498488195331980e-06 1.953852841153847e-06 -2.197881726700370e-07
4.325736085808912e-05 -1.002759271731422e-05 1.440044074997119e-06 -4.953842402046935e-07
4.090839564033371e-05 -1.253987477191852e-05 1.131218039447698e-06 -7.775140164095966e-07
4.090758558669595e-05 -7.514100372231571e-06 1.330494445877745e-06 -2.508385685521863e-07
3.856442513741876e-05 -1.002589693237741e-05 9.711753045758671e-07 -5.247163888877438e-07
3.623293058416935e-05 -1.251901054809915e-05 5.628233378176522e-07 -7.295767057379460e-07
3.623284829780197e-05 -7.531744140016206e-06 8.088866476996168e-07 -3.371188015862485e-07
3.390764278145527e-05 -1.002415576780895e-05 6.155851315690559e-07 -5.456688826652891e-07
3.159582843734894e-05 -1.249522827430456e-05 2.928651833879780e-07 -6.031850583098780e-07
3.159618925313642e-05 -7.551721047386187e-06 5.309318484166267e-07 -4.573975331904657e-07
2.938409486590391e-05 -1.002230001831483e-05 4.595602488703255e-07 -5.737844410069584e-07
2.718610155641803e-05 -1.247002808663823e-05 3.397472457546941e-07 -4.841894285269412e-07
2.718609785679136e-05 -7.573972987766702e-06 4.749215998469428e-07 -5.636192737979987e-07
2.554197817517818e-05 -1.021101229662224e-05 5.168548570773353e-07 -5.725907416800883e-07
2.387624751014370e-05 -1.244799091043372e-05 5.759358292794377e-07 -4.044265430085675e-07
2.387529377894548e-05 -7.593847257753524e-06 5.944786653526773e-07 -6.336137815913132e-07
2.148680341789887e-05 -1.242937890029623e-05 7.041130788304544e-07 -4.144118198766362e-07
2.194867233689696e-05 -1.084400925394353e-05 6.813789869929984e-07 -5.213031561949021e-07
2.148524318992259e-05 -7.606252727680112e-06 6.639384799743442e-07 -6.468530411674936e-07
1.975850676939949e-05 -7.619928570648464e-06 7.976895478047170e-07 -6.586248781719467e-07
-3.325133712021995e-06 2.907166607131385e-07 -3.497334931206701e-07 -4.113719807823131e-07
-3.390988793350562e-06 4.488442790817708e-07 -3.570275473028796e-07 -3.943815038184380e-07
-3.390726788836727e-06 1.038843243095759e-06 -3.585310974261806e-07 -3.379400015126292e-07
-3.325161580341945e-06 1.195266358422937e-06 -3.520235072711386e-07 -3.228193024202877e-07
1.975801890247018e-05 -1.241634598361300e-05 8.335256327957157e-07 -4.436116852680189e-07
1.819799154088306e-05 -1.231564730452447e-05 8.739993487080320e-07 -4.883570041118956e-07
1.940547240892172e-05 -9.419890389972170e-06 8.243732607961768e-07 -5.312248366710217e-07
1.819601718883821e-05 -7.498246316091425e-06 9.129197771087478e-07 -6.690631100175920e-07
-3.167648253989684e-06 2.254927925090477e-07 -3.324760078025278e-07 -4.185055737853042e-07
-3.008587832102767e-06 8.727824506652259e-07 -3.234906953072047e-07 -3.531667705387310e-07
-3.168659122934548e-06 1.260873002427881e-06 -3.368995180059320e-07 -3.156806288716493e-07
1.770046081859537e-05 -1.083846546525392e-05 8.968399236793664e-07 -5.378947504036819e-07
1.666492002119674e-05 -1.203631789115260e-05 9.365398195547375e-07 -5.162607037308815e-07
1.518149989877516e-05 -1.158989819401548e-05 9.781621100308290e-07 -5.369539263625878e-07
1.723184546522480e-05 -8.804540737338579e-06 9.386114312556442e-07 -6.036285279354910e-07
1.669298666230561e-05 -7.113628071389014e-06 9.406798610718209e-07 -6.340672792954802e-07
-2.098973334454486e-06 2.102685058589195e-07 -2.366962383658658e-07 -4.219154487226004e-07
-2.097342463401614e-06 1.282343359164324e-06 -2.418773819366739e-07 -2.978295666035287e-07
-1.543563764364960e-06 7.477414266193626e-07 -1.847842763273595e-07 -3.502281026916449e-07
1.376806100585950e-05 -1.097681721589446e-05 9.660303532178061e-07 -5.758003218506200e-07
1.498441315518539e-05 -1.005128645730431e-05 9.832244682295864e-07 -5.779754587757895e-07
1.549759421324574e-05 -8.113001142304226e-06 9.878385515136989e-07 -5.823785067047465e-07
1.529083212011942e-05 -6.481239617237128e-06 1.012563869758244e-06 -6.107264948515258e-07
-9.423537846195063e-07 1.130780193039228e-07 -1.628359264820937e-07 -3.860602678226045e-07
-9.417611187081182e-07 1.384827817887592e-06 -1.347570900636532e-07 -2.603762461296579e-07
-2.571749666992758e-07 7.501908173744941e-07 -8.551886498960544e-08 -2.917618199774682e-07
1.243805639772011e-05 -1.021319210399296e-05 9.493199342981153e-07 -6.183494623960693e-07
1.121372185073031e-05 -9.310144760949610e-06 9.413079053861529e-07 -6.275241064398810e-07
1.369873292594001e-05 -7.806445428052628e-06 9.955208919632138e-07 -5.834282228609265e-07
1.403072472915732e-05 -5.620615317445561e-06 1.021033493614658e-06 -5.887739914180105e-07
5.283716277269894e-07 -9.962008193579941e-08 -9.268656406214275e-09 -3.586624404636287e-07
5.291675894915874e-07 1.602500490850684e-06 1.169023591471146e-08 -1.546711525440804e-07
1.152349690390759e-05 -7.907545131049044e-06 9.533030171209716e-07 -6.063850431388608e-07
1.010883715750811e-05 -8.276407235072246e-06 8.967818258278924e-07 -6.192241233491886e-07
1.204378442456612e-05 -6.314745052276302e-06 9.781360900372159e-07 -5.630696378359306e-07
1.294845892005056e-05 -4.566664952793681e-06 9.857146085251276e-07 -5.029963784124826e-07
1.394063734656705e-06 7.522953951992381e-07 1.001501197629955e-07 -2.381247250888011e-07
2.422518632494734e-06 -4.083121539071319e-07 2.059380183711016e-07 -3.312162100718078e-07
2.421573178938807e-06 1.916985827813475e-06 2.015557267017731e-07 -1.042157830313283e-07
9.130196990920477e-06 -7.131024471125652e-06 8.509223192628539e-07 -5.790939152082759e-07
8.297709557805158e-06 -5.896099424110540e-06 8.252487769842680e-07 -5.606378753765207e-07
7.615182364784925e-06 -4.576894998848660e-06 7.765945789904841e-07 -5.285541764426190e-07
1.098051011426115e-05 -4.871727943611689e-06 9.464001449021100e-07 -5.085818507594879e-07
1.207364130471871e-05 -3.357166342624756e-06 9.806338408908012e-07 -4.677217791111491e-07
3.249358400177018e-06 7.507803814812837e-07 2.746050281128581e-07 -2.020996295454769e-07
4.263422072259228e-06 -7.131479930626901e-07 3.251304390086841e-07 -2.911078501559489e-07
4.263779844042219e-06 2.236739897006561e-06 3.901611422221517e-07 -1.019935642917871e-08
9.007083826452248e-06 -4.581072002184596e-06 8.530103829083036e-07 -5.242119552648321e-07
7.087236554544506e-06 -3.192761328530208e-06 7.202631517257477e-07 -4.636641903992047e-07
5.948957422757317e-06 -9.733948218332973e-07 5.378490531106778e-07 -3.048485706460079e-07
6.449322831636953e-06 -1.229772168921676e-06 5.865319768189391e-07 -3.244431702079775e-07
6.727082690162816e-06 -1.747023472619128e-06 6.307603741125087e-07 -3.592704157736548e-07
1.023317706028923e-05 -3.177766013635799e-06 8.993237304430096e-07 -4.425665145188346e-07
1.142803717402746e-05 -2.040256517865204e-06 9.576125963171475e-07 -3.440652287435349e-07
5.175902547398632e-06 5.377667225284842e-07 4.343372308067428e-07 -1.281516378154613e-07
5.925201153300667e-06 2.465646858308452e-06 4.689873556980184e-07 4.087236793575210e-08
8.048212145634095e-06 -2.207058546510686e-06 7.674226973662099e-07 -3.985329105833338e-07
6.468669437205002e-06 -1.989117833462759e-07 5.671690447030982e-07 -2.294187536118576e-07
7.061338981322976e-06 -1.049108763167689e-06 6.457280209504958e-07 -3.095341086445146e-07
9.684605545686993e-06 -1.630136402473826e-06 8.766030033207097e-07 -3.370295299578786e-07
1.103877080434396e-05 -6.653250010924317e-07 9.926116440329300e-07 -2.678672671072153e-07
6.477317064869522e-06 1.470669634750116e-06 5.186939981938357e-07 -4.598913111134866e-08
6.387068745712320e-06 2.718787491249923e-06 4.900620038081309e-07 7.558247897254139e-08
8.328439644633330e-06 1.244605572247826e-07 7.644734005259113e-07 -2.141184958951744e-07
1.092141731581270e-05 7.323303349422546e-07 1.037044763354347e-06 -1.299406245460772e-07
1.112545450504730e-05 2.137617903641941e-06 1.131256491946525e-06 2.825590576533737e-08
7.452412783739594e-06 2.372342078328001e-06 6.031748388818248e-07 4.141552910710764e-08
6.649236685602865e-06 3.273900953655632e-06 5.022032814479355e-07 1.584377266143834e-07
6.958158926701344e-06 4.830375883235935e-06 5.017740906082878e-07 4.104852757857607e-07
9.693653056395619e-06 2.298542062828470e-06 9.260444981345666e-07 2.401820511946421e-08
7.450226331216531e-06 6.387190582920972e-06 5.253428758907791e-07 7.208174997430893e-07
1.163283831806799e-05 3.572412880729617e-06 1.274214520929538e-06 2.194779252866323e-07
8.342535954262303e-06 4.869340827556421e-06 6.938669433584309e-07 4.128451309560121e-07
1.043611033880913e-05 4.989926877137803e-06 1.076970314009590e-06 4.525427659519751e-07
8.155896354240575e-06 7.893946891355474e-06 6.175196623791788e-07 1.044690693692102e-06
1.243801637617016e-05 4.992758221354249e-06 1.489365701098813e-06 4.567203471377242e-07
1.182012370139317e-05 6.436840122610472e-06 1.388872911158095e-06 7.400324615008614e-07
1.030641766993241e-05 7.360097391178752e-06 1.058166015494632e-06 9.334364711492651e-07
9.050146058457920e-06 9.377646644233965e-06 7.545513647694970e-07 1.419934893423474e-06
1.017012098682968e-05 1.079500608118902e-05 9.945347418786244e-07 1.826976317513559e-06
1.355187128341836e-05 6.330082553545359e-06 1.822628982615866e-06 7.057264267968120e-07
1.277835284099343e-05 8.110281877887632e-06 1.651275805175041e-06 1.123302159854677e-06
1.185825479393871e-05 1.024189621435931e-05 1.413319954951451e-06 1.680990939045106e-06
1.146339518632360e-05 1.212400667910604e-05 1.299069962181454e-06 2.221121868900486e-06
1.493574966298941e-05 7.533548444189915e-06 2.251635601051294e-06 9.555249341185990e-07
1.452828371817655e-05 1.024022483679901e-05 2.162341576357628e-06 1.693745335864764e-06
1.295467796252601e-05 1.330573765829946e-05 1.701476233487286e-06 2.578730022868168e-06
1.463629625851633e-05 1.434400389540086e-05 2.216750857234343e-06 2.923214324933979e-06
1.645887015734607e-05 1.522074122910448e-05 2.786796583939865e-06 3.212401705853375e-06
1.659559658660815e-05 1.083402498258252e-05 2.803278423218512e-06 1.870293159712007e-06
1.657451372093625e-05 8.551081346086813e-06 2.777061103104987e-06 1.197958363636644e-06
1.617979080975489e-05 1.315487933146063e-05 2.687681900633715e-06 2.567444471864390e-06
1.842693473154119e-05 1.587224111374818e-05 3.419757375991895e-06 3.418725085724292e-06
2.050605754116308e-05 1.631084094342430e-05 4.054653211210257e-06 3.543333465724030e-06
1.828230772244838e-05 1.134752317295263e-05 3.340336219756306e-06 2.018904562681992e-06
1.844524891768724e-05 9.296157030146175e-06 3.394276205734550e-06 1.384652092804509e-06
2.264779897704753e-05 1.650417279977207e-05 4.718545590393952e-06 3.588182962416249e-06
2.022987140913203e-05 1.329541357189839e-05 3.966461572756677e-06 2.626947501495913e-06
2.048440410716968e-05 9.729350941639223e-06 4.044663288577844e-06 1.496970941642500e-06
2.311471577177462e-05 1.362997574198326e-05 4.872083101421864e-06 2.714038860430381e-06
2.508007769673416e-05 1.658705608001879e-05 5.465339107167943e-06 3.575416453912142e-06
2.262468222365099e-05 9.845585833169664e-06 4.729299367578824e-06 1.540945881480172e-06
2.849609454355335e-05 1.666885422216549e-05 6.462067954745294e-06 3.568583819958385e-06
2.576585479107133e-05 1.197468721448012e-05 5.683387338776087e-06 2.210990740054346e-06
2.507611318590951e-05 9.762651017050214e-06 5.467776475128992e-06 1.548976822246770e-06
3.335382968682814e-05 1.679193177938414e-05 7.839904661949001e-06 3.627146525868420e-06
3.091534823309067e-05 1.289194924392917e-05 7.149861148710271e-06 2.493029295780040e-06
2.849890378758170e-05 9.656196811254184e-06 6.467418670494540e-06 1.565125611327819e-06
3.999158507628488e-05 1.692084828332975e-05 9.744219929634129e-06 3.681072918728902e-06
3.663647889182816e-05 1.316749823131835e-05 8.795903359497681e-06 2.554450683639038e-06
3.335560434219304e-05 9.536848045464427e-06 7.871118121219311e-06 1.499958145040857e-06
4.711740781000751e-05 1.702594138533103e-05 1.186321887179454e-05 3.718185133821518e-06
4.352227311478591e-05 1.316551065770373e-05 1.077954111112272e-05 2.555689237876963e-06
3.999246420758651e-05 9.410887950964479e-06 9.774363364788943e-06 1.448978062056776e-06
5.441947133779227e-05 1.711082528776312e-05 1.409438648563458e-05 3.735739751792690e-06
5.074176782009309e-05 1.316422190377934e-05 1.295919217656218e-05 2.561162939801867e-06
4.711780019397228e-05 9.303724127179116e-06 1.186480300127040e-05 1.430042101875025e-06
6.186451331938932e-05 1.717799415990642e-05 1.628132329311929e-05 3.689386372802220e-06
5.812086190904206e-05 1.316295590952184e-05 1.518636989801502e-05 2.546967632206945e-06
5.441976938127522e-05 9.216381891348278e-06 1.407831631123997e-05 1.411319056393599e-06
6.942130744888579e-05 1.723048791410519e-05 1.839563358909691e-05 3.656402528473730e-06
6.562653423127558e-05 1.316184825601199e-05 1.731656919787360e-05 2.555273093214672e-06
6.186475274974141e-05 9.146722590169591e-06 1.622706305378342e-05 1.422257485813586e-06
7.706466463241981e-05 1.727085153647125e-05 2.038910125089384e-05 3.657482971087780e-06
7.323039319793824e-05 1.316104546077119e-05 1.936255333230965e-05 2.599486414040839e-06
6.942153615243785e-05 9.092375934293800e-06 1.829907641389113e-05 1.488272635654625e-06
8.477376244706251e-05 1.730080886246446e-05 2.238328945221366e-05 3.735607314534352e-06
8.090981714437734e-05 1.316055902521048e-05 2.131002072888213e-05 2.638294584428537e-06
7.706479129249312e-05 9.050795111015929e-06 2.030071419156857e-05 1.581714133454945e-06
9.252948473959920e-05 1.732100542569944e-05 2.434938552804560e-05 3.724063415291198e-06
8.864535709769816e-05 1.316038500321661e-05 2.334685927429326e-05 2.686776093468282e-06
8.477378400929540e-05 9.020146981058850e-06 2.228665222513876e-05 1.550225459298162e-06
1.003129231361462e-04 1.733210646180809e-05 2.623802688864720e-05 3.708544190604733e-06
9.641794436833137e-05 1.316046999573209e-05 2.528162668709209e-05 2.705592610188846e-06
9.252940859040791e-05 8.999810495052767e-06 2.430578941147151e-05 1.655378225398412e-06
1.170161663365072e-04 1.687867788546796e-05 2.976355902317225e-05 3.435712135893094e-06
1.159085782900261e-04 1.733743962659843e-05 2.954369744598066e-05 3.533870641257198e-06
1.038040610180241e-04 1.316049058367127e-05 2.700661521181497e-05 2.714603043852136e-06
1.081093660781771e-04 1.733660497593061e-05 2.795342307166468e-05 3.627977056882331e-06
1.003128475434608e-04 8.988817362847675e-06 2.617702225255137e-05 1.718152616249905e-06
1.174749441206321e-04 1.577111252781561e-05 2.985225615589587e-05 3.205798392606898e-06
1.148538756795420e-04 1.316043250342162e-05 2.933173714303226e-05 2.682938825897211e-06
1.081093422019762e-04 8.984292046504043e-06 2.793123064359188e-05 1.757170688065906e-06
1.174748753333899e-04 1.054978996693822e-05 2.980635610828900e-05 2.183783508013828e-06
1.159085107681437e-04 8.983477969450084e-06 2.949832461125947e-05 1.865305251675621e-06
1.170160949053109e-04 9.442235560392680e-06 2.971532551526823e-05 1.960402458572375e-06
