7.906920371601765e-05 -1.262254203935258e-05 -2.063299339620674e-06 -6.504434294937042e-07
7.934124788624990e-05 -1.196577898444704e-05 -2.102257388588392e-06 -7.298687175141219e-07
7.934095435605796e-05 -8.869691544591481e-06 -2.255680273511467e-06 -9.693504644567302e-07
7.906887658956113e-05 -8.212944326227141e-06 -2.240788553197460e-06 -1.023835566565373e-06
7.841241947388489e-05 -1.289457463204754e-05 -1.980564065009568e-06 -6.163399463492400e-07
7.718031824057544e-05 -1.041773291509350e-05 -2.006245169060099e-06 -8.192889038971463e-07
7.841206046181933e-05 -7.940924866909556e-06 -2.195242934526625e-06 -1.047610103044676e-06
7.378816381505986e-05 -1.289431760845659e-05 -1.553464824742281e-06 -5.759666448650740e-07
7.378773759069247e-05 -7.941713767557670e-06 -1.819274630645175e-06 -1.075108424130449e-06
7.123562989622530e-05 -1.041830031221040e-05 -1.430205350548254e-06 -8.737867310290327e-07
6.916557226471003e-05 -1.289375409569959e-05 -1.154265188543165e-06 -6.412085576106581e-07
6.916531596659382e-05 -7.943657610149074e-06 -1.324230927631099e-06 -1.106213045065517e-06
6.685508207848539e-05 -1.041864779944075e-05 -9.895915403561945e-07 -8.134768119699283e-07
6.454559960478198e-05 -1.289253374959408e-05 -7.319116226332436e-07 -5.769439302892620e-07
6.454602842763476e-05 -7.945763641884774e-06 -7.082274014243878e-07 -1.009291316240581e-06
6.223721254646928e-05 -1.041932682872681e-05 -5.564686055276890e-07 -8.295697604786942e-07
5.992923139899802e-05 -1.289126389624502e-05 -1.348933907970217e-07 -5.006291016940603e-07
5.992943922020848e-05 -7.947982854591125e-06 -3.044120936183796e-07 -9.809906690650294e-07
5.762222692160518e-05 -1.042001309536540e-05 -1.611885853092044e-07 -7.939311381908502e-07
5.531604424640356e-05 -1.288967556328617e-05 4.076149646360496e-07 -5.588754105980203e-07
5.531584121713564e-05 -7.950664718448706e-06 3.389974231034310e-08 -9.564089438174270e-07
5.301090772806944e-05 -1.042068821310737e-05 2.336541318219242e-07 -7.290870127088976e-07
5.070817586933000e-05 -1.288651020909678e-05 7.457102454539599e-07 -6.650730843002254e-07
5.070756546803989e-05 -7.955111645707027e-06 3.924086496620996e-07 -9.289240120740922e-07
4.840653335950859e-05 -1.042127083891370e-05 5.880148362855502e-07 -7.016132922218064e-07
4.610905701133980e-05 -1.288099769691136e-05 8.764062193032995e-07 -6.824043726382242e-07
4.610832334945675e-05 -7.961743286328700e-06 7.343770043236729e-07 -9.624907797156846e-07
4.381325160798935e-05 -1.042161316380471e-05 9.093950843930948e-07 -7.027853488501808e-07
4.152299333531384e-05 -1.287321872515299e-05 8.485409858358517e-07 -6.960965076212773e-07
4.152240876829440e-05 -7.970550332398118e-06 9.275016842319097e-07 -9.187240753312551e-07
3.923544863669150e-05 -1.042199006350779e-05 1.159994838350735e-06 -7.132729000291204e-07
3.695450425138810e-05 -1.286333323025154e-05 8.797035132483185e-07 -7.309062741431494e-07
3.695426278612474e-05 -7.981348706253846e-06 1.136156503398546e-06 -7.908245536067995e-07
3.467744449331637e-05 -1.042224277573373e-05 1.241184972892158e-06 -7.273530977311492e-07
3.240749771688897e-05 -1.285162881041883e-05 9.280120582580489e-07 -6.978653412231204e-07
3.240767317535445e-05 -7.993428705839953e-06 1.205836037172830e-06 -7.395600885424003e-07
3.023340424348944e-05 -1.042236300899112e-05 1.224649080342930e-06 -7.240966253789477e-07
2.806589005743513e-05 -1.283998008588227e-05 9.936917650139350e-07 -6.530241633223910e-07
2.806637338781062e-05 -8.005635157715164e-06 1.239550842194052e-06 -6.709013003980012e-07
2.644342101475040e-05 -1.061111183833619e-05 1.140619441302528e-06 -7.237192681708379e-07
2.479174613934178e-05 -1.283125911963813e-05 1.052598562177333e-06 -6.875698601665996e-07
2.479187541097966e-05 -8.014786652011839e-06 1.150102906673157e-06 -6.445294059114288e-07
2.241646258236669e-05 -1.282505613751702e-05 1.096908683114253e-06 -6.864986368136096e-07
2.287954675654095e-05 -1.124342261685739e-05 1.098436909939439e-06 -7.255361502060171e-07
2.241633569209102e-05 -8.019820302923147e-06 1.101353536212593e-06 -6.133768720272973e-07
2.069297705950035e-05 -8.024789539413535e-06 1.061492539267255e-06 -6.172543854249383e-07
-3.569890194739755e-06 2.589260241557633e-07 -3.537139671945167e-07 -4.427047096646348e-08
-3.641938419171373e-06 4.319232695930280e-07 -3.584834778869861e-07 -3.774213178804866e-08
-3.641609160305624e-06 1.077654385089263e-06 -3.609809882733248e-07 -4.031915857598718e-09
-3.569853222100117e-06 1.248837323765081e-06 -3.549848508188914e-07 8.588138946340926e-09
2.069252934280612e-05 -1.282116737572991e-05 1.119845424220573e-06 -7.026603809140835e-07
1.912911659759857e-05 -1.272878211992208e-05 1.083316646504723e-06 -7.318394750509948e-07
2.034372649864373e-05 -9.824482449546033e-06 1.063627038162914e-06 -6.953596743609290e-07
1.913136340606252e-05 -7.893220733946113e-06 1.022882533138340e-06 -6.180787226264970e-07
-3.397552550039139e-06 1.875624230963059e-07 -3.437334849023593e-07 -4.642864086494363e-08
-3.223162978801539e-06 8.958206877003297e-07 -3.329023071791977e-07 -7.378203277962941e-09
-3.398554309754835e-06 1.320575444030163e-06 -3.415366532729364e-07 1.732257745884605e-08
1.863313605062215e-05 -1.125018194952603e-05 1.071800093070663e-06 -7.028058556321356e-07
1.758764013738642e-05 -1.245903088718459e-05 9.969203017764819e-07 -7.782112174370296e-07
1.608900150304999e-05 -1.201758639788836e-05 8.967381564953933e-07 -7.816083103819881e-07
1.816386155838712e-05 -9.204627824565290e-06 1.023922598136188e-06 -6.560052007195511e-07
1.762087016040819e-05 -7.494074482334096e-06 9.881972708506898e-07 -5.967062680274297e-07
-2.227591531441183e-06 1.717856849621082e-07 -2.584173923034306e-07 -4.368409390069991e-08
-2.225912037051541e-06 1.342968258003467e-06 -2.563003025806099e-07 4.579400000650550e-08
-1.620968435412205e-06 7.588980162282049e-07 -1.871929953194048e-07 -2.179431521212106e-08
1.465273472413947e-05 -1.140856674622038e-05 8.399282095390179e-07 -7.530895636772607e-07
1.589273162525854e-05 -1.046709731733660e-05 8.964953222450222e-07 -7.034933090124570e-07
1.641311039064979e-05 -8.503784429648590e-06 9.279198383858030e-07 -6.284928731602651e-07
1.620567943530357e-05 -6.840425859184172e-06 9.265888454291615e-07 -5.562969812627267e-07
-9.660325589703892e-07 6.916896149378424e-08 -1.090862112749884e-07 -1.238295623719285e-07
-9.653568329342987e-07 1.451297183474784e-06 -1.184157396334824e-07 4.937838846982218e-08
-2.220994923072896e-07 7.616834210890724e-07 2.220781949451543e-09 -6.127307709072322e-08
1.329618932059773e-05 -1.064212501026334e-05 7.878763715303776e-07 -6.994567700328580e-07
1.203816829161175e-05 -9.728419738482519e-06 7.133419899889611e-07 -6.376610539199843e-07
1.458595547233130e-05 -8.191729003367118e-06 8.723588674792427e-07 -5.929293628464862e-07
1.492829484467836e-05 -5.952256511272509e-06 9.271229989896035e-07 -4.911933650781515e-07
6.285757110482112e-07 -1.568380410261784e-07 8.442070666609697e-08 -1.402480093706187e-07
6.295641177336848e-07 1.683396149123329e-06 8.572249006139210e-08 1.895670147612687e-08
1.235610098952082e-05 -8.298324205611385e-06 7.364437953172946e-07 -5.587230826260241e-07
1.089445322468588e-05 -8.678524966767845e-06 6.359977261217841e-07 -5.734478642360531e-07
1.289282261477780e-05 -6.663012931264779e-06 8.014651761792417e-07 -5.026539657859608e-07
1.382686072345072e-05 -4.859083041677562e-06 9.047664232461578e-07 -4.198590265930735e-07
1.564315607569103e-06 7.645704803402118e-07 1.598010034978773e-07 -6.237443228776952e-08
2.672930617639242e-06 -4.844411499876660e-07 2.808374264328075e-07 -1.634545951622027e-07
2.672399648687448e-06 2.019009956356351e-06 2.589361964873011e-07 1.426293706538239e-08
9.877792780426632e-06 -7.507738232071802e-06 5.742118888611121e-07 -5.203798196515008e-07
9.002453351213875e-06 -6.232600905277951e-06 5.762849078469530e-07 -4.689012005016564e-07
8.275913619933325e-06 -4.864977391442694e-06 5.719846020476718e-07 -4.221215037163584e-07
1.179462595755512e-05 -5.173610859265425e-06 7.606362099582753e-07 -4.454553145488885e-07
1.293392606107716e-05 -3.596151599181357e-06 8.699174274111221e-07 -3.675089963572154e-07
3.563922548862975e-06 7.640970814196153e-07 3.349944627837444e-07 -9.843256479692367e-08
4.653341000279347e-06 -8.071401475593556e-07 3.749032788152111e-07 -1.989500532063482e-07
4.653923378392064e-06 2.359125907530711e-06 3.755653584557915e-07 1.231529871019208e-08
9.738069124634181e-06 -4.871902761752046e-06 6.173219219396394e-07 -4.176036846080052e-07
7.709916267564910e-06 -3.420020910547800e-06 5.546037986493482e-07 -3.971652661859211e-07
6.466511470910957e-06 -1.081736746629079e-06 4.834522455894404e-07 -2.651920751062584e-07
7.007259264550373e-06 -1.353253442779769e-06 5.012399405799296e-07 -2.853085763247290e-07
7.311276838396585e-06 -1.900396170986281e-06 5.166837829642993e-07 -3.160481566575089e-07
1.101987006235035e-05 -3.408240512258319e-06 6.914815996835304e-07 -3.351179493705860e-07
1.227689961056983e-05 -2.211287768042958e-06 7.588248130294703e-07 -2.303614331362076e-07
5.633924085035493e-06 5.369422413618100e-07 4.157105190201102e-07 -1.220231595317905e-07
6.431167610175658e-06 2.601385940036533e-06 4.518595521689495e-07 -1.899423140187111e-08
8.717915052166400e-06 -2.388326873591759e-06 6.084055968331293e-07 -3.309380283874591e-07
7.023250178013685e-06 -2.528099517600005e-07 4.985027759100053e-07 -2.169327315873923e-07
7.662362679444784e-06 -1.160235773927630e-06 5.371466969668829e-07 -2.740503750686161e-07
1.044569459692110e-05 -1.779015762655110e-06 6.720043102455469e-07 -2.435546875572818e-07
1.188547476914475e-05 -7.535557111267847e-07 6.992352394933271e-07 -2.053344851196147e-07
7.024074006858680e-06 1.533994797058238e-06 4.841249665429629e-07 -8.654151737551194e-08
6.920869435581190e-06 2.872183631865962e-06 4.906540316066021e-07 -1.392948610260041e-08
9.008097406399292e-06 8.595197209969936e-08 6.198918962860549e-07 -1.935877529267790e-07
1.177350685816881e-05 7.372048320890282e-07 7.144755611796509e-07 -1.337332178267305e-07
1.200965564097287e-05 2.245879047745870e-06 8.018397712261953e-07 -6.334790803717380e-08
8.062311697280366e-06 2.497736915983846e-06 5.360834222763708e-07 -4.090687189214492e-08
7.196694666197852e-06 3.470002803761391e-06 5.154094353499913e-07 2.385660277270556e-08
7.519020058555566e-06 5.153066673997174e-06 5.302114345420066e-07 1.438455231818840e-07
1.046926285928575e-05 2.414007609118179e-06 7.098824945831308e-07 -7.678793067365921e-08
8.040460072066843e-06 6.845121309759537e-06 5.225142214555477e-07 2.864480666333806e-07
1.257044943298620e-05 3.790180328893494e-06 9.098454871278793e-07 3.896877583792750e-08
9.011173335095931e-06 5.192411875670994e-06 5.781193963062101e-07 1.600307371228239e-07
1.127719728962565e-05 5.324227593901961e-06 8.199196872514863e-07 1.703397109889613e-07
8.799872263569637e-06 8.486756346043865e-06 5.320386183512936e-07 4.366537086054290e-07
1.345495938693759e-05 5.328248363683164e-06 1.020615577990790e-06 1.428004622196900e-07
1.278535732654562e-05 6.898412623019606e-06 9.841491653360914e-07 2.849674641837531e-07
1.113630741659342e-05 7.904136931777191e-06 7.953169924627399e-07 3.977334551005863e-07
9.766776281989772e-06 1.010930441170203e-05 5.796503531990679e-07 6.497801324113861e-07
1.098564492682384e-05 1.166375970386131e-05 6.997650599948449e-07 9.119597770882907e-07
1.467811398992291e-05 6.781235975023991e-06 1.233080049367394e-06 2.624444400686274e-07
1.383350235347235e-05 8.725548765227264e-06 1.140151855263224e-06 5.049144867248122e-07
1.282789494340646e-05 1.105910899940503e-05 9.701305318358751e-07 8.202913653310442e-07
1.239575495603648e-05 1.312499655001844e-05 8.810786064882170e-07 1.165440526169834e-06
1.619746752880705e-05 8.092957882608822e-06 1.473299806536568e-06 4.226037915891577e-07
1.575131298398278e-05 1.105954679653547e-05 1.423024979845595e-06 8.647741878976254e-07
1.402686710575678e-05 1.442607539231458e-05 1.156335838027086e-06 1.380220112604720e-06
1.587077508838238e-05 1.557229200630709e-05 1.454325530310347e-06 1.545476810076806e-06
1.787261324511825e-05 1.654458076437717e-05 1.808437685117311e-06 1.727786767127694e-06
1.802171027333471e-05 1.171223012398996e-05 1.773019400068320e-06 9.641131407711596e-07
1.799836505481294e-05 9.204931718001115e-06 1.781753636085673e-06 6.017190037688005e-07
1.756392394982250e-05 1.426614872627115e-05 1.723758783212952e-06 1.337121423925930e-06
2.003838604448070e-05 1.726911569456625e-05 2.205764895559968e-06 1.865724094790056e-06
2.233241165512307e-05 1.776193749650549e-05 2.572666468345857e-06 1.926526295341413e-06
1.987720981100940e-05 1.227690635886288e-05 2.043867918560213e-06 1.038513936820388e-06
2.005767527699628e-05 1.001833112185719e-05 2.067849168258178e-06 6.803104629462680e-07
2.469810762104618e-05 1.798434017405598e-05 2.975191581041558e-06 1.939067125348798e-06
2.202322847469992e-05 1.442704056349969e-05 2.485934414810378e-06 1.418510657762734e-06
2.230599579110853e-05 1.048823468676216e-05 2.512525960707920e-06 7.188566480749267e-07
2.521247460471549e-05 1.479996293784104e-05 3.022268547299736e-06 1.466090716845611e-06
2.739389724183459e-05 1.808818290675476e-05 3.334074550649646e-06 1.946106071844337e-06
2.466954220213464e-05 1.061059369393529e-05 2.975548635380830e-06 7.626554114122373e-07
3.119014905503636e-05 1.819334295754868e-05 3.863120289552275e-06 1.884679795975261e-06
2.815011178332427e-05 1.296398149625683e-05 3.471255893355970e-06 1.163051265407629e-06
2.738771752001788e-05 1.050994217745044e-05 3.354662078828493e-06 7.996086841194981e-07
3.661804111607580e-05 1.835594211312516e-05 4.542846582626839e-06 1.844990091247138e-06
3.388589391335334e-05 1.398529219515071e-05 4.249482260105921e-06 1.328931519570579e-06
3.119254165837709e-05 1.037740571612992e-05 3.917822246658657e-06 8.717530886628730e-07
4.408331672269719e-05 1.853291019017714e-05 5.377925891886126e-06 1.809919697961823e-06
4.030089163409279e-05 1.429626388885776e-05 5.018139078761369e-06 1.317032880403048e-06
3.661870340075873e-05 1.022481946924871e-05 4.643184897949322e-06 8.901812177567190e-07
5.214981029475026e-05 1.868402603540273e-05 6.270903862336438e-06 1.764664445866570e-06
4.807055983217632e-05 1.429786035002020e-05 5.864499285329444e-06 1.309634492760048e-06
4.408279306961425e-05 1.005943260525436e-05 5.457786500313847e-06 8.883710328355873e-07
6.046905515530591e-05 1.881220730793740e-05 7.086239444167073e-06 1.676608913143742e-06
5.626966331243972e-05 1.430053780511995e-05 6.699954002185203e-06 1.283299135749753e-06
5.214887813382506e-05 9.914254605970549e-06 6.319769899571623e-06 8.712611469025983e-07
6.900228429934065e-05 1.891854880750886e-05 7.818350136825870e-06 1.719994912690366e-06
6.470279566985801e-05 1.430305949610890e-05 7.419381142043318e-06 1.280258590870703e-06
6.046826031604556e-05 9.791384838258210e-06 7.038790549916699e-06 9.061227784116063e-07
7.770883686595240e-05 1.900345125240017e-05 8.624222869105858e-06 1.839000617644553e-06
7.332953884914037e-05 1.430545106476565e-05 8.169696812256446e-06 1.258408453868217e-06
6.900167241965981e-05 9.689937037821054e-06 7.738887634602726e-06 8.420372519047162e-07
8.654935784887888e-05 1.906827937735479e-05 9.881062679900210e-06 2.110413138873081e-06
8.210941431926830e-05 1.430775033946166e-05 9.136428583156581e-06 1.218348038166136e-06
7.770825595957248e-05 9.609768036795628e-06 8.553988031280913e-06 6.404667688688050e-07
9.548862816282729e-05 1.911560636621527e-05 1.181895627902586e-05 2.426875169674032e-06
9.100479582874474e-05 1.430997833590530e-05 1.072099066175934e-05 1.235391594486750e-06
8.654880994392879e-05 9.549513035244090e-06 9.827532401829579e-06 3.613040547743106e-07
1.044966343140119e-04 1.914808988850382e-05 1.437188413660972e-05 2.635074901850642e-06
9.998302869264170e-05 1.431197795865041e-05 1.301136019964373e-05 1.255467647339971e-06
9.548812278598198e-05 9.506445395260661e-06 1.178647849229703e-05 2.208173050585012e-08
1.135482960579326e-04 1.916824623019189e-05 1.725411338861223e-05 2.645074068438609e-06
1.090167118202579e-04 1.431369685011287e-05 1.581346913233259e-05 1.208768991094762e-06
1.044961347722111e-04 9.477681586017118e-06 1.440742882248159e-05 -2.350547021739359e-07
1.330003033011933e-04 1.864660093857354e-05 2.279049447184512e-05 2.411863449366048e-06
1.317101668331452e-04 1.918093169289463e-05 2.243691750834932e-05 2.559146360898489e-06
1.176113345114527e-04 1.431481925808484e-05 1.847016180096018e-05 1.212232045316888e-06
1.226248523308776e-04 1.917858526571337e-05 1.995520393093824e-05 2.554051076237941e-06
1.135480158619333e-04 9.460419540192372e-06 1.718378746960054e-05 -2.565219407822529e-07
1.335347051752613e-04 1.735655813349344e-05 2.293573418744702e-05 2.054893722298032e-06
1.304814077992731e-04 1.431557230291434e-05 2.207767375506024e-05 1.199089809628406e-06
1.226247365398080e-04 9.451891512530684e-06 1.991353662994962e-05 -1.810687316571564e-07
1.335347718747460e-04 1.127456488121295e-05 2.289317316125691e-05 3.684531512486208e-07
1.317101881324038e-04 9.450111372896016e-06 2.238672893391842e-05 -1.371929771829438e-07
1.330003603678004e-04 9.984468347278207e-06 2.274445096743129e-05 1.144664368841858e-08
