-9.115189669340123e-05 1.347473255942938e-05 4.088883564407656e-05 -5.128568638539745e-06
-9.150834763813222e-05 1.261432160439047e-05 4.103283783353534e-05 -4.788720546525132e-06
-9.150850839194831e-05 8.558236281858471e-06 4.119761915997375e-05 -3.103500688300768e-06
-9.115208255289866e-05 7.697867507461826e-06 4.107204180238413e-05 -2.763288664830087e-06
-9.029139065180526e-05 1.383111057037641e-05 4.054823583058822e-05 -5.271556481382369e-06
-8.867732416493256e-05 1.058633005809189e-05 3.995521103490855e-05 -3.974910781901324e-06
-9.029162001760416e-05 7.341510711597528e-06 4.075086111824536e-05 -2.620171402291008e-06
-8.423213352452866e-05 1.382983639002963e-05 3.797211848065431e-05 -5.367142371857107e-06
-8.423246988055019e-05 7.343067993115229e-06 3.824056412200310e-05 -2.566028741162439e-06
-8.088871731797534e-05 1.058646769887837e-05 3.678480026048041e-05 -3.953123992342141e-06
-7.817882867466564e-05 1.382345752646691e-05 3.530276163479321e-05 -5.347660687316994e-06
-7.817943828595845e-05 7.349783909539574e-06 3.559078554808398e-05 -2.446201689933547e-06
-7.515711129962903e-05 1.058678461578670e-05 3.417662157658312e-05 -3.985582278703832e-06
-7.214325313478324e-05 1.381051643254967e-05 3.259074377574007e-05 -5.422913407610519e-06
-7.214340803728367e-05 7.363154874273802e-06 3.276661202647573e-05 -2.500597996301169e-06
-6.913420401801752e-05 1.058690359947282e-05 3.126293058223439e-05 -3.938136573861717e-06
-6.613848766368393e-05 1.378970987579447e-05 2.971147609373250e-05 -5.526136815889892e-06
-6.613831574730095e-05 7.384064810411930e-06 3.008272006693826e-05 -2.374858905877487e-06
-6.314982310063031e-05 1.058695980692932e-05 2.837444560677912e-05 -3.910092714696996e-06
-6.018034875761356e-05 1.375986991632664e-05 2.687024002195833e-05 -5.415395145476177e-06
-6.018026046129980e-05 7.414303617596189e-06 2.727869373947283e-05 -2.395761935056954e-06
-5.722075815564858e-05 1.058703494021355e-05 2.558963887746209e-05 -3.828098301483691e-06
-5.428627244584344e-05 1.372024349764328e-05 2.405714347636470e-05 -5.290421978949173e-06
-5.428660833555412e-05 7.453949752327055e-06 2.446884155114633e-05 -2.323902368361833e-06
-5.136533185947135e-05 1.058706417674371e-05 2.281524209981511e-05 -3.795135166279811e-06
-4.847573164656416e-05 1.367044424531627e-05 2.136418287721003e-05 -5.300816560753250e-06
-4.847613914961460e-05 7.503529449365788e-06 2.164507181218746e-05 -2.162770716707314e-06
-4.560299562217549e-05 1.058708965241542e-05 1.985140343188918e-05 -3.726676064023471e-06
-4.276788924950104e-05 1.361037862186400e-05 1.853401238629162e-05 -5.209704308700846e-06
-4.276781080544429e-05 7.563437220324062e-06 1.857215697798780e-05 -2.029335145343716e-06
-3.995246852442563e-05 1.058701288557763e-05 1.679848728244120e-05 -3.664835186551904e-06
-3.718149535569296e-05 1.353968840218397e-05 1.559926546988192e-05 -5.113424768263016e-06
-3.718082685990434e-05 7.634086858171898e-06 1.535567647425872e-05 -1.970179903357609e-06
-3.443317659853713e-05 1.058675480162815e-05 1.377530208029339e-05 -3.581669632345087e-06
-3.173606741200435e-05 1.345734173223975e-05 1.259402567594888e-05 -5.040105597772260e-06
-3.173516685632005e-05 7.716296450968703e-06 1.227872742416701e-05 -2.001767728937707e-06
-2.917194020831533e-05 1.058584708167605e-05 1.108415568711954e-05 -3.493747325412207e-06
-2.666365137005109e-05 1.336433010981985e-05 1.002172072895666e-05 -4.801266443483223e-06
-2.666254809717671e-05 7.812237627602969e-06 9.818453932387652e-06 -2.167618192236974e-06
-2.479803221535563e-05 1.079782107816460e-05 9.018034544793186e-06 -3.535667460596859e-06
-2.294720905262392e-05 1.327914390424630e-05 8.262530003264832e-06 -4.606433584267852e-06
-2.294467491223531e-05 7.899681543602064e-06 8.170595648406116e-06 -2.279633196672702e-06
-2.032317214252549e-05 1.320615939997715e-05 7.120143840618428e-06 -4.526690659677838e-06
-2.081327042936423e-05 1.148848456530994e-05 7.318859320669476e-06 -3.806520863586424e-06
-2.031967287029595e-05 7.954819437924981e-06 7.188696827640242e-06 -2.362036855248574e-06
-1.845635906748124e-05 8.013020711984099e-06 6.401918168686881e-06 -2.315782507952035e-06
2.839084327809792e-06 9.056132016906533e-07 -7.356266098129785e-07 5.339438779246084e-07
2.895907709593849e-06 7.687295473526991e-07 -7.508585944928429e-07 5.656066717897626e-07
2.895501785858659e-06 2.595393348156572e-07 -7.366966406699868e-07 6.904965936887429e-07
2.838984948464238e-06 1.248753536190281e-07 -7.183861938456968e-07 7.205030725239379e-07
-1.845066588870627e-05 1.315536659944310e-05 6.354780654717436e-06 -4.482333376918307e-06
-1.679570061729128e-05 1.301512059845481e-05 5.681328095936538e-06 -4.434199473408388e-06
-1.806015271727289e-05 9.944836851906321e-06 6.243945472454256e-06 -3.126930428464376e-06
-1.678027869520425e-05 7.928918165916259e-06 5.700549527864910e-06 -2.230018665788282e-06
2.702864568788692e-06 9.623462106705255e-07 -6.997064811854209e-07 5.228733970620560e-07
2.565838587921114e-06 4.040292849089721e-07 -6.569725801761516e-07 6.640639453635343e-07
2.704189226790916e-06 6.882155397294994e-08 -6.844346936483004e-07 7.314862223452525e-07
-1.625769878325839e-05 1.143989645561894e-05 5.467251831938108e-06 -3.799393206968927e-06
-1.518892404887291e-05 1.267968609083590e-05 5.056841166788948e-06 -4.291548063612217e-06
-1.366309782860780e-05 1.218568747261230e-05 4.425401542380577e-06 -4.059724079192124e-06
-1.576144547921901e-05 9.309421180460669e-06 5.267963178478189e-06 -2.823666837699789e-06
-1.520387671397403e-05 7.579667114196318e-06 5.063021123903334e-06 -2.081148797213815e-06
1.780274740956681e-06 9.782813010780122e-07 -4.978662308171307e-07 5.534510049584458e-07
1.779754602657617e-06 5.332989425867592e-08 -5.220443773079718e-07 7.100621434141530e-07
1.301244962286703e-06 5.158770372716070e-07 -3.992922110299096e-07 6.111608343725471e-07
-1.223881321149830e-05 1.151820465316582e-05 3.816995839837278e-06 -3.766771184294828e-06
-1.345035585754934e-05 1.058774532779449e-05 4.310946082147185e-06 -3.405205505184996e-06
-1.397356260757893e-05 8.610986408963212e-06 4.546292045432260e-06 -2.524785067029376e-06
-1.375771867257819e-05 6.987921618548429e-06 4.459861139288328e-06 -1.815372600386926e-06
7.825111872386954e-07 1.063375159484769e-06 -3.060987744036951e-07 5.030842696678248e-07
7.825766209040886e-07 -3.146012356915469e-08 -2.962031686990204e-07 7.239257862114588e-07
1.930747986143893e-07 5.159286836101746e-07 -1.848925284121887e-07 5.916090281279830e-07
-1.091767772983223e-05 1.071804281657598e-05 3.241487267434309e-06 -3.425416224167059e-06
-9.732368895482670e-06 9.797651614253523e-06 2.679356581942755e-06 -3.027053147475838e-06
-1.215912241213742e-05 8.309373882157061e-06 3.675276379005780e-06 -2.405566897375753e-06
-1.247872228843340e-05 6.172232401976590e-06 3.792889005853195e-06 -1.424214483268797e-06
-4.821589315610017e-07 1.245944047627877e-06 -6.650111508298115e-08 4.271424979523218e-07
-4.823434578986537e-07 -2.144412578359155e-07 -6.714935427318128e-08 7.633244528526666e-07
-1.003414148294665e-05 8.402783917746660e-06 2.767301942379614e-06 -2.430970630269291e-06
-8.689097393462601e-06 8.757613158658530e-06 2.197757728979337e-06 -2.583148304560933e-06
-1.053290040892836e-05 6.856227687420760e-06 2.912466362125111e-06 -1.736485288108870e-06
-1.139686362236805e-05 5.188759710509506e-06 3.254531946338035e-06 -9.531107817542000e-07
-1.224537877087091e-06 5.156961236781703e-07 7.150811736981356e-08 5.980588906816277e-07
-2.105142807102201e-06 1.508365985167801e-06 2.552635580330925e-07 4.053897574651816e-07
-2.103943940811198e-06 -4.796771182589135e-07 2.590580591205684e-07 8.207734072366691e-07
-7.776423535369931e-06 7.632400262735293e-06 1.786170110705579e-06 -2.109817282623373e-06
-7.030762437060374e-06 6.458197994607542e-06 1.456006766460981e-06 -1.558393997623427e-06
-6.443871479292008e-06 5.219551793482550e-06 1.247883496872213e-06 -9.889727875529601e-07
-9.522276114546559e-06 5.484139211820836e-06 2.495899982171070e-06 -1.119136431874531e-06
-1.053325397497430e-05 4.083700647144077e-06 2.904550806616515e-06 -5.826910978698003e-07
-2.812293291095199e-06 5.180780002781777e-07 4.031055739927107e-07 5.776340092958179e-07
-3.677807665605954e-06 1.766149378699373e-06 6.329359640863300e-07 2.682096196453885e-07
-3.678377399179942e-06 -7.495903452852554e-07 6.190916648786573e-07 9.360452614155827e-07
-7.697214851841738e-06 5.215299423611763e-06 1.745167885390965e-06 -9.880589128349207e-07
-6.000410067917308e-06 3.950906041113606e-06 1.108758071228214e-06 -4.481153942636832e-07
-5.100643147841928e-06 1.983973297802531e-06 1.016834670207069e-06 1.889462570822165e-07
-5.512948193517723e-06 2.204279412651011e-06 1.074292760804896e-06 1.400185048908861e-07
-5.730740182543607e-06 2.655958393722246e-06 1.085672793284486e-06 1.434367017378138e-08
-8.820598175235858e-06 3.923442544982773e-06 2.182599952918718e-06 -4.899502837987656e-07
-9.892049575271996e-06 2.906018331114080e-06 2.571210413949905e-06 -9.886505021218805e-08
-4.455591972977372e-06 7.010073267097353e-07 8.440072596677120e-07 5.278450105226639e-07
-5.110187249622539e-06 -9.443252438785970e-07 1.064142864116674e-06 9.899676533683860e-07
-6.869291008616486e-06 3.054876689754296e-06 1.438768838261761e-06 -1.145595007017582e-07
-5.543521530267133e-06 1.321593989883796e-06 1.107831599404221e-06 3.572155519184493e-07
-6.032075451535388e-06 2.047240861961011e-06 1.194939319373343e-06 1.880217018022811e-07
-8.320882690384015e-06 2.542170558234586e-06 1.985262377932364e-06 3.968906121546573e-08
-9.492796338975849e-06 1.705564829456755e-06 2.346737574230527e-06 2.474415556256557e-07
-5.576089335056857e-06 -1.005589283058608e-07 1.160221376834755e-06 7.774347733940847e-07
-5.519335446114536e-06 -1.157365709000562e-06 1.216641750338293e-06 1.056159433032567e-06
-7.134900132587229e-06 1.022063944543066e-06 1.567473999611938e-06 5.082837422674990e-07
-9.354949528051027e-06 5.058507196626401e-07 2.252773523185385e-06 6.618488214521914e-07
-9.472120017507332e-06 -6.750284789132731e-07 2.176786252014463e-06 9.428916080486947e-07
-6.419376750343395e-06 -8.720554042126382e-07 1.406234146999931e-06 1.021933285084513e-06
-5.757320155715830e-06 -1.614820135231250e-06 1.319279499764287e-06 1.163254854624765e-06
-6.048850759918490e-06 -2.878460262407374e-06 1.431016054173507e-06 1.382758690526716e-06
-8.287144113651929e-06 -8.249011993607969e-07 1.902156227863510e-06 1.014015794853964e-06
-6.486916917932353e-06 -4.108722679573639e-06 1.535480674413386e-06 1.569437214563819e-06
-9.840651315230948e-06 -1.868819694887142e-06 2.153606117672964e-06 1.189799731246239e-06
-7.186677303461871e-06 -2.920844171678651e-06 1.584139413110479e-06 1.429690492602896e-06
-8.870179155346628e-06 -3.017153699446689e-06 1.954451300408718e-06 1.418433642136325e-06
-7.075484116001646e-06 -5.285433058045709e-06 1.664068180596712e-06 1.744423056962651e-06
-1.043795839701749e-05 -3.019507126268594e-06 2.114744165350767e-06 1.362807455193476e-06
-9.943386534396799e-06 -4.160338798738100e-06 2.044971789101002e-06 1.575439614513206e-06
-8.771397107870507e-06 -4.876863471598314e-06 1.937798004331758e-06 1.725172591027105e-06
-7.802184096850416e-06 -6.413327810846650e-06 1.788409492652115e-06 1.844876350447890e-06
-8.677894755008146e-06 -7.469408881396214e-06 1.896693636642035e-06 1.931217351635887e-06
-1.125767560017674e-05 -4.085663442047713e-06 2.164695942269298e-06 1.541543225986864e-06
-1.066747466132837e-05 -5.449305250392620e-06 2.112111310397181e-06 1.735658219697536e-06
-9.972164845240799e-06 -7.051859860264227e-06 2.074045417676420e-06 1.873445340562100e-06
-9.675597701485266e-06 -8.437554823340507e-06 2.030703108642071e-06 1.995400022007638e-06
-1.227111168050859e-05 -5.026818499515405e-06 2.244243234297311e-06 1.635237344158727e-06
-1.196601499970873e-05 -7.044607738789507e-06 2.208225934087491e-06 1.888275813282379e-06
-1.079922917818836e-05 -9.289247281937957e-06 2.150222510879611e-06 2.046184256227588e-06
-1.203763810556627e-05 -1.002040911777529e-05 2.258123318884203e-06 2.134588357187820e-06
-1.336322116912097e-05 -1.061863485073563e-05 2.336605041043302e-06 2.176408026390895e-06
-1.346993259101643e-05 -7.480131089887675e-06 2.414114170663679e-06 1.931104194024213e-06
-1.345785469897079e-05 -5.807388516001624e-06 2.441965110074622e-06 1.727801972583146e-06
-1.317142343668772e-05 -9.154027385285824e-06 2.333665760003109e-06 2.094843011097932e-06
-1.477007098664748e-05 -1.105734775492357e-05 2.388570502798488e-06 2.198471926026242e-06
-1.623485894623457e-05 -1.133795641120427e-05 2.519156068652444e-06 2.180227667992029e-06
-1.467834155680644e-05 -7.854779413718448e-06 2.480031582591576e-06 1.953407950947247e-06
-1.479156277973841e-05 -6.381929858111291e-06 2.528939389368716e-06 1.818839497053509e-06
-1.773151037251168e-05 -1.144780360535047e-05 2.679254802549408e-06 2.147342832517124e-06
-1.605615943826395e-05 -9.232816726836292e-06 2.517383467303849e-06 2.040323825353044e-06
-1.622851523215884e-05 -6.726694931178410e-06 2.582289434291410e-06 1.889110841475944e-06
-1.806035364738865e-05 -9.460862514229739e-06 2.656318630192659e-06 2.044827551649856e-06
-1.940362625965671e-05 -1.147556721220489e-05 2.780375762209530e-06 2.170470016000337e-06
-1.772312672762615e-05 -6.833176502498349e-06 2.669697422127194e-06 1.930912176068897e-06
-2.172633597757985e-05 -1.150250234682745e-05 2.927541142421004e-06 2.173276830359838e-06
-1.988206951737417e-05 -8.325301205851599e-06 2.719638388745494e-06 1.966843721838148e-06
-1.940198591699027e-05 -6.805549517870460e-06 2.710434131005538e-06 1.898720888361412e-06
-2.496966021099865e-05 -1.154188019880059e-05 3.264544741197855e-06 2.213692967615057e-06
-2.335380861552010e-05 -8.953295783262949e-06 3.038273483557253e-06 1.968368519581198e-06
-2.172686412189648e-05 -6.771196063553076e-06 2.911704372653803e-06 1.789663707710859e-06
-2.931998194934865e-05 -1.158259894171311e-05 3.754267452415068e-06 2.160379964889641e-06
-2.713333143747752e-05 -9.139159959924226e-06 3.459941110763170e-06 1.929228049500145e-06
-2.496965593659897e-05 -6.733896153973013e-06 3.156990367046363e-06 1.698804003329843e-06
-3.391764276279290e-05 -1.161583755015861e-05 4.195965009786516e-06 2.005250711365186e-06
-3.160862756157932e-05 -9.139047630785470e-06 4.001256705718155e-06 1.845531297028869e-06
-2.931970431918205e-05 -6.695194369061656e-06 3.717823670246927e-06 1.604838578215702e-06
-3.857108041882317e-05 -1.164472707468186e-05 4.516375784674043e-06 1.835169723837974e-06
-3.623545109566298e-05 -9.139054884080557e-06 4.394472367253235e-06 1.779391418291292e-06
-3.391744693615246e-05 -6.662115840724817e-06 4.235547245534079e-06 1.609764386793217e-06
-4.327510700089238e-05 -1.167110075030530e-05 4.630131880225384e-06 1.717405135888168e-06
-4.091496804128424e-05 -9.138986626320197e-06 4.623786091277294e-06 1.721763729018977e-06
-3.857121811709453e-05 -6.633206113882690e-06 4.584874165004735e-06 1.639538772207457e-06
-4.802678113450548e-05 -1.169595338685232e-05 4.572475980144664e-06 1.538199855463366e-06
-4.564317198232343e-05 -9.139011734789608e-06 4.628570780556739e-06 1.697177128996513e-06
-4.327523991152295e-05 -6.606790762862278e-06 4.644073190888559e-06 1.707173634516753e-06
-5.282336660973861e-05 -1.171880651935186e-05 4.314235539666695e-06 1.441698892407809e-06
-5.041786292980175e-05 -9.139244457236900e-06 4.437102889316581e-06 1.657573351469641e-06
-4.802682199334748e-05 -6.582293784351743e-06 4.501045169499249e-06 1.778149246305794e-06
-5.765950490546937e-05 -1.173860162929490e-05 3.851154705672061e-06 1.360370714713736e-06
-5.523518734283146e-05 -9.139740197973249e-06 4.071825530984843e-06 1.643563708556247e-06
-5.282315426766478e-05 -6.560187489151434e-06 4.233689665376513e-06 1.811793735480691e-06
-6.252847190704654e-05 -1.175421983577790e-05 3.182837003310843e-06 1.268844801091087e-06
-6.008899665890419e-05 -9.140299615517769e-06 3.553544069707073e-06 1.653530075797947e-06
-5.765920985208478e-05 -6.541420994226085e-06 3.841778479234800e-06 1.862156439120063e-06
-6.742138649808362e-05 -1.176483081442489e-05 2.371188745755432e-06 1.231952086672797e-06
-6.497164898163552e-05 -9.140759217392312e-06 2.815599452554984e-06 1.670260820523340e-06
-6.252815304142877e-05 -6.526775246685637e-06 3.225412438722341e-06 2.054236221095592e-06
-7.793707576839820e-05 -1.148237564091114e-05 4.673744076488332e-07 1.276241716235463e-06
-7.723965310404206e-05 -1.177123188233595e-05 6.019567797033234e-07 1.223351177682056e-06
-6.961791703053679e-05 -9.141037117979815e-06 1.956037212502207e-06 1.693946000818649e-06
-7.232822227497352e-05 -1.177022419567726e-05 1.438698027867597e-06 1.233165736261647e-06
-6.742128103721348e-05 -6.516907025900220e-06 2.370680927105475e-06 2.160249276469391e-06
-7.822596323779198e-05 -1.078499600672250e-05 4.102044579632951e-07 1.407665186695138e-06
-7.657545827292226e-05 -9.141151473753536e-06 7.101611683722577e-07 1.722269986785651e-06
-7.232824985641666e-05 -6.512021724902814e-06 1.411600738889475e-06 2.178793605512864e-06
-7.822601969435915e-05 -7.497273075379095e-06 3.795785815193029e-07 2.053470053460813e-06
-7.723971002762277e-05 -6.511026685229358e-06 5.680134787698600e-07 2.238905482613403e-06
-7.793713470753641e-05 -6.799885660159821e-06 4.339779010530107e-07 2.185554414885057e-06
