7.942280629613926e-05 -1.185452947725709e-05 1.378706959497600e-06 -8.602636796140129e-07
7.970757845017208e-05 -1.116703556017456e-05 1.362238487292002e-06 -8.940392079363071e-07
7.970754569124694e-05 -7.926089062436372e-06 1.417974630955937e-06 -1.021778041182726e-06
7.942276357436852e-05 -7.238578460033675e-06 1.440812451628092e-06 -1.059695059349300e-06
7.873530760858151e-05 -1.213929965937235e-05 1.419058774136364e-06 -8.482226754787472e-07
7.744572529181939e-05 -9.546567895864811e-06 1.513300490568135e-06 -9.765597879968151e-07
7.873524466657778e-05 -6.953803228630072e-06 1.488614516267264e-06 -1.074401765660582e-06
7.389423479874437e-05 -1.213924717132833e-05 1.635333829353717e-06 -9.094923273781437e-07
7.389420914015763e-05 -6.954209324874420e-06 1.730531935729416e-06 -1.063502393656126e-06
7.122188845581115e-05 -9.547039446980078e-06 1.768626645376981e-06 -9.640072473405205e-07
6.905435905893744e-05 -1.213811339469413e-05 1.607605788371541e-06 -9.868156723547555e-07
6.905432142632985e-05 -6.956264000803944e-06 1.826598253058544e-06 -1.034539469296994e-06
6.663573586089990e-05 -9.547549972571243e-06 1.852789591229219e-06 -1.016986012415636e-06
6.421915927415040e-05 -1.213512802327113e-05 1.762307412867464e-06 -1.023561185610341e-06
6.421913055511585e-05 -6.960349888354733e-06 1.917296348890817e-06 -9.782465104996088e-07
6.180429663473578e-05 -9.548321836999321e-06 1.765263614787518e-06 -1.028178146740951e-06
5.939274149683189e-05 -1.213041006269942e-05 1.896898603781639e-06 -9.243039521194891e-07
5.939245635543141e-05 -6.966671542386130e-06 1.903700927972853e-06 -1.089166770236155e-06
5.698361170693328e-05 -9.549167718546707e-06 1.805371576750641e-06 -1.046208481874053e-06
5.457847574836479e-05 -1.212505593977954e-05 2.050481125152425e-06 -1.001570057711005e-06
5.457780457712845e-05 -6.973897109255462e-06 1.896004444242643e-06 -1.130878064429268e-06
5.217543575622459e-05 -9.550094933959275e-06 1.995354675540056e-06 -1.040018676103191e-06
4.977583930052741e-05 -1.212089756933735e-05 2.147847653636350e-06 -1.035693353408134e-06
4.977501274438860e-05 -6.980574363091039e-06 2.095007027731048e-06 -1.181086946630996e-06
4.737729819250774e-05 -9.551252934140235e-06 2.246211607788221e-06 -1.081899462473518e-06
4.498143140125888e-05 -1.211775360351327e-05 2.253681772345191e-06 -9.794234364888691e-07
4.498110075391721e-05 -6.986586023564175e-06 2.339171589228554e-06 -1.215497575050603e-06
4.258636783666780e-05 -9.552749723597924e-06 2.357213142520221e-06 -1.122240884220781e-06
4.019416951408468e-05 -1.211370133239148e-05 2.380681196026860e-06 -1.010427278099687e-06
4.019445570256072e-05 -6.994031504816955e-06 2.594164596588953e-06 -1.202217639008673e-06
3.780398933915225e-05 -9.554608022349964e-06 2.434061391022522e-06 -1.132277511755321e-06
3.541972489537554e-05 -1.210438855431034e-05 2.548984689493704e-06 -1.094181098363568e-06
3.542061709891680e-05 -7.007158899306635e-06 2.838728079291038e-06 -1.188186227918701e-06
3.304048983700147e-05 -9.556701415641805e-06 2.630667174553133e-06 -1.140875357914949e-06
3.067270874120943e-05 -1.208562514831553e-05 2.729721471136979e-06 -1.019455434943164e-06
3.067371920390087e-05 -7.030076923944031e-06 3.090019591946325e-06 -1.276112964746622e-06
2.840849057560585e-05 -9.558589800202674e-06 2.875812544898282e-06 -1.146285071768042e-06
2.616222346084181e-05 -1.205518196426348e-05 2.881174106354459e-06 -1.066226290171809e-06
2.616301039612306e-05 -7.066153826498599e-06 3.186454700878402e-06 -1.236107436841991e-06
2.448436598249233e-05 -9.753307694072137e-06 3.058653541426123e-06 -1.162469327638336e-06
2.279321053567531e-05 -1.202048446184146e-05 3.032528895842949e-06 -1.148276987371779e-06
2.279293204838640e-05 -7.105663806467070e-06 3.179998100087867e-06 -1.106085448319447e-06
2.037839541661044e-05 -1.198599210564818e-05 3.030486320563989e-06 -1.194456042834752e-06
2.083942509949235e-05 -1.039356122012391e-05 3.045780308189352e-06 -1.172917078494268e-06
2.037686691310628e-05 -7.133734047331553e-06 3.003504063722157e-06 -1.061444121382882e-06
1.864343087297836e-05 -7.165147164073975e-06 2.952551124007383e-06 -1.102000567681408e-06
-3.023986095256877e-06 1.460162735271587e-07 -8.341091072809954e-07 -9.733001654066178e-08
-3.084374765000280e-06 2.910473975299395e-07 -8.443281568100857e-07 -7.069457371844563e-08
-3.084132839126220e-06 8.320454213951365e-07 -8.466378859133909e-07 3.793423980127312e-08
-3.024021691248227e-06 9.754406120413121e-07 -8.360340579970077e-07 7.084745330166813e-08
1.864024138694110e-05 -1.196013323171846e-05 3.005396106861813e-06 -1.232713860982362e-06
1.708599115920605e-05 -1.184735095104655e-05 2.965557868183835e-06 -1.258145571306018e-06
1.828277216007939e-05 -8.965475934022271e-06 2.947379366879854e-06 -1.152841805720966e-06
1.707899116805148e-05 -7.063694342283754e-06 2.893193260788734e-06 -1.128067795724255e-06
-2.879533929075531e-06 8.616728274334349e-08 -8.097667566819609e-07 -1.092754734980898e-07
-2.733640086035148e-06 6.796180060701456e-07 -7.778412259161412e-07 1.473240342012784e-08
-2.880533862809973e-06 1.035510698521625e-06 -8.068748895104722e-07 9.224619264633501e-08
1.658633427011347e-05 -1.037402206569722e-05 2.946416699870070e-06 -1.214926178700386e-06
1.556749252081025e-05 -1.155358705311280e-05 2.883413859270130e-06 -1.292483148081827e-06
1.411062637290108e-05 -1.110097931579203e-05 2.741351973562812e-06 -1.307656899642448e-06
1.611979275744811e-05 -8.362049937437171e-06 2.885131955715453e-06 -1.144011141696360e-06
1.558902735397565e-05 -6.707620159926816e-06 2.832200218579896e-06 -1.097788495601499e-06
-1.899388648934182e-06 7.192811872115515e-08 -5.522023315618169e-07 -9.582189837577318e-08
-1.898180865540372e-06 1.054182903838385e-06 -5.194042277153689e-07 1.923774444575961e-07
-1.390768362142998e-06 5.639141779497128e-07 -3.858651653267190e-07 6.612567697598947e-08
1.273608634774880e-05 -1.048363916257717e-05 2.607931324413387e-06 -1.306129511335480e-06
1.391270377523377e-05 -9.584535007539332e-06 2.736460046017405e-06 -1.207641866003085e-06
1.441465787541636e-05 -7.690306147491555e-06 2.778080867883654e-06 -1.102947543970602e-06
1.421027349402012e-05 -6.114499813708525e-06 2.772938903599358e-06 -1.031028827120010e-06
-8.404782826334463e-07 -1.703196866969527e-08 -2.242872651362303e-07 -9.626471447989854e-08
-8.402137138128209e-07 1.146120043361249e-06 -2.390080581454655e-07 2.296620371703311e-07
-2.142010113865794e-07 5.651964131476784e-07 -5.881965213652674e-08 6.612452448122289e-08
1.145127317692878e-05 -9.728529669214171e-06 2.496890884804313e-06 -1.281391094407159e-06
1.028238727556908e-05 -8.847072602374381e-06 2.436405020633950e-06 -1.198517477285988e-06
1.266451505091381e-05 -7.396764286353464e-06 2.692363742476297e-06 -1.051832254645306e-06
1.298090314310363e-05 -5.302171218769277e-06 2.773385351452427e-06 -9.604299969589115e-07
5.037934395974147e-07 -2.115856732120275e-07 9.491882446262716e-08 -8.198396146097588e-08
5.042422921573980e-07 1.343363527696204e-06 1.103153877096873e-07 2.636160901996390e-07
1.057896950487926e-05 -7.492484880407442e-06 2.498679347179748e-06 -1.059636544090018e-06
9.238805861835367e-06 -7.843962180372275e-06 2.359681266925191e-06 -1.094780073559929e-06
1.107383792018234e-05 -5.970720362934954e-06 2.617947060345701e-06 -9.698140113846566e-07
1.193276705656149e-05 -4.313567504688104e-06 2.766781420682473e-06 -8.730198134516237e-07
1.294750264737794e-06 5.663148248686271e-07 3.092865604650229e-07 1.055292645362974e-07
2.233804548843253e-06 -4.924428463760614e-07 5.735751436902085e-07 -1.736735386471644e-07
2.232805557546245e-06 1.628486740075463e-06 5.863446046839597e-07 3.959508442637952e-07
8.319282630611714e-06 -6.744816906334151e-06 2.285068745473022e-06 -1.004749868487112e-06
7.549851554811681e-06 -5.576246259201374e-06 2.203549016949079e-06 -9.448124100068443e-07
6.928350985879302e-06 -4.334165085353788e-06 2.084195733143182e-06 -8.664554745105192e-07
1.006686402235602e-05 -4.605652399239147e-06 2.533547891834272e-06 -8.977015624256267e-07
1.109085654572204e-05 -3.188420526957848e-06 2.712152032606427e-06 -6.918094432332431e-07
2.988418127007868e-06 5.645581732128177e-07 7.826615536774364e-07 1.127939590707970e-07
3.912465898892554e-06 -7.681379496114126e-07 1.024967666796484e-06 -2.653543480756194e-07
3.913019139519765e-06 1.917802961207883e-06 1.043333429549472e-06 5.193710147061014e-07
8.218265674016420e-06 -4.334606577436107e-06 2.255110806460650e-06 -8.723523360523404e-07
6.451388709118434e-06 -3.043977236555273e-06 1.964179481612480e-06 -7.388882970149712e-07
5.441989534231386e-06 -1.001802748228111e-06 1.508946794173690e-06 -3.323335209193373e-07
5.892100491851180e-06 -1.234808618137118e-06 1.681348806879922e-06 -3.954246016591175e-07
6.137831813053931e-06 -1.708084920964688e-06 1.800571745911702e-06 -5.059887416438863e-07
9.362745902846886e-06 -3.023668801907173e-06 2.424763696977209e-06 -6.675413104150158e-07
1.046864503791814e-05 -1.972775480841040e-06 2.626886372733357e-06 -4.523237751808809e-07
4.743643627606425e-06 3.705027807487907e-07 1.271560737722053e-06 8.386450965182082e-08
5.431208876049821e-06 2.125080345625882e-06 1.430395592679261e-06 5.613688955221110e-07
7.343128441227081e-06 -2.127946531769775e-06 2.092746399881442e-06 -5.893561297219520e-07
5.914853198425303e-06 -2.963764863789808e-07 1.651018162552041e-06 -1.209155309436744e-07
6.447648173756922e-06 -1.069108313596378e-06 1.848168913115311e-06 -3.497797191856609e-07
8.852011215833205e-06 -1.595564083275221e-06 2.359056307171576e-06 -4.324681659423544e-07
1.008922183194709e-05 -7.139658920075506e-07 2.612784083004544e-06 -2.414424824350543e-07
5.931889783243789e-06 1.221481516113961e-06 1.585740794247428e-06 2.992447858693027e-07
5.857072145059984e-06 2.353942583110390e-06 1.530190631607250e-06 6.292352612600601e-07
7.608044732633993e-06 6.837992564267287e-09 2.090104740660323e-06 -8.409189964679435e-08
9.968492327338109e-06 5.588092175465395e-07 2.651888710019575e-06 7.674103423520994e-08
1.013295526605751e-05 1.829865910850096e-06 2.850171193734803e-06 4.817447618593776e-07
6.822817069937422e-06 2.042297543882868e-06 1.809161848207110e-06 5.220072117071285e-07
6.100772841657656e-06 2.852617447419965e-06 1.588848730020249e-06 8.210351548682466e-07
6.392029452062749e-06 4.244309357608083e-06 1.682854059198288e-06 1.374251205684142e-06
8.844533210244787e-06 1.980830054785202e-06 2.425569578677925e-06 4.886575608192760e-07
6.846262007527851e-06 5.624002729202741e-06 1.841285535477127e-06 1.874677670911925e-06
1.057049132742930e-05 3.123654621358156e-06 3.111997412656894e-06 9.823609174649452e-07
7.634989085001932e-06 4.283131090170870e-06 2.084394272284898e-06 1.408376149733022e-06
9.500849550683784e-06 4.390488409773633e-06 2.739472404794533e-06 1.485261776076857e-06
7.483157573828373e-06 6.954228988565630e-06 2.047206938029439e-06 2.355547480468524e-06
1.126924756433659e-05 4.393231327227019e-06 3.388646824084809e-06 1.492168159388553e-06
1.071932084692104e-05 5.673112995362128e-06 3.195529376560368e-06 1.952497688544611e-06
9.387326292508160e-06 6.486284601896953e-06 2.705448468618751e-06 2.218981492811405e-06
8.283045000995707e-06 8.252335351857667e-06 2.267113239386956e-06 2.845604779990527e-06
9.271802546806338e-06 9.484251672084908e-06 2.592210303201917e-06 3.356794138520751e-06
1.223301918081795e-05 5.582431267735718e-06 3.740183292082434e-06 1.939642692020134e-06
1.155560570560910e-05 7.143806141215921e-06 3.500723840689671e-06 2.497677412134362e-06
1.075244973426387e-05 9.001643039184926e-06 3.149465967316309e-06 3.175819713294418e-06
1.040837721159830e-05 1.063078648838697e-05 2.992449645438315e-06 3.791964249310718e-06
1.342814328587058e-05 6.645617202584447e-06 4.145020354070937e-06 2.359133988365740e-06
1.307330065999958e-05 8.998091180374748e-06 4.021281839235408e-06 3.191954944777369e-06
1.170847918085852e-05 1.164677598005622e-05 3.491897648151403e-06 4.158902096752364e-06
1.316316026512442e-05 1.253291989480723e-05 4.030676691736545e-06 4.464756960576103e-06
1.473378001778060e-05 1.327469694326610e-05 4.646270555737749e-06 4.761760801293711e-06
1.485462285188823e-05 9.511433079721293e-06 4.611344193917664e-06 3.376355551104242e-06
1.483811905843701e-05 7.538525977446710e-06 4.611335331649912e-06 2.698459847733947e-06
1.449744591255498e-05 1.150730900894202e-05 4.527268434881735e-06 4.075319066365481e-06
1.642021191530064e-05 1.382433682042336e-05 5.316244688124599e-06 4.988127508424304e-06
1.819515660307651e-05 1.419031726180556e-05 5.957572054122657e-06 5.151834901295297e-06
1.630074341210813e-05 9.954563175341714e-06 5.107767731312144e-06 3.522406592744732e-06
1.643963967611644e-05 8.192982416623862e-06 5.151112707319308e-06 2.874018691444142e-06
2.001929692463007e-05 1.434803016920465e-05 6.651464181244395e-06 5.244684236351467e-06
1.796433795517675e-05 1.162058903983777e-05 5.809752417486144e-06 4.187117836995330e-06
1.817959299818120e-05 8.576533433241750e-06 5.870559645307379e-06 2.928002634528082e-06
2.041741769543029e-05 1.190449985447150e-05 6.798862963975434e-06 4.282384181123284e-06
2.208325492854122e-05 1.441144200488328e-05 7.487681799134790e-06 5.284103215966709e-06
2.000166779336685e-05 8.683666667615563e-06 6.644079668164135e-06 2.925746373532295e-06
2.497601221278294e-05 1.447528758368231e-05 8.662907460681308e-06 5.247888643543175e-06
2.266639445024996e-05 1.049983244877809e-05 7.796611459318507e-06 3.671041518257545e-06
2.207958936202264e-05 8.621758485269740e-06 7.552744834829046e-06 2.877433401319861e-06
2.907907970065019e-05 1.457352042520626e-05 1.020859073328448e-05 5.201811968716598e-06
2.702092884151229e-05 1.127935883348434e-05 9.533245226419972e-06 4.016814255565888e-06
2.497761763096102e-05 8.540835540033423e-06 8.774718255721652e-06 2.914301180733955e-06
3.467601035927414e-05 1.467931733123149e-05 1.218819809407420e-05 5.113647888715570e-06
3.184783450893001e-05 1.151419375350945e-05 1.130214879134179e-05 4.037948457677934e-06
2.907973338355178e-05 8.448183946390508e-06 1.038533699019859e-05 2.966480958793852e-06
4.067935661412519e-05 1.476798160305788e-05 1.409267125578478e-05 5.100452680241993e-06
3.765074689557826e-05 1.151454729290185e-05 1.316450345735421e-05 4.044617622722915e-06
3.467604654932770e-05 8.348452181002108e-06 1.224311421851174e-05 3.032216039374850e-06
4.683018673538002e-05 1.484189158347415e-05 1.598667075073767e-05 5.160547743137840e-06
4.373189241241287e-05 1.151538842737789e-05 1.500674746333145e-05 4.070154231746603e-06
4.067916176066457e-05 8.262064141319385e-06 1.405942548797335e-05 3.080555595524009e-06
5.310513738007056e-05 1.490378175850547e-05 1.810017569279456e-05 5.326177031153599e-06
4.994844420740966e-05 1.151603274507957e-05 1.697344501909695e-05 4.080415134906348e-06
4.682994136710615e-05 8.189630110575358e-06 1.594437700866450e-05 3.017276726718395e-06
5.948432146658691e-05 1.495501919718992e-05 2.051389909639173e-05 5.519942114066682e-06
5.627868555392637e-05 1.151647553155046e-05 1.922932213330139e-05 4.091123083463885e-06
5.310491342854768e-05 8.128732655805684e-06 1.805210396819235e-05 2.855896042775341e-06
6.594911454907818e-05 1.499553891182293e-05 2.326983638808348e-05 5.643473461128870e-06
6.270399760451928e-05 1.151660599852103e-05 2.182545617396871e-05 4.119402232273935e-06
5.948421166976107e-05 8.078037980437158e-06 2.045671793637706e-05 2.689178930108162e-06
7.247946018536819e-05 1.502514627342876e-05 2.629592884501825e-05 5.834830420722305e-06
6.920510441127129e-05 1.151656642704423e-05 2.469227712954356e-05 4.152062992857008e-06
6.594921472714413e-05 8.037561176909864e-06 2.319130419683791e-05 2.588538085972339e-06
7.905440078534823e-05 1.504435693788625e-05 2.958612036424383e-05 6.014516651500234e-06
7.576110696274538e-05 1.151665547445532e-05 2.785866964571996e-05 4.187833331456994e-06
7.247949248287769e-05 8.008039285199463e-06 2.620451145061783e-05 2.480038022036672e-06
8.565548065796610e-05 1.505501394608125e-05 3.318619070323293e-05 6.158377485351154e-06
8.235188263846789e-05 1.151672715966586e-05 3.131812444689525e-05 4.183070270428658e-06
7.905444036494426e-05 7.989038502204970e-06 2.953478537063980e-05 2.335374449707279e-06
9.982513492949263e-05 1.467117993689763e-05 4.132999132717476e-05 6.040756286098360e-06
9.888554550923366e-05 1.506036171464876e-05 4.078165348728667e-05 6.266589247489581e-06
8.861673327101041e-05 1.151684211976278e-05 3.482565439426680e-05 4.208637865391652e-06
9.226898460183484e-05 1.505959997817745e-05 3.693920575480810e-05 6.219739184622494e-06
8.565541942062084e-05 7.978592339006783e-06 3.311385502004153e-05 2.251298129065913e-06
1.002143267035728e-04 1.373160602948561e-05 4.155615544626719e-05 5.493235129198713e-06
9.799081121175866e-05 1.151691478119622e-05 4.023482640810567e-05 4.189217200642130e-06
9.226895762034347e-05 7.974160388556413e-06 3.691417204255738e-05 2.161681828794965e-06
1.002143237738899e-04 9.302225612266064e-06 4.151930553201478e-05 2.905327612751628e-06
9.888553614028732e-05 7.973461470218290e-06 4.074289618723470e-05 2.136670846103616e-06
9.982512999054025e-05 8.362646011872769e-06 4.129102595947947e-05 2.361394873407224e-06
