4.326646559802730e-05 -5.327213261002839e-06 3.139209239995744e-05 -5.198958046019236e-06
4.345808833082561e-05 -4.864694492431335e-06 3.150351267259095e-05 -4.938515232853054e-06
4.345825285440239e-05 -2.684104993544092e-06 3.164755861292854e-05 -3.688626986252713e-06
4.326664547970446e-05 -2.221566951212035e-06 3.155927706871682e-05 -3.453810004787021e-06
4.280387710525446e-05 -5.518780515077757e-06 3.112880918732115e-05 -5.306934889436568e-06
4.193616815390435e-05 -3.774402703685412e-06 3.072145019025180e-05 -4.339137342150432e-06
4.280406604594752e-05 -2.029987224209535e-06 3.133291831637566e-05 -3.356572150545132e-06
3.954668369848921e-05 -5.517757536184551e-06 2.931631955962583e-05 -5.312449875559902e-06
3.954680341233363e-05 -2.030605589073065e-06 2.958643963002652e-05 -3.360719609703388e-06
3.774970217876422e-05 -3.773950133184798e-06 2.851238099612971e-05 -4.279850037086037e-06
3.629278248122697e-05 -5.514385870555359e-06 2.731476707675313e-05 -5.371188457968206e-06
3.629289709190616e-05 -2.032961141676480e-06 2.771013981944262e-05 -3.269134654175972e-06
3.466812580904917e-05 -3.773647982228898e-06 2.661962371474784e-05 -4.331325129909560e-06
3.304589948662221e-05 -5.509348109045603e-06 2.519685671876852e-05 -5.599440845294235e-06
3.304557176969565e-05 -2.037284174299035e-06 2.555406701852195e-05 -3.165994461321975e-06
3.142527810123669e-05 -3.773249727523448e-06 2.423134759313171e-05 -4.361164305777180e-06
2.980868102853710e-05 -5.501769451528717e-06 2.271573342417215e-05 -5.732691971296386e-06
2.980836067329541e-05 -2.044415492269595e-06 2.325655026840020e-05 -3.055471121775463e-06
2.819468988326970e-05 -3.773024204975077e-06 2.163872317670670e-05 -4.408217553271012e-06
2.658798463998499e-05 -5.488436727920271e-06 2.008501537091345e-05 -5.702096309886751e-06
2.658789339694809e-05 -2.057649458208244e-06 2.060284214842154e-05 -3.021833631462705e-06
2.498656434737962e-05 -3.772871392702786e-06 1.913041986160177e-05 -4.419790300490407e-06
2.339843242864856e-05 -5.465079999685171e-06 1.764852430659303e-05 -5.631464544874062e-06
2.339877984450467e-05 -2.081101701387550e-06 1.809931159002182e-05 -3.071957130658297e-06
2.182005991721654e-05 -3.772961479779196e-06 1.679222325066167e-05 -4.444103933941253e-06
2.026376800287025e-05 -5.427933613620036e-06 1.557148990610035e-05 -5.495097604795773e-06
2.026446410397769e-05 -2.118497531726995e-06 1.573240080596025e-05 -3.159216678750825e-06
1.872222027942935e-05 -3.773409982400017e-06 1.459974369956558e-05 -4.418447514071295e-06
1.721254788007270e-05 -5.375908665274966e-06 1.376625788041520e-05 -5.305035296138327e-06
1.721321988968932e-05 -2.171496630751832e-06 1.364007693708598e-05 -3.287235196535971e-06
1.572214528235406e-05 -3.774105363201257e-06 1.265498944666532e-05 -4.322083555752144e-06
1.427397350979900e-05 -5.308224569508016e-06 1.198048786242136e-05 -5.199510747181408e-06
1.427433807820008e-05 -2.240577295712460e-06 1.180968996892170e-05 -3.388983017224768e-06
1.284921751290641e-05 -3.774858611861397e-06 1.096036369802866e-05 -4.255431417867941e-06
1.147682609647677e-05 -5.224199883166739e-06 1.033430328088951e-05 -4.994262763140268e-06
1.147675944955009e-05 -2.326324180668700e-06 1.029482666660247e-05 -3.507081292443178e-06
1.018542926117947e-05 -3.774831997307419e-06 9.600177616633459e-06 -4.200231439440693e-06
8.953761484432211e-06 -5.125050968153982e-06 8.958670635601790e-06 -4.811777462706720e-06
8.953130128728713e-06 -2.430298586737859e-06 9.091246770914155e-06 -3.633799623290843e-06
8.046680930055897e-06 -3.875165607057053e-06 8.624410471837559e-06 -4.243876680070397e-06
7.180176933149386e-06 -5.031536580963072e-06 8.294788368818543e-06 -4.655114546149039e-06
7.177626395692605e-06 -2.527495663394282e-06 8.393520939253702e-06 -3.641004215749970e-06
5.979671676008254e-06 -4.949623730985693e-06 7.901293931582913e-06 -4.622952545160624e-06
6.188047968167227e-06 -4.185884883944711e-06 7.970962997370411e-06 -4.343050972740085e-06
5.975604240708857e-06 -2.589583193896961e-06 7.858027050153130e-06 -3.621274917895214e-06
5.152838833180569e-06 -2.655768573043344e-06 7.581407425027387e-06 -3.625836928179514e-06
-4.516563558428147e-07 -9.706420706248444e-07 -1.473725264826815e-06 -3.136975525167911e-07
-4.611602498056521e-07 -9.474182873214767e-07 -1.509188774004182e-06 -2.254855670064670e-07
-4.609773939932217e-07 -8.622427935072619e-07 -1.492677999534762e-06 1.089231980001548e-07
-4.515795560342383e-07 -8.399652499435291e-07 -1.454375709217837e-06 1.918119709909056e-07
5.146463619006932e-06 -4.891958378471980e-06 7.665716123390183e-06 -4.652865983408639e-06
4.442831535235131e-06 -4.799372356671263e-06 7.330790007411329e-06 -4.672489640584886e-06
4.963689885705304e-06 -3.497783610482684e-06 7.537078274587553e-06 -3.982671512599648e-06
4.422048493141765e-06 -2.663422045931884e-06 7.311373267344324e-06 -3.574290802670660e-06
-4.286344767468178e-07 -9.804641090561836e-07 -1.386697200844418e-06 -3.496684315123269e-07
-4.059659949713185e-07 -8.872533570551503e-07 -1.289099002785100e-06 2.322379598921955e-08
-4.292385194417542e-07 -8.310002076443296e-07 -1.369689758331367e-06 2.264266690448234e-07
4.203938491781395e-06 -4.122092449270144e-06 7.226818819788741e-06 -4.336057759953993e-06
3.779195745429053e-06 -4.617935638682134e-06 6.980969238560147e-06 -4.651546019773360e-06
3.177805605477635e-06 -4.387025068974901e-06 6.585518832900742e-06 -4.572006369908238e-06
3.993020637253044e-06 -3.244190904693566e-06 7.116970455319806e-06 -3.851359363913045e-06
3.769304073113991e-06 -2.572879192879449e-06 6.981795101162843e-06 -3.394440789307509e-06
-2.741820689463752e-07 -9.855795135396397e-07 -8.208659602114952e-07 -3.182691030937826e-07
-2.748604819331521e-07 -8.306822500797833e-07 -8.276914081920864e-07 2.562925991354564e-07
-1.942196125379667e-07 -9.093710297317600e-07 -5.250865249324440e-07 -2.890065051629513e-08
2.647985094907874e-06 -4.085206620676912e-06 6.119072896576548e-06 -4.460860856900489e-06
3.083362542795867e-06 -3.741815683461061e-06 6.542059318371181e-06 -4.168148022513168e-06
3.283952868724754e-06 -2.981761280655197e-06 6.689204229714124e-06 -3.627759599532727e-06
3.194924958321135e-06 -2.400683679556842e-06 6.646758583476297e-06 -3.098431532552292e-06
-1.068524937229919e-07 -1.002203171328427e-06 -2.006040363237522e-07 -3.563200423817995e-07
-1.074965601404111e-07 -8.188809875491456e-07 -1.729489515096194e-07 3.344773930993643e-07
-8.166414685853271e-09 -9.116400323899350e-07 1.802977830533294e-07 1.849838185996608e-08
2.176862860583176e-06 -3.753604783727396e-06 5.655878835394750e-06 -4.278339618190113e-06
1.788528622813631e-06 -3.399070696571188e-06 5.235818310339151e-06 -4.004145136831936e-06
2.606769866593426e-06 -2.876207332126709e-06 6.132789499489214e-06 -3.498013832804212e-06
2.708523687689007e-06 -2.152547911507472e-06 6.259807115173572e-06 -2.722164475479617e-06
1.049815223201854e-07 -1.033777589840733e-06 5.877851488372833e-07 -3.813643760012656e-07
1.044196065946341e-07 -7.915434419423561e-07 5.799688957416174e-07 4.425467889511866e-07
1.889214337999728e-06 -2.900122911888573e-06 5.356598434585642e-06 -3.522124058303711e-06
1.477759230191483e-06 -3.013087614545367e-06 4.793708714339266e-06 -3.646599093790181e-06
2.046036916579863e-06 -2.389035561671252e-06 5.543431720055798e-06 -2.916057123089405e-06
2.314178433566210e-06 -1.872317840079229e-06 5.866291236956350e-06 -2.227277020571021e-06
2.279666373822208e-07 -9.135948829191547e-07 1.028685133018424e-06 3.644588115266472e-08
3.732068830977019e-07 -1.076340720244942e-06 1.498300559266736e-06 -4.608488889038750e-07
3.722594311172067e-07 -7.519498264330965e-07 1.492379658031171e-06 5.237438800147892e-07
1.219546970796716e-06 -2.624755755906500e-06 4.376163314365486e-06 -3.146858397069621e-06
1.046739574675915e-06 -2.264674757077583e-06 4.015519371274000e-06 -2.689604449027494e-06
9.432928000803701e-07 -1.904190369953821e-06 3.705150927894217e-06 -2.197644302691724e-06
1.736186488690114e-06 -1.967744916448443e-06 5.080218336411605e-06 -2.304645067663695e-06
2.010174722613412e-06 -1.586897764518044e-06 5.505083472145814e-06 -1.654028453185100e-06
4.887935525836408e-07 -9.158481317856311e-07 1.854351285352518e-06 3.618520926162688e-08
6.284514628952612e-07 -1.115584324019975e-06 2.304603068892110e-06 -5.935697289847279e-07
6.289046690015301e-07 -7.119694947962124e-07 2.307648301851495e-06 6.564408547390640e-07
1.240554430337529e-06 -1.893109077554755e-06 4.277088570801761e-06 -2.198352521678342e-06
8.798825222694004e-07 -1.572600660923216e-06 3.468081080925032e-06 -1.618270085680865e-06
8.355085497339932e-07 -1.145696972751610e-06 3.048299442220818e-06 -6.821573210778434e-07
8.811451154471022e-07 -1.184254095541646e-06 3.241962697076465e-06 -7.835804713809158e-07
8.890209845550989e-07 -1.273318103288770e-06 3.339748647250831e-06 -9.972518757830301e-07
1.530897629457090e-06 -1.549112235016687e-06 4.772242476555267e-06 -1.574662752835969e-06
1.778229066096491e-06 -1.316148707074282e-06 5.247323554989645e-06 -1.080515954406019e-06
7.524111142238933e-07 -9.471878482240105e-07 2.721486339627075e-06 -4.591931148800270e-08
8.802532962899315e-07 -6.811211201002227e-07 3.035135662909832e-06 7.319531172210966e-07
1.090440337014539e-06 -1.348212716640440e-06 3.868017170352289e-06 -1.184101547273512e-06
9.062669246093318e-07 -1.036274100560929e-06 3.258690631171464e-06 -3.538040830333867e-07
9.608858965464591e-07 -1.154858215575271e-06 3.482726721527503e-06 -7.051850592294942e-07
1.403887455246878e-06 -1.235808063493238e-06 4.549898655039427e-06 -9.204425835372248e-07
1.616785509887847e-06 -1.080011032489944e-06 5.077971559749370e-06 -5.383408577746029e-07
9.478379810660163e-07 -8.097108139370823e-07 3.263058546902792e-06 3.291378807900378e-07
9.682766339168233e-07 -6.509497739006549e-07 3.224908364626463e-06 8.181440475974182e-07
1.169918845901819e-06 -9.539376247492354e-07 3.988060563609792e-06 -2.114078638743360e-07
1.539063796365315e-06 -8.742101669373139e-07 4.997090708358241e-06 1.542540857321524e-08
1.474031880751540e-06 -7.094850861374570e-07 5.039965744021531e-06 5.629467632517920e-07
1.100383399846319e-06 -6.818602415282096e-07 3.640246326812250e-06 6.739970596644525e-07
1.027568229077491e-06 -6.007559996875481e-07 3.332737095681216e-06 1.017840732368708e-06
1.115251145094464e-06 -4.913148418395404e-07 3.491743674701416e-06 1.581770914150840e-06
1.336618151218693e-06 -6.665924976670341e-07 4.493894142340642e-06 6.380378896375104e-07
1.212119105430908e-06 -4.368867091415300e-07 3.724480292170408e-06 2.104113037953386e-06
1.438326129045836e-06 -5.614028766003397e-07 5.211835070915640e-06 1.096651455568119e-06
1.234972041835648e-06 -4.711589238836655e-07 4.019872659368142e-06 1.599436711959783e-06
1.355582973653256e-06 -4.658447161163228e-07 4.775609227823743e-06 1.611929982159530e-06
1.285965294511521e-06 -4.071997026802359e-07 3.997920325595546e-06 2.593126848045966e-06
1.402491824496804e-06 -4.661294249062376e-07 5.478542077592625e-06 1.596955365711072e-06
1.370155137234429e-06 -4.165606083792194e-07 5.251001683259837e-06 2.085051610312190e-06
1.355565709954987e-06 -4.048790829219229e-07 4.722587041475033e-06 2.406346937876702e-06
1.348676205358564e-06 -4.268842033417616e-07 4.299512084131294e-06 3.085859532005939e-06
1.371680372721745e-06 -4.797532953803172e-07 4.676870720852393e-06 3.567480346148337e-06
1.343456790877862e-06 -4.054296357293856e-07 5.826120660207167e-06 2.047405891539640e-06
1.349454239932634e-06 -4.125884374166941e-07 5.563369628597063e-06 2.663876626500317e-06
1.366750437515223e-06 -4.683153049226091e-07 5.240116170147407e-06 3.389645089338353e-06
1.377079687367188e-06 -5.631176768396176e-07 5.109558165429408e-06 3.988906830435702e-06
1.263439996437436e-06 -3.807804187742012e-07 6.284682441904493e-06 2.499478241655502e-06
1.274989627565757e-06 -4.787790728163454e-07 6.157086749491817e-06 3.399081246944332e-06
1.340796484745093e-06 -6.513896143318708e-07 5.618422433380129e-06 4.353934046743028e-06
1.256082573508867e-06 -7.549884417528367e-07 6.151399987525000e-06 4.654357616841495e-06
1.139502520964257e-06 -8.707607679261192e-07 6.738668275406652e-06 4.920277470947552e-06
1.142130924181365e-06 -5.119876662357743e-07 6.772573260179174e-06 3.583073144608027e-06
1.149124283246423e-06 -3.844284319759108e-07 6.775175916797801e-06 2.872264091356652e-06
1.174318878728966e-06 -6.816431291910158e-07 6.652609451061942e-06 4.271129505842829e-06
9.762921765298241e-07 -9.653362324984851e-07 7.364101212345623e-06 5.113839064786538e-06
7.719975425557700e-07 -1.050637717556636e-06 7.951618808198175e-06 5.233542669467856e-06
1.005761705727638e-06 -5.436491227471809e-07 7.276575296783123e-06 3.737443990260403e-06
9.877290911285519e-07 -3.835550572551996e-07 7.324720498834166e-06 3.118301701623844e-06
5.433222249099242e-07 -1.108621851994746e-06 8.534245426855440e-06 5.284626945761815e-06
8.226415534136404e-07 -7.264186010516469e-07 7.874379179577881e-06 4.334933667789880e-06
7.876276693351977e-07 -3.679428318407151e-07 7.927873841157868e-06 3.251455754828040e-06
4.973809106732143e-07 -7.710926083022758e-07 8.675444525309805e-06 4.424806038273803e-06
2.434204206658048e-07 -1.161758427446545e-06 9.212695741445063e-06 5.277378240710818e-06
5.577203142444789e-07 -3.436941656474064e-07 8.532542036171846e-06 3.290802514912752e-06
-2.147134845384060e-07 -1.215015887412204e-06 1.014907074092658e-05 5.296609455397238e-06
1.695990418529188e-07 -5.646498841591025e-07 9.400973191768389e-06 3.937175189953868e-06
2.461568611873527e-07 -2.909761420583898e-07 9.201886343043089e-06 3.300313761593595e-06
-9.521658849082505e-07 -1.296326250927879e-06 1.152087479569766e-05 5.377803384038129e-06
-5.639297462146750e-07 -6.820287889696946e-07 1.082232749031629e-05 4.232093492935845e-06
-2.163469187136428e-07 -2.219984965024749e-07 1.012424502780016e-05 3.299719900183158e-06
-2.076767433590720e-06 -1.382847289994925e-06 1.358165082627034e-05 5.511160495248324e-06
-1.490001115607114e-06 -7.222866878485056e-07 1.256038878928368e-05 4.287156954780980e-06
-9.529849632063389e-07 -1.436229133484229e-07 1.158550954271871e-05 3.199958334291331e-06
-3.388778940031496e-06 -1.453667163006084e-06 1.597606528948470e-05 5.595300180605774e-06
-2.711065380021767e-06 -7.216560091056364e-07 1.480211437834281e-05 4.269265474195904e-06
-2.077121115489357e-06 -6.020870547060618e-08 1.368761667517706e-05 3.040495404184827e-06
-4.817646371918798e-06 -1.509528316234823e-06 1.854530968780121e-05 5.579815616803625e-06
-4.085720484309632e-06 -7.215990606114957e-07 1.731461470303512e-05 4.235617655980928e-06
-3.388870664981534e-06 1.043343473152401e-08 1.607027201994374e-05 2.953904294612247e-06
-6.337219763636682e-06 -1.551642973768066e-06 2.107556387675664e-05 5.575508818447243e-06
-5.564297113036905e-06 -7.216787204679416e-07 1.982911105505810e-05 4.238845113483155e-06
-4.817571636998772e-06 6.627094817350912e-08 1.856259873354003e-05 2.966062554932678e-06
-7.922543795495068e-06 -1.581520278971203e-06 2.353637466290934e-05 5.597760231933810e-06
-7.120718488258574e-06 -7.218949112434721e-07 2.228535992905348e-05 4.250424414413736e-06
-6.337139003754412e-06 1.082254739909459e-07 2.100149437013442e-05 2.963308372554145e-06
-9.551448347001886e-06 -1.600266424667781e-06 2.602025926981404e-05 5.572425815784301e-06
-8.731470640327532e-06 -7.223047121978799e-07 2.480869071307612e-05 4.279522369130914e-06
-7.922620070835465e-06 1.374309488909494e-07 2.351621455669684e-05 2.928219190731000e-06
-1.120397139733607e-05 -1.609656945833394e-06 2.845504218191571e-05 5.601009182127322e-06
-1.037518871940236e-05 -7.228918543024852e-07 2.729593676940704e-05 4.277147530636960e-06
-9.551551095426894e-06 1.550068941454005e-07 2.606263282709668e-05 2.951674957766193e-06
-1.286462340715250e-05 -1.612808761518175e-06 3.096032145632190e-05 5.642792335802601e-06
-1.203371996612330e-05 -7.236793703347398e-07 2.976089230664222e-05 4.283864979635352e-06
-1.120386776039089e-05 1.629958647016561e-07 2.856857586225651e-05 2.958173113735118e-06
-1.452391850167283e-05 -1.612409848308229e-06 3.346194388445971e-05 5.706955905076789e-06
-1.369473575100964e-05 -7.246124786914554e-07 3.222379003189140e-05 4.321107276946551e-06
-1.286428969130324e-05 1.644824900571366e-07 3.100866030205348e-05 2.978205183063513e-06
-1.806608336107549e-05 -1.513754393355581e-06 3.887418677119282e-05 5.603406101463399e-06
-1.783138869069024e-05 -1.610978291621051e-06 3.851873165370009e-05 5.750939613524820e-06
-1.526587509940884e-05 -7.253217535391804e-07 3.460596878460255e-05 4.357080651523962e-06
-1.617910732671053e-05 -1.611317310294496e-06 3.601389821901830e-05 5.743739327992970e-06
-1.452377100544268e-05 1.624803707762229e-07 3.348911421964887e-05 2.996992425256268e-06
-1.816329868560426e-05 -1.279046256144738e-06 3.902184150441784e-05 5.247613493197144e-06
-1.760809344081267e-05 -7.258791576564009e-07 3.818491848424399e-05 4.404629590826050e-06
-1.617907401138223e-05 1.600221824493533e-07 3.600362187066332e-05 3.005606179415009e-06
-1.816339812540600e-05 -1.726664551744342e-07 3.903262034708605e-05 3.560819086693698e-06
-1.783146386998996e-05 1.593227819703845e-07 3.852258552031850e-05 3.045984796014569e-06
-1.806618057421011e-05 6.208050719555633e-08 3.888353831155615e-05 3.197201992867352e-06
