-1.399029660667367e-04 1.867581769899349e-05 8.304100619363470e-06 -7.271460275710888e-07
-1.404671279985799e-04 1.731392606413256e-05 8.350187559571461e-06 -6.183570251139536e-07
-1.404671069020069e-04 1.089340733739199e-05 8.391322625854763e-06 -8.359025996432711e-08
-1.399029335970679e-04 9.531452153562918e-06 8.353157449130398e-06 1.390527479922976e-08
-1.385409851654760e-04 1.923991102903485e-05 8.193806959143557e-06 -7.722568617632267e-07
-1.359861025804266e-04 1.410361043671703e-05 7.987739707693449e-06 -3.556663061230765e-07
-1.385409168498306e-04 8.967323460011196e-06 8.256726884838428e-06 5.437328822881176e-08
-1.289507297024394e-04 1.923821524182497e-05 7.368095936536159e-06 -7.582119047384181e-07
-1.289504953400816e-04 8.968133287355370e-06 7.451589226544777e-06 6.722185800378906e-08
-1.236568070568290e-04 1.410259638475497e-05 7.043335732450564e-06 -3.243146400792221e-07
-1.193642149543442e-04 1.923078116753105e-05 6.689718011504493e-06 -6.099739847307999e-07
-1.193641077611485e-04 8.973486886252412e-06 6.754088382714769e-06 6.167433549616358e-09
-1.145754470917635e-04 1.410102740409979e-05 6.552853182177471e-06 -3.298132106863241e-07
-1.097955210932174e-04 1.921286573402695e-05 6.257987035670578e-06 -5.127338275368273e-07
-1.097959730564784e-04 8.987728520925922e-06 6.093083734445776e-06 -9.077921365250899e-08
-1.050226291536523e-04 1.409891257016723e-05 6.208445140343513e-06 -3.527205827627039e-07
-1.002669590444892e-04 1.918055747213927e-05 5.937190157981986e-06 -4.831571787793058e-07
-1.002674244019459e-04 9.014645752310433e-06 5.614591623266755e-06 -1.321817362335395e-07
-9.552313076484718e-05 1.409612352401967e-05 5.956336571340491e-06 -3.498748445873982e-07
-9.080769710218174e-05 1.913050624631500e-05 5.724406483672791e-06 -4.602931007600800e-07
-9.080778834041729e-05 9.058319022401661e-06 5.372981288007884e-06 -2.409941318368957e-07
-8.610957428749263e-05 1.409296606054356e-05 5.714509971505555e-06 -3.500608239200216e-07
-8.145318811521322e-05 1.906004983989655e-05 5.510544820417068e-06 -4.991739533269420e-07
-8.145278667197159e-05 9.122071703376409e-06 5.264124847828915e-06 -2.320089302363368e-07
-7.682033487222447e-05 1.408959081427537e-05 5.329897267844851e-06 -3.523656587345587e-07
-7.224382994692152e-05 1.896715154464400e-05 5.207101468987597e-06 -5.246125724543221e-07
-7.224294134390818e-05 9.208072072199111e-06 5.100026684563551e-06 -1.445998649424137e-07
-6.769758438950545e-05 1.408599142652750e-05 4.908128856488662e-06 -3.507358545699946e-07
-6.322260600712146e-05 1.885073043768100e-05 4.822224904281605e-06 -5.521183492681441e-07
-6.322135132370199e-05 9.317222874495144e-06 4.767523003759303e-06 -1.214857834088254e-07
-5.878480678593493e-05 1.408220926722359e-05 4.491861346860097e-06 -3.111397469820188e-07
-5.443352158171805e-05 1.871037518742373e-05 4.269503527354621e-06 -5.726207079325691e-07
-5.443213974052516e-05 9.450011303405141e-06 4.404324184570976e-06 -1.443352683089335e-07
-5.012633750574196e-05 1.407808289400551e-05 4.069746136506741e-06 -2.993428980741934e-07
-4.592057037762466e-05 1.854467845848932e-05 3.726371646097371e-06 -6.474870513765437e-07
-4.591875423220000e-05 9.607951249051535e-06 3.923673770330205e-06 -1.997018733533271e-08
-4.193133191091780e-05 1.407262193458763e-05 3.543734093728958e-06 -3.342986678899395e-07
-3.805330395116478e-05 1.835704252135309e-05 3.142860642416338e-06 -7.713568854460233e-07
-3.805082040632395e-05 9.793698767311433e-06 3.252153661949288e-06 8.028979553097721e-08
-3.517473155796131e-05 1.439398627642536e-05 2.864833244652660e-06 -4.179234630274488e-07
-3.234355027593164e-05 1.818528128616977e-05 2.542336131725844e-06 -8.318743128390287e-07
-3.233754079609330e-05 9.964005249285811e-06 2.534742216836159e-06 9.917809389864330e-08
-2.834855177889727e-05 1.803768310089347e-05 2.058958881152579e-06 -8.877189823548909e-07
-2.908315290634551e-05 1.543830205392951e-05 2.151084034640367e-06 -5.624437388982099e-07
-2.834008003131897e-05 1.007138210320378e-05 1.980742654995953e-06 1.240620161495743e-07
-2.552396753716175e-05 1.018594161957301e-05 1.644439236797930e-06 1.024714088169693e-07
3.638838827377665e-06 5.036068081807402e-07 1.943451023760411e-07 8.444237431352597e-07
3.711669234923078e-06 3.284216468523053e-07 2.035767202204467e-07 8.281545529947858e-07
3.711261798542418e-06 -3.240476364286712e-07 2.106222058858727e-07 7.734484909826950e-07
3.638807729846532e-06 -4.967695842892392e-07 2.022423870351701e-07 7.557179081325140e-07
-2.551418370122712e-05 1.793467569456903e-05 1.722733245222501e-06 -9.378607221830583e-07
-2.303196622442750e-05 1.769994699293315e-05 1.353172078414583e-06 -9.117055441239691e-07
-2.491581843445509e-05 1.309805854078655e-05 1.589839792100156e-06 -2.866319632941527e-07
-2.299727987566191e-05 1.008842121138778e-05 1.311318772067756e-06 1.212793956917095e-07
3.464429319754814e-06 5.760605961144604e-07 1.737834910621758e-07 8.507667721211014e-07
3.288693302529219e-06 -1.395189372053299e-07 1.618598244584221e-07 7.948031175244190e-07
3.465937356243271e-06 -5.688585783693305e-07 1.813686615262691e-07 7.495451594850217e-07
-2.221756726879599e-05 1.533119264677254e-05 1.229909504383000e-06 -5.712339857413617e-07
-2.063553475127416e-05 1.716848066170839e-05 1.007252584146047e-06 -8.199338378464317e-07
-1.837974086733910e-05 1.641143301010829e-05 7.258292824082250e-07 -7.037634836237918e-07
-2.147247501547795e-05 1.215418798272802e-05 1.123937626266497e-06 -1.483720690578744e-07
-2.064488460649242e-05 9.603388854430548e-06 1.052691977954514e-06 1.417823468090767e-07
2.282376872025103e-06 5.953026375586624e-07 7.697394625782023e-08 8.645370200818154e-07
2.281611131958307e-06 -5.892914502406764e-07 7.402792475433505e-08 7.690089144733086e-07
1.669104007216454e-06 3.224966681286834e-09 2.089928653928448e-08 8.101803610164527e-07
-1.629688547811460e-05 1.539588079976868e-05 4.804794909520935e-07 -5.538041388586776e-07
-1.805745752812684e-05 1.403756565345896e-05 6.910277575758156e-07 -3.857018646647976e-07
-1.882615811662520e-05 1.112880770453781e-05 8.152791287337199e-07 -6.232526767629542e-08
-1.850362967233001e-05 8.770259110890454e-06 7.817828693040748e-07 2.419083449193793e-07
1.004831881038421e-06 7.049755792681593e-07 -2.174683066725819e-08 8.369195313751942e-07
1.005394878134366e-06 -6.971268370467398e-07 -1.875760087721592e-08 7.618029694155579e-07
2.503926103273354e-07 4.722355137207540e-09 -6.759651393224582e-08 7.902811537234881e-07
-1.437935663244916e-05 1.419962039031186e-05 2.626960127936322e-07 -3.988938457551876e-07
-1.268426452197243e-05 1.284303594505824e-05 9.053692245066632e-08 -2.498276738534376e-07
-1.617102347856820e-05 1.069035037187442e-05 4.870438802594738e-07 -1.567436680190339e-08
-1.662497329551361e-05 7.615615768145780e-06 5.421025442347223e-07 3.840798227098380e-07
-6.147912075518282e-07 9.413537663580546e-07 -9.060491158927007e-08 7.875375280066891e-07
-6.142881960761432e-07 -9.300279939933456e-07 -1.050270886012549e-07 7.622897339643777e-07
-1.311692912065497e-05 1.081671565372090e-05 1.383261323624912e-07 -3.108752960939474e-08
-1.121632237716228e-05 1.132090520580107e-05 -4.034985825633989e-08 -8.086670438816681e-08
-1.382435777940323e-05 8.601388942589567e-06 2.010473188738819e-07 2.328335873784219e-07
-1.504741725653346e-05 6.238586016962373e-06 3.476076928284352e-07 4.645851904767380e-07
-1.565562755583647e-06 6.935344002484903e-09 -1.020049463272547e-07 7.537354853182374e-07
-2.695181981551696e-06 1.282137386349125e-06 -1.314989694020041e-07 7.667464806652398e-07
-2.692382391785581e-06 -1.268718752871700e-06 -1.373969804946158e-07 7.247695731988250e-07
-9.942658098962384e-06 9.694961387354458e-06 -1.522692857387475e-07 1.275854346683397e-07
-8.932013612569177e-06 8.032863807367061e-06 -2.028448712703385e-07 2.741526973930585e-07
-8.163903425932371e-06 6.295286216251757e-06 -2.323087115415158e-07 4.167204570021644e-07
-1.239482771679235e-05 6.658136503552658e-06 3.196788152636909e-08 3.996922530841643e-07
-1.379470298706440e-05 4.715061240987417e-06 1.506579026283576e-07 5.798736054835480e-07
-3.601309887956225e-06 1.318816232039178e-08 -1.641812063332222e-07 7.232341374997368e-07
-4.712604390285922e-06 1.617117953487384e-06 -1.471169556228786e-07 7.127798489011426e-07
-4.712908456197599e-06 -1.615591875918386e-06 -1.589914212543474e-07 7.369203702717316e-07
-9.865963070361360e-06 6.281834389620243e-06 -1.394190197289768e-07 4.216701865202275e-07
-7.596342830104628e-06 4.544586295657658e-06 -2.420905969762319e-07 5.557935335028898e-07
-6.522508380824058e-06 1.899932707977683e-06 -1.889146475637539e-07 7.318109087007103e-07
-7.035664299028960e-06 2.189504290597715e-06 -2.079580482482942e-07 7.217009184405646e-07
-7.292973758429216e-06 2.789696928645092e-06 -2.216308960710182e-07 6.911120036681937e-07
-1.140937448662033e-05 4.495421084233155e-06 -6.704994996811238e-08 5.770936617610130e-07
-1.285756511354689e-05 3.119819119650256e-06 1.242792631064962e-08 6.531266925593100e-07
-5.709516441021287e-06 2.517672835677322e-07 -1.430856736526161e-07 6.986225034168310e-07
-6.571739434692270e-06 -1.869209240889427e-06 -1.278001573726059e-07 6.963832742284567e-07
-8.780156044918766e-06 3.316418894148008e-06 -1.626407320358211e-07 6.585749070320577e-07
-7.092321729056884e-06 1.044271368345371e-06 -1.911284466244886e-07 7.222260328359530e-07
-7.702437792016792e-06 1.984357006679628e-06 -1.976604016181510e-07 7.178242947092701e-07
-1.072310372879268e-05 2.629013567596332e-06 -1.073110441959944e-07 6.702546197605420e-07
-1.225791413221959e-05 1.528907999053864e-06 -6.882546211745127e-08 6.894964626655207e-07
-7.165297802980716e-06 -7.884532889148954e-07 -1.435607656528030e-07 6.947983620654478e-07
-7.117532479690277e-06 -2.141780931109449e-06 -1.154288187839657e-07 6.795876359094619e-07
-9.152997482709179e-06 6.296856290576974e-07 -1.471013106237255e-07 7.232015087351634e-07
-1.203089494237913e-05 -3.323500769924781e-08 -1.092056356013393e-07 6.943037751278443e-07
-1.210886185241362e-05 -1.536680763516828e-06 -1.798851628765530e-07 6.677838539681707e-07
-8.267892923572099e-06 -1.787481449157983e-06 -1.140779111626710e-07 6.808621121370183e-07
-7.442324567903091e-06 -2.713511197766974e-06 -1.003883414405555e-07 6.468353744159276e-07
-7.852626163577740e-06 -4.265981134488774e-06 -8.363972216648939e-08 5.662808814741783e-07
-1.062426468161062e-05 -1.746671312995944e-06 -1.411954331357215e-07 6.852356414742213e-07
-8.440040263663625e-06 -5.731867099352852e-06 -8.146445459396216e-08 4.942825622161682e-07
-1.250194906942881e-05 -3.041008960995038e-06 -2.607729324641757e-07 6.370913539147678e-07
-9.267146997374535e-06 -4.332163398458121e-06 -1.138049956873722e-07 5.671561971183684e-07
-1.131122277812292e-05 -4.447620737109839e-06 -2.075726544931562e-07 5.704739582296459e-07
-9.180832322127829e-06 -7.114539084985299e-06 -8.999220007005772e-08 4.174133201444444e-07
-1.315855243432028e-05 -4.449739088803527e-06 -3.371041831353581e-07 5.853232537823509e-07
-1.255982543220069e-05 -5.807912605602761e-06 -3.001059325645140e-07 4.944278119800491e-07
-1.119557999629779e-05 -6.644881639058337e-06 -1.874868233270844e-07 4.369334598609981e-07
-1.007118700859174e-05 -8.399055118222397e-06 -1.076979531615948e-07 3.067597347508923e-07
-1.109892884102933e-05 -9.572602265068310e-06 -1.999761710117393e-07 1.638340854814131e-07
-1.405212749150950e-05 -5.730646846660497e-06 -4.427351436069363e-07 4.932299316089464e-07
-1.337553655539533e-05 -7.297638779904211e-06 -3.893190101462191e-07 3.396833986859436e-07
-1.258674766303247e-05 -9.100235845510511e-06 -3.317920005757122e-07 1.925088762216307e-07
-1.225265899298160e-05 -1.062069588430875e-05 -3.117069907777024e-07 8.251672488406279e-08
-1.515213023471714e-05 -6.835669924569795e-06 -5.447531638295063e-07 3.717962168044314e-07
-1.480791502672508e-05 -9.082043389058975e-06 -5.241841674117684e-07 1.816356623908435e-07
-1.351609216626601e-05 -1.153084733676688e-05 -4.519346388798592e-07 2.748753986054570e-08
-1.487260721049731e-05 -1.229068084488295e-05 -5.640785332010383e-07 -6.886823950543318e-09
-1.630568532217059e-05 -1.289071371996699e-05 -6.676805061594411e-07 -2.748472059337838e-08
-1.643163805568936e-05 -9.556038942230567e-06 -6.462409520283339e-07 1.477639893728743e-07
-1.642496834271655e-05 -7.730980862871048e-06 -6.320732226306356e-07 2.929737474128109e-07
-1.611213259446552e-05 -1.135077457522221e-05 -6.510611806998377e-07 4.550717442043656e-08
-1.779580225779382e-05 -1.332464065591434e-05 -7.616539443709306e-07 -3.869858904807586e-08
-1.932451216506503e-05 -1.358651442447901e-05 -8.305183028122709e-07 -7.102803341335646e-09
-1.771361671791498e-05 -9.961382154186751e-06 -7.513671695791520e-07 1.083175446662020e-07
-1.783131805870417e-05 -8.390496572319576e-06 -7.406919583859019e-07 2.170259965344350e-07
-2.087228118495008e-05 -1.367348994706840e-05 -8.840810859322047e-07 3.897558941156223e-08
-1.915555314779605e-05 -1.140741282459951e-05 -8.463679557358832e-07 3.887302694770146e-08
-1.932903663252646e-05 -8.794538963389729e-06 -8.316471335911794e-07 1.185555343515001e-07
-2.121507187001035e-05 -1.163661392527979e-05 -8.767262982612391e-07 4.041487610602877e-08
-2.257402964464570e-05 -1.367266242395857e-05 -8.398713086008730e-07 7.382610863404966e-08
-2.087283780901437e-05 -8.930894743791882e-06 -8.765840650112996e-07 5.031392375882332e-08
-2.491419046731145e-05 -1.367237526012259e-05 -7.614543890263728e-07 8.340540151373085e-08
-2.306808781009390e-05 -1.047983540046382e-05 -8.138744398194393e-07 2.922561941312504e-08
-2.257410685275146e-05 -8.931864397469809e-06 -8.182888028089593e-07 1.149734700506436e-08
-2.813104632823560e-05 -1.367388592283534e-05 -5.867877645923844e-07 1.365147942248699e-07
-2.653886801322483e-05 -1.111651849277719e-05 -7.089519142733257e-07 3.863063930025799e-08
-2.491433406747853e-05 -8.931956932622353e-06 -7.708446774503120e-07 -6.598728877956323e-09
-3.238396271094618e-05 -1.367788773023069e-05 -3.373407419212814e-07 1.767470558091577e-07
-3.025608243901506e-05 -1.130140388093834e-05 -4.694621809629911e-07 2.561293697551099e-08
-2.813126813733506e-05 -8.929488912360680e-06 -6.105308487448411e-07 -1.057234683893408e-07
-3.682636006801263e-05 -1.368229221870692e-05 -1.902512730291808e-08 9.726074933412352e-08
-3.460352023914802e-05 -1.130086768906021e-05 -1.631923019855161e-07 -1.610067997291065e-08
-3.238414018169887e-05 -8.924387503306506e-06 -3.112553019180464e-07 -1.716116358049244e-07
-4.127758881585123e-05 -1.368528097174414e-05 2.163918693530494e-07 3.069913269120251e-08
-3.905092406040139e-05 -1.130038861697298e-05 1.280259627388715e-07 -4.686721101390117e-08
-3.682650407318591e-05 -8.918894827585168e-06 -8.005584389129122e-09 -1.652898297989762e-07
-4.573279418523211e-05 -1.368596529437700e-05 2.412364858333947e-07 -4.244170550622870e-08
-4.350502485971744e-05 -1.129996238668947e-05 2.526528918243035e-07 -4.447393684480448e-08
-4.127774207488688e-05 -8.915095435875960e-06 2.073275742271321e-07 -1.026468008731428e-07
-5.018812414803643e-05 -1.368591993928492e-05 1.782110874500768e-07 -1.287404900259102e-07
-4.796054790799290e-05 -1.129958165381532e-05 2.296521086172848e-07 -7.265546846196396e-08
-4.573291588404759e-05 -8.913555706889075e-06 2.556855853380567e-07 -6.875687348039344e-08
-5.464397670044769e-05 -1.368648472100376e-05 9.332281632759846e-08 -1.572182210100917e-07
-5.241580363089763e-05 -1.129943026308904e-05 1.377855832597691e-07 -1.026284205260283e-07
-5.018816532807026e-05 -8.913094763279872e-06 1.903284886888238e-07 -6.196359963581766e-08
-5.910205340917251e-05 -1.368733350394243e-05 2.047938906580123e-08 -1.767469108344255e-07
-5.687262999126644e-05 -1.129941813902403e-05 5.997353882199276e-08 -1.272234907240845e-07
-5.464398465467667e-05 -8.912343989268540e-06 1.046581753801465e-07 -8.274006389557829e-08
-6.356074868316513e-05 -1.368643841480020e-05 -2.293436146418923e-08 -2.038808065180450e-07
-6.133166439531197e-05 -1.129953864698618e-05 -5.511035810300721e-09 -1.542870684871732e-07
-5.910202202150777e-05 -8.911617369728241e-06 2.144863010296425e-08 -1.151437481811708e-07
-6.801482830440948e-05 -1.368319181470309e-05 8.993156683086120e-09 -1.767287546725270e-07
-6.578894665501039e-05 -1.129962249627937e-05 -1.352041476717280e-08 -1.910319812921048e-07
-6.356070261299332e-05 -8.912698508641818e-06 -1.047845481187334e-08 -1.395962443183836e-07
-7.753330431845885e-05 -1.341737294970334e-05 -8.954173411267166e-08 -1.905970387904947e-07
-7.690248182624517e-05 -1.367871234053966e-05 -7.643207534454266e-08 -1.940059319386243e-07
-7.000768744412946e-05 -1.129957850219400e-05 5.848146745605288e-09 -1.703721097915475e-07
-7.246136102265393e-05 -1.367980743170392e-05 -2.063852443763281e-08 -1.764659200282818e-07
-6.801486640684521e-05 -8.915980209695894e-06 2.431196861132647e-09 -1.700202375974810e-07
-7.779459319311432e-05 -1.278648341314391e-05 -9.525926694724460e-08 -1.802403960177439e-07
-7.630216032103325e-05 -1.129960281800829e-05 -6.363534714256326e-08 -1.518653853301314e-07
-7.246133951822813e-05 -8.919335238030109e-06 -2.471409418204337e-08 -1.373522673899508e-07
-7.779458094425201e-05 -9.812735883140392e-06 -9.523674203888123e-08 -1.245337622391724e-07
-7.690246164601090e-05 -8.920498332336272e-06 -7.692398028332299e-08 -1.115508796421329e-07
-7.753328939760257e-05 -9.181840789632096e-06 -8.970943635075012e-08 -1.147440458546558e-07
