7.602691783435405e-05 -1.159199707297045e-05 -5.010996215149514e-06 2.305049288842365e-06
7.630649153723329e-05 -1.091697792345707e-05 -5.016796805233947e-06 2.281370003546346e-06
7.630638117660831e-05 -7.735073554098387e-06 -4.876771658691406e-06 2.210647526293753e-06
7.602679590039871e-05 -7.060043902308105e-06 -4.849669850395158e-06 2.159236700853672e-06
7.535194780386670e-05 -1.187160947883965e-05 -4.991107149953705e-06 2.315845820201221e-06
7.408603556202867e-05 -9.325981224540291e-06 -4.868678241033576e-06 2.220699733405366e-06
7.535181134569910e-05 -6.780423652679021e-06 -4.795542684959825e-06 2.136300204469410e-06
7.059946635331400e-05 -1.187208451082194e-05 -4.770348246832880e-06 2.350579788665305e-06
7.059922640263875e-05 -6.779510718030912e-06 -4.521869751334144e-06 2.084964490439517e-06
6.797473806461996e-05 -9.325631317477753e-06 -4.529705213860731e-06 2.266559612121504e-06
6.584436549913294e-05 -1.187345608947289e-05 -4.594716351770606e-06 2.378800362828093e-06
6.584368852490361e-05 -6.777167885144877e-06 -4.375403430272225e-06 2.176209608829068e-06
6.346487938880753e-05 -9.325082054302900e-06 -4.288215104259719e-06 2.225021411571335e-06
6.108472401737946e-05 -1.187476014961402e-05 -4.180924301520850e-06 2.343815493487228e-06
6.108379532137995e-05 -6.774710659684594e-06 -4.191096529023481e-06 2.176382860164057e-06
5.870310084035362e-05 -9.324448854726503e-06 -4.091223335909603e-06 2.298251691439958e-06
5.632192291844129e-05 -1.187441659767453e-05 -4.042952784018190e-06 2.408952920082591e-06
5.632078180596655e-05 -6.773781514970420e-06 -3.968655213118715e-06 2.192461257257035e-06
5.393986589633601e-05 -9.323610566043683e-06 -4.017543930324481e-06 2.362673262024948e-06
5.156056423474905e-05 -1.187020240649167e-05 -3.971824949819022e-06 2.332945598227174e-06
5.155941094734296e-05 -6.776192823068016e-06 -3.834903376463805e-06 2.333263705340565e-06
4.918166342772462e-05 -9.322582412295491e-06 -3.995641534348538e-06 2.391966175803659e-06
4.680874922523818e-05 -1.186060039019787e-05 -4.029511845311044e-06 2.329628815826235e-06
4.680744168418439e-05 -6.783281724122221e-06 -3.812229668027505e-06 2.420745131076585e-06
4.443803059536204e-05 -9.321069041618643e-06 -4.013285788460262e-06 2.407719695015619e-06
4.207784768835696e-05 -1.184342822404697e-05 -4.111483561396271e-06 2.427709591213610e-06
4.207674034380793e-05 -6.797127704618213e-06 -3.894571579618140e-06 2.343546069098846e-06
3.972271257999148e-05 -9.319321243909717e-06 -3.965959920795958e-06 2.452295351302572e-06
3.738306121403994e-05 -1.181734603981939e-05 -4.205034582323954e-06 2.441172155296873e-06
3.738244754411129e-05 -6.819512887498296e-06 -3.869164205828760e-06 2.327837843558034e-06
3.505219050936932e-05 -9.317477798645811e-06 -3.830319496587315e-06 2.426381348721763e-06
3.274240029107074e-05 -1.178173841749765e-05 -4.165206617393604e-06 2.398746375042286e-06
3.274191768935276e-05 -6.851292522232766e-06 -3.784949250991783e-06 2.408701026789524e-06
3.044463143392112e-05 -9.315523322926321e-06 -3.744551977447597e-06 2.360493972612140e-06
2.817335253509464e-05 -1.173710363536533e-05 -4.036227232717141e-06 2.487161673990205e-06
2.817245184464670e-05 -6.892163844931863e-06 -3.736952590839683e-06 2.320652708330216e-06
2.600656555572506e-05 -9.313160632115133e-06 -3.722691402568894e-06 2.332461417958296e-06
2.387011330288217e-05 -1.168516682361116e-05 -3.909427261418421e-06 2.415919406242182e-06
2.386889521806890e-05 -6.942180577556527e-06 -3.740441226884822e-06 2.365780524874510e-06
2.227589920472812e-05 -9.494069543577954e-06 -3.757315118144337e-06 2.323837201136972e-06
2.067825100378866e-05 -1.163656428883924e-05 -3.776039165380483e-06 2.344968719022754e-06
2.067624080762272e-05 -6.989446561683751e-06 -3.672252536551017e-06 2.331737057662476e-06
1.840049181447950e-05 -1.159330519120294e-05 -3.680540824367924e-06 2.378801575909052e-06
1.883241218376655e-05 -1.009413739176184e-05 -3.698298725319063e-06 2.316264150616246e-06
1.839738319053677e-05 -7.020039464124945e-06 -3.653392144152294e-06 2.298227799772636e-06
1.676681681337754e-05 -7.053834940552305e-06 -3.589643394223391e-06 2.231811405780753e-06
-2.617104543615817e-06 -4.316437900161093e-07 8.982571259668310e-07 4.865540406272429e-07
-2.668794890253175e-06 -3.072946215270975e-07 9.143019051233028e-07 4.468272823285307e-07
-2.668531534298292e-06 1.555584350720449e-07 8.988201180044823e-07 2.892181658104676e-07
-2.617136007930969e-06 2.780576677460837e-07 8.789850442261738e-07 2.515216492181233e-07
1.676455124679094e-05 -1.156214197086951e-05 -3.606818167729295e-06 2.398190319833211e-06
1.530590617301141e-05 -1.145027711605678e-05 -3.546839607195468e-06 2.390820158116777e-06
1.642603003716074e-05 -8.746504294041642e-06 -3.599039676431289e-06 2.261749991425113e-06
1.529602250078174e-05 -6.962865402217685e-06 -3.561419279146009e-06 2.186055567073126e-06
-2.493317964192135e-06 -4.830909507583301e-07 8.581282214986817e-07 5.023498769013827e-07
-2.368791003047802e-06 2.454639963243201e-08 8.065622425294016e-07 3.272668319673452e-07
-2.494524781841618e-06 3.291378982336257e-07 8.402761293189852e-07 2.376582233267869e-07
1.483521334954098e-05 -1.006555640857935e-05 -3.525749642647514e-06 2.344371020428062e-06
1.388341158182052e-05 -1.116776310241177e-05 -3.524413912260867e-06 2.352792684860684e-06
1.252244909513523e-05 -1.073821491154395e-05 -3.484983395942617e-06 2.328974869467449e-06
1.439654763860724e-05 -8.180083188002505e-06 -3.527143533969809e-06 2.233392697713328e-06
1.389938417936794e-05 -6.635121619861234e-06 -3.539651025917625e-06 2.151953378769964e-06
-1.654779014764025e-06 -4.975790938241394e-07 6.072792055623012e-07 4.840416815072505e-07
-1.654519586003583e-06 3.429876547864907e-07 6.221440281060737e-07 2.475295302269453e-07
-1.220017253290166e-06 -7.808328489445762e-08 4.711061169422134e-07 3.817193150489009e-07
1.124377656653236e-05 -1.015409191035791e-05 -3.402302978615682e-06 2.319523088449175e-06
1.233554118934457e-05 -9.318765209671353e-06 -3.466384619126649e-06 2.294534209790204e-06
1.280244534774072e-05 -7.552443380967981e-06 -3.504845311338652e-06 2.203900079948696e-06
1.260969290101952e-05 -6.089157101100975e-06 -3.528951911222142e-06 2.075151948533950e-06
-7.482102349272470e-07 -5.780051188145028e-07 2.880651939955889e-07 5.792222855537189e-07
-7.490958573392155e-07 4.192512895091446e-07 3.170976105882674e-07 2.082247344986477e-07
-2.119637124888515e-07 -8.082385386206718e-08 1.117723796817192e-07 4.005164816343783e-07
1.005162664219681e-05 -9.443970241504852e-06 -3.314786091457864e-06 2.310550637945348e-06
8.973730533687737e-06 -8.619942946212730e-06 -3.219043066989567e-06 2.301642604172317e-06
1.117319794659638e-05 -7.278152994367556e-06 -3.382461938386272e-06 2.201573099744651e-06
1.146257182617620e-05 -5.341839964601328e-06 -3.444997388696578e-06 1.946454188413257e-06
4.052682802999143e-07 -7.515514204557390e-07 -1.257377692097614e-07 6.874266318241948e-07
4.043945497855206e-07 5.867261819779574e-07 -1.295932621570818e-07 1.040648199433423e-07
9.246982325012284e-06 -7.362654724751564e-06 -3.229267976731081e-06 2.237907293308855e-06
8.018936601841670e-06 -7.685089799023142e-06 -3.076140145704024e-06 2.281529831367270e-06
9.700241788343584e-06 -5.958853594921047e-06 -3.259325455388052e-06 2.044077820210988e-06
1.048679774428090e-05 -4.437740068407382e-06 -3.368331993984517e-06 1.767638833491824e-06
1.085173501847459e-06 -8.415055665914986e-08 -4.428911431108824e-07 4.062910322039632e-07
1.896048980700354e-06 -1.001875135380983e-06 -7.619532881959747e-07 7.614118786428177e-07
1.893628635518145e-06 8.320457056108326e-07 -7.662864569426549e-07 8.514742476544267e-08
7.180797955938994e-06 -6.665713655731241e-06 -2.927823381526343e-06 2.213401973713588e-06
6.489049296264220e-06 -5.592819887376024e-06 -2.741572578868405e-06 2.042250028704629e-06
5.940101349526162e-06 -4.457930680361552e-06 -2.510547647047560e-06 1.810624228793595e-06
8.776069742100977e-06 -4.704679955450809e-06 -3.140842336503036e-06 1.851044911882672e-06
9.703948897793817e-06 -3.417323080492108e-06 -3.332906752706646e-06 1.602735059135852e-06
2.546898911825862e-06 -8.987196576963312e-08 -9.977423128141356e-07 4.268698891184280e-07
3.348554385875265e-06 -1.248683575646647e-06 -1.350917740722331e-06 9.295593228616282e-07
3.347736703050543e-06 1.084006246121523e-06 -1.322214805155431e-06 -6.147770058119381e-08
7.098922683069776e-06 -4.456056403779789e-06 -2.848045292321049e-06 1.833575812162175e-06
5.523450220098199e-06 -3.288309971871399e-06 -2.304721776807503e-06 1.506352098813381e-06
4.671367830656156e-06 -1.459093931415058e-06 -1.893587664890715e-06 9.768332939870493e-07
5.057795802398099e-06 -1.666634346647743e-06 -2.026327402498433e-06 1.031931577405924e-06
5.264386790952029e-06 -2.088352973648420e-06 -2.118400125234557e-06 1.160491337855582e-06
8.131941485147795e-06 -3.267435033651802e-06 -3.050549228858893e-06 1.583063795055879e-06
9.122024441240607e-06 -2.325800998149244e-06 -3.326976070696949e-06 1.297585307069301e-06
4.068305711246452e-06 -2.624031127173558e-07 -1.655249831560197e-06 5.157713571319817e-07
4.673246604003202e-06 1.266558091545653e-06 -1.869101145061446e-06 -1.038680734576257e-07
6.325816759026537e-06 -2.461083152273720e-06 -2.514161642557200e-06 1.305821967748245e-06
5.083115988914996e-06 -8.437280198308100e-07 -2.027399695164645e-06 7.531629107194434e-07
5.542578316519483e-06 -1.521915765075849e-06 -2.197439319503379e-06 9.814027134155063e-07
7.670005417669828e-06 -1.987379455499095e-06 -2.942950602910016e-06 1.186739999716976e-06
8.760513327280296e-06 -1.209084211680036e-06 -3.351108948189794e-06 9.239515991929176e-07
5.107643567301975e-06 4.809990879332554e-07 -2.023232432402083e-06 2.211805609399552e-07
5.050019160167602e-06 1.466008977195617e-06 -1.992453563009185e-06 -1.862092190694583e-07
6.566733933004008e-06 -5.712131598067855e-07 -2.578549126007078e-06 6.761109275792709e-07
8.637405651473484e-06 -9.124025560665470e-08 -3.391166835793010e-06 4.628039777050945e-07
8.757372177113593e-06 1.012520596273950e-06 -3.494402612279923e-06 -1.715632627080390e-08
5.890633658978359e-06 1.198271438638901e-06 -2.305546488791760e-06 -7.592482875488160e-08
5.267983990903642e-06 1.896259815699235e-06 -2.059795934295092e-06 -3.782693081088388e-07
5.531266581791751e-06 3.089067563350537e-06 -2.128104733684471e-06 -9.402515653170027e-07
7.643469676394082e-06 1.149846921708947e-06 -3.029869728644891e-06 -6.043642531182450e-08
5.932936169733795e-06 4.260831920874483e-06 -2.262567100058147e-06 -1.529438390131309e-06
9.115290479856291e-06 2.130875116403982e-06 -3.661421142593666e-06 -5.339595912596640e-07
6.602014737404177e-06 3.125653955447900e-06 -2.568310548635947e-06 -9.634091872313655e-07
8.197085355381633e-06 3.215515274742162e-06 -3.277242111028301e-06 -1.036936232756740e-06
6.482221583215788e-06 5.385553303455907e-06 -2.525303951164530e-06 -2.115906725293092e-06
9.694948519361640e-06 3.216454969676493e-06 -3.915760546979957e-06 -1.043891263995969e-06
9.224843974760245e-06 4.302839549991676e-06 -3.736407614667048e-06 -1.584531924992217e-06
8.099076893338559e-06 4.990942209737301e-06 -3.279170769449263e-06 -1.931850488833370e-06
7.166540680734960e-06 6.475747975341762e-06 -2.854679237581344e-06 -2.618363786813222e-06
8.002290969013324e-06 7.504785666595013e-06 -3.237803443493478e-06 -3.068306056732854e-06
1.049572569351939e-05 4.226970590986865e-06 -4.311275617835114e-06 -1.553700697652779e-06
9.924689450985554e-06 5.541375365151344e-06 -4.076878816109638e-06 -2.177638271663248e-06
9.248967100835600e-06 7.099191737264146e-06 -3.807970578898851e-06 -2.880817828448791e-06
8.960016106419936e-06 8.459356693894165e-06 -3.670193253809082e-06 -3.494733272067478e-06
1.149010745276390e-05 5.124361445711366e-06 -4.762602279197026e-06 -1.984381335004787e-06
1.119104787620531e-05 7.092941663186503e-06 -4.628370619267805e-06 -2.903117470884243e-06
1.004894475957694e-05 9.303740519426356e-06 -4.127405102604014e-06 -3.879395754863587e-06
1.126265541211346e-05 1.003806804894865e-05 -4.659240668573965e-06 -4.235611408521527e-06
1.257161977350237e-05 1.065171036065831e-05 -5.210256830028648e-06 -4.505377016924972e-06
1.267455714636541e-05 7.519789876683094e-06 -5.305818296506815e-06 -3.121177696701167e-06
1.266258695054693e-05 5.873691392921086e-06 -5.310496878814837e-06 -2.359179475358408e-06
1.237622264849063e-05 9.182305260054738e-06 -5.141244206204163e-06 -3.870620844442165e-06
1.397373948039969e-05 1.110628005162048e-05 -5.766989213808540e-06 -4.707318485590118e-06
1.544892369901925e-05 1.140873612535403e-05 -6.437964605509073e-06 -4.849474226675584e-06
1.387670904118729e-05 7.888139803242374e-06 -5.811307585082820e-06 -3.280512744420422e-06
1.399287193542490e-05 6.421704070171798e-06 -5.888135130156342e-06 -2.640240146119205e-06
1.696391964924599e-05 1.153868138526764e-05 -7.150994004651570e-06 -4.909563443237349e-06
1.525816887887334e-05 9.272791523562104e-06 -6.353245297897447e-06 -3.864758802381621e-06
1.543766535950221e-05 6.741968249620006e-06 -6.475364153124749e-06 -2.772210959024029e-06
1.729483472160456e-05 9.507469599486435e-06 -7.273498364961223e-06 -3.996956233913495e-06
1.867824786567949e-05 1.159124852357124e-05 -7.922508381818623e-06 -4.953965232250445e-06
1.695038743292051e-05 6.830643321673385e-06 -7.112171054694889e-06 -2.799699551768117e-06
2.108226972055762e-05 1.164476810637144e-05 -8.981738223741374e-06 -4.962043601328514e-06
1.916267544784491e-05 8.338575765231254e-06 -8.107431920992804e-06 -3.489513618913261e-06
1.867581127690813e-05 6.777959589323517e-06 -7.883883755248590e-06 -2.792717134470845e-06
2.449782469022413e-05 1.172911766917744e-05 -1.054568412724919e-05 -5.028327307483366e-06
2.278335041028447e-05 8.984750892372462e-06 -9.704670140248449e-06 -3.755898793499919e-06
2.108428076456788e-05 6.707313269475207e-06 -8.956873805954018e-06 -2.765365596372206e-06
2.916799435063929e-05 1.182105981615847e-05 -1.265168096435228e-05 -5.094590724685606e-06
2.680648556579370e-05 9.178478866827562e-06 -1.153087950974223e-05 -3.847310266542371e-06
2.449883208721303e-05 6.624140029989236e-06 -1.044364617480572e-05 -2.662904743888635e-06
3.418807253380067e-05 1.189737770500320e-05 -1.512724996553976e-05 -5.219408606293491e-06
3.165424700506931e-05 9.176882728044350e-06 -1.378048709992104e-05 -3.828792828283144e-06
2.916845985977225e-05 6.533457488009029e-06 -1.256835001717833e-05 -2.553891619124980e-06
3.933628649425353e-05 1.195747484725346e-05 -1.799716708561877e-05 -5.433323439863765e-06
3.674313073717397e-05 9.175975692327988e-06 -1.646198830602540e-05 -3.842679039626729e-06
3.418815439987766e-05 6.455460582196733e-06 -1.506514881271303e-05 -2.400557308993614e-06
4.458271334893960e-05 1.200192342138917e-05 -2.114083610449002e-05 -5.598601628363091e-06
4.194557357862671e-05 9.175346057894066e-06 -1.951797840844793e-05 -3.851817980956344e-06
3.933630625452852e-05 6.393758437405091e-06 -1.801809830362988e-05 -2.221293006203603e-06
4.989808979406353e-05 1.203234014585519e-05 -2.452664728155090e-05 -5.646915223587006e-06
4.723103571536793e-05 9.174923127337360e-06 -2.284047028493387e-05 -3.862936669570837e-06
4.458272105431776e-05 6.348271576478142e-06 -2.122587169510410e-05 -2.083462158886892e-06
5.525829487514662e-05 1.205143682195419e-05 -2.793077647280150e-05 -5.647753699230130e-06
5.257238384918412e-05 9.174627891186373e-06 -2.624461313398456e-05 -3.868022488495105e-06
4.989815552701029e-05 6.317210841594533e-06 -2.460853296211220e-05 -2.084510963832779e-06
6.064464724968023e-05 1.206181223446106e-05 -3.130481438293522e-05 -5.691276502449157e-06
5.794827197798796e-05 9.174507619241426e-06 -2.959822189668345e-05 -3.856278615907508e-06
5.525821295378670e-05 6.297797532350436e-06 -2.799246962508880e-05 -2.067513492990236e-06
6.604244680731028e-05 1.206563473668035e-05 -3.465465124651666e-05 -5.620144096856413e-06
6.334240284119847e-05 9.174585586759591e-06 -3.296383702654043e-05 -3.840607689149080e-06
6.064424644666456e-05 6.287352666161310e-06 -3.131413905393851e-05 -2.052033294354264e-06
7.144165364394051e-05 1.206590891453665e-05 -3.785602881455910e-05 -5.566228161735753e-06
6.874206156048779e-05 9.174698892494654e-06 -3.627063749438608e-05 -3.889083873776736e-06
6.604202754180720e-05 6.283582331060564e-06 -3.461477881335965e-05 -2.124153538339479e-06
8.300061649588022e-05 1.174794551793598e-05 -4.434666800332571e-05 -5.342610116499448e-06
8.223426570301369e-05 1.206538744000264e-05 -4.392415115585314e-05 -5.520054184365077e-06
7.385934424320206e-05 9.174991076811055e-06 -3.928254439505157e-05 -3.887809064180762e-06
7.683863891994279e-05 1.206550938485637e-05 -4.093824254700244e-05 -5.577803439319019e-06
7.144127198471017e-05 6.283651874880837e-06 -3.790634456705266e-05 -2.181485865116795e-06
8.331804738108708e-05 1.098157886891622e-05 -4.452257195636423e-05 -4.918746109088553e-06
8.150471489378913e-05 9.175235733821238e-06 -4.355609902901393e-05 -3.939229040705859e-06
7.683856365970861e-05 6.284686590707102e-06 -4.096504139094439e-05 -2.269522553446558e-06
8.331802586269568e-05 7.368914896611273e-06 -4.457041173467366e-05 -2.934455845008011e-06
8.223422546300306e-05 6.285081116197824e-06 -4.397338547127848e-05 -2.325018184709849e-06
8.300058910136885e-05 6.602532279036664e-06 -4.439662444171870e-05 -2.504322641775795e-06
