5.628993637056764e-05 -6.606265539408621e-06 -2.160195312081331e-05 4.162511515056271e-06
5.652965896298945e-05 -6.027596772347540e-06 -2.166848040126105e-05 4.015533349133775e-06
5.652942156709852e-05 -3.299376781236259e-06 -2.172502408884199e-05 3.246478861439673e-06
5.628966504897039e-05 -2.720669203672581e-06 -2.166152461942581e-05 3.085019458817958e-06
5.571120336728351e-05 -6.845940883428835e-06 -2.144630401083931e-05 4.222063547328065e-06
5.462528007740994e-05 -4.663424199114003e-06 -2.115352770456150e-05 3.643612894589040e-06
5.571087999970813e-05 -2.480974491393333e-06 -2.150273057567101e-05 3.018707061503253e-06
5.163581257191009e-05 -6.844520768486969e-06 -2.031160830307071e-05 4.199516417123523e-06
5.163532072355416e-05 -2.481987991341865e-06 -2.037545680218182e-05 3.061341825558268e-06
4.938637890023508e-05 -4.663099993103404e-06 -1.974992460348935e-05 3.636646684472757e-06
4.756436903702239e-05 -6.838551685121636e-06 -1.925825692471386e-05 4.151125657500179e-06
4.756375684623807e-05 -2.487334571043096e-06 -1.927391674307291e-05 3.019321017737155e-06
4.553247026874565e-05 -4.662497422216100e-06 -1.867813752862313e-05 3.621910993783977e-06
4.350858671750570e-05 -6.825056385387671e-06 -1.830728935210305e-05 4.134114322677233e-06
4.350850059256188e-05 -2.499813109285897e-06 -1.818151394459695e-05 3.016201498594680e-06
4.149001766062583e-05 -4.662220850769914e-06 -1.751284851982084e-05 3.590185178155566e-06
3.948502680994359e-05 -6.802661927073494e-06 -1.728271858761633e-05 4.121129737459935e-06
3.948494429751969e-05 -2.521564507070212e-06 -1.717034952435450e-05 2.982514928418573e-06
3.748864889833233e-05 -4.661995594010619e-06 -1.639402147655348e-05 3.609327654479904e-06
3.551171831576888e-05 -6.771187963180474e-06 -1.626778835009689e-05 4.210168354818237e-06
3.551134133275754e-05 -2.552333664409629e-06 -1.600014394484458e-05 2.877839801780448e-06
3.354599542416910e-05 -4.661767040212119e-06 -1.522297706662119e-05 3.606686510266096e-06
3.160504048108731e-05 -6.731832460158348e-06 -1.502777504570452e-05 4.266379642650753e-06
3.160428732170385e-05 -2.591219965790013e-06 -1.459408713868746e-05 2.839567569697376e-06
2.967679179003860e-05 -4.661459382271430e-06 -1.400458625074268e-05 3.610237076840146e-06
2.777781357095534e-05 -6.685602652600085e-06 -1.363969675794015e-05 4.302276889402917e-06
2.777722762484980e-05 -2.637047692789636e-06 -1.311252771823027e-05 2.816919083848896e-06
2.589324244829378e-05 -4.661097673844176e-06 -1.268718193180622e-05 3.576491516870605e-06
2.404210105906131e-05 -6.632021591765729e-06 -1.220451279836885e-05 4.258290107696906e-06
2.404198150989389e-05 -2.690038445117933e-06 -1.184199366598733e-05 2.915576765766179e-06
2.220790587250814e-05 -4.660736585147530e-06 -1.144997067021252e-05 3.557331519218860e-06
2.041249036249363e-05 -6.568817322601968e-06 -1.103960873580143e-05 4.163343248882670e-06
2.041300280300633e-05 -2.752575415158039e-06 -1.079434151685841e-05 3.044422853913704e-06
1.863814587361195e-05 -4.660330796564731e-06 -1.037856875109727e-05 3.561190725340250e-06
1.691003072795720e-05 -6.492116845883761e-06 -1.002118726898444e-05 4.167603261509482e-06
1.691031238201660e-05 -2.828503297615840e-06 -9.815205585917929e-06 3.100908991778963e-06
1.527497766595578e-05 -4.659109217771409e-06 -9.379757585559738e-06 3.555597009094217e-06
1.369318836550568e-05 -6.400929454675994e-06 -9.039992054504823e-06 4.176958883544945e-06
1.369277927931369e-05 -2.921546121007220e-06 -8.870628270790331e-06 3.057946868071970e-06
1.252229314976592e-05 -4.789380655516614e-06 -8.557640666363720e-06 3.610467918404357e-06
1.138164534900418e-05 -6.313511261594855e-06 -8.193610580366560e-06 4.252595692467919e-06
1.137895096007337e-05 -3.010319855214498e-06 -8.081586537601174e-06 3.019573194018191e-06
9.783244877182951e-06 -6.235497262988514e-06 -7.572275243268243e-06 4.235485788203773e-06
1.007074272056982e-05 -5.205274152345286e-06 -7.687703678085950e-06 3.778815154870234e-06
9.778710775751986e-06 -3.068077748540959e-06 -7.570236587505097e-06 2.995063964546093e-06
8.663787858408006e-06 -3.130729295811988e-06 -7.128657237555652e-06 2.957479504491255e-06
-1.038149274357823e-06 -2.587919610794809e-08 1.344351321573167e-06 2.817578419727261e-07
-1.059498366154261e-06 2.543743209422275e-08 1.376588040544894e-06 2.087894412287003e-07
-1.059389858028450e-06 2.167844988627281e-07 1.389541893713261e-06 -6.245207998579844e-08
-1.038137669796014e-06 2.674760155838212e-07 1.360291654324830e-06 -1.380604577274223e-07
8.658569392628947e-06 -6.179890184986294e-06 -7.078196861585188e-06 4.210138529727359e-06
7.687702495770698e-06 -6.073618495049002e-06 -6.676843255222267e-06 4.170174031337527e-06
8.416922272774568e-06 -4.277410779051113e-06 -7.045691913388390e-06 3.453478320845664e-06
7.667305236563201e-06 -3.112263595841605e-06 -6.689946035251568e-06 2.867457285998994e-06
-9.870442705942877e-07 -4.707586907521974e-08 1.268708585173318e-06 3.121398719749037e-07
-9.354317174264245e-07 1.628018129599426e-07 1.196429403198744e-06 2.050381653174544e-08
-9.874086200876577e-07 2.886857140069680e-07 1.283242452830180e-06 -1.697300154827181e-07
7.364571794791611e-06 -5.144621724529837e-06 -6.554802993514101e-06 3.794847350673750e-06
6.759726235851544e-06 -5.848121466672684e-06 -6.275396804861609e-06 4.100687156309413e-06
5.899489262908712e-06 -5.542241026375821e-06 -5.881696392236077e-06 3.984375481739479e-06
7.072703528738359e-06 -3.916516825393293e-06 -6.425055495607494e-06 3.233005054923204e-06
6.754792050770863e-06 -2.950003071070970e-06 -6.286701279201937e-06 2.741129927476651e-06
-6.404248385024244e-07 -5.225794930811740e-08 7.177475523999770e-07 3.327067693220917e-07
-6.400424186942259e-07 2.951630424150247e-07 7.186106763554801e-07 -1.757128948353194e-07
-4.604369988669600e-07 1.217256718765236e-07 4.441957501040642e-07 6.269399334429562e-08
5.121081317471010e-06 -5.136339985979846e-06 -5.512609502330993e-06 3.818873245413592e-06
5.771291792730862e-06 -4.630420181494166e-06 -5.836251172176372e-06 3.565627476729903e-06
6.061180992478762e-06 -3.532054238334688e-06 -5.960337747821318e-06 3.038773720818022e-06
5.935796122670758e-06 -2.662810198308547e-06 -5.897553927542571e-06 2.551453527850395e-06
-2.657399059909507e-07 -8.358609966094376e-08 1.233860197854841e-07 3.733004544407216e-07
-2.656393148908528e-07 3.275210050458787e-07 1.152015542937585e-07 -2.901066540223936e-07
-4.417131158710800e-08 1.222026587231094e-07 -2.464031630873869e-07 3.441707916346593e-08
4.414546354296142e-06 -4.672294881793345e-06 -5.154455634446143e-06 3.598916608934048e-06
3.807836318719857e-06 -4.159282786033380e-06 -4.803785353025364e-06 3.356007187298536e-06
5.067458690411891e-06 -3.371383525145759e-06 -5.484201786762890e-06 2.952617683589155e-06
5.227670405255180e-06 -2.259831091207093e-06 -5.564380370091084e-06 2.309975694829399e-06
2.091069604291082e-07 -1.508794134864886e-07 -6.417344242167774e-07 4.525991518599287e-07
2.092429545459855e-07 3.956526048924566e-07 -6.403716542185163e-07 -3.411460765085133e-07
3.963341660889926e-06 -3.412629580707560e-06 -4.885993113882929e-06 2.983867969833134e-06
3.299148562480086e-06 -3.591032387531643e-06 -4.506869977911146e-06 3.087738689576469e-06
4.212377243693858e-06 -2.618461826413030e-06 -5.034783429323553e-06 2.544984120211604e-06
4.641308357865701e-06 -1.789784129737400e-06 -5.317907650183931e-06 2.074502043405139e-06
4.871318186684705e-07 1.223682529093224e-07 -1.023305486524376e-06 7.585544142039676e-08
8.158682752908155e-07 -2.470767430347420e-07 -1.470761177159347e-06 5.955381387065083e-07
8.151816570694545e-07 4.926973396659386e-07 -1.452550890514851e-06 -4.218145715173884e-07
2.865181105003910e-06 -2.998864761905640e-06 -4.246037677101795e-06 2.809093753713644e-06
2.542219237053510e-06 -2.418019534476881e-06 -3.992018541013123e-06 2.452870238888080e-06
2.315709451482113e-06 -1.821586350351906e-06 -3.747060408567203e-06 2.052173255957876e-06
3.711847745530090e-06 -1.938815745667453e-06 -4.773313885114871e-06 2.175031546075993e-06
4.181100904872616e-06 -1.286677691083953e-06 -5.130017672803752e-06 1.699716707672498e-06
1.079269414957133e-06 1.209268058366216e-07 -1.821022161030305e-06 1.020716408890810e-07
1.399948459636867e-06 -3.402419422851248e-07 -2.257869460607670e-06 7.208585385301145e-07
1.400608695347404e-06 5.908159722738855e-07 -2.246954723844526e-06 -5.350322782826493e-07
2.862619599321984e-06 -1.811474426647956e-06 -4.206487245443792e-06 2.070438609049454e-06
2.157081099327696e-06 -1.241765095600546e-06 -3.546410716012553e-06 1.616902144513800e-06
1.908379445359437e-06 -4.168335974505594e-07 -2.961426612520887e-06 8.388820037280604e-07
2.043583601325964e-06 -5.013257404976310e-07 -3.209744330675198e-06 9.458187746217488e-07
2.101284051914538e-06 -6.831462980130625e-07 -3.360857084091480e-06 1.141292950622667e-06
3.372041547445498e-06 -1.216091223247822e-06 -4.606139333478480e-06 1.655338364231947e-06
3.833212190583631e-06 -7.790407015260139e-07 -5.038109750062393e-06 1.277562940866819e-06
1.686985698998015e-06 5.208309184886823e-08 -2.631234970178340e-06 2.216246979581970e-07
1.948843007785655e-06 6.632485458893246e-07 -2.947281323803276e-06 -6.219978890211927e-07
2.539754389723461e-06 -8.406390842684241e-07 -3.865396982878599e-06 1.312986560571473e-06
2.072126035729628e-06 -1.687405063158637e-07 -3.197735016655328e-06 5.248796759466885e-07
2.232971229213101e-06 -4.395762748696564e-07 -3.473112708299859e-06 8.770450000503285e-07
3.146264310291582e-06 -6.248952163030289e-07 -4.442065694777042e-06 1.119616514324376e-06
3.601462067488566e-06 -2.962827115842169e-07 -4.989690987603271e-06 7.154233406239844e-07
2.115134334620729e-06 3.567624965264581e-07 -3.191682009528531e-06 -1.738794291118816e-07
2.119371451730188e-06 7.388926368646892e-07 -3.151633373139045e-06 -7.344963870424710e-07
2.668827490039322e-06 -2.837190938271515e-08 -3.961226122091674e-06 4.271379573523209e-07
3.502120216910374e-06 1.600089972514472e-07 -5.003109363300109e-06 1.501225737251768e-07
3.472940779398672e-06 5.762514501020957e-07 -5.115247413953983e-06 -4.797974101539235e-07
2.442037477511024e-06 6.461150995006296e-07 -3.616982498101721e-06 -5.797162918694398e-07
2.225467241674470e-06 8.886057944383483e-07 -3.261994563155591e-06 -9.672893943683328e-07
2.367947547992181e-06 1.276747793400578e-06 -3.377901726674323e-06 -1.612150057857752e-06
3.079303195084276e-06 6.481146825512899e-07 -4.529885414570284e-06 -5.456754676064797e-07
2.552328859923427e-06 1.609937027542943e-06 -3.578884839364122e-06 -2.273707019350777e-06
3.527498204229125e-06 9.810507385410635e-07 -5.313142007413319e-06 -1.104389773712943e-06
2.735166932759335e-06 1.303798931374184e-06 -3.970104498266501e-06 -1.621642242964225e-06
3.230292535468925e-06 1.330371622700016e-06 -4.827363804843304e-06 -1.700990877988482e-06
2.751730536894194e-06 1.909390784395009e-06 -3.906127386712316e-06 -2.922474755293894e-06
3.635405396597046e-06 1.330283389385432e-06 -5.636245177921357e-06 -1.746065372963104e-06
3.492194036187964e-06 1.638302953628920e-06 -5.382727357079768e-06 -2.355109506345389e-06
3.206182418995674e-06 1.815766539528760e-06 -4.802842042394918e-06 -2.710953833306009e-06
2.973747213330956e-06 2.155872791655047e-06 -4.332215959470207e-06 -3.478602721544574e-06
3.196509352498354e-06 2.357614436021770e-06 -4.777192949083778e-06 -3.922360393043549e-06
3.775886812609221e-06 1.629780224713993e-06 -5.994367635186884e-06 -2.335784303498826e-06
3.642679600113271e-06 1.941843177146729e-06 -5.703632469094542e-06 -2.978413892545751e-06
3.494005226612141e-06 2.269473676122733e-06 -5.388327910921363e-06 -3.728135355749609e-06
3.433023457365454e-06 2.514223574100461e-06 -5.261865796475710e-06 -4.336071905201025e-06
3.944459596035696e-06 1.868926626404977e-06 -6.404447497742258e-06 -2.793295859423966e-06
3.881769583398891e-06 2.258060045197962e-06 -6.262517047031808e-06 -3.718868841069976e-06
3.663675293005143e-06 2.639823266130549e-06 -5.766330578209115e-06 -4.702523431632380e-06
3.881401578902689e-06 2.725407086734604e-06 -6.295656663422379e-06 -5.002753445871855e-06
4.094442184510813e-06 2.772001553759291e-06 -6.839903230375233e-06 -5.228323780814209e-06
4.121974325877323e-06 2.331211638884162e-06 -6.910136868509327e-06 -3.925208593633068e-06
4.125826304390190e-06 2.046422474674889e-06 -6.913739058193860e-06 -3.185390992868827e-06
4.077914884183370e-06 2.583283792301904e-06 -6.774399618351860e-06 -4.642063538674443e-06
4.288932000048862e-06 2.799096836680011e-06 -7.389467794323467e-06 -5.398269115337214e-06
4.465968869892446e-06 2.798334996846653e-06 -7.977986255116278e-06 -5.509070467986950e-06
4.291520982824154e-06 2.391671009837202e-06 -7.392279111124812e-06 -4.097700077450469e-06
4.304195575533348e-06 2.178450232158487e-06 -7.445822387950417e-06 -3.482143575035831e-06
4.631604652351897e-06 2.780007288388923e-06 -8.591774910623431e-06 -5.553519298835638e-06
4.463728368818013e-06 2.565542736744979e-06 -7.917591534379961e-06 -4.670355377441420e-06
4.477052537786193e-06 2.267674576937343e-06 -7.996148489019575e-06 -3.651458625828455e-06
4.671237985800298e-06 2.582877776450927e-06 -8.723312095388945e-06 -4.774006641606459e-06
4.784779052700109e-06 2.747919304365212e-06 -9.244043457471571e-06 -5.588304058158271e-06
4.640964641533423e-06 2.308620581530707e-06 -8.586313636573263e-06 -3.706797805530725e-06
4.968737963786330e-06 2.716078043377876e-06 -1.014030974148685e-05 -5.666465579134223e-06
4.837340675953339e-06 2.478863257300105e-06 -9.400772997839266e-06 -4.343263089836191e-06
4.786907909799920e-06 2.339540416942269e-06 -9.215784622547787e-06 -3.717672316549438e-06
5.160269298495174e-06 2.669207286432792e-06 -1.153793032745266e-05 -5.765275306263197e-06
5.078903230375403e-06 2.532163644845898e-06 -1.080428557991277e-05 -4.617784115878791e-06
4.968474719200934e-06 2.378762662135601e-06 -1.013485267349588e-05 -3.691224443847087e-06
5.331889144589762e-06 2.621503241242843e-06 -1.354851656407219e-05 -5.971069199226590e-06
5.259393124928518e-06 2.543059573078450e-06 -1.245100146549251e-05 -4.740001415379640e-06
5.160755639727673e-06 2.421173871175413e-06 -1.147957091557900e-05 -3.633807422334420e-06
5.439136411037570e-06 2.583357864817726e-06 -1.602838665999053e-05 -6.214395062657730e-06
5.396925498488594e-06 2.541798188349275e-06 -1.469501552854766e-05 -4.767403717445064e-06
5.332676731218617e-06 2.463942885138656e-06 -1.352155541090206e-05 -3.528986190893292e-06
5.486094740729956e-06 2.551693318823651e-06 -1.884787384877128e-05 -6.481323708607396e-06
5.472238742624938e-06 2.540455056364408e-06 -1.734056059343589e-05 -4.823308067104226e-06
5.439802991600084e-06 2.499018064245213e-06 -1.599428641617836e-05 -3.356409193791247e-06
5.480617267199177e-06 2.524661407969738e-06 -2.216143987265197e-05 -6.666396554087292e-06
5.491534912730909e-06 2.539511090973673e-06 -2.042332310592236e-05 -4.852720268400180e-06
5.486218960644367e-06 2.528473643733354e-06 -1.887730635661466e-05 -3.159131390691825e-06
5.429862605973494e-06 2.502188848837971e-06 -2.570542339627198e-05 -6.789580848214787e-06
5.462058896877367e-06 2.538829530466153e-06 -2.386669770386950e-05 -4.892167243543590e-06
5.480434376377793e-06 2.553770520514953e-06 -2.216519251639977e-05 -3.074615109320317e-06
5.342481477948381e-06 2.484599081787472e-06 -2.925860132359742e-05 -6.808000859634603e-06
5.391448482040360e-06 2.538353041128455e-06 -2.744435893692885e-05 -4.911015595820774e-06
5.429637189566590e-06 2.574966157470015e-06 -2.568657024903624e-05 -3.038914964768732e-06
5.228001343111593e-06 2.471670801158021e-06 -3.271745637522893e-05 -6.781720432035358e-06
5.289154699322491e-06 2.538056881849599e-06 -3.097571101886554e-05 -4.926193823577447e-06
5.342473467232036e-06 2.591661275288247e-06 -2.922003334260846e-05 -3.026722064043987e-06
5.093329220002483e-06 2.461892639085486e-06 -3.612290751076967e-05 -6.741729026206342e-06
5.163695514011392e-06 2.537868633758910e-06 -3.445951756408111e-05 -4.921486753583201e-06
5.228098243430613e-06 2.604221818114460e-06 -3.274630668460423e-05 -3.018924798927562e-06
4.943518663525734e-06 2.454540655080008e-06 -3.946784499258475e-05 -6.629283439455598e-06
5.020664617896896e-06 2.537525909074688e-06 -3.785750926174516e-05 -4.874487806374109e-06
5.093564437878052e-06 2.613567319949168e-06 -3.623898199995054e-05 -3.070931931862391e-06
4.593008656330889e-06 2.458553560278035e-06 -4.623560533750525e-05 -6.340039419514074e-06
4.616464642976112e-06 2.448866985723593e-06 -4.579036495542539e-05 -6.524009558831834e-06
4.872634283696984e-06 2.537403508136347e-06 -4.093910820544289e-05 -4.845240706923958e-06
4.782503197748719e-06 2.449868735827243e-06 -4.269633486347174e-05 -6.518245248514407e-06
4.943370983496626e-06 2.620497214351406e-06 -3.953631190349254e-05 -3.148712797256694e-06
4.583283868032036e-06 2.481958841515155e-06 -4.641919666800969e-05 -5.894483608732400e-06
4.638971243165176e-06 2.537226941989211e-06 -4.535754356916523e-05 -4.840375164866979e-06
4.782412256466718e-06 2.624684447210486e-06 -4.268175250591045e-05 -3.177438619188764e-06
4.583116619923457e-06 2.592584249932756e-06 -4.639264233318294e-05 -3.797213855265180e-06
4.616296275832956e-06 2.625707711794742e-06 -4.576462011019140e-05 -3.174111208716160e-06
4.592834031620423e-06 2.616012845269729e-06 -4.620811271472402e-05 -3.356252350596249e-06
