-1.108974288982492e-04 1.551714451072841e-05 -3.387782510881726e-05 4.124859746192754e-06
-1.113357399003013e-04 1.445907684785176e-05 -3.400848244750833e-05 3.811707434594748e-06
-1.113358595889305e-04 9.471199552290563e-06 -3.402243214465183e-05 2.378331683359537e-06
-1.108975692242027e-04 8.413176455908286e-06 -3.389084498016827e-05 2.053529672499150e-06
-1.098392861740548e-04 1.595539912993175e-05 -3.356539316501584e-05 4.255649050769446e-06
-1.078544819593153e-04 1.196520309797411e-05 -3.302172977935805e-05 3.097245447450289e-06
-1.098394661191382e-04 7.974945801499931e-06 -3.357220469736884e-05 1.917791773705527e-06
-1.023882527213310e-04 1.595434833101068e-05 -3.138739357115789e-05 4.315321560146000e-06
-1.023885141213965e-04 7.976497126007588e-06 -3.140960358149249e-05 1.898309732408333e-06
-9.827580056613407e-05 1.196559265619430e-05 -3.012877715995185e-05 3.124910680143121e-06
-9.494214031333726e-05 1.594753189743864e-05 -2.914149931911533e-05 4.318182551857047e-06
-9.494243848735829e-05 7.983909489239015e-06 -2.917695473889717e-05 1.882520758847452e-06
-9.122423993561206e-05 1.196605474971744e-05 -2.788912962667749e-05 3.164353654313124e-06
-8.751630960656290e-05 1.593145926927047e-05 -2.678850210922503e-05 4.349626896618714e-06
-8.751637827753993e-05 8.000890406290626e-06 -2.671894777042879e-05 1.879087282416271e-06
-8.381480150687450e-05 1.196654335725592e-05 -2.548460062678735e-05 3.229845253347921e-06
-8.013102964928492e-05 1.590429669219397e-05 -2.452162282521557e-05 4.357133863840107e-06
-8.013089004328084e-05 8.029305337199696e-06 -2.421778562601926e-05 1.902608819432892e-06
-7.645725386498270e-05 1.196718953771266e-05 -2.323586281996070e-05 3.235920213987997e-06
-7.280876384972299e-05 1.586524671097475e-05 -2.243138194805723e-05 4.334078530561342e-06
-7.280853050461403e-05 8.069770811461238e-06 -2.202499943734080e-05 2.177863885657239e-06
-6.917393627829564e-05 1.196790768991061e-05 -2.124781991878575e-05 3.253944920498777e-06
-6.557132196404016e-05 1.581500938530896e-05 -2.038878591623339e-05 4.400536865702607e-06
-6.557127068862851e-05 8.121630192042863e-06 -2.002730226455320e-05 2.263887574623170e-06
-6.198612240567597e-05 1.196888404668604e-05 -1.938310693561288e-05 3.255059219110919e-06
-5.843974528356339e-05 1.575441403920028e-05 -1.823354262891008e-05 4.583604386537323e-06
-5.843952512731999e-05 8.184399372131321e-06 -1.802322532754828e-05 2.126695616977630e-06
-5.491351668572497e-05 1.197006195563096e-05 -1.728047928939799e-05 3.296652865911001e-06
-5.143315536240845e-05 1.568288613719931e-05 -1.580951000062149e-05 4.751088741529054e-06
-5.143256519240573e-05 8.258413122407097e-06 -1.557126132470076e-05 1.940201743880659e-06
-4.797566213387082e-05 1.197122051975457e-05 -1.469307043940494e-05 3.317460673292495e-06
-4.457218138526391e-05 1.559864566389912e-05 -1.319304172389562e-05 4.727783395542549e-06
-4.457168651093919e-05 8.345289994654916e-06 -1.287365474942572e-05 1.909263009330501e-06
-4.119575633850435e-05 1.197240723974837e-05 -1.192204130790835e-05 3.313877700694069e-06
-3.788242701140320e-05 1.549862391370126e-05 -1.045610599689446e-05 4.743279388784133e-06
-3.788201734116050e-05 8.448181006851034e-06 -1.021185502924167e-05 1.845311250653094e-06
-3.473274931565377e-05 1.197278454192796e-05 -9.175137635663476e-06 3.302354014484233e-06
-3.165308582941241e-05 1.538254911011432e-05 -7.949410674269950e-06 4.606051149021008e-06
-3.165222801471026e-05 8.570681443065801e-06 -7.816786010224619e-06 1.913713573136999e-06
-2.936302608430025e-05 1.223358905276224e-05 -7.003475713226038e-06 3.397875585558616e-06
-2.709406675231379e-05 1.527339661359383e-05 -6.096144577344345e-06 4.529170729758785e-06
-2.709107248383862e-05 8.684890556878030e-06 -6.050068448429729e-06 2.057353315666117e-06
-2.388160146046350e-05 1.517677647468635e-05 -4.876482848591238e-06 4.464419275144461e-06
-2.447892351194953e-05 1.307878239962319e-05 -5.095587624454583e-06 3.711399064974533e-06
-2.387669665311945e-05 8.758690599021901e-06 -4.868742398148658e-06 2.090475825164662e-06
-2.160006865431169e-05 8.837965487958935e-06 -4.037362681826803e-06 2.171647359671779e-06
3.198944876312725e-06 5.975980669765133e-07 9.352523519854537e-08 1.123108053875445e-06
3.263007765062967e-06 4.434627198800711e-07 8.449853250030077e-08 1.143491609134086e-06
3.262639606615428e-06 -1.304916776778989e-07 7.766989215255901e-08 1.227626010899580e-06
3.198905883336910e-06 -2.824102340540146e-07 8.735885920035390e-08 1.254870073155577e-06
-2.159264658206329e-05 1.510797162605747e-05 -4.010273297182879e-06 4.407569503018263e-06
-1.957654239382361e-05 1.493008636913896e-05 -3.296522611636442e-06 4.310455695299585e-06
-2.111307056436345e-05 1.119377113963619e-05 -3.836347149036567e-06 3.038631206823138e-06
-1.955384666009411e-05 8.745726338284953e-06 -3.297640570193909e-06 2.200347402952695e-06
3.045493230410472e-06 6.613793835579230e-07 1.143490652106753e-07 1.114751893858650e-06
2.890888555648618e-06 3.198894017440034e-08 1.357951378526546e-07 1.204123909344328e-06
3.046846024790264e-06 -3.457742539984907e-07 1.125259768774977e-07 1.268805979811637e-06
-1.891878127038411e-05 1.301073984372246e-05 -3.061249234835787e-06 3.632840159114872e-06
-1.762444621622006e-05 1.451230950010617e-05 -2.626990387626869e-06 4.125562109115631e-06
-1.577773129681198e-05 1.390498391713486e-05 -2.071211683515422e-06 3.880626653663190e-06
-1.831347153799174e-05 1.042469179233444e-05 -2.865146217920322e-06 2.791353626515906e-06
-1.763691576765098e-05 8.335848531779431e-06 -2.648608259535949e-06 2.148914193179405e-06
2.005524905763213e-06 6.782993753276862e-07 2.648560731902810e-07 1.114973352420333e-06
2.004765201845445e-06 -3.636863688122157e-07 2.856852144521722e-07 1.287322956560348e-06
1.466070743400639e-06 1.571465739732411e-07 3.530959127341260e-07 1.208346026075214e-06
-1.406377134017870e-05 1.308654302596777e-05 -1.618225853323029e-06 3.558086638778713e-06
-1.551706104545022e-05 1.196816393564476e-05 -1.984729784023397e-06 3.255437082805387e-06
-1.614789168667843e-05 9.583528144303485e-06 -2.165551851015150e-06 2.564369491932246e-06
-1.588476812543235e-05 7.638130435668670e-06 -2.065158446750247e-06 2.053436397071807e-06
8.822084069495479e-07 7.734928277129887e-07 4.084611260863608e-07 1.160053562730107e-06
8.822195071975771e-07 -4.593738707352824e-07 3.862182600583966e-07 1.245953198341660e-06
2.185443867138089e-07 1.568917876196213e-07 4.527788704643441e-07 1.180191816982469e-06
-1.247975157976990e-05 1.211347226393685e-05 -1.218257153179399e-06 3.226902145212542e-06
-1.106954854139840e-05 1.100242505077009e-05 -8.576679232468479e-07 2.919783543206097e-06
-1.396310126127266e-05 9.222353470133501e-06 -1.550941616164961e-06 2.497471259350079e-06
-1.434140818342168e-05 6.674193524832188e-06 -1.591346230227736e-06 1.882249731293731e-06
-5.420414796874628e-07 9.796608034074914e-07 4.453628853838385e-07 1.220620726973040e-06
-5.422158563845095e-07 -6.663007794037957e-07 4.496567590156896e-07 1.147890605918380e-06
-1.142867570014659e-05 9.330811890966258e-06 -9.280822272925302e-07 2.510931629285466e-06
-9.838779304981593e-06 9.751504517485300e-06 -6.286810964823829e-07 2.601172468469001e-06
-1.201905076786028e-05 7.491052667002828e-06 -1.031309703643616e-06 2.095017986264603e-06
-1.304094587275005e-05 5.518625191594823e-06 -1.213419078821534e-06 1.686031107544730e-06
-1.378712499706960e-06 1.567356433723866e-07 3.827159610969663e-07 1.193524702668596e-06
-2.372130444875118e-06 1.277208678821952e-06 3.106767137723383e-07 1.255868407235765e-06
-2.370556653620761e-06 -9.665027710941424e-07 3.210311198058748e-07 1.109700467928861e-06
-8.766532947592572e-06 8.407268976419982e-06 -4.552334121897987e-07 2.304029137672635e-06
-7.903318640270921e-06 7.019483417888846e-06 -3.494083378627148e-07 2.050284913918374e-06
-7.235068338552688e-06 5.562125577611049e-06 -2.537004975359305e-07 1.786094500556847e-06
-1.082356212640557e-05 5.869128387153538e-06 -8.100617555912713e-07 1.773330779434834e-06
-1.200610613621387e-05 4.230555920994661e-06 -9.838082636225138e-07 1.523871754790348e-06
-3.169941234059127e-06 1.598174510761261e-07 2.452240800494332e-07 1.170783178740140e-06
-4.147355244631883e-06 1.569518043602373e-06 1.323813022360212e-07 1.291381298280995e-06
-4.148173435789384e-06 -1.272795485533903e-06 9.471907042845219e-08 9.760404923404632e-07
-8.687274506655308e-06 5.553827156143104e-06 -5.021800833068261e-07 1.770183117094695e-06
-6.735029130146686e-06 4.082278895094020e-06 -1.847478504898170e-07 1.562472788665076e-06
-5.748818233557528e-06 1.816398140552370e-06 -1.011632752917782e-07 1.342051998478292e-06
-6.208892749745583e-06 2.067541133924571e-06 -1.724070999074062e-07 1.368768586121258e-06
-6.446760258777596e-06 2.584919713239584e-06 -1.948764941653583e-07 1.411287516980542e-06
-9.996593139423300e-06 4.044853473897065e-06 -7.226159307227042e-07 1.552998260811594e-06
-1.123540909693218e-05 2.869413587391922e-06 -8.923116489481586e-07 1.438314017551405e-06
-5.025469911460211e-06 3.669576073615137e-07 7.952251868034666e-09 1.155961273294235e-06
-5.772948209706800e-06 -1.494929017518266e-06 -1.044491691669388e-07 8.665400337364941e-07
-7.742978874255675e-06 3.040474453446179e-06 -3.378913683908986e-07 1.436613896263163e-06
-6.249761010541532e-06 1.066133412159127e-06 -1.776719263337711e-07 1.247782849563112e-06
-6.795742648734528e-06 1.888715388858742e-06 -2.457100511403834e-07 1.342522364254318e-06
-9.414232047309454e-06 2.450109574481934e-06 -6.064071567771282e-07 1.371499930813949e-06
-1.074997214276195e-05 1.495947480601125e-06 -8.087592293139368e-07 1.243433961611692e-06
-6.297745123079316e-06 -5.428657370890362e-07 -1.812497597993959e-07 1.006072755219585e-06
-6.242346898771481e-06 -1.735391762671171e-06 -1.536674622589272e-07 8.158133288933798e-07
-8.055352789843147e-06 7.164845924611486e-07 -4.148591981231415e-07 1.196497182363870e-06
-1.057512661354121e-05 1.336098255837376e-07 -7.955673739816379e-07 1.088726295528149e-06
-1.068125913179887e-05 -1.195139654230300e-06 -8.118689790830498e-07 8.749563002749920e-07
-7.257724146280060e-06 -1.417324349494244e-06 -3.144460434093326e-07 8.619702525915427e-07
-6.517881860510289e-06 -2.246826730324575e-06 -1.734769031464567e-07 7.375251851751570e-07
-6.859039003201347e-06 -3.650208683609753e-06 -1.991055161992642e-07 5.192854682239383e-07
-9.354725552409661e-06 -1.370694485005734e-06 -6.185659300202345e-07 8.510916216322094e-07
-7.361638872430715e-06 -5.002036904114081e-06 -2.798397258691245e-07 2.755071483718349e-07
-1.106995090490586e-05 -2.533182121232419e-06 -8.583786915823849e-07 6.845341131486540e-07
-8.128828829741661e-06 -3.701793485332506e-06 -4.389206731460354e-07 5.296098610996219e-07
-9.991732379788249e-06 -3.807096208875150e-06 -6.989183650072880e-07 5.018245230821128e-07
-8.020536965151237e-06 -6.288552669902114e-06 -4.305326669513786e-07 3.048702264479220e-08
-1.170802680082308e-05 -3.808853773899154e-06 -9.512668554302136e-07 4.724635851562973e-07
-1.116116062409882e-05 -5.061865193509053e-06 -8.556768351705886e-07 2.405931278524658e-07
-9.882710302584450e-06 -5.844520508870842e-06 -6.998290929783196e-07 1.142193388478919e-07
-8.826474467694729e-06 -7.509634170590325e-06 -5.952517112686221e-07 -1.404827607261332e-07
-9.783453874975614e-06 -8.644093554790173e-06 -7.227650132286769e-07 -2.366522342061799e-07
-1.258276167299416e-05 -4.982816750734194e-06 -1.030760298962220e-06 2.429445767658948e-07
-1.194188070432544e-05 -6.463526339980827e-06 -9.274303964822026e-07 2.436523344442189e-08
-1.118910810147837e-05 -8.192546722456138e-06 -8.625198796305842e-07 -1.932206413757877e-07
-1.086874916991277e-05 -9.676675773927155e-06 -8.468950767035371e-07 -3.449033625313673e-07
-1.366384274040066e-05 -6.010879123730484e-06 -1.153280963535956e-06 7.904811329776633e-08
-1.333369534797474e-05 -8.181004121881210e-06 -1.101569668100812e-06 -1.902906797934447e-07
-1.208027172520699e-05 -1.058179718175440e-05 -9.725807906227003e-07 -4.548980712691117e-07
-1.340574997811309e-05 -1.135324007502747e-05 -1.100348312592319e-06 -5.541138220366118e-07
-1.481984970986018e-05 -1.197930213411561e-05 -1.220398238476230e-06 -6.177807112668838e-07
-1.493695732625863e-05 -8.645855027002607e-06 -1.284997853484095e-06 -2.400220912994375e-07
-1.492628896978455e-05 -6.857009779670387e-06 -1.289333416539251e-06 -2.987931149428523e-08
-1.461890090777832e-05 -1.042786239547127e-05 -1.219513463254638e-06 -4.580004850383747e-07
-1.631254779909826e-05 -1.243703584989002e-05 -1.347212503725157e-06 -6.660413536960551e-07
-1.786151381580072e-05 -1.272626699588486e-05 -1.538565222227334e-06 -7.072833269229130e-07
-1.621937450005390e-05 -9.045195588415412e-06 -1.428419758944643e-06 -2.833088637406478e-07
-1.633928726063932e-05 -7.479390394550372e-06 -1.448601246269196e-06 -1.204526268440096e-07
-1.944081046708368e-05 -1.283583314915633e-05 -1.736803279337496e-06 -7.029347248349432e-07
-1.767678673946083e-05 -1.050417662039055e-05 -1.542290725870858e-06 -4.252379378359832e-07
-1.785780621227046e-05 -7.854389140703915e-06 -1.569831135827966e-06 -1.686840305892627e-07
-1.978850135418686e-05 -1.074307641797565e-05 -1.813819082601262e-06 -4.455736628168525e-07
-2.119914627767032e-05 -1.285827532406131e-05 -1.952028062054776e-06 -6.238535955722968e-07
-1.943426775108741e-05 -7.972653777064410e-06 -1.746734164709903e-06 -1.820581588973810e-07
-2.363681391895765e-05 -1.288004115203294e-05 -2.210606250419488e-06 -5.787608114714722e-07
-2.170402393397750e-05 -9.548562100750190e-06 -2.006455740029299e-06 -3.402142140709425e-07
-2.119793845601724e-05 -7.950178417890237e-06 -1.936217792608522e-06 -2.039552840892254e-07
-2.702851038247436e-05 -1.291136990268389e-05 -2.510848030753261e-06 -4.823773381871568e-07
-2.534146021424699e-05 -1.020854179269293e-05 -2.369181767408580e-06 -3.405036921417761e-07
-2.363728452286140e-05 -7.922226782982807e-06 -2.171589103163768e-06 -2.245610571484507e-07
-3.155845223245102e-05 -1.294138707916331e-05 -2.597725680571585e-06 -3.626156629426196e-07
-2.928510964969008e-05 -1.040335622215739e-05 -2.554652620614589e-06 -3.419348480259466e-07
-2.702843538326621e-05 -7.892875489193603e-06 -2.433268690114334e-06 -2.447790607695288e-07
-3.632182233284230e-05 -1.296138834816240e-05 -2.466636870717343e-06 -1.430635361718747e-07
-3.393420423802108e-05 -1.040368447775502e-05 -2.552580989981903e-06 -3.152400058276933e-07
-3.155834178770572e-05 -7.865238771260964e-06 -2.513164100382350e-06 -2.980477194640929e-07
-4.111212417737747e-05 -1.297303357194033e-05 -2.147393338161973e-06 -7.433414321827278e-08
-3.871358318962899e-05 -1.040422978770666e-05 -2.343784353094931e-06 -2.842346041628538e-07
-3.632172359511376e-05 -7.846413344588352e-06 -2.411435463163157e-06 -4.002323460861855e-07
-4.591538977420954e-05 -1.297792568766175e-05 -1.729775514512185e-06 -9.212434231550220e-09
-4.351250834872110e-05 -1.040496897947353e-05 -1.954492978870987e-06 -2.426736246412976e-07
-4.111200154574233e-05 -7.836082975555449e-06 -2.132225707763379e-06 -4.381418599787465e-07
-5.072037828765431e-05 -1.297791442704419e-05 -1.318895495356758e-06 2.121503953034771e-08
-4.831815523826277e-05 -1.040579783282898e-05 -1.468932509344859e-06 -2.129852078892274e-07
-4.591518343138732e-05 -7.832819399645743e-06 -1.673402443651393e-06 -4.488298993728026e-07
-5.551978060092822e-05 -1.297504954937754e-05 -9.077473148484775e-07 2.017283206125907e-08
-5.312123686237874e-05 -1.040671826005295e-05 -1.045041504327244e-06 -2.023952998075067e-07
-5.072010496223538e-05 -7.834555199519170e-06 -1.165310088365794e-06 -4.704154505434882e-07
-6.030924789072484e-05 -1.297072600606604e-05 -5.768961836972319e-07 -5.292512210044551e-08
-5.791615207485926e-05 -1.040775813921280e-05 -6.742785429548009e-07 -1.771921439260836e-07
-5.551943135138288e-05 -7.839363582269798e-06 -7.744593247637725e-07 -4.005612545386120e-07
-6.508791309461403e-05 -1.296641325457856e-05 -3.434643762648890e-07 -7.756993741189827e-08
-6.270018546702110e-05 -1.040867296923535e-05 -4.267493808486007e-07 -2.016046230523841e-07
-6.030903931372918e-05 -7.845677343503745e-06 -4.702555607068542e-07 -2.572361255915620e-07
-6.985797216753805e-05 -1.296323577024711e-05 -2.549926421238068e-07 -1.252127780259432e-07
-6.747407404350991e-05 -1.040933297067771e-05 -2.569507152119512e-07 -2.201688253237485e-07
-6.508784582944667e-05 -7.851610258642085e-06 -2.751215033694637e-07 -2.752183120135379e-07
-8.006288254017644e-05 -1.268110242235610e-05 4.463194852404403e-07 -2.090257884674415e-08
-7.938630938907084e-05 -1.296135530091953e-05 3.879466965509477e-07 -1.944477136426895e-09
-7.199283299350224e-05 -1.040966029158380e-05 -1.087403624431041e-07 -2.392445242661162e-07
-7.462284484754830e-05 -1.296164643628299e-05 2.356732200019900e-08 -6.716965833130415e-08
-6.985793518015588e-05 -7.855803388524362e-06 -1.447526059009971e-07 -3.146083827320988e-07
-8.034312759142234e-05 -1.200451936697393e-05 4.722367910967583e-07 -7.069601360842230e-08
-7.874226148178209e-05 -1.040983410538210e-05 3.450359240058598e-07 -1.979115536671756e-07
-7.462280380808452e-05 -7.857869332744447e-06 6.193897021660994e-08 -3.289572462816871e-07
-8.034312828376700e-05 -8.815149605786753e-06 5.243560985959842e-07 -3.554449926784209e-07
-7.938629630406789e-05 -7.858294895463011e-06 4.450977511375027e-07 -4.281161176252382e-07
-8.006287934517299e-05 -8.138553856926311e-06 5.018463375984613e-07 -4.086800531707244e-07
