-1.297448817210467e-04 1.814480839224740e-05 -2.228484369734527e-05 2.565014542516764e-06
-1.302602925771066e-04 1.690053005795111e-05 -2.236769892699161e-05 2.350329214290202e-06
-1.302601482350053e-04 1.103481176410115e-05 -2.228297708833170e-05 1.282841872825581e-06
-1.297447219237228e-04 9.790523247691385e-06 -2.218606310293583e-05 1.050868187375075e-06
-1.285005734325160e-04 1.866019690656365e-05 -2.207692397705197e-05 2.655579687627937e-06
-1.261665786118382e-04 1.396763258657339e-05 -2.156359251751604e-05 1.803161193804641e-06
-1.285003950492509e-04 9.275128278379887e-06 -2.195552257672969e-05 9.531087702259950e-07
-1.197392628886854e-04 1.865932332568148e-05 -2.039483541369770e-05 2.689059138614367e-06
-1.197390118736950e-04 9.275640449978959e-06 -2.023648999899649e-05 8.891100109322795e-07
-1.149024820390619e-04 1.396724273480901e-05 -1.947662112602635e-05 1.817355230232726e-06
-1.109800026705012e-04 1.865493286095888e-05 -1.887199988613346e-05 2.578809793487509e-06
-1.109797218804363e-04 9.279112299878651e-06 -1.875675449150631e-05 1.042282625800121e-06
-1.066027745935240e-04 1.396652040038506e-05 -1.813175778196051e-05 1.819839089754413e-06
-1.022313505736053e-04 1.864385859992397e-05 -1.739507394985403e-05 2.477189915075076e-06
-1.022314957262396e-04 9.288492587089678e-06 -1.737634620165271e-05 1.082023611174326e-06
-9.786418301328837e-05 1.396573074665116e-05 -1.681963937348499e-05 1.852381312005672e-06
-9.350858149409494e-05 1.862277566198821e-05 -1.606446532717055e-05 2.649185373368022e-06
-9.350877979985450e-05 9.307716780553518e-06 -1.592421736654741e-05 1.010720649242286e-06
-8.916128579319004e-05 1.396468772922482e-05 -1.539170010977986e-05 1.849750046873123e-06
-8.483366394432402e-05 1.858816566857921e-05 -1.457115793055618e-05 2.704919953722976e-06
-8.483382532537135e-05 9.339934538281333e-06 -1.446177148501333e-05 1.058557928231660e-06
-8.051890872103499e-05 1.396328853212823e-05 -1.382198137204245e-05 1.884313901804906e-06
-7.623413388069348e-05 1.853674539000258e-05 -1.287414432096820e-05 2.748174862638045e-06
-7.623446675620786e-05 9.388344551555312e-06 -1.283642330791634e-05 1.038897519975049e-06
-7.196783550031807e-05 1.396155187411964e-05 -1.209190786321751e-05 1.904326753612114e-06
-6.774437826231938e-05 1.846474049224810e-05 -1.122241052177615e-05 2.853176032391690e-06
-6.774478703915922e-05 9.456530182317127e-06 -1.110968585423274e-05 9.571462966433856e-07
-6.354618225939794e-05 1.395957688141549e-05 -1.031264247330568e-05 1.942209119895574e-06
-5.940569993196309e-05 1.836961291472551e-05 -9.723995127244445e-06 2.854622479047768e-06
-5.940588630941648e-05 9.547288281918343e-06 -9.430955829714405e-06 1.039478420785240e-06
-5.529761828959234e-05 1.395742039394063e-05 -8.583645397406139e-06 2.016907195658383e-06
-5.126221676640846e-05 1.825138200771360e-05 -8.132568754557266e-06 2.855135377486822e-06
-5.126209106094737e-05 9.661214429470700e-06 -7.792158279657241e-06 1.149686205383593e-06
-4.726590724687165e-05 1.395525045043250e-05 -6.863113739903935e-06 2.074557237272712e-06
-4.335586523698090e-05 1.811021334531108e-05 -6.366966070092345e-06 3.022895927163317e-06
-4.335518045285545e-05 9.798715215353140e-06 -6.119831327234739e-06 1.162216797501853e-06
-3.964518317400348e-05 1.395216502693271e-05 -5.240608388494301e-06 2.136049238239819e-06
-3.602933344234681e-05 1.794972282690913e-05 -4.707682402871312e-06 2.985242676401129e-06
-3.602785651096281e-05 9.960962104596674e-06 -4.491013924930948e-06 1.278399236424948e-06
-3.334391366495022e-05 1.425428340435804e-05 -3.920304291467156e-06 2.232770588420069e-06
-3.069500851756940e-05 1.780166166254214e-05 -3.478641486379011e-06 2.879049407524480e-06
-3.069047963902563e-05 1.011069500304786e-05 -3.352475900013109e-06 1.512029523771674e-06
-2.695284251284136e-05 1.767283786333381e-05 -2.777715773914183e-06 2.863016783733083e-06
-2.764375568443995e-05 1.523496118693887e-05 -2.884150561344729e-06 2.432376713923987e-06
-2.694589360341195e-05 1.020622726361933e-05 -2.746414989843212e-06 1.613544608517211e-06
-2.430282562470343e-05 1.030864181839757e-05 -2.339783913769542e-06 1.677592954422141e-06
3.513699947408877e-06 1.070710984273906e-06 3.026256237030555e-07 1.482440505880196e-06
3.584113747384468e-06 9.011246892714627e-07 3.057786239772943e-07 1.467021653227859e-06
3.583615632616370e-06 2.702553436702717e-07 3.016833370081056e-07 1.414980753896121e-06
3.513591512193363e-06 1.034185019108303e-07 2.994663259192685e-07 1.406896929817146e-06
-2.429370195200461e-05 1.758214186808994e-05 -2.292918451461229e-06 2.818461822668413e-06
-2.196036951527621e-05 1.736667143046647e-05 -1.952292338946643e-06 2.732275202828723e-06
-2.373380260967058e-05 1.304202610288318e-05 -2.229708050734008e-06 2.078005983707283e-06
-2.192990268063928e-05 1.021229576884031e-05 -2.007510199145434e-06 1.696302463127617e-06
3.344914535037466e-06 1.140983944288336e-06 2.926714053801906e-07 1.489834355511992e-06
3.175074133800519e-06 4.492755003573072e-07 2.831897285742443e-07 1.431340123166129e-06
3.346575710134708e-06 3.400765344095760e-08 2.939667508786729e-07 1.405692393537500e-06
-2.119628609487951e-05 1.514218273970173e-05 -1.834288202565733e-06 2.387410758888407e-06
-1.970571293682355e-05 1.687255429185634e-05 -1.646881498696009e-06 2.594799034209490e-06
-1.758003760036146e-05 1.616396519757911e-05 -1.428031934708828e-06 2.458578195676836e-06
-2.049579872588007e-05 1.215438111948606e-05 -1.781175484100772e-06 1.976595932000778e-06
-1.971632106306339e-05 9.751048115962043e-06 -1.690662779912376e-06 1.679747275081439e-06
2.201727796645137e-06 1.160793116215196e-06 2.198447128200883e-07 1.490706761393343e-06
2.201436335239587e-06 1.593613497426929e-08 2.284754595796991e-07 1.403739638259701e-06
1.609336242809637e-06 5.891383762484746e-07 1.699271750329919e-07 1.434411515278259e-06
-1.561429492568246e-05 1.521191320836956e-05 -1.285624820311011e-06 2.300141224667661e-06
-1.727749504350132e-05 1.392974424095222e-05 -1.382697048071928e-06 2.203704121594661e-06
-1.800243130129610e-05 1.118806075346752e-05 -1.468372201266315e-06 1.885497312822268e-06
-1.769883520708698e-05 8.960887159871996e-06 -1.441243231987750e-06 1.686844492665402e-06
9.678967893071494e-07 1.266517975128715e-06 1.043830513176947e-07 1.464036363580771e-06
9.685377311320263e-07 -8.622853754461990e-08 8.806822144759795e-08 1.369285168713233e-06
2.403602347919198e-07 5.911042972350114e-07 5.309438313311883e-08 1.386238250564489e-06
-1.380241306571638e-05 1.408721891838665e-05 -1.181217862261190e-06 2.194384431131380e-06
-1.219721073727415e-05 1.280916414825957e-05 -9.928384695105361e-07 2.077070593418882e-06
-1.549650002841716e-05 1.077450088995317e-05 -1.247452445445125e-06 1.903237226333991e-06
-1.592662403864104e-05 7.866732089363697e-06 -1.242008368481813e-06 1.654664486446819e-06
-5.934408833601721e-07 1.493631248374723e-06 -2.526295483779301e-08 1.466529992003615e-06
-5.929688193136629e-07 -3.095643081160788e-07 -4.061216704489595e-08 1.261052083037742e-06
-1.260661366258226e-05 1.089561933279685e-05 -1.004674599219449e-06 1.924885275861627e-06
-1.080349454785748e-05 1.137356919897278e-05 -9.158081174730585e-07 1.972093511777058e-06
-1.327718747393373e-05 8.799246737171774e-06 -1.021219285812010e-06 1.770458144873444e-06
-1.443702648799607e-05 6.559644196921179e-06 -1.066932299521347e-06 1.604428642428613e-06
-1.509290394495165e-06 5.931367299610689e-07 -1.376672894283566e-07 1.333855614277847e-06
-2.597304682072823e-06 1.821466060288614e-06 -1.954966254576608e-07 1.390550550169386e-06
-2.594899869677430e-06 -6.363285969234331e-07 -2.151817516394660e-07 1.240047703627481e-06
-9.592584300016683e-06 9.837203478202956e-06 -8.713587166047764e-07 1.931384696256716e-06
-8.627088526457692e-06 8.261679600944972e-06 -7.965198739352695e-07 1.821839655214570e-06
-7.888644605470572e-06 6.612097258468119e-06 -7.031984019528039e-07 1.684087138806360e-06
-1.192097745174838e-05 6.957568578084538e-06 -9.578067136441633e-07 1.658779623892237e-06
-1.325317328721101e-05 5.109566810199966e-06 -9.969555716505423e-07 1.551385380996354e-06
-3.470421441300319e-06 5.984115007537481e-07 -2.673638668554400e-07 1.291033898042895e-06
-4.541212269163101e-06 2.143886250405849e-06 -3.685367553304357e-07 1.412940120614668e-06
-4.541911263418557e-06 -9.717588923169645e-07 -3.822530516103588e-07 1.175481554575704e-06
-9.513960995539276e-06 6.600471375430259e-06 -8.673225888703188e-07 1.682625878757489e-06
-7.340600881658055e-06 4.945524504337069e-06 -6.280206093212812e-07 1.558436882843043e-06
-6.289317925455744e-06 2.416210540117037e-06 -5.144909785294613e-07 1.426098823972774e-06
-6.787333780163233e-06 2.694313338768808e-06 -5.693604470792257e-07 1.445809271928406e-06
-7.039774715454793e-06 3.269575306910326e-06 -5.976054991195175e-07 1.480135321152481e-06
-1.098470214901671e-05 4.900425445398796e-06 -9.649099660838040e-07 1.591332998151136e-06
-1.236850361605636e-05 3.586383458256180e-06 -1.041248376196372e-06 1.564702789961740e-06
-5.502507726520656e-06 8.271344910903304e-07 -4.608591191632903e-07 1.315479787797332e-06
-6.330025487375254e-06 -1.216979667123760e-06 -5.421291391305811e-07 1.104883882603536e-06
-8.470039768496337e-06 3.775024489251632e-06 -7.120043963181057e-07 1.511744741560119e-06
-6.838666477627818e-06 1.591952975236844e-06 -5.709275106247616e-07 1.363375272660908e-06
-7.430497097237975e-06 2.497088905002634e-06 -6.251421691982378e-07 1.430867816792300e-06
-1.033000877662675e-05 3.117282190711296e-06 -8.946072583475547e-07 1.509176896161842e-06
-1.180471734543714e-05 2.061053840124161e-06 -1.055504003099674e-06 1.413095245029069e-06
-6.903129816845363e-06 -1.744893509972167e-07 -5.826167341139797e-07 1.201813545501790e-06
-6.852471161706464e-06 -1.480549434595346e-06 -5.666929852915996e-07 1.058731840634679e-06
-8.823010679793401e-06 1.197370657141757e-06 -7.413526106592425e-07 1.339589760345712e-06
-1.159383778135415e-05 5.580311727227793e-07 -1.055729584092548e-06 1.247377262825374e-06
-1.168075318757928e-05 -8.949415265654115e-07 -1.031286023372913e-06 1.076010177436388e-06
-7.962842157416851e-06 -1.137030581979302e-06 -6.811727263697426e-07 1.080757401461282e-06
-7.162190122013957e-06 -2.035436248002759e-06 -5.756210240818915e-07 9.950806011955020e-07
-7.551368624552590e-06 -3.546163889765776e-06 -5.824047400898274e-07 8.349357802844945e-07
-1.024241299076548e-05 -1.094668782652586e-06 -9.015149390762846e-07 1.048974477922310e-06
-8.113759162818675e-06 -4.979746065841387e-06 -6.389161360025258e-07 6.685840875451105e-07
-1.207250630875385e-05 -2.352343509913477e-06 -1.014946830811795e-06 9.364869332492476e-07
-8.923639696839893e-06 -3.608223964839386e-06 -7.586426762935155e-07 8.446449042612602e-07
-1.091431412045745e-05 -3.721634083182142e-06 -9.144105295053210e-07 8.257874390596539e-07
-8.831037263759235e-06 -6.335402117888230e-06 -7.505051933902901e-07 5.047396158649256e-07
-1.272262924531139e-05 -3.724354635991739e-06 -1.054662094219004e-06 8.035999427034824e-07
-1.213870021291063e-05 -5.053063263174289e-06 -1.002216159857612e-06 6.660424495153213e-07
-1.080068394096284e-05 -5.873782920221316e-06 -9.243113987437365e-07 5.757064215759362e-07
-9.696985876335975e-06 -7.600960834491721e-06 -8.789190281079089e-07 4.008879216955709e-07
-1.070361049528038e-05 -8.761768750301208e-06 -9.617696748132492e-07 3.721385886926225e-07
-1.360797194976661e-05 -4.976350968292922e-06 -1.113174154897079e-06 6.800576527148991e-07
-1.294256406194280e-05 -6.517768148491577e-06 -1.054770200255294e-06 5.533551657534033e-07
-1.216574538981293e-05 -8.296518820216999e-06 -1.035648160388184e-06 4.052990492573835e-07
-1.183623406482032e-05 -9.802485137024576e-06 -1.033895335652231e-06 3.079946916604168e-07
-1.469820004485956e-05 -6.060703377609719e-06 -1.225697004892126e-06 6.058697281007300e-07
-1.435868246513331e-05 -8.281010309763047e-06 -1.195104521320339e-06 4.291120205720321e-07
-1.308187490739548e-05 -1.070817858022501e-05 -1.097166378700233e-06 2.324585346873346e-07
-1.442443801223321e-05 -1.146771921639679e-05 -1.181779763754999e-06 1.635998277476161e-07
-1.584587463530956e-05 -1.207153602222985e-05 -1.250693174972317e-06 1.316540297265450e-07
-1.596918765428485e-05 -8.751839735239194e-06 -1.344589983759685e-06 3.926152028045343e-07
-1.596183194983064e-05 -6.942480182330468e-06 -1.347690069566053e-06 5.395415635919622e-07
-1.565166727732798e-05 -1.053581765092906e-05 -1.268039735905312e-06 2.324110775494754e-07
-1.732850924392646e-05 -1.250980794623655e-05 -1.316779859149328e-06 1.052735719958333e-07
-1.885395860833936e-05 -1.277827802026358e-05 -1.469457794299464e-06 7.763378825400658e-08
-1.724414500656671e-05 -9.154838528555867e-06 -1.451684184522284e-06 3.479669517886895e-07
-1.736172698116084e-05 -7.592052158494962e-06 -1.462087500201474e-06 4.438031355417378e-07
-2.040084568610414e-05 -1.287198617089595e-05 -1.603723486882670e-06 9.423563534390881e-08
-1.868165602693746e-05 -1.059848648301505e-05 -1.490630069938902e-06 2.726988888098142e-07
-1.885577759143435e-05 -7.988628419941149e-06 -1.504596313472545e-06 3.516350183047358e-07
-2.074239735440362e-05 -1.083044371845541e-05 -1.634134355943548e-06 2.313895764407006e-07
-2.210800047556291e-05 -1.287971225356974e-05 -1.679769649556426e-06 1.710979587679829e-07
-2.039875419026406e-05 -8.120732852755770e-06 -1.567155513808443e-06 3.066997905174144e-07
-2.446231745327950e-05 -1.288933803240498e-05 -1.714325955858451e-06 1.973894369617498e-07
-2.260096256219330e-05 -9.670061668545818e-06 -1.656008384300289e-06 2.330390632456725e-07
-2.210663034796417e-05 -8.115904260191917e-06 -1.617462770708589e-06 2.558820770907179e-07
-2.771626887346932e-05 -1.290767229694190e-05 -1.660768045977266e-06 2.409086679273510e-07
-2.610105419031021e-05 -1.031254514593329e-05 -1.667836917133771e-06 2.100457861430104e-07
-2.446162949057716e-05 -8.107228375037797e-06 -1.618571922037015e-06 1.985099788677468e-07
-3.204823676357568e-05 -1.293414209813678e-05 -1.304117396608607e-06 3.430322039953870e-07
-2.987482097785257e-05 -1.050234952455452e-05 -1.509886153034062e-06 1.566715007450646e-07
-2.771552130202750e-05 -8.093438907984823e-06 -1.569398865450619e-06 1.077623433792473e-07
-3.660966418332440e-05 -1.296333256133243e-05 -8.696727191980256e-07 3.294588259992898e-07
-3.432023982355053e-05 -1.050492657030076e-05 -1.104751333619708e-06 1.155030275548205e-07
-3.204757484786810e-05 -8.072943742151955e-06 -1.295716965234350e-06 -4.599717186264630e-08
-4.122265542719289e-05 -1.299276434012518e-05 -5.082320290371171e-07 2.432592523571474e-07
-3.890719013596122e-05 -1.050745536084054e-05 -7.065669538368174e-07 8.773883194365705e-08
-3.660905272885212e-05 -8.049133253880400e-06 -8.917079018324884e-07 -1.504336610057234e-07
-4.588572224652828e-05 -1.302000128917949e-05 -2.079463872252705e-07 1.533790882466563e-07
-4.354593441438793e-05 -1.050980581815678e-05 -3.622345849843857e-07 5.508939791654095e-08
-4.122202964415686e-05 -8.024561817083856e-06 -5.118904821354966e-07 -1.112661105763081e-07
-5.059302957412686e-05 -1.304330990971237e-05 3.529675360512801e-08 1.602842596298477e-07
-4.823236259433854e-05 -1.051186723411054e-05 -1.271526455540348e-07 -1.178710565789183e-08
-4.588516789966585e-05 -8.001713448429358e-06 -2.172270349607402e-07 -1.121456414703163e-07
-5.533636521217785e-05 -1.306185540610749e-05 4.712550200781566e-07 1.778565403813262e-07
-5.295924396565250e-05 -1.051381050135240e-05 1.740125709594574e-07 -6.386336756562792e-08
-5.059255499488461e-05 -7.982335703265158e-06 -8.101596248871810e-09 -2.464078406742268e-07
-6.010645329042768e-05 -1.307509465244352e-05 1.003701495242102e-06 1.264309125695051e-07
-5.771769030688803e-05 -1.051545242813346e-05 7.119155053962305e-07 -7.956416297742531e-08
-5.533610054774188e-05 -7.967428313260717e-06 4.102491008188039e-07 -3.755644100266916e-07
-6.489351673260995e-05 -1.308316344998907e-05 1.449427782002275e-06 6.575770904293929e-08
-6.249789863260596e-05 -1.051680459281026e-05 1.242736501245565e-06 -1.110488279266110e-07
-6.010633993143095e-05 -7.957248515834098e-06 1.001515236630151e-06 -3.496052752634667e-07
-6.968860041093291e-05 -1.308686581424585e-05 1.648732413273696e-06 -8.860313497183228e-08
-6.729029276430983e-05 -1.051792875699502e-05 1.600720516581189e-06 -1.435231882418075e-07
-6.489339192326880e-05 -7.951699737576651e-06 1.482283561846315e-06 -3.123412927572250e-07
-7.996290765568243e-05 -1.280566179570032e-05 1.322137757179715e-06 -2.380806808660971e-07
-7.928173250151889e-05 -1.308781447793303e-05 1.352196633623669e-06 -2.514177909999547e-07
-7.183729174563402e-05 -1.051863231203588e-05 1.625841616650549e-06 -1.301542316051456e-07
-7.448549622123542e-05 -1.308781090549664e-05 1.549669826201399e-06 -2.611710493266483e-07
-6.968855859810407e-05 -7.949830399958776e-06 1.615375968646244e-06 -1.379869858993764e-07
-8.024506242278432e-05 -1.212448911171489e-05 1.308203829288267e-06 -2.060371925190576e-07
-7.863327039789357e-05 -1.051896550409745e-05 1.360828819609279e-06 -1.398558625648540e-07
-7.448551077047588e-05 -7.949927892290321e-06 1.524064253898885e-06 -2.341072657050024e-08
-8.024515892764848e-05 -8.913382188607921e-06 1.274839902848108e-06 -5.492397777354097e-08
-7.928182062916587e-05 -7.950026607151500e-06 1.316269108444756e-06 -6.455326934019453e-09
-7.996300590163776e-05 -8.232187986810702e-06 1.285691273814140e-06 -2.130746661054293e-08
