-1.236298238367650e-04 1.705797780900531e-05 2.672420519864554e-05 -2.255473821292118e-06
-1.241171139041919e-04 1.588149012140326e-05 2.682039566858050e-05 -2.028989045322650e-06
-1.241168993933985e-04 1.033541655123144e-05 2.690964557689635e-05 -1.034300660338097e-06
-1.236295821019455e-04 9.158921932350851e-06 2.683148895065541e-05 -8.412820627886565e-07
-1.224533769685271e-04 1.754530421364893e-05 2.649688501857919e-05 -2.349584799568341e-06
-1.202466004826679e-04 1.310842412970227e-05 2.617696172567305e-05 -1.552447319679662e-06
-1.224531015421785e-04 8.671594965571087e-06 2.663819758724692e-05 -7.622861869088245e-07
-1.141693478794657e-04 1.754564582614941e-05 2.500577263946434e-05 -2.369954941346844e-06
-1.141690738937063e-04 8.671601692915102e-06 2.521516814419024e-05 -7.924068234706286e-07
-1.095951359914740e-04 1.310897749932293e-05 2.428748014029406e-05 -1.537585327419543e-06
-1.058841882157535e-04 1.754449159645873e-05 2.332032102629043e-05 -2.456574115101665e-06
-1.058840574946947e-04 8.674073440955645e-06 2.366645468107693e-05 -7.214973297841385e-07
-1.017426981256212e-04 1.310967537958794e-05 2.273632634455414e-05 -1.563774278168056e-06
-9.760535212169210e-05 1.753742819145932e-05 2.162621555293449e-05 -2.486155617948300e-06
-9.760546913008921e-05 8.682719768100677e-06 2.197464083657849e-05 -6.842124615256942e-07
-9.347133453839685e-05 1.311063663263958e-05 2.097503510316940e-05 -1.536803095226647e-06
-8.934798512810985e-05 1.752101099828194e-05 1.985119484194489e-05 -2.517265195275732e-06
-8.934790873497752e-05 8.701157221017850e-06 2.025539938577647e-05 -6.290857572544137e-07
-8.523121767897040e-05 1.311162412017866e-05 1.909947022408748e-05 -1.518267891984174e-06
-8.113316971570015e-05 1.749207953146397e-05 1.793215196053602e-05 -2.612555645835374e-06
-8.113330257364435e-05 8.732366185171170e-06 1.838918490434903e-05 -4.309306292021757e-07
-7.704621539463761e-05 1.311272147505955e-05 1.702745420959484e-05 -1.510917205174167e-06
-7.298642606390927e-05 1.744891505182461e-05 1.581552472940709e-05 -2.656706841876056e-06
-7.298695353217513e-05 8.777989633846274e-06 1.635425839249564e-05 -2.784910212464520e-07
-6.894273059718321e-05 1.311382375021216e-05 1.489574424691221e-05 -1.539656638799819e-06
-6.493614912126113e-05 1.738922542673896e-05 1.370437988199811e-05 -2.663508432880521e-06
-6.493678330566910e-05 8.839546372770821e-06 1.399470746270959e-05 -1.837990847698392e-07
-6.095078231780659e-05 1.311477992241867e-05 1.266252144337416e-05 -1.541999548218935e-06
-5.701526326657087e-05 1.730988965432434e-05 1.151048774754360e-05 -2.719703260174045e-06
-5.701558411210436e-05 8.920325165236277e-06 1.141720783882666e-05 -1.759176105673198e-07
-5.310677465046516e-05 1.311549221732612e-05 1.030753145110965e-05 -1.547630564854431e-06
-4.926324576385419e-05 1.720772575354330e-05 9.143769319348579e-06 -2.792283202459943e-06
-4.926289190279726e-05 9.023440179631072e-06 8.881587111473513e-06 -2.518999818537770e-07
-4.545339144027403e-05 1.311573898063362e-05 7.940490687606958e-06 -1.531103574285935e-06
-4.172331296012893e-05 1.708112470127275e-05 6.772379014133462e-06 -2.696636939002597e-06
-4.172241993001467e-05 9.151111619096535e-06 6.649068110538866e-06 -4.486061301592986e-07
-3.818147547261533e-05 1.311490091202999e-05 5.785512309494253e-06 -1.542849809996064e-06
-3.472882214660825e-05 1.693345043671158e-05 4.821908534138000e-06 -2.519245643524759e-06
-3.472737285510062e-05 9.304522665013787e-06 4.793322120535876e-06 -6.506449758024605e-07
-3.216403976838811e-05 1.340526136349228e-05 4.260393185770072e-06 -1.595194428239720e-06
-2.963296497831540e-05 1.679560982758715e-05 3.730804057300794e-06 -2.371395836534470e-06
-2.962888035802020e-05 9.446878987738409e-06 3.753941270352085e-06 -8.031517764649925e-07
-2.605621414578457e-05 1.667531253759350e-05 3.007038981304127e-06 -2.263200644312550e-06
-2.671732517988519e-05 1.434425357419154e-05 3.120568873663343e-06 -1.797622356056781e-06
-2.605024480223011e-05 9.537850468828700e-06 2.990538023957711e-06 -8.667027381900909e-07
-2.352311815709998e-05 9.634628611447131e-06 2.567531147891647e-06 -9.286249984754566e-07
3.417534056242321e-06 7.329794156210694e-07 -3.316227428731206e-07 -4.604690153192041e-07
3.486632723882602e-06 5.666617358809205e-07 -3.374419423849752e-07 -4.482287313921806e-07
3.486181623587856e-06 -5.260963916146568e-08 -3.302511793424305e-07 -3.896923067058291e-07
3.417430645369363e-06 -2.164886746889040e-07 -3.211582986360609e-07 -3.756177733625594e-07
-2.351389359395795e-05 1.659059826028601e-05 2.548629398306000e-06 -2.202488087725520e-06
-2.128179412327387e-05 1.638641393255091e-05 2.160295807448024e-06 -2.131338891603326e-06
-2.297946306961659e-05 1.224863801075230e-05 2.457719772149888e-06 -1.368655862053204e-06
-2.125398842457602e-05 9.541043014512427e-06 2.167761053082770e-06 -9.601755128151119e-07
3.251973560353514e-06 8.018258234195495e-07 -3.175623238101102e-07 -4.644857058421985e-07
3.085118310583915e-06 1.227590116314437e-07 -2.969190875812255e-07 -4.012137784894345e-07
3.253405088739142e-06 -2.848212901806898e-07 -3.054208233255070e-07 -3.705157546073114e-07
-2.055145811758164e-05 1.425895740234937e-05 2.024434771860561e-06 -1.744659013878840e-06
-1.912403786533928e-05 1.591595612431286e-05 1.817073223091209e-06 -1.999985526351346e-06
-1.708834954386495e-05 1.523960582225133e-05 1.532255934039342e-06 -1.865454303179857e-06
-1.988169640828842e-05 1.139950949112423e-05 1.924428401144040e-06 -1.265790706932745e-06
-1.913561316714793e-05 9.097534258455873e-06 1.807039615679270e-06 -9.540047301981205e-07
2.129865664949023e-06 8.200629819980404e-07 -2.568860621543371e-07 -4.300975521707774e-07
2.129038592698449e-06 -3.041482762074351e-07 -2.598085254209485e-07 -3.760523017655420e-07
1.547624379498138e-06 2.577399822778324e-07 -2.191429225879962e-07 -4.057892229220953e-07
-1.520390471687021e-05 1.433035008370595e-05 1.271692970984212e-06 -1.709772099051641e-06
-1.679923722471430e-05 1.310094274038107e-05 1.480870735552638e-06 -1.537144373610570e-06
-1.749409260448257e-05 1.047402155227978e-05 1.577176865687982e-06 -1.143910725492511e-06
-1.720379693376717e-05 8.338036733355936e-06 1.527415067557243e-06 -8.931500075375622e-07
9.177836192940793e-07 9.219643050397191e-07 -1.894598042579658e-07 -4.215912419077114e-07
9.177456683237953e-07 -4.068108952583115e-07 -2.045593836184294e-07 -3.642061341718587e-07
2.024184711439358e-07 2.572574771440272e-07 -1.510622749431967e-07 -3.696871473438411e-07
-1.346581010815124e-05 1.325475433278966e-05 1.043037090536558e-06 -1.556468088109891e-06
-1.192357125676500e-05 1.203085138015499e-05 8.529307505176992e-07 -1.385925716467850e-06
-1.509189554159893e-05 1.007794962921075e-05 1.242370413183609e-06 -1.095314344493092e-06
-1.550556107398710e-05 7.286353443035517e-06 1.278919500705345e-06 -7.808239505276218e-07
-6.162810285605348e-07 1.141699339808709e-06 -1.113126631614593e-07 -3.904301894391402e-07
-6.167062637112204e-07 -6.283202775436115e-07 -8.191270809314944e-08 -2.679100586371317e-07
-1.231677882170674e-05 1.019549001867521e-05 9.043783186982245e-07 -1.131874413196579e-06
-1.058215147463369e-05 1.065514680412137e-05 7.137889089835008e-07 -1.199371258483801e-06
-1.296161654465753e-05 8.181911578058323e-06 9.839328064894474e-07 -8.781791789655177e-07
-1.407720538283380e-05 6.028313930781915e-06 1.097591347003267e-06 -6.568149565587831e-07
-1.516088921287170e-06 2.562892226173015e-07 -3.599989304326940e-08 -3.231686585028134e-07
-2.582755202294485e-06 1.457936510581484e-06 3.097835599854188e-08 -3.950284714531314e-07
-2.581434294228629e-06 -9.495265075235387e-07 3.490418637333940e-08 -2.637247209267070e-07
-9.415621824688819e-06 9.181220561832638e-06 6.047842187126424e-07 -1.025445685065665e-06
-8.482272149862253e-06 7.666161467927591e-06 5.172217089024126e-07 -8.702969876973665e-07
-7.765366491487285e-06 6.078274845923228e-06 4.670685733870515e-07 -7.176284924593777e-07
-1.165712710610043e-05 6.411279861925165e-06 8.634061081298264e-07 -7.174642348470410e-07
-1.294169906699307e-05 4.630324682347659e-06 9.802788731233560e-07 -5.585874818533626e-07
-3.439365897109163e-06 2.586106969513736e-07 7.882068083078300e-08 -3.016566075039518e-07
-4.486653263614182e-06 1.767775634087253e-06 1.678899146905492e-07 -4.083977539700260e-07
-4.488036188712053e-06 -1.276408278178271e-06 1.676465441093774e-07 -1.278791250600626e-07
-9.336151596878139e-06 6.067779790421474e-06 6.072491441805218e-07 -7.028900520994332e-07
-7.231658060904883e-06 4.471514333410799e-06 4.365925062484020e-07 -5.777643252200923e-07
-6.196671300344851e-06 2.028117072376103e-06 3.587440214722216e-07 -3.966611226188320e-07
-6.684402404105931e-06 2.296517184494242e-06 4.010034208259166e-07 -4.058339752080770e-07
-6.933233553929969e-06 2.852766387517296e-06 4.224614706656607e-07 -4.345675483370961e-07
-1.075578122778630e-05 4.428815752047682e-06 7.459824729086170e-07 -5.252619941165384e-07
-1.209407665543152e-05 3.158291952892654e-06 8.495956624666736e-07 -3.990945331166349e-07
-5.427455184938746e-06 4.796793511603865e-07 2.645190627865459e-07 -2.552098941632347e-07
-6.232854979089623e-06 -1.513695485611737e-06 3.221694146551678e-07 -9.842769799491877e-08
-8.322549120707341e-06 3.342208989768166e-06 5.517306409418733e-07 -4.599218692101160e-07
-6.732649647292178e-06 1.224392208860119e-06 3.991868646668998e-07 -3.230995836654806e-07
-7.310871571038460e-06 2.103981262938289e-06 4.605135919604281e-07 -3.856138993318535e-07
-1.012399560816421e-05 2.704855732375083e-06 7.096982373699706e-07 -3.925447019731508e-07
-1.155579358405957e-05 1.679677037950171e-06 8.167943419553005e-07 -3.466151799710530e-07
-6.792418641835319e-06 -4.965195582962115e-07 3.836634729226006e-07 -1.814399584996458e-07
-6.740827062592335e-06 -1.770028326417680e-06 3.908183431759667e-07 -7.057319265897205e-08
-8.663012427332909e-06 8.419961207978151e-07 6.097862757633147e-07 -2.948070626908156e-07
-1.135646281945680e-05 2.184715326420937e-07 8.524477614382329e-07 -2.116218094121949e-07
-1.144802069083274e-05 -1.198057422325198e-06 9.350250533999419e-07 -8.585799383264244e-08
-7.822820745619736e-06 -1.433872618098612e-06 5.042945230802781e-07 -9.282155278125160e-08
-7.041090876958165e-06 -2.311224679654622e-06 4.367195719071008e-07 -9.495120100264883e-09
-7.417715423371092e-06 -3.787494135251070e-06 4.787449896038590e-07 1.566058892611765e-07
-1.004515006484307e-05 -1.390944510080261e-06 7.851337379975439e-07 -9.277253049698018e-08
-7.963853962748100e-06 -5.191680815363784e-06 5.251843122866654e-07 3.627460960680798e-07
-1.183589616410785e-05 -2.619750286618286e-06 1.034932182035554e-06 5.943713781983564e-08
-8.757395321751943e-06 -3.847177987171350e-06 6.100470206777809e-07 1.765849958679808e-07
-1.070434382942373e-05 -3.958436110086867e-06 9.087298887208198e-07 2.121583657104268e-07
-8.663863361492637e-06 -6.521038950449148e-06 6.266879848449740e-07 5.768414910480500e-07
-1.247694541643673e-05 -3.961311527316026e-06 1.143399904524399e-06 1.972149568516682e-07
-1.190591864101223e-05 -5.262917296850303e-06 1.102965325754548e-06 3.850700368493273e-07
-1.059345044850041e-05 -6.067847419523118e-06 9.312343589540391e-07 5.199712511789212e-07
-9.510528966445434e-06 -7.764533016760917e-06 7.464169717228504e-07 7.810125336668873e-07
-1.049775257669740e-05 -8.907069229329059e-06 9.221551897800988e-07 9.903951268366307e-07
-1.335005229214718e-05 -5.187113834409133e-06 1.368116595259197e-06 3.633859237994596e-07
-1.269674709754181e-05 -6.700702910752326e-06 1.291258540042268e-06 6.177988982152358e-07
-1.193356978684228e-05 -8.449749873094259e-06 1.189064652208390e-06 9.115740763183679e-07
-1.160962228983191e-05 -9.933089282974802e-06 1.129673105021646e-06 1.145417400093574e-06
-1.442512854422852e-05 -6.250394633742870e-06 1.607090681377673e-06 5.278206670195428e-07
-1.409151598165905e-05 -8.435233415750266e-06 1.570658419527623e-06 9.492832010658936e-07
-1.283472183590596e-05 -1.082674930272457e-05 1.369555522584220e-06 1.272429847402838e-06
-1.415744069834115e-05 -1.157764754364172e-05 1.622900193300679e-06 1.387630399856280e-06
-1.555897690882406e-05 -1.217586891785505e-05 1.850898348446000e-06 1.425477096771959e-06
-1.567988665803499e-05 -8.899249315232160e-06 1.877560290847743e-06 1.045333610643328e-06
-1.567210366077645e-05 -7.116388174979648e-06 1.880999319156760e-06 7.209569525654430e-07
-1.536661457224646e-05 -1.065906386168573e-05 1.826966890265594e-06 1.275800980837837e-06
-1.702284879429387e-05 -1.261038684344328e-05 2.042935411853157e-06 1.436152832038416e-06
-1.853044101070520e-05 -1.287738172570430e-05 2.216946114423591e-06 1.401235979564867e-06
-1.693874593260823e-05 -9.296533196337401e-06 2.047701096103006e-06 1.100621451393245e-06
-1.705496092507082e-05 -7.754384551996404e-06 2.076860766067985e-06 8.769767006264901e-07
-2.006017117885782e-05 -1.297138339224199e-05 2.361659717563604e-06 1.350700189410657e-06
-1.835918304080876e-05 -1.072238405897765e-05 2.215948353750803e-06 1.250021536738115e-06
-1.853172848231917e-05 -8.143516623777695e-06 2.238002255647163e-06 9.795820339678675e-07
-2.039778126832058e-05 -1.095202548681237e-05 2.368564828755686e-06 1.241398222980964e-06
-2.174983638183137e-05 -1.298036594413785e-05 2.428362241502994e-06 1.310884807874053e-06
-2.005759031492734e-05 -8.272547268474773e-06 2.377438312636433e-06 1.044208728185889e-06
-2.408133514409765e-05 -1.299075402332328e-05 2.482139990995011e-06 1.269286714320297e-06
-2.223740768645915e-05 -9.803913930255288e-06 2.424389267162403e-06 1.170534481945740e-06
-2.174838093408283e-05 -8.266157349104239e-06 2.400752582627541e-06 1.107116528991334e-06
-2.730513553713730e-05 -1.300877222082158e-05 2.535242732946946e-06 1.258803055272808e-06
-2.570479674586351e-05 -1.043954646690529e-05 2.472555314710714e-06 1.218548314983323e-06
-2.408063353775523e-05 -8.256074999738736e-06 2.440079459720284e-06 1.158394898409591e-06
-3.159345069134616e-05 -1.303129210259356e-05 2.580966483498196e-06 1.244275478485032e-06
-2.944293701171333e-05 -1.062725953372114e-05 2.538340392125393e-06 1.208297514514636e-06
-2.730419103391168e-05 -8.242328413829499e-06 2.481799987993151e-06 1.153911784858899e-06
-3.609851914569982e-05 -1.305302104498452e-05 2.607698790380385e-06 1.136945586299837e-06
-3.383953741977437e-05 -1.062961545252690e-05 2.624590480089194e-06 1.190470316359547e-06
-3.159257784858759e-05 -8.225312207061338e-06 2.578254511550736e-06 1.138328746053504e-06
-4.063882052800968e-05 -1.307345783372744e-05 2.474582923836954e-06 1.050737328419012e-06
-3.836254945140465e-05 -1.063200706448550e-05 2.580613473800459e-06 1.165211221440926e-06
-3.609772515249726e-05 -8.208517487874292e-06 2.643215053379003e-06 1.198993490528754e-06
-4.521126878870256e-05 -1.309135515544911e-05 2.148200436602857e-06 9.806147642965934e-07
-4.291972304441093e-05 -1.063434463760032e-05 2.338299862500010e-06 1.182016130365012e-06
-4.063813134175442e-05 -8.192827093810506e-06 2.487012465927146e-06 1.300131205714874e-06
-4.981015916209148e-05 -1.310560518534285e-05 1.675475998026397e-06 9.613938521655780e-07
-4.750649100064555e-05 -1.063670193934459e-05 1.901514454397263e-06 1.206615639037553e-06
-4.521052236007057e-05 -8.179709013794267e-06 2.120081382034458e-06 1.415587019477944e-06
-5.442765819877276e-05 -1.311554766522385e-05 1.216119231472071e-06 9.342763846253869e-07
-5.211614886683383e-05 -1.063898677210046e-05 1.444730940642487e-06 1.215814664091421e-06
-4.980937245387142e-05 -8.170081362241310e-06 1.640151844536351e-06 1.467207798592773e-06
-5.905556073902649e-05 -1.312132072051958e-05 6.348029663920840e-07 9.261255239112662e-07
-5.674015976924439e-05 -1.064089235402367e-05 9.252295407710944e-07 1.234381286691759e-06
-5.442705373108178e-05 -8.164396770717776e-06 1.173781541087749e-06 1.517969179524387e-06
-6.368757467512140e-05 -1.312406142927058e-05 -3.256384385509681e-08 8.911563220341246e-07
-6.137102613099047e-05 -1.064247482189523e-05 3.306631951993593e-07 1.247588389245773e-06
-5.905504489914903e-05 -8.162057516425077e-06 6.448465886937818e-07 1.562018056605517e-06
-6.831981021573328e-05 -1.312504277796595e-05 -7.945549811773182e-07 8.957622192223397e-07
-6.600360618013671e-05 -1.064385858451287e-05 -3.878446953935630e-07 1.255630698365391e-06
-6.368710034620422e-05 -8.162382774959260e-06 5.791855127316883e-09 1.642249050510379e-06
-7.823910522422305e-05 -1.285289734240246e-05 -2.338740476444133e-06 9.541861053547522e-07
-7.758146008641261e-05 -1.312531036602463e-05 -2.229031775269028e-06 9.116510585677946e-07
-7.039433625202169e-05 -1.064464286723037e-05 -1.124184192611144e-06 1.269060944519936e-06
-7.295097617781105e-05 -1.312531801497271e-05 -1.519158564476410e-06 9.096900636483848e-07
-6.831951420915653e-05 -8.163510462535864e-06 -7.728413261603118e-07 1.679012774768140e-06
-7.851150983673066e-05 -1.219524153918540e-05 -2.385349135679857e-06 1.059382204241161e-06
-7.695537724077526e-05 -1.064513959522304e-05 -2.139528405509370e-06 1.305116057121173e-06
-7.295088653483469e-05 -8.164513609552409e-06 -1.544886056838790e-06 1.656493938044604e-06
-7.851150028466872e-05 -9.095052423338411e-06 -2.410326799255789e-06 1.566292653470973e-06
-7.758142563643487e-05 -8.164945801348776e-06 -2.258287658189029e-06 1.712538708959924e-06
-7.823908849589945e-05 -8.437372187541794e-06 -2.366106214037054e-06 1.670741003915850e-06
