-1.665567216746047e-05 3.437343359684886e-06 -4.650133806502075e-05 5.525455756384514e-06
-1.669308705393311e-05 3.346960811267065e-06 -4.672298522713894e-05 5.015181860395446e-06
-1.669297154519741e-05 2.920898906892413e-06 -4.687311695002543e-05 2.735246312921163e-06
-1.665553322224216e-05 2.830468950968071e-06 -4.667358126097315e-05 2.245081418621090e-06
-1.656532719089202e-05 3.474788679740221e-06 -4.598020250592624e-05 5.736023816261153e-06
-1.639583136050011e-05 3.133898121996861e-06 -4.519770374613674e-05 3.902837565037285e-06
-1.656514267442126e-05 2.793001012862176e-06 -4.618530388769010e-05 2.042828773604052e-06
-1.592919057063745e-05 3.475188852467212e-06 -4.255500853520180e-05 5.729653079267978e-06
-1.592883831690765e-05 2.792355197791687e-06 -4.281172477931622e-05 2.082629953187681e-06
-1.557750121786587e-05 3.133692179628205e-06 -4.077114826392333e-05 3.884164136620287e-06
-1.529127634148420e-05 3.476968445435870e-06 -3.927861477419868e-05 5.618855026226260e-06
-1.529098253370003e-05 2.790152360450644e-06 -3.950106346159192e-05 2.079758345866398e-06
-1.497072374368602e-05 3.133363308328362e-06 -3.760926070931509e-05 3.937331992030199e-06
-1.464776039754053e-05 3.480886879784290e-06 -3.621407835196180e-05 5.607573599013010e-06
-1.464748104758810e-05 2.785378628449046e-06 -3.604473188729539e-05 2.169585115366448e-06
-1.432294501991177e-05 3.132988792678839e-06 -3.440017317418900e-05 3.908600430782647e-06
-1.399417441687407e-05 3.487701414860509e-06 -3.308359835022365e-05 5.642497948127448e-06
-1.399352947301624e-05 2.777419002209460e-06 -3.286038605332867e-05 2.236359256556292e-06
-1.366182794144386e-05 3.132329934522393e-06 -3.124135904376142e-05 3.904238814751900e-06
-1.332387721911850e-05 3.497511731879132e-06 -2.990502551874117e-05 5.699955276009436e-06
-1.332292205497838e-05 2.765991588329344e-06 -2.982340599921930e-05 2.347091066791158e-06
-1.298077749063777e-05 3.131343989776779e-06 -2.811079151763352e-05 3.896835150092579e-06
-1.263026797094941e-05 3.510391760913031e-06 -2.651696560775520e-05 5.763426708100113e-06
-1.262915720902861e-05 2.751055437309938e-06 -2.684048608160810e-05 2.317350972522403e-06
-1.227348651793183e-05 3.130055086421212e-06 -2.486118231731065e-05 3.956466067870768e-06
-1.190755678508342e-05 3.526003216823917e-06 -2.296354192812200e-05 5.773992835637673e-06
-1.190657350212488e-05 2.732767238146468e-06 -2.360816792574997e-05 2.168431956635008e-06
-1.153476465460870e-05 3.128502725776005e-06 -2.154414012825572e-05 4.031324535626657e-06
-1.115118986621471e-05 3.543913069275757e-06 -1.967624522612866e-05 5.610666093929817e-06
-1.115025693667977e-05 2.711593893440249e-06 -2.019728491320546e-05 2.195363346902176e-06
-1.075989813846175e-05 3.126759168175419e-06 -1.838256962755105e-05 4.054184889471939e-06
-1.035558100390604e-05 3.565144064444930e-06 -1.662536867262592e-05 5.521873426518236e-06
-1.035491422439381e-05 2.686612303347868e-06 -1.682157562967841e-05 2.347581979836960e-06
-9.942761656282116e-06 3.124909145561970e-06 -1.544408136741727e-05 4.044573548004496e-06
-9.513437630486957e-06 3.591757716654351e-06 -1.385709175391427e-05 5.511906597214724e-06
-9.513119556476749e-06 2.656023748376253e-06 -1.378678139622776e-05 2.481795561462566e-06
-9.092306839306254e-06 3.123376067086854e-06 -1.263263648257550e-05 3.992302792046571e-06
-8.651137858053975e-06 3.624811812113597e-06 -1.110336734441014e-05 5.583840196073650e-06
-8.650962832399613e-06 2.617846106492262e-06 -1.108521460628373e-05 2.548565664429931e-06
-8.314217398547215e-06 3.163216005515645e-06 -1.015522584840114e-05 4.126585184513492e-06
-7.948756233418562e-06 3.658023609665553e-06 -9.132833632206239e-06 5.544552991356307e-06
-7.949120229740431e-06 2.580738689440382e-06 -9.157646469296700e-06 2.649768028147714e-06
-7.403583603282860e-06 3.688660722168251e-06 -7.727995599314727e-06 5.427499871359154e-06
-7.520460766415468e-06 3.310585623171510e-06 -7.964366296886794e-06 4.541613103483921e-06
-7.404547757311294e-06 2.555862704633345e-06 -7.766625291913093e-06 2.778063663376052e-06
-6.988935963140699e-06 2.529049440728756e-06 -6.855131130933742e-06 2.874687524574919e-06
1.378904583816278e-06 -4.620555871683675e-07 9.829901385629910e-07 7.260626670470695e-07
1.406615994338050e-06 -5.284750150505058e-07 1.000841471881706e-06 6.834500250936056e-07
1.406564740649022e-06 -7.767967906985825e-07 1.011546166420864e-06 5.265001449033316e-07
1.378961097253128e-06 -8.427154243786335e-07 9.956914462111843e-07 4.849799305932200e-07
-6.992059403059320e-06 3.710739232852004e-06 -6.832086554103362e-06 5.353425102327650e-06
-6.596604898471116e-06 3.708516036923952e-06 -6.073795365492178e-06 5.227440102610656e-06
-6.914541037293674e-06 2.971032884358112e-06 -6.629828250666221e-06 3.770241751558236e-06
-6.606139852704142e-06 2.466054197642888e-06 -6.070819921233842e-06 2.934019398220212e-06
1.312718617677153e-06 -4.347377215971664e-07 9.408192274011347e-07 7.439375848943584e-07
1.245640581775798e-06 -7.072184447978639e-07 9.120369143552828e-07 5.739050846999621e-07
1.313027167261940e-06 -8.704564491613615e-07 9.542965350443849e-07 4.679542696012767e-07
-6.477748666265009e-06 3.338883541958036e-06 -5.805153957276741e-06 4.475945298608323e-06
-6.193667664116833e-06 3.665460432363469e-06 -5.404127120918638e-06 4.965502833562708e-06
-5.783076928723683e-06 3.567046740133698e-06 -4.847607547771364e-06 4.675460958989070e-06
-6.358927447560700e-06 2.801871092472945e-06 -5.597852836158990e-06 3.556252704283661e-06
-6.212662107338599e-06 2.325382843282903e-06 -5.389441240588079e-06 2.901735617892168e-06
8.630035670738460e-07 -4.291870008561724e-07 6.845315938374496e-07 7.544628303770637e-07
8.622559744192704e-07 -8.796509970028020e-07 6.892560894739197e-07 4.509204337543666e-07
6.296854730072447e-07 -6.550169113107425e-07 5.221777274971325e-07 5.921340836648408e-07
-5.369245254977298e-06 3.424348994420625e-06 -4.355756774589427e-06 4.348405969839478e-06
-5.736065063398973e-06 3.151402765789907e-06 -4.742622731702547e-06 4.031296047525334e-06
-5.882168893374281e-06 2.600446637469687e-06 -4.943936380420158e-06 3.311799594263666e-06
-5.827866416153643e-06 2.105776760797728e-06 -4.900048799627090e-06 2.802783960631065e-06
3.776182726013209e-07 -3.892138155540949e-07 3.598207778908943e-07 7.543632566665090e-07
3.775337997640033e-07 -9.213943622823631e-07 3.429939060366173e-07 3.850825921658582e-07
9.134358458289765e-08 -6.555074002167931e-07 2.043834771155567e-07 5.419179438512825e-07
-4.965646530307920e-06 3.223939244682760e-06 -3.958081893325651e-06 4.101678110563881e-06
-4.570062503035682e-06 2.967273714505604e-06 -3.591130900212494e-06 3.810690791782522e-06
-5.357179128957491e-06 2.505380668011274e-06 -4.361789383641087e-06 3.273138428532674e-06
-5.466421964620355e-06 1.813845499636887e-06 -4.472041869401354e-06 2.601200006849188e-06
-2.366156295343932e-07 -3.005787983554684e-07 -3.991576515957808e-08 8.534994744354379e-07
-2.367060487275296e-07 -1.010724015959039e-06 -2.524421801898353e-08 2.335210651934568e-07
-4.668938806943466e-06 2.541904210689178e-06 -3.689195772589176e-06 3.356446498428027e-06
-4.192408546003431e-06 2.663125111249671e-06 -3.286958817720855e-06 3.478795100911295e-06
-4.841330640493159e-06 2.029521682436253e-06 -3.845786763840340e-06 2.844070822844463e-06
-5.143469982345726e-06 1.443792255570580e-06 -4.104780487946249e-06 2.294095717651264e-06
-5.975288550303951e-07 -6.556744559152474e-07 -3.654860941405964e-07 5.457379913017792e-07
-1.026119660227400e-06 -1.717991757132315e-07 -6.998848022429295e-07 9.064299841688061e-07
-1.025629308060891e-06 -1.140457907104639e-06 -7.102711121639243e-07 1.432242353613032e-07
-3.849048934165164e-06 2.305349303402236e-06 -3.022583138260038e-06 3.134750144175529e-06
-3.532407472513813e-06 1.888452200793713e-06 -2.741320001515026e-06 2.765567863306656e-06
-3.253624008086849e-06 1.430706995258828e-06 -2.495013150155325e-06 2.355697365499219e-06
-4.483363023147414e-06 1.542651008999504e-06 -3.561668691906949e-06 2.421936889491077e-06
-4.874268869894905e-06 1.000291799881706e-06 -3.888720863408995e-06 1.952338642840321e-06
-1.370576129841314e-06 -6.546607316517798e-07 -9.692620602340517e-07 5.140826282460311e-07
-1.793175329125943e-06 -4.434284823668729e-08 -1.314959688093833e-06 1.014048880285397e-06
-1.792759175916958e-06 -1.272397753428051e-06 -1.337561212931183e-06 -2.161186514882645e-08
-3.778193998269260e-06 1.438610054430548e-06 -2.961157163640638e-06 2.359142306349381e-06
-3.029947421583990e-06 9.258976272743964e-07 -2.305947040993082e-06 1.875081249697399e-06
-2.504970169121239e-06 6.508551354160193e-08 -1.906345122623241e-06 1.096777338640003e-06
-2.723042513203427e-06 1.694373999783369e-07 -2.072202785846671e-06 1.191423482033939e-06
-2.852329276166642e-06 3.752716823728580e-07 -2.169063055784930e-06 1.373791586088944e-06
-4.224997204539108e-06 9.314993302272577e-07 -3.350393970480991e-06 1.897731062211354e-06
-4.678620335846998e-06 4.970546176003801e-07 -3.753132222082522e-06 1.503538247157763e-06
-2.173709247668699e-06 -5.660976419937779e-07 -1.642479438861043e-06 5.541496291305911e-07
-2.473574487364433e-06 -1.365314647235950e-06 -1.887079588441512e-06 -1.317773850762212e-07
-3.389509144284081e-06 5.606884772997494e-07 -2.619213364920738e-06 1.545926899727174e-06
-2.720837109890021e-06 -2.549466919695793e-07 -2.075531967939341e-06 8.291450654728384e-07
-2.978298312651918e-06 9.653319207424046e-08 -2.280114466979746e-06 1.135103941144790e-06
-4.023086029337654e-06 3.376592066690011e-07 -3.187876740851468e-06 1.359344505167738e-06
-4.569870230536263e-06 -5.165422393658523e-08 -3.695874507497019e-06 1.010087400688968e-06
-2.706298615315785e-06 -9.484989746753783e-07 -2.074958815789231e-06 2.251630312636548e-07
-2.654778149393899e-06 -1.471636119975486e-06 -2.028048043898775e-06 -2.291358241215020e-07
-3.485416843792217e-06 -3.716135909519605e-07 -2.727056996862013e-06 7.357484871623684e-07
-4.549880754083708e-06 -6.256319407118494e-07 -3.682327723448192e-06 4.965313989653413e-07
-4.674696763064141e-06 -1.221326183817815e-06 -3.733701036136345e-06 -4.343209488932568e-08
-3.101648507572577e-06 -1.320560863616077e-06 -2.420559567777944e-06 -1.028808533381400e-07
-2.753502340518682e-06 -1.712170973462069e-06 -2.109167712500655e-06 -4.417053145081806e-07
-2.863063821612114e-06 -2.400352327960853e-06 -2.222332142389900e-06 -1.049070803061157e-06
-4.057915858990100e-06 -1.279208529400716e-06 -3.220849284187384e-06 -1.073048631363406e-07
-3.055486150141267e-06 -3.110135945140476e-06 -2.438440492039799e-06 -1.616127946016585e-06
-4.928123709301394e-06 -1.837415466064685e-06 -3.880506068229589e-06 -5.865151715766381e-07
-3.465158847796706e-06 -2.410739123683035e-06 -2.765432311063698e-06 -1.060814347336176e-06
-4.399500629035492e-06 -2.466125444208031e-06 -3.463630227739984e-06 -1.106633643580444e-06
-3.358122927987728e-06 -3.806406506318124e-06 -2.744150118009740e-06 -2.153058216746557e-06
-5.319954657851391e-06 -2.468257167723935e-06 -4.139321677571712e-06 -1.126197180694178e-06
-5.042757233888956e-06 -3.127207290969716e-06 -3.922549034298090e-06 -1.645589862818541e-06
-4.339363145656442e-06 -3.555478582634969e-06 -3.450418797748065e-06 -1.961040999138418e-06
-3.753434884379193e-06 -4.509774430904099e-06 -3.091159778421569e-06 -2.603050799263980e-06
-4.269434817875745e-06 -5.194253296562760e-06 -3.472704264061337e-06 -3.000495352920671e-06
-5.864063074179695e-06 -3.073449607989899e-06 -4.453513216588885e-06 -1.626683976583084e-06
-5.499376363556613e-06 -3.910908027106384e-06 -4.215487202486514e-06 -2.214483961653593e-06
-5.062032150841005e-06 -4.930941840430437e-06 -3.968810027937974e-06 -2.856170504622642e-06
-4.873086017830193e-06 -5.848442703036422e-06 -3.869689084966588e-06 -3.332045418971300e-06
-6.541620038746621e-06 -3.628988344039791e-06 -4.837580567308621e-06 -2.068993826066525e-06
-6.345974737706233e-06 -4.934314834268137e-06 -4.713475462090655e-06 -2.865348132062995e-06
-5.584554805516948e-06 -6.435481094429442e-06 -4.260839012268099e-06 -3.627069549788976e-06
-6.402705518052641e-06 -6.961189399771938e-06 -4.693560258962627e-06 -3.902053511982686e-06
-7.299287607994621e-06 -7.416984946212417e-06 -5.141619581135431e-06 -4.095816517753786e-06
-7.362801931708081e-06 -5.224969335691747e-06 -5.220268655684043e-06 -3.046253290766566e-06
-7.350995363826082e-06 -4.107386171023806e-06 -5.220008427962495e-06 -2.418834518290404e-06
-7.155487458526835e-06 -6.376735221194153e-06 -5.099224772486933e-06 -3.607902772086815e-06
-8.281260888446943e-06 -7.759872341377371e-06 -5.604725030747562e-06 -4.224494070518583e-06
-9.333202707713525e-06 -8.001268434831938e-06 -6.052277425445740e-06 -4.295375960453064e-06
-8.202827647060416e-06 -5.477342920865742e-06 -5.621897582995578e-06 -3.192091353126413e-06
-8.286690092311166e-06 -4.455507381995544e-06 -5.659587311683912e-06 -2.705798276917754e-06
-1.042419204470846e-05 -8.117896275553062e-06 -6.477429633524646e-06 -4.311224876898544e-06
-9.183028721210704e-06 -6.460721095797548e-06 -6.026338987009530e-06 -3.637035339172494e-06
-9.316746061439500e-06 -4.650431257156034e-06 -6.044841964439562e-06 -2.885813134709655e-06
-1.065983874760934e-05 -6.636002180169376e-06 -6.597585151743488e-06 -3.727318976458923e-06
-1.168292335653395e-05 -8.183485464963815e-06 -6.973370881284261e-06 -4.258595415659108e-06
-1.040682055137874e-05 -4.693134394975632e-06 -6.455735279209871e-06 -2.969826803622850e-06
-1.347063837625089e-05 -8.250784955793667e-06 -7.618013910974785e-06 -4.253701612884439e-06
-1.203150463740861e-05 -5.776518749118242e-06 -7.103203483916431e-06 -3.464705753950128e-06
-1.167912252082092e-05 -4.629358794964822e-06 -6.936318171389178e-06 -3.045220453022942e-06
-1.606553022069522e-05 -8.357409392470157e-06 -8.427453304845919e-06 -4.241668715984944e-06
-1.475084315549196e-05 -6.255286006465161e-06 -8.006747994233349e-06 -3.643094796979636e-06
-1.347238286294376e-05 -4.543568145140486e-06 -7.545607029621553e-06 -3.127441284699382e-06
-1.969358113903299e-05 -8.477023486068366e-06 -9.283173255458521e-06 -4.276562058542337e-06
-1.784556089190330e-05 -6.403118550258644e-06 -8.822723507846111e-06 -3.749578547412945e-06
-1.606608086857709e-05 -4.441902304036263e-06 -8.344394691187063e-06 -3.158959741656439e-06
-2.367460776434241e-05 -8.582821445461540e-06 -1.012631562367969e-05 -4.211852441021601e-06
-2.165157849892894e-05 -6.403209517051632e-06 -9.679480361731715e-06 -3.779524736712788e-06
-1.969352728365521e-05 -4.328166328329004e-06 -9.231773775360424e-06 -3.258763711198276e-06
-2.783858153899093e-05 -8.675602915432764e-06 -1.096436504871842e-05 -4.282460958779638e-06
-2.572741083559128e-05 -6.403852303558650e-06 -1.052280466053552e-05 -3.779734775359475e-06
-2.367429236537940e-05 -4.224285776947305e-06 -1.010151466472556e-05 -3.332308908391851e-06
-3.216241960544552e-05 -8.754246378210359e-06 -1.182203297353741e-05 -4.339529339865502e-06
-2.997568737859505e-05 -6.404449539597520e-06 -1.136817421042872e-05 -3.814464369365362e-06
-2.783821370239115e-05 -4.132819194757012e-06 -1.094884516589244e-05 -3.351247234420900e-06
-3.661830583892382e-05 -8.817250553281283e-06 -1.272337943228624e-05 -4.361681920095277e-06
-3.437049614244753e-05 -6.404943932163643e-06 -1.221897876935688e-05 -3.848520631009378e-06
-3.216208653660597e-05 -4.055218627975823e-06 -1.179763519595419e-05 -3.340577048458746e-06
-4.117641938609229e-05 -8.864466025450192e-06 -1.378930092399388e-05 -4.440606458919546e-06
-3.888250670608369e-05 -6.405238092564118e-06 -1.316886883074066e-05 -3.864590568079975e-06
-3.661798512004896e-05 -3.992933863411107e-06 -1.266394779681786e-05 -3.350259715955651e-06
-4.580719901578518e-05 -8.896720783526425e-06 -1.500667287475893e-05 -4.534902656411078e-06
-4.348177565070318e-05 -6.405445324459187e-06 -1.433437987408639e-05 -3.858120626131460e-06
-4.117611797859924e-05 -3.946194604117785e-06 -1.373369577777994e-05 -3.245269618365262e-06
-5.048403202902554e-05 -8.916428221624210e-06 -1.625612950704637e-05 -4.463269576684201e-06
-4.813959394692538e-05 -6.405611409441856e-06 -1.559365311214392e-05 -3.855137725209278e-06
-4.580687040096114e-05 -3.914339453215091e-06 -1.495276012550621e-05 -3.159053417457864e-06
-5.518644534440304e-05 -8.927179953137335e-06 -1.752087856815131e-05 -4.445410053503847e-06
-5.283212104838260e-05 -6.405851072551520e-06 -1.686832351416748e-05 -3.817856246968931e-06
-5.048377702616364e-05 -3.895021591069552e-06 -1.621680184192621e-05 -3.169690294533689e-06
-6.529018629586747e-05 -8.655754745110691e-06 -1.979177842486602e-05 -4.326617152393777e-06
-6.462006138867912e-05 -8.933295591234853e-06 -1.965400272280209e-05 -4.388972626738244e-06
-5.729693215920829e-05 -6.406130960177593e-06 -1.799367107416648e-05 -3.845907635221377e-06
-5.990103312072954e-05 -8.932153293376560e-06 -1.858574502620396e-05 -4.435141304761775e-06
-5.518614225896751e-05 -3.884858283945171e-06 -1.746386286392573e-05 -3.206565391825983e-06
-6.556776320557765e-05 -7.985679722606185e-06 -1.984819630994193e-05 -4.180771295143489e-06
-6.398177248172837e-05 -6.406143793986922e-06 -1.951783562678062e-05 -3.844186842649618e-06
-5.990097045242694e-05 -3.880119409590159e-06 -1.857038350892242e-05 -3.243459481929538e-06
-6.556767018346695e-05 -4.826654163852215e-06 -1.983747469126068e-05 -3.513881591555169e-06
-6.461996569151192e-05 -3.879052425231913e-06 -1.963973444351364e-05 -3.303483723258882e-06
-6.529008844881233e-05 -4.156589744035105e-06 -1.977992315125315e-05 -3.366920309170455e-06
