7.571933854645671e-05 -1.142930425483043e-05 -4.413589374273231e-06 2.612713571406997e-06
7.599884018879258e-05 -1.075444549063147e-05 -4.422382835361685e-06 2.610792529072478e-06
7.599865523957026e-05 -7.573197677835588e-06 -4.502105353560005e-06 2.679982053784492e-06
7.571912948132343e-05 -6.898329886931717e-06 -4.508097575931203e-06 2.701407723557642e-06
7.504453394740004e-05 -1.170885133780939e-05 -4.400808004757336e-06 2.611475557235922e-06
7.377880352984361e-05 -9.163807019609014e-06 -4.491699886916644e-06 2.661664446027428e-06
7.504429453585544e-05 -6.618780490401959e-06 -4.521164728788565e-06 2.713080998912704e-06
7.029311535542695e-05 -1.170945817902295e-05 -4.525407291215652e-06 2.552771147635955e-06
7.029276450101472e-05 -6.618221244745913e-06 -4.695286721653811e-06 2.786264499506463e-06
6.766911352457538e-05 -9.163877122090335e-06 -4.686929063295028e-06 2.629075614117774e-06
6.553939576628613e-05 -1.171092327043066e-05 -4.683364434960224e-06 2.522190370810202e-06
6.553909384948630e-05 -6.617107978488888e-06 -4.965865296752398e-06 2.694160508739011e-06
6.316118518755888e-05 -9.163804672823799e-06 -4.862598006110167e-06 2.627505725578638e-06
6.078217668466953e-05 -1.171167384821279e-05 -4.792482333445785e-06 2.532194721923888e-06
6.078228706744332e-05 -6.616010360306004e-06 -5.135679420062988e-06 2.632872758440740e-06
5.840318805124390e-05 -9.163646222760484e-06 -5.004767090383598e-06 2.541136766092611e-06
5.602430386022018e-05 -1.171045280668979e-05 -4.770854599200721e-06 2.558340044176932e-06
5.602429864960997e-05 -6.616406420324192e-06 -5.156380197739377e-06 2.491615118107477e-06
5.364614503524704e-05 -9.163180915956619e-06 -4.935941997042733e-06 2.501127678299300e-06
5.127060617248348e-05 -1.170512219423308e-05 -4.563606697044573e-06 2.647803925884235e-06
5.127046508097953e-05 -6.620368892296944e-06 -4.922654783358156e-06 2.351848191521631e-06
4.889688506154640e-05 -9.162474950895034e-06 -4.637306338530935e-06 2.457496454707450e-06
4.652889341301962e-05 -1.169499450888431e-05 -4.203857729879883e-06 2.679338148828472e-06
4.652835701741895e-05 -6.628605212271839e-06 -4.618257387973306e-06 2.271258689251920e-06
4.416398351656380e-05 -9.161388229946476e-06 -4.270653202215541e-06 2.466826437944317e-06
4.180900108059427e-05 -1.167862321697755e-05 -3.991022943756615e-06 2.587635601918182e-06
4.180820576102155e-05 -6.642579812521022e-06 -4.316484450925355e-06 2.353016691084208e-06
3.945913975233396e-05 -9.160024248394527e-06 -3.948993440553118e-06 2.501171420306407e-06
3.712374444666455e-05 -1.165457540266244e-05 -3.967231838326968e-06 2.473134049367245e-06
3.712262209727422e-05 -6.663573808712084e-06 -4.115194688142431e-06 2.443904579128646e-06
3.479557614334130e-05 -9.158332152894147e-06 -3.842949104399141e-06 2.488681159748569e-06
3.248699714071858e-05 -1.162222307684108e-05 -4.102498058961903e-06 2.438514887333548e-06
3.248567973965932e-05 -6.692504896722990e-06 -4.195177236473674e-06 2.520751198568464e-06
3.018834761585772e-05 -9.156324220453250e-06 -3.966243995825042e-06 2.477787534976526e-06
2.791490214717055e-05 -1.158038345833021e-05 -4.199578113697260e-06 2.413814655897351e-06
2.791341103409533e-05 -6.730475649865751e-06 -4.346503032943004e-06 2.580357914561535e-06
2.574454290262979e-05 -9.153787387214998e-06 -4.200711153815115e-06 2.479603569709562e-06
2.360431492989330e-05 -1.152874971877425e-05 -4.305988993817434e-06 2.382097473437919e-06
2.360283082356829e-05 -6.779882257496097e-06 -4.499141250389540e-06 2.557679357400374e-06
2.200692998563628e-05 -9.334549646408480e-06 -4.401725671605933e-06 2.488393317486185e-06
2.040774596599181e-05 -1.147764571263168e-05 -4.401664287755439e-06 2.445928886327539e-06
2.040544289666829e-05 -6.829486179364640e-06 -4.464387980836959e-06 2.418393466293615e-06
1.812988850812276e-05 -1.143071180465367e-05 -4.402837691397768e-06 2.515536981901999e-06
1.856047688406740e-05 -9.933847573197854e-06 -4.422529593761789e-06 2.499953642473544e-06
1.812651381381275e-05 -6.862858604636585e-06 -4.432149336734072e-06 2.387491038506142e-06
1.649874035422542e-05 -6.900162052599361e-06 -4.324576662364245e-06 2.320178056149740e-06
-2.553599041908763e-06 -4.227688827995080e-07 1.000152591494844e-06 4.742920937775296e-08
-2.603910180193461e-06 -3.017333871804758e-07 1.021065817235867e-06 -6.903634047154477e-09
-2.603598485762526e-06 1.488862977010289e-07 1.010284463500129e-06 -2.202035650361086e-07
-2.553548881940427e-06 2.681519718044802e-07 9.868934424383863e-07 -2.746938148698381e-07
1.649609973426917e-05 -1.139661386219488e-05 -4.374461173616844e-06 2.562758229240839e-06
1.504241123906747e-05 -1.128223054123501e-05 -4.265013510450830e-06 2.617406437190883e-06
1.615726100921877e-05 -8.588437463414634e-06 -4.332401838902152e-06 2.429516204511807e-06
1.503137640240578e-05 -6.813634652156815e-06 -4.216403253846445e-06 2.250245293474490e-06
-2.433112933800504e-06 -4.728412800510669e-07 9.485817035620588e-07 7.002055876255492e-08
-2.311841537362599e-06 2.138422931590961e-08 8.826846500183714e-07 -1.676257996469963e-07
-2.434171447673415e-06 3.179117633379944e-07 9.345293841052159e-07 -2.992081813525101e-07
1.457241456558876e-05 -9.901799846230659e-06 -4.236026793178714e-06 2.541579278904267e-06
1.362680292008098e-05 -1.099711181145855e-05 -4.132878875327106e-06 2.668145784674819e-06
1.227528741555893e-05 -1.056735098260974e-05 -3.921337831632615e-06 2.668345383391682e-06
1.413540059204051e-05 -8.025880718090559e-06 -4.162807531375605e-06 2.342292252988627e-06
1.364144042378518e-05 -6.492860790241024e-06 -4.107349947843823e-06 2.136045500152723e-06
-1.616972800500280e-06 -4.864405834202039e-07 5.608314832457517e-07 5.237534135652377e-08
-1.616411874843738e-06 3.322155100996257e-07 5.601008076528004e-07 -3.268783418658867e-07
-1.193337389692554e-06 -7.715336622137998e-08 3.685183175103976e-07 -1.314012868571550e-07
1.100826999207428e-05 -9.983971718324889e-06 -3.678430750812229e-06 2.642115011055171e-06
1.208875494317502e-05 -9.156392139991879e-06 -3.899225765462689e-06 2.500521789736996e-06
1.255210930856420e-05 -7.404164567725163e-06 -3.983076833574947e-06 2.230563229876937e-06
1.236059445969095e-05 -5.956576332406272e-06 -3.982415447329637e-06 1.943219842990905e-06
-7.337721407619596e-07 -5.635948267861821e-07 1.703795474412549e-07 6.659775193485136e-08
-7.339972794382506e-07 4.087845717420275e-07 1.485118683388330e-07 -3.587370669056252e-07
-2.103254239749290e-07 -7.771422743788655e-08 -5.450143574423499e-08 -1.688147032535692e-07
9.828896219139183e-06 -9.277820511983823e-06 -3.427992697412149e-06 2.548313837851465e-06
8.765327748618863e-06 -8.460716543879377e-06 -3.187465230088956e-06 2.400923519352409e-06
1.093775181075569e-05 -7.133472216369635e-06 -3.691380692650829e-06 2.144165385701854e-06
1.122329631999824e-05 -5.221102465000154e-06 -3.807763548517699e-06 1.691789384634900e-06
3.915668282720534e-07 -7.308432496119542e-07 -2.371245502456751e-07 3.352548953796347e-08
3.913365231884798e-07 5.745578555401071e-07 -2.579209458329954e-07 -4.183063398610408e-07
9.035182764943939e-06 -7.216811816833126e-06 -3.258233157312601e-06 2.138091619885274e-06
7.825413497223362e-06 -7.534892327557359e-06 -2.918688857677490e-06 2.211987835789185e-06
9.482149691759893e-06 -5.831232367598388e-06 -3.393674420565077e-06 1.796681085538907e-06
1.025744426329094e-05 -4.332518194570531e-06 -3.632869771489410e-06 1.372607767463886e-06
1.055137657317800e-06 -7.878768160442638e-08 -5.010848085318403e-07 -2.052008532392176e-07
1.845808007574049e-06 -9.730062435668312e-07 -8.146434012570163e-07 1.089595690523682e-07
1.844200993092524e-06 8.162061561814095e-07 -8.089391152709585e-07 -5.078698701327673e-07
7.001301553375275e-06 -6.527851236292743e-06 -2.668797776100933e-06 1.946719675980498e-06
6.323677322821915e-06 -5.471392099215582e-06 -2.471063387318208e-06 1.649617202629788e-06
5.787549871125857e-06 -4.355027271133421e-06 -2.276974406440704e-06 1.315456167081718e-06
8.571879382483607e-06 -4.596260663382575e-06 -3.140811966484667e-06 1.428269746221501e-06
9.483789764001012e-06 -3.331598078850119e-06 -3.450795790108235e-06 1.020212663803010e-06
2.481125360408247e-06 -8.239760597509802e-08 -1.040472026119100e-06 -2.103418834784921e-07
3.263222120062601e-06 -1.212595328930347e-06 -1.304611166111819e-06 1.811640761301050e-07
3.263000363260889e-06 1.064227518968314e-06 -1.294802772096324e-06 -6.260223280909260e-07
6.923771915810114e-06 -4.352472182677882e-06 -2.639590052043767e-06 1.331835682191112e-06
5.381273603175322e-06 -3.207086188472673e-06 -2.110234876955882e-06 9.234500050895842e-07
4.553799601262944e-06 -1.416966481097819e-06 -1.736852888125018e-06 2.486522470234751e-07
4.930260796127422e-06 -1.619430206705719e-06 -1.871079624830771e-06 3.259517151664929e-07
5.130795013393742e-06 -2.031578258897976e-06 -1.959835121809950e-06 4.853885512149687e-07
7.938272746070011e-06 -3.185202704416250e-06 -2.928290817998322e-06 9.435191077293415e-07
8.908813808761347e-06 -2.262728431194424e-06 -3.261976884173900e-06 5.665967020862689e-07
3.965922210138587e-06 -2.493968479842852e-07 -1.531713111864120e-06 -1.720704769980463e-07
4.557589368367110e-06 1.244043398904598e-06 -1.736235788896765e-06 -7.133220261243731e-07
6.168154819648053e-06 -2.395692924611588e-06 -2.356909956109731e-06 6.365787557602567e-07
4.955856529917518e-06 -8.159313028385777e-07 -1.872145387816900e-06 3.217474588513851e-08
5.403494349764425e-06 -1.477814610474777e-06 -2.046564492978733e-06 2.781562020820061e-07
7.484913854432961e-06 -1.931664854659703e-06 -2.777299770684516e-06 4.462802548628423e-07
8.551110922046477e-06 -1.170976955422081e-06 -3.131036688467053e-06 1.581431005347404e-07
4.981284524996199e-06 4.775790165255853e-07 -1.876081598496605e-06 -4.467468360832624e-07
4.926098535175856e-06 1.439114193405931e-06 -1.870709158921109e-06 -7.947886652107609e-07
6.405249344064565e-06 -5.478830263819060e-07 -2.407270649717094e-06 -7.046291421746187e-08
8.428432086513280e-06 -7.914603371310780e-08 -3.085355203169584e-06 -2.508921989304658e-07
8.542040121164794e-06 9.976319335022070e-07 -3.142608371659158e-06 -6.379614173356546e-07
5.746509822938142e-06 1.178567255636867e-06 -2.150734269160754e-06 -7.124928617237652e-07
5.139618044915725e-06 1.858858422844874e-06 -1.953892807348625e-06 -9.573904118460000e-07
5.397802970262652e-06 3.020805126540239e-06 -2.040042245906610e-06 -1.372228449340143e-06
7.456126017621756e-06 1.132481028196501e-06 -2.756167329469254e-06 -6.802573640955493e-07
5.790658715653603e-06 4.160218683514637e-06 -2.160038432306035e-06 -1.778929606300449e-06
8.887777551601516e-06 2.088087740951793e-06 -3.280671348289974e-06 -1.040094370982917e-06
6.441199793647131e-06 3.056977784105750e-06 -2.373662136998272e-06 -1.396092545629142e-06
7.993429535410878e-06 3.144099876493246e-06 -2.956307401247297e-06 -1.431708745511313e-06
6.325760524103784e-06 5.253003215037422e-06 -2.333179721104168e-06 -2.174209696119717e-06
9.448811069850699e-06 3.144659999851682e-06 -3.459593485724006e-06 -1.417268332893367e-06
8.991101231389595e-06 4.200731958751256e-06 -3.295344879012891e-06 -1.802057770078032e-06
7.897434697220384e-06 4.869622777707367e-06 -2.901647341304768e-06 -2.052418736919233e-06
6.991476332492651e-06 6.310909348643625e-06 -2.545199694466110e-06 -2.549320558295579e-06
7.802655404837812e-06 7.308574595727215e-06 -2.814088262146454e-06 -2.924546701615964e-06
1.022420334827031e-05 4.126754703342860e-06 -3.735796887798165e-06 -1.765270100004144e-06
9.669280707173753e-06 5.402766295452989e-06 -3.528312662134002e-06 -2.232844489142249e-06
9.012698844313676e-06 6.914671367626279e-06 -3.262023478846426e-06 -2.778247668401285e-06
8.732007830077316e-06 8.234545928114944e-06 -3.142288601853204e-06 -3.290616158051311e-06
1.118786213024699e-05 4.997350809626404e-06 -4.087340066326851e-06 -2.070543536649613e-06
1.089669698662428e-05 6.907570483262497e-06 -3.963599793162485e-06 -2.800580724101222e-06
9.787902959032702e-06 9.053769193064838e-06 -3.538006402804175e-06 -3.617233539299012e-06
1.096544107633631e-05 9.766874237769646e-06 -3.990964112988687e-06 -3.912751560343264e-06
1.223623671170976e-05 1.036389077838442e-05 -4.506017708416512e-06 -4.194470944677562e-06
1.233643558989302e-05 7.321256844434461e-06 -4.513042726400290e-06 -2.952038183821798e-06
1.232521802832285e-05 5.723472411452073e-06 -4.523637580400415e-06 -2.330207015432866e-06
1.204618526030583e-05 8.935896721287463e-06 -4.404791803692020e-06 -3.589938968991328e-06
1.359860973041289e-05 1.080634626729468e-05 -5.073844822080745e-06 -4.413880990071488e-06
1.503317543107997e-05 1.110115420153152e-05 -5.686535523348313e-06 -4.582267824617957e-06
1.350422999003646e-05 7.678506309110243e-06 -4.963690330805112e-06 -3.067029204228208e-06
1.361736022857528e-05 6.254016091695510e-06 -5.028536091581093e-06 -2.474213827669745e-06
1.650752139392819e-05 1.122778351796721e-05 -6.347341418466284e-06 -4.680487411535525e-06
1.484720083853184e-05 9.024084274928460e-06 -5.560302393196599e-06 -3.660897866670833e-06
1.502215332155151e-05 6.563584409850728e-06 -5.650724852341455e-06 -2.506914840075707e-06
1.682977665372944e-05 9.252253622115287e-06 -6.475394470949358e-06 -3.769189090733350e-06
1.817636464233401e-05 1.127820430381110e-05 -7.108590640765033e-06 -4.760797063565949e-06
1.649423499247300e-05 6.648899880517095e-06 -6.341069077030715e-06 -2.501108110772936e-06
2.051604838866258e-05 1.132822531122790e-05 -8.286606369227870e-06 -4.800937673645479e-06
1.864850394513837e-05 8.115463754207055e-06 -7.356708651066474e-06 -3.198609725741052e-06
1.817433589728553e-05 6.597460827286285e-06 -7.141463016266437e-06 -2.451913770533907e-06
2.383393643651363e-05 1.140394423822233e-05 -9.996715434907189e-06 -4.892668367305056e-06
2.217049714721387e-05 8.743377262390006e-06 -9.147771298269643e-06 -3.512935797677756e-06
2.051815862705446e-05 6.530461082503078e-06 -8.324587975035893e-06 -2.384362037277855e-06
2.835348306767978e-05 1.148247527376929e-05 -1.237472621079317e-05 -5.054604230101708e-06
2.607137011126282e-05 8.930906517734223e-06 -1.118910267760233e-05 -3.607683947179011e-06
2.383501624107596e-05 6.455031157787444e-06 -1.006566202183847e-05 -2.289518919390228e-06
3.319094572019590e-05 1.154496631629207e-05 -1.513739275217149e-05 -5.304466307798735e-06
3.075282802097423e-05 8.928553256844839e-06 -1.369929800117060e-05 -3.673964775581925e-06
2.835417762772983e-05 6.376110310071711e-06 -1.241878862508096e-05 -2.224155543929782e-06
3.813369238262879e-05 1.159432212898642e-05 -1.834127754152328e-05 -5.514182464567183e-06
3.564677334672509e-05 8.926840759944640e-06 -1.668982110331004e-05 -3.726252041960369e-06
3.319144328487005e-05 6.310176818145113e-06 -1.521666134801592e-05 -2.084826008436122e-06
4.315967576535815e-05 1.163229465946639e-05 -2.189096417141372e-05 -5.673744928371557e-06
4.063473928558628e-05 8.925383687162732e-06 -2.005608910615113e-05 -3.760836349816723e-06
3.813424470596245e-05 6.257776519321278e-06 -1.842173227253471e-05 -1.994798281669361e-06
4.824876369807229e-05 1.166012591435088e-05 -2.550302417201897e-05 -5.632632841699139e-06
4.569556477579525e-05 8.924103078632704e-06 -2.368258250008091e-05 -3.769367603262045e-06
4.316030060980298e-05 6.217049984162314e-06 -2.189632298010964e-05 -1.887839776914554e-06
5.338232487687569e-05 1.167951658916649e-05 -2.891117993721661e-05 -5.548015036999609e-06
5.080965335288696e-05 8.923148856740916e-06 -2.719732170602291e-05 -3.784308460054476e-06
4.824927903894279e-05 6.187060767265690e-06 -2.547151737455734e-05 -1.909666563123558e-06
5.854570056082257e-05 1.169253553924884e-05 -3.210760196537496e-05 -5.489032871261137e-06
5.596011593343502e-05 8.922499224957616e-06 -3.054730367000363e-05 -3.800195473288691e-06
5.338270978830633e-05 6.166116670427015e-06 -2.892965539126944e-05 -1.979841305789524e-06
6.372899952671173e-05 1.170086837979923e-05 -3.520028072724505e-05 -5.428125303303723e-06
6.113476725920153e-05 8.921926711162940e-06 -3.373458400218010e-05 -3.770053168539461e-06
5.854602954231344e-05 6.151959509834409e-06 -3.226722270183678e-05 -2.058003963087125e-06
6.892499310522041e-05 1.170560531885913e-05 -3.828039896192459e-05 -5.385729414901521e-06
6.632553417414177e-05 8.921444487386437e-06 -3.681356119860236e-05 -3.751999341147516e-06
6.372919522024749e-05 6.142523205509816e-06 -3.539772295135433e-05 -2.129780589436090e-06
8.007024263879592e-05 1.140144120827728e-05 -4.458819315830636e-05 -5.117488950517231e-06
7.933123272760276e-05 1.170755047519473e-05 -4.417378945414144e-05 -5.291042540809427e-06
7.125495925720320e-05 8.920941275387555e-06 -3.965063747705985e-05 -3.737976925129133e-06
7.412746167356178e-05 1.170749466139020e-05 -4.125382527920918e-05 -5.318716988080776e-06
6.892532605396378e-05 6.136661504053078e-06 -3.835672281307399e-05 -2.152468496732670e-06
8.037635518545881e-05 1.066243638533523e-05 -4.475982023601215e-05 -4.699138148815166e-06
7.862768910203668e-05 8.920624084204534e-06 -4.377874614099689e-05 -3.717180639062374e-06
7.412765438759601e-05 6.134120364392072e-06 -4.125557646216239e-05 -2.152357739936868e-06
8.037651702324974e-05 7.178713653261813e-06 -4.475600896260924e-05 -2.733010080545224e-06
7.933142922654615e-05 6.133618439786050e-06 -4.417206330971441e-05 -2.145456020149621e-06
8.007042090668445e-05 6.439718978804384e-06 -4.458535614057330e-05 -2.318052958086328e-06
