-1.277499671891906e-04 1.790322865578862e-05 -2.338261769544677e-05 3.022805496843075e-06
-1.282585450713322e-04 1.667556831392123e-05 -2.345301839371206e-05 2.858344249427892e-06
-1.282586904482523e-04 1.088799491808223e-05 -2.344256469786374e-05 2.075893135264775e-06
-1.277501284872972e-04 9.660322259369891e-06 -2.336514776168421e-05 1.889395691628820e-06
-1.265221956217297e-04 1.841171893129444e-05 -2.321450992274667e-05 3.090475882713498e-06
-1.242192649885942e-04 1.378178799193035e-05 -2.289176854613205e-05 2.464995753152740e-06
-1.265223703398479e-04 9.151823477793022e-06 -2.317969659017927e-05 1.811840930609374e-06
-1.178772087813131e-04 1.841022355706396e-05 -2.203391236245928e-05 3.077378637827963e-06
-1.178773996662752e-04 9.153015436438201e-06 -2.195432906120651e-05 1.795375217194765e-06
-1.131053801298207e-04 1.378137497972399e-05 -2.131677892002285e-05 2.447576946634260e-06
-1.092363245410699e-04 1.840380584441404e-05 -2.075387978519793e-05 3.199766206099794e-06
-1.092362842849338e-04 9.158214331126775e-06 -2.069162007541087e-05 1.719912698719715e-06
-1.049201018932024e-04 1.378068447265621e-05 -2.008137422543345e-05 2.407766615157282e-06
-1.006124936554633e-04 1.838845036881774e-05 -1.924986020376170e-05 3.331135185929661e-06
-1.006121475179853e-04 9.171730783541810e-06 -1.939351294514955e-05 1.616758433638485e-06
-9.631035794194208e-05 1.377946392815485e-05 -1.853623172615246e-05 2.408276487676164e-06
-9.202414504697148e-05 1.836083083543058e-05 -1.746152509080778e-05 3.397218502375904e-06
-9.202390854507726e-05 9.196580144244323e-06 -1.774277171625133e-05 1.539646839949204e-06
-8.774792196700427e-05 1.377781086129543e-05 -1.674431549855884e-05 2.441274301862774e-06
-8.349587034402858e-05 1.831945927441789e-05 -1.551738794482538e-05 3.488187187186562e-06
-8.349549204827317e-05 9.234098380837954e-06 -1.586541623474523e-05 1.424599292568447e-06
-7.925820641515940e-05 1.377550871588719e-05 -1.479638033111128e-05 2.449035005798422e-06
-7.505480509368547e-05 1.826188434082528e-05 -1.353292046040094e-05 3.568140099857196e-06
-7.505414941717788e-05 9.286568482938419e-06 -1.390041664450985e-05 1.405685679578230e-06
-7.087023517453275e-05 1.377265542613516e-05 -1.273631146705377e-05 2.450193386001357e-06
-6.673132590173670e-05 1.818617183707498e-05 -1.153214046344269e-05 3.555924377806035e-06
-6.673040991590187e-05 9.355998716222105e-06 -1.196036339860895e-05 1.459227439318127e-06
-6.261644938271131e-05 1.376918374037731e-05 -1.065982008878335e-05 2.473394185532737e-06
-5.855946220624408e-05 1.809118067042191e-05 -9.618335471195250e-06 3.474132859725045e-06
-5.855872160614719e-05 9.443556262828079e-06 -1.004621464340073e-05 1.488736624961196e-06
-5.453294119302053e-05 1.376522691578953e-05 -8.717978003015998e-06 2.467459759171041e-06
-5.057666859570008e-05 1.797580833099270e-05 -7.953616607936221e-06 3.391540806365528e-06
-5.057617788435265e-05 9.550653195263559e-06 -8.226872104960224e-06 1.462561194279340e-06
-4.665691756765005e-05 1.376107793297385e-05 -6.947039840432036e-06 2.498684350206294e-06
-4.281905384646870e-05 1.783969173757399e-05 -6.338932003580697e-06 3.285282029025466e-06
-4.281798097621820e-05 9.678465634629137e-06 -6.466038912085288e-06 1.565801130539394e-06
-3.917471289534168e-05 1.375585704733668e-05 -5.383072519641739e-06 2.458953373716399e-06
-3.562045943262935e-05 1.768592434819201e-05 -4.748073948725616e-06 3.169265529752218e-06
-3.561833771540820e-05 9.829312680228864e-06 -4.848703136398880e-06 1.639352714135709e-06
-3.297916091667018e-05 1.405131444900705e-05 -4.210142201922767e-06 2.484253877354417e-06
-3.037078571405136e-05 1.754431707973582e-05 -3.774364865257014e-06 3.033623691559084e-06
-3.036572933703245e-05 9.968990542662012e-06 -3.840753808438888e-06 1.757816927924498e-06
-2.668259420614131e-05 1.742088542627286e-05 -3.222913136594015e-06 2.905597113931795e-06
-2.736483453730428e-05 1.501639355746352e-05 -3.300585696361603e-06 2.586177350177463e-06
-2.667521632192839e-05 1.005809942248948e-05 -3.272507476450542e-06 1.843057295441211e-06
-2.406731113355400e-05 1.015413962334711e-05 -2.892017239974814e-06 1.897717000927077e-06
3.469833799595225e-06 9.398554059330195e-07 5.740931409594603e-07 1.315271432578806e-06
3.538997740622839e-06 7.733039830753176e-07 5.917992444401398e-07 1.274666022988732e-06
3.538570771553085e-06 1.537965638839897e-07 6.056221162234370e-07 1.131255867579451e-06
3.469809982012567e-06 -1.006526086687199e-08 5.914429528649139e-07 1.090407113655976e-06
-2.405953055220585e-05 1.733385336239978e-05 -2.854977903061542e-06 2.817279319602246e-06
-2.175475565333335e-05 1.712339507313780e-05 -2.635640407872244e-06 2.747254291616494e-06
-2.350757067738498e-05 1.285197304265228e-05 -2.792702721500656e-06 2.274342114493395e-06
-2.172509153938026e-05 1.005381763434380e-05 -2.591984825518822e-06 1.925840991343161e-06
3.304082459447067e-06 1.008852247043704e-06 5.328906964447741e-07 1.332801298066392e-06
3.137446933789177e-06 3.294976469213611e-07 5.020778588013949e-07 1.180207845204913e-06
3.305792115401695e-06 -7.828328104532356e-08 5.512407317084333e-07 1.074142499591373e-06
-2.100077148338178e-05 1.492650092592919e-05 -2.544926380089646e-06 2.506244976245848e-06
-1.952587931855494e-05 1.663823458804363e-05 -2.412482870213607e-06 2.665574806637030e-06
-1.742168026255449e-05 1.593923785117947e-05 -2.180547186378641e-06 2.560167512870322e-06
-2.030829964946080e-05 1.197231472268803e-05 -2.440315096767457e-06 2.157268592401934e-06
-1.953656578235946e-05 9.591822267658185e-06 -2.361114621242714e-06 1.925594749380904e-06
2.181624618985044e-06 1.028850689550051e-06 2.322555585678633e-07 1.363852471883067e-06
2.181350609327676e-06 -9.637546572356782e-08 2.372930162228065e-07 1.077048315472567e-06
1.599445015436752e-06 4.672587349623914e-07 7.844114358973304e-08 1.209850603834232e-06
-1.547357440918109e-05 1.499922789743087e-05 -2.018911510178735e-06 2.426296329765192e-06
-1.712287600808958e-05 1.372870931823113e-05 -2.132360040836898e-06 2.330905729676382e-06
-1.784026909614839e-05 1.101337654271322e-05 -2.201089839280550e-06 2.078678057529536e-06
-1.753946561340016e-05 8.803721702737049e-06 -2.201803560737957e-06 1.908067402571953e-06
9.680567235025255e-07 1.135277266306014e-06 -7.421085373728048e-08 1.353598077093863e-06
9.690964868942829e-07 -1.976646914487966e-07 -8.244133364339154e-08 1.030267083285299e-06
2.510289388840574e-07 4.704788496835611e-07 -2.277139168505650e-07 1.160257860417227e-06
-1.367625313273495e-05 1.388595516363927e-05 -1.906621370815169e-06 2.335224565605302e-06
-1.208190165587528e-05 1.261897252078782e-05 -1.727700806325422e-06 2.209175293496086e-06
-1.535671988234368e-05 1.060152912831138e-05 -2.038499033983752e-06 2.058437105933261e-06
-1.578325111230222e-05 7.714550816822511e-06 -2.084194188378062e-06 1.795041014949256e-06
-5.723800741616381e-07 1.363190124219160e-06 -3.816967412227886e-07 1.311241789056222e-06
-5.713873748469609e-07 -4.186091681462110e-07 -4.137883624426434e-07 9.627404315839711e-07
-1.248816978165947e-05 1.072066539897347e-05 -1.772689906518977e-06 2.027263032951052e-06
-1.069668802373885e-05 1.119497168671112e-05 -1.599185569413078e-06 2.068358711199532e-06
-1.315373297366593e-05 8.638832446846399e-06 -1.862317496142908e-06 1.845784942112462e-06
-1.430524034203322e-05 6.413160034134330e-06 -2.001776898731155e-06 1.678361365772465e-06
-1.477440829629613e-06 4.743215339207857e-07 -5.630906734820048e-07 1.116758956558586e-06
-2.554693291835873e-06 1.691796219868935e-06 -7.126324814960933e-07 1.287761598931496e-06
-2.551489690814989e-06 -7.418513802131301e-07 -7.335430155356440e-07 8.992729170556959e-07
-9.492702333951883e-06 9.668842768669401e-06 -1.499394533144127e-06 1.924004612091210e-06
-8.531947846102989e-06 8.102204718288477e-06 -1.412348397855321e-06 1.781312495706311e-06
-7.797704887114740e-06 6.461922803778726e-06 -1.350434514945943e-06 1.639851798202761e-06
-1.180559303997493e-05 6.807134676980715e-06 -1.770281608476815e-06 1.701784636542991e-06
-1.312913595449487e-05 4.969456290859777e-06 -1.925992854981716e-06 1.504865328960112e-06
-3.418830804120699e-06 4.817860617546806e-07 -8.376857105793870e-07 1.043419960944240e-06
-4.480513309747542e-06 2.014719747607768e-06 -9.587278189934982e-07 1.245566159277366e-06
-4.480250828209677e-06 -1.073228367529266e-06 -9.565030827041673e-07 8.006485825280742e-07
-9.413304513806208e-06 6.450692035522589e-06 -1.492356008739802e-06 1.639729615230573e-06
-7.253233742834617e-06 4.803855389957109e-06 -1.296241889457973e-06 1.504807444770181e-06
-6.212885174779252e-06 2.287538788852255e-06 -1.123826887380499e-06 1.210854057880159e-06
-6.706249863815231e-06 2.564549445398396e-06 -1.190036821482579e-06 1.240922130787506e-06
-6.955911186299227e-06 3.136880829057330e-06 -1.233793221888652e-06 1.317707526454661e-06
-1.087432424066532e-05 4.760226564863455e-06 -1.646884047957580e-06 1.458124995723401e-06
-1.224908918014909e-05 3.453646352704262e-06 -1.807189044278192e-06 1.288520281739023e-06
-5.432883937056336e-06 7.107623602944530e-07 -1.057797313095172e-06 1.022264298931789e-06
-6.254271720542719e-06 -1.315212319887682e-06 -1.149885400325336e-06 7.191656283627328e-07
-8.375984882164877e-06 3.639626084385179e-06 -1.404908538665522e-06 1.377130241236372e-06
-6.757690757472033e-06 1.470158862404751e-06 -1.198943786034590e-06 1.090319611305734e-06
-7.344331169182940e-06 2.369161759818392e-06 -1.276696691543938e-06 1.211697146792078e-06
-1.022319066870443e-05 2.986426954913342e-06 -1.584659609958440e-06 1.256702892062971e-06
-1.168693806161546e-05 1.937253588522439e-06 -1.735690060143286e-06 1.100779647327930e-06
-6.822675486823964e-06 -2.816012616391493e-07 -1.219401294690502e-06 8.577904980022036e-07
-6.773383702359632e-06 -1.575903000653140e-06 -1.208299073308129e-06 6.711901805412616e-07
-8.726686542296628e-06 1.078662996218143e-06 -1.443950759799506e-06 1.022893888585744e-06
-1.147560487808753e-05 4.453805558499835e-07 -1.720022851876288e-06 9.056669994627876e-07
-1.155918504659453e-05 -9.941587237292403e-07 -1.753387856558957e-06 7.010428202217325e-07
-7.874336106262730e-06 -1.235351897822466e-06 -1.359468681923370e-06 7.114320066965474e-07
-7.081230666536994e-06 -2.124655965436569e-06 -1.244717512994544e-06 5.870971716516566e-07
-7.467959232155252e-06 -3.618616969483838e-06 -1.293368799715183e-06 3.810408341326955e-07
-1.013409737408187e-05 -1.192884858534009e-06 -1.597801375556414e-06 6.881281509680988e-07
-8.025288981197907e-06 -5.036649412036898e-06 -1.379119663450310e-06 2.250280020510595e-07
-1.194566663229057e-05 -2.436151392087799e-06 -1.799272685979636e-06 5.017510100521200e-07
-8.827007718435724e-06 -3.679935259236433e-06 -1.472706436573577e-06 3.692212375863897e-07
-1.079850920143885e-05 -3.790688312690125e-06 -1.663892625349588e-06 3.339512427133989e-07
-8.734467975669566e-06 -6.377171945482117e-06 -1.472812913371284e-06 8.914361407498260e-08
-1.258925497388657e-05 -3.792205617292183e-06 -1.845348980175435e-06 3.183831933224958e-07
-1.201094726963294e-05 -5.106126389923935e-06 -1.767918208691112e-06 1.885900293769072e-07
-1.068471188145330e-05 -5.919330611384259e-06 -1.648755925660518e-06 1.239339959370479e-07
-9.590839799648309e-06 -7.630662728626929e-06 -1.581045766378091e-06 7.204003014866559e-09
-1.058699083874080e-05 -8.781648979956244e-06 -1.655854136258768e-06 -1.764628904373989e-08
-1.346788170401093e-05 -5.028544482668483e-06 -1.852066759805088e-06 1.856671735777237e-07
-1.280766675742760e-05 -6.555050675933098e-06 -1.790224315153663e-06 8.358519644248785e-08
-1.203606766549147e-05 -8.319589617998483e-06 -1.726254261064155e-06 -2.514081105450732e-09
-1.170883034545064e-05 -9.816537432602602e-06 -1.711307682451838e-06 -2.618489592582597e-08
-1.455195573519247e-05 -6.099104007517743e-06 -1.835187271082867e-06 8.476865422872912e-08
-1.421416301342015e-05 -8.302854766192178e-06 -1.783293280937929e-06 1.722618554842804e-08
-1.294449700281929e-05 -1.071818796567738e-05 -1.718906941064635e-06 -3.012456325516376e-08
-1.427991345061653e-05 -1.147676466872984e-05 -1.742395953368744e-06 -1.022871141059543e-08
-1.569623434119195e-05 -1.208285856916734e-05 -1.768066222766359e-06 2.582355083535317e-08
-1.581855303128979e-05 -8.769629371325325e-06 -1.756704113185005e-06 3.650301258539032e-09
-1.581110939485215e-05 -6.970134255929027e-06 -1.770147210333755e-06 3.197032958045190e-08
-1.550125398329452e-05 -1.054818906715062e-05 -1.769831277373954e-06 4.650994744596939e-09
-1.717719852430594e-05 -1.252340623404660e-05 -1.788571889130107e-06 6.154976351757584e-08
-1.870415844283008e-05 -1.279510746994303e-05 -1.738687792000694e-06 9.249062414553775e-08
-1.709165273185200e-05 -9.169585035657836e-06 -1.741079203209745e-06 -1.043602285492498e-08
-1.720986082718854e-05 -7.610626622541450e-06 -1.728062556886046e-06 -8.363425865530741e-09
-2.025462766238475e-05 -1.289133334146249e-05 -1.670286379899656e-06 1.146527113175479e-07
-1.852973849141188e-05 -1.061166208622353e-05 -1.744601373937002e-06 -1.367114306956178e-08
-1.870560236546674e-05 -7.999626241195766e-06 -1.701231663566333e-06 -3.861156045757486e-08
-2.059723262754742e-05 -1.084312119979087e-05 -1.666868360839018e-06 6.923203713354821e-10
-2.196942538106946e-05 -1.290123526005443e-05 -1.544848014753035e-06 1.654789314851326e-07
-2.025252605785600e-05 -8.126761764365371e-06 -1.672083089722917e-06 -6.647234976739857e-08
-2.433711019167867e-05 -1.291166911826622e-05 -1.398891644074732e-06 2.204174573667993e-07
-2.246483949195981e-05 -9.676500463290752e-06 -1.573984501935151e-06 -4.750606313504289e-08
-2.196932981509130e-05 -8.116451723996245e-06 -1.586693722931524e-06 -1.148451321028844e-07
-2.761345777949825e-05 -1.292962435983911e-05 -1.079262379556976e-06 2.969362755355119e-07
-2.598732901847691e-05 -1.031871837355185e-05 -1.293188651655146e-06 -7.860851529024747e-10
-2.433787447890886e-05 -8.101846755390498e-06 -1.428820183882408e-06 -1.944743298257885e-07
-3.197690948323759e-05 -1.295258993970718e-05 -4.867678121888988e-07 3.062437246064855e-07
-2.978841126235292e-05 -1.050611529366824e-05 -8.363038360315901e-07 5.252744779334985e-09
-2.761417200389784e-05 -8.082884192477180e-06 -1.142280327388905e-06 -2.686998532436265e-07
-3.656940288220245e-05 -1.297673702300601e-05 1.230835002136895e-07 2.096028423915424e-07
-3.426540221696579e-05 -1.050464185891812e-05 -1.922244581972703e-07 -5.842601061891208e-08
-3.197737005784590e-05 -8.058080180543919e-06 -5.206836078678075e-07 -3.412685261950581e-07
-4.121051789990765e-05 -1.300084153133558e-05 5.339999630236749e-07 8.682730117973272e-08
-3.888197229549140e-05 -1.050318860983223e-05 3.166834794930443e-07 -7.668470374877915e-08
-3.656980557886035e-05 -8.031156675682136e-06 4.707572447447589e-08 -2.998308109123039e-07
-4.589936730242485e-05 -1.302307133516313e-05 6.314555883645644e-07 -6.498514815015582e-08
-4.354759183913941e-05 -1.050178686870409e-05 5.922409923899934e-07 -1.089520500700815e-07
-4.121093236237277e-05 -8.004104216921819e-06 4.625674585063736e-07 -2.424453202404734e-07
-5.062932170332147e-05 -1.304101515567743e-05 5.949488980324373e-07 -1.725599338039559e-07
-4.825845800629838e-05 -1.050041694575041e-05 5.912842774842862e-07 -1.310926819173365e-07
-4.589977303655904e-05 -7.979090710686552e-06 5.835701104088712e-07 -1.588126719869176e-07
-5.539027350259156e-05 -1.305407603017675e-05 5.577021330819076e-07 -1.803727250900401e-07
-5.300558559249939e-05 -1.049922310987515e-05 5.374776122228342e-07 -1.742984063756403e-07
-5.062961409867146e-05 -7.958473035187705e-06 5.448405574080373e-07 -1.201256063963973e-07
-6.017245187851028e-05 -1.306330119045120e-05 5.384867081325771e-07 -1.800017389360755e-07
-5.777849727863040e-05 -1.049850103723134e-05 4.721791598990013e-07 -1.827757555985998e-07
-5.539034651988197e-05 -7.943461479837139e-06 4.630756919960276e-07 -1.411014948580354e-07
-6.497005341050095e-05 -1.307056541622283e-05 5.878929949579849e-07 -1.740076940862507e-07
-6.256900059617918e-05 -1.049808152813678e-05 4.725652789811981e-07 -2.007926812273846e-07
-6.017251965401602e-05 -7.933165813302391e-06 3.911030013511767e-07 -2.109265266915910e-07
-6.977978273857617e-05 -1.307580055887458e-05 7.502347140714516e-07 -1.048479892540932e-07
-6.737326866603364e-05 -1.049778832702550e-05 5.903799077071082e-07 -2.220774901006626e-07
-6.497017872994500e-05 -7.925275032054341e-06 4.645693850515039e-07 -2.806415548598288e-07
-8.010309449126545e-05 -1.279595330648495e-05 1.539741904903250e-06 -9.795372422273225e-09
-7.941845721329333e-05 -1.307951391456848e-05 1.486900622869485e-06 1.319491155029156e-08
-7.193694659463338e-05 -1.049771073187243e-05 8.277532018566027e-07 -2.107847000995153e-07
-7.459758723311817e-05 -1.307871903735413e-05 1.063670697824943e-06 -2.060973812099902e-08
-6.977974125382443e-05 -7.919757609242876e-06 6.557042195796571e-07 -3.363109343710150e-07
-8.038668147566931e-05 -1.211135141079482e-05 1.559767165537138e-06 -6.391560332748160e-08
-7.876644327306491e-05 -1.049760272453890e-05 1.411236934518927e-06 -1.991404541042341e-07
-7.459755351547851e-05 -7.916569886404287e-06 1.030970832550637e-06 -4.161498543031580e-07
-8.038660907836019e-05 -8.883889772520915e-06 1.516856377228694e-06 -3.079667542527016e-07
-7.941838635741822e-05 -7.915744590946252e-06 1.440675547761660e-06 -3.822441839589138e-07
-8.010301933856474e-05 -8.199300201825586e-06 1.493257100018649e-06 -3.603142542749427e-07
