-3.914211028917072e-06 1.802299900889858e-06 -4.659834498556339e-05 6.145648178814570e-06
-3.896533951467174e-06 1.844888696733942e-06 -4.684885291149361e-05 5.548690852856311e-06
-3.896822069039894e-06 2.046123999216313e-06 -4.676007916877104e-05 2.784298170292686e-06
-3.914544327757582e-06 2.088776749986774e-06 -4.649603926920976e-05 2.171560368600085e-06
-3.956879457708729e-06 1.784682283891762e-06 -4.599373588381756e-05 6.390991499063725e-06
-4.037409994388183e-06 1.945579661954679e-06 -4.483024128068311e-05 4.149300034331591e-06
-3.957287745485411e-06 2.106425701647470e-06 -4.587043593891732e-05 1.919224365205046e-06
-4.257456672863043e-06 1.786245418981374e-06 -4.180392560390238e-05 6.314825066563050e-06
-4.258151956938819e-06 2.105329956466303e-06 -4.162606704009954e-05 1.956517730020021e-06
-4.422438087743573e-06 1.945928911078450e-06 -3.939816741259216e-05 4.135630436119220e-06
-4.553538792015954e-06 1.790899079249482e-06 -3.763570959752145e-05 6.336550949253833e-06
-4.554064832580655e-06 2.101272485941503e-06 -3.764244726187987e-05 2.031441190409134e-06
-4.698593692377672e-06 1.946564071156595e-06 -3.558755877222494e-05 4.070231217306455e-06
-4.838943645172549e-06 1.799393747204432e-06 -3.355932277387810e-05 6.151409081577174e-06
-4.838713856683926e-06 2.094356565438825e-06 -3.377902960675805e-05 2.106113926022636e-06
-4.976406318118350e-06 1.947165820930089e-06 -3.184978928433599e-05 4.070822320981440e-06
-5.106686586074550e-06 1.812476377147987e-06 -2.992841532035960e-05 5.860059403781599e-06
-5.106804261208554e-06 2.083195028662298e-06 -3.011456218089943e-05 2.363760379864397e-06
-5.232670711466187e-06 1.948108257486915e-06 -2.859794223966629e-05 4.134631708685520e-06
-5.347258559856886e-06 1.831574816418519e-06 -2.688425978791123e-05 5.631257677741930e-06
-5.347918488043965e-06 2.066042393065716e-06 -2.705023566324268e-05 2.643595376168880e-06
-5.455858172786906e-06 1.948994501344417e-06 -2.584288711728707e-05 4.178759719774246e-06
-5.547550327911529e-06 1.858239223660072e-06 -2.442830688677687e-05 5.385151019336044e-06
-5.548846706758819e-06 2.040881196732596e-06 -2.459534882105121e-05 2.854591097717246e-06
-5.631214459901456e-06 1.949855807211028e-06 -2.354690392488422e-05 4.180662764636470e-06
-5.691438325600295e-06 1.894066657360504e-06 -2.232438308909327e-05 5.236588174725023e-06
-5.693015847395894e-06 2.006598645010161e-06 -2.239083252343199e-05 2.928858914608677e-06
-5.741129129204731e-06 1.950856436697916e-06 -2.141869006391445e-05 4.168405770591132e-06
-5.761292746949758e-06 1.938772465178576e-06 -2.025907966423828e-05 5.293667755886905e-06
-5.762782181183171e-06 1.963748478366117e-06 -2.009572010888647e-05 2.849865474443227e-06
-5.768519185475965e-06 1.952027111202448e-06 -1.919604983200719e-05 4.149066883030862e-06
-5.741606952981643e-06 1.991049981581387e-06 -1.797375734626901e-05 5.443571579380625e-06
-5.742549908599475e-06 1.913966820425332e-06 -1.776120785608066e-05 2.830703158037456e-06
-5.699624880422189e-06 1.953458871516162e-06 -1.677698456919753e-05 4.121450043447953e-06
-5.620986289571926e-06 2.049329438199435e-06 -1.546591690218395e-05 5.483928246359534e-06
-5.621593324722657e-06 1.858782058897610e-06 -1.536620065893517e-05 2.833108174409885e-06
-5.530191389243676e-06 1.955474741808045e-06 -1.425381678940310e-05 4.140480787493195e-06
-5.402615596573554e-06 2.111043199452786e-06 -1.299980624921412e-05 5.489851465883252e-06
-5.403199762395373e-06 1.798757536586333e-06 -1.301258283957746e-05 2.862438886583537e-06
-5.297603953188247e-06 1.972059427348232e-06 -1.211917070156340e-05 4.228984673243416e-06
-5.156740105540596e-06 2.164482323733358e-06 -1.117685846904535e-05 5.481173490401464e-06
-5.158664805649760e-06 1.746711070950950e-06 -1.124578639316253e-05 2.841660104464000e-06
-4.929164501091796e-06 2.208467972849315e-06 -9.902675524376396e-06 5.494030821132834e-06
-4.987676667693903e-06 2.038534737391864e-06 -1.016000040013805e-05 4.606801293292252e-06
-4.931677021958519e-06 1.715160598719618e-06 -9.862225896033094e-06 2.807542908310610e-06
-4.740462547523658e-06 1.682294567022802e-06 -8.933399783510694e-06 2.832767818438516e-06
1.038276949220637e-06 -3.843842287782315e-07 1.158838548945768e-06 -5.285762687365829e-07
1.059040191334856e-06 -4.341310478195186e-07 1.180720505046681e-06 -5.785298571237913e-07
1.058988377339902e-06 -6.202807431162732e-07 1.185957229849970e-06 -7.783278714928617e-07
1.038283870154600e-06 -6.697224616838535e-07 1.163500701575756e-06 -8.331303723021814e-07
-4.743109354329598e-06 2.238387140174020e-06 -8.955430841682438e-06 5.526150798335841e-06
-4.547343414659633e-06 2.253986441523048e-06 -8.064674945002079e-06 5.471329156512630e-06
-4.713354397939433e-06 1.889312197159049e-06 -8.749237269839805e-06 3.855515040316154e-06
-4.559496591658490e-06 1.631809778054970e-06 -8.065869765416332e-06 2.753669423606591e-06
9.886986559796186e-07 -3.639361600239368e-07 1.107479059061006e-06 -5.083619157901747e-07
9.383723694642631e-07 -5.681928440475791e-07 1.053421744108748e-06 -7.239473177554323e-07
9.888313602583364e-07 -6.905708344923855e-07 1.108444510099906e-06 -8.571218012912835e-07
-4.493532749576992e-06 2.076137908832836e-06 -7.784808194775766e-06 4.628208443272707e-06
-4.339415474807393e-06 2.251531825333435e-06 -7.164591927199612e-06 5.319836144623771e-06
-4.115184596104149e-06 2.213248017279009e-06 -6.307800538040615e-06 5.080304262125145e-06
-4.434813777044407e-06 1.800163396551298e-06 -7.518318191566866e-06 3.494752307309237e-06
-4.356353048415148e-06 1.537597146650801e-06 -7.183433384465809e-06 2.531983603928726e-06
6.517231460609090e-07 -3.603245863837953e-07 7.527799004930910e-07 -5.237820472259425e-07
6.508206456210312e-07 -6.982768765190218e-07 7.484065852318860e-07 -8.661072916478628e-07
4.764717475926124e-07 -5.304434808367283e-07 5.808763887078468e-07 -6.935640771383736e-07
-3.877152573800415e-06 2.151690137832316e-06 -5.503164369569750e-06 4.740727335452597e-06
-4.093756871289204e-06 1.993647161967477e-06 -6.207710106428069e-06 4.190897711662880e-06
-4.175778370537721e-06 1.686797017615409e-06 -6.471263961566149e-06 3.099058545185850e-06
-4.147619437327771e-06 1.395718928486719e-06 -6.304214542929441e-06 2.192589869064532e-06
2.873584013709855e-07 -3.314881086396950e-07 4.162801536352271e-07 -5.172458710375217e-07
2.867181660876386e-07 -7.317032624424538e-07 4.056458350863905e-07 -8.950080058321380e-07
7.152839296353951e-08 -5.328637290812271e-07 2.128219901042173e-07 -7.106861532376127e-07
-3.637643316922923e-06 2.049976914889557e-06 -4.741355496413241e-06 4.283528150533042e-06
-3.391159746326040e-06 1.908336270021594e-06 -4.093810787626389e-06 3.750161444013065e-06
-3.874443855341893e-06 1.631228957428787e-06 -5.464799262826580e-06 2.901609923288981e-06
-3.943586868016210e-06 1.209853360114347e-06 -5.609687084476413e-06 1.760224776501059e-06
-1.752267878739620e-07 -2.666816021496731e-07 -1.334719514618780e-08 -4.616382617827848e-07
-1.760932972002667e-07 -8.019330085800040e-07 -2.646956176947602e-08 -9.964487510992598e-07
-3.452164495997861e-06 1.657725585307271e-06 -4.270409069214937e-06 2.952262538860560e-06
-3.145401404666986e-06 1.734761983985149e-06 -3.536282695150810e-06 3.144785312238016e-06
-3.561997651343035e-06 1.341063968585559e-06 -4.539946549177496e-06 2.118423135740927e-06
-3.755475309719241e-06 9.679125552540548e-07 -4.996434104359976e-06 1.267790291941492e-06
-4.475853816907649e-07 -5.356827477272727e-07 -3.257730713984736e-07 -7.464487789435360e-07
-7.702954641378785e-07 -1.720036465173249e-07 -6.862187581698411e-07 -3.548370037312200e-07
-7.708916249464817e-07 -9.029014969896530e-07 -6.877297839273462e-07 -1.152652823851363e-06
-2.917671811378837e-06 1.520275326929433e-06 -3.051601296517189e-06 2.490551775402515e-06
-2.695797285206032e-06 1.254256328729999e-06 -2.706666659506614e-06 1.888512022480635e-06
-2.490076031555994e-06 9.553050349411532e-07 -2.444077953416601e-06 1.273144081490935e-06
-3.332108637759923e-06 1.031089235841751e-06 -3.952654647417147e-06 1.404584058919006e-06
-3.595635393059719e-06 6.681317830023999e-07 -4.456228215794143e-06 6.953474053341992e-07
-1.030656821177850e-06 -5.376079697431838e-07 -9.570889923248930e-07 -7.608114042682018e-07
-1.349476940267327e-06 -7.757886750940603e-08 -1.312183236367250e-06 -2.338347575330229e-07
-1.349809259777603e-06 -1.004775751405319e-06 -1.329917841040874e-06 -1.334462001708484e-06
-2.856948116002433e-06 9.634522675565453e-07 -3.032655384636816e-06 1.263540086350851e-06
-2.320374238231474e-06 6.140512223118834e-07 -2.250475833771647e-06 6.821616694619233e-07
-1.894219206467191e-06 3.996169217166695e-09 -1.920571125284225e-06 -1.823025926061419e-07
-2.065396162923562e-06 8.051390579392724e-08 -2.090263152502074e-06 -9.784849180380908e-08
-2.171293826245609e-06 2.289543890877480e-07 -2.170395651922662e-06 9.140652452081115e-08
-3.163235103548788e-06 6.216837885772017e-07 -3.566280468717582e-06 6.195786366607467e-07
-3.483206875485562e-06 3.165684417595036e-07 -4.052350061851191e-06 1.429237164210500e-07
-1.637809192906815e-06 -4.732248809046283e-07 -1.664909072928481e-06 -7.118530051265126e-07
-1.856885898854126e-06 -1.075671718691256e-06 -1.965175530234138e-06 -1.387677105262621e-06
-2.570089602591250e-06 3.638182982021966e-07 -2.672720876851921e-06 2.463618073452495e-07
-2.057411792089402e-06 -2.365095486475731e-07 -2.115497292220636e-06 -4.724477583119607e-07
-2.259013796265342e-06 2.645109554962361e-08 -2.316253430961437e-06 -1.729141873690263e-07
-3.024659062366214e-06 2.047246260913083e-07 -3.325379022735905e-06 -1.643612627110812e-09
-3.429305552031797e-06 -8.054788093697529e-08 -3.797212682117937e-06 -3.251891018614908e-07
-2.034875464596232e-06 -7.593935807329943e-07 -2.149580587627501e-06 -1.046637110595344e-06
-1.986108985193986e-06 -1.157100162586982e-06 -2.160746840303881e-06 -1.462880784026540e-06
-2.632118594548894e-06 -3.144914603408527e-07 -2.800718679572805e-06 -6.141944205102801e-07
-3.431298048351345e-06 -5.066376387398124e-07 -3.700861466424024e-06 -8.003471051304067e-07
-3.552587862517608e-06 -9.621042505667112e-07 -3.693986258267153e-06 -1.282985489289709e-06
-2.327293887879741e-06 -1.038270999539217e-06 -2.515033470863091e-06 -1.361348972722512e-06
-2.053428122474772e-06 -1.345956613202747e-06 -2.285515678642355e-06 -1.627909845662298e-06
-2.121675804245664e-06 -1.895459785895245e-06 -2.447877471984254e-06 -2.076549420164381e-06
-3.069958543133666e-06 -9.993582303130170e-07 -3.244544185728221e-06 -1.359726437683420e-06
-2.256872155270346e-06 -2.479313644046207e-06 -2.641636420490940e-06 -2.493540716984468e-06
-3.775825665840433e-06 -1.439540438440817e-06 -3.777325562618524e-06 -1.755041731483991e-06
-2.596756170944205e-06 -1.898375501389125e-06 -2.852486525265004e-06 -2.114392128801688e-06
-3.352367094945713e-06 -1.942789049194831e-06 -3.449744502437275e-06 -2.150522083803397e-06
-2.491062335020803e-06 -3.058642291019098e-06 -2.856334143096216e-06 -2.876534040379379e-06
-4.117266458663192e-06 -1.944071382532139e-06 -3.965220044762485e-06 -2.140425582390047e-06
-3.892135034578562e-06 -2.486270781064299e-06 -3.827983734981308e-06 -2.508901004776274e-06
-3.300849586535680e-06 -2.845359342550761e-06 -3.443036277845549e-06 -2.747984924021745e-06
-2.806889008949904e-06 -3.659352765641249e-06 -3.103143242205820e-06 -3.234505329501504e-06
-3.236629883888007e-06 -4.254287173237670e-06 -3.408513559366255e-06 -3.577843025139666e-06
-4.595464516782610e-06 -2.436936663050555e-06 -4.266355835438851e-06 -2.496869098094457e-06
-4.284810101472192e-06 -3.147526728527718e-06 -4.100734048526731e-06 -2.932368127052090e-06
-3.909091739604439e-06 -4.027758282474719e-06 -3.863926444837490e-06 -3.436175754859480e-06
-3.746016100595110e-06 -4.833468231370833e-06 -3.753340321563458e-06 -3.857500391058328e-06
-5.193873565311841e-06 -2.898777115978820e-06 -4.567395671646239e-06 -2.831120460772930e-06
-5.024815086911611e-06 -4.033494460838091e-06 -4.486297072403528e-06 -3.437689778772624e-06
-4.359710584509579e-06 -5.357401976761375e-06 -4.122192738535236e-06 -4.081731517295478e-06
-5.079098263026590e-06 -5.834219624961679e-06 -4.475485548974540e-06 -4.230064023859754e-06
-5.874536467147193e-06 -6.255079926289257e-06 -4.854919877725789e-06 -4.353499632890851e-06
-5.927411662840973e-06 -4.289723684430360e-06 -4.877177267464356e-06 -3.558961439724761e-06
-5.914902498999180e-06 -3.304426686271932e-06 -4.890092304541738e-06 -3.112927658640191e-06
-5.742066346170992e-06 -5.316743140598314e-06 -4.804318660171152e-06 -3.978347453685336e-06
-6.756915440611473e-06 -6.573516194910111e-06 -5.232841122061047e-06 -4.438276438187230e-06
-7.710091746859464e-06 -6.802248533007458e-06 -5.582759759402311e-06 -4.476908066665302e-06
-6.681447868717060e-06 -4.513220117784011e-06 -5.169216605560979e-06 -3.646706222549810e-06
-6.757608596653061e-06 -3.599138928642924e-06 -5.202052478956114e-06 -3.275880386573741e-06
-8.703615492091714e-06 -6.916625505599409e-06 -5.927834909962118e-06 -4.491260931707375e-06
-7.568284455996194e-06 -5.401022020478767e-06 -5.536619228876901e-06 -3.973418924026647e-06
-7.691592447034276e-06 -3.760623108902040e-06 -5.598398866080496e-06 -3.347820625039084e-06
-8.917511204871877e-06 -5.562458949333658e-06 -5.988517660642557e-06 -4.002995474596892e-06
-9.858501802181572e-06 -6.984852441435059e-06 -6.292353983886842e-06 -4.519657796341459e-06
-8.684904263693897e-06 -3.790870618298359e-06 -5.963286411161714e-06 -3.357292994046645e-06
-1.150524877302014e-05 -7.053481900960053e-06 -6.817382413603394e-06 -4.510003228576446e-06
-1.017647662854460e-05 -4.774918632676095e-06 -6.385707441174699e-06 -3.694605610944909e-06
-9.854639572753952e-06 -3.723635588477228e-06 -6.290936063842519e-06 -3.354335212606441e-06
-1.390621676564165e-05 -7.158308045262097e-06 -7.643828994004379e-06 -4.533433680894082e-06
-1.268814187238830e-05 -5.214219960296072e-06 -7.228144210443237e-06 -3.849980511955449e-06
-1.150693190894832e-05 -3.635684187009635e-06 -6.828221731150221e-06 -3.329634626252866e-06
-1.726845139683675e-05 -7.270274750246505e-06 -8.846951831734402e-06 -4.535258037420231e-06
-1.555571861064377e-05 -5.350293194203068e-06 -8.273923781379278e-06 -3.831432486960790e-06
-1.390678249721371e-05 -3.535715511956249e-06 -7.720685569284994e-06 -3.208736642426565e-06
-2.095426202297853e-05 -7.364515753823735e-06 -1.024223908119745e-05 -4.465252254558537e-06
-1.908255371798128e-05 -5.349854065958065e-06 -9.583851489481017e-06 -3.805011083983367e-06
-1.726858715260331e-05 -3.428681402016716e-06 -8.919945994213711e-06 -3.127125213939525e-06
-2.479946011183289e-05 -7.444147126755124e-06 -1.151695910759170e-05 -4.420435057957283e-06
-2.285198733328648e-05 -5.350009428657195e-06 -1.094450230773996e-05 -3.768989412978858e-06
-2.095422117035402e-05 -3.335233164316145e-06 -1.030014606638698e-05 -3.085093555743323e-06
-2.878053885075623e-05 -7.510111694713206e-06 -1.279240131403346e-05 -4.429282280793819e-06
-2.676926158639431e-05 -5.350113726726112e-06 -1.218959257929439e-05 -3.738862435876335e-06
-2.479945994015435e-05 -3.255922268575313e-06 -1.158011733916038e-05 -3.098705400148026e-06
-3.287184466346802e-05 -7.561563200560976e-06 -1.416215217638478e-05 -4.547373459109032e-06
-3.081003349606401e-05 -5.349992753503376e-06 -1.352709463396519e-05 -3.714579510701464e-06
-2.878060710483673e-05 -3.190010404673572e-06 -1.286141614181978e-05 -3.020368250874034e-06
-3.704533250030102e-05 -7.598382869244758e-06 -1.584053406948176e-05 -4.625203279689956e-06
-3.494717564988094e-05 -5.349831959677091e-06 -1.506601098986945e-05 -3.697979115094760e-06
-3.287193863496184e-05 -3.138344405602715e-06 -1.430987039847958e-05 -2.880867639804153e-06
-4.127357705878978e-05 -7.622083713990490e-06 -1.765559185339962e-05 -4.667242525802025e-06
-3.915230018571452e-05 -5.349746276712531e-06 -1.682485344917595e-05 -3.697343727799721e-06
-3.704537086913731e-05 -3.101241949131058e-06 -1.596075925572030e-05 -2.778254080938156e-06
-4.553479490782854e-05 -7.636093753286016e-06 -1.949335305289743e-05 -4.679946861779798e-06
-4.340001509090691e-05 -5.349670499670110e-06 -1.865063237448744e-05 -3.699104953711361e-06
-4.127360522876677e-05 -3.077374749020806e-06 -1.779009347079023e-05 -2.733411677645274e-06
-4.981444715225468e-05 -7.643814905560604e-06 -2.124779595483138e-05 -4.675698005590574e-06
-4.767237072762771e-05 -5.349606424829378e-06 -2.043672333391110e-05 -3.728170000286994e-06
-4.553476060233485e-05 -3.063131810380410e-06 -1.958260552753741e-05 -2.714942986559051e-06
-5.900507374651093e-05 -7.395623266494959e-06 -2.510275128909995e-05 -4.560359132557545e-06
-5.839557030535636e-05 -7.648063392759434e-06 -2.485277373770511e-05 -4.664137396568672e-06
-5.173477280058037e-05 -5.349542170012934e-06 -2.211496451306702e-05 -3.716067939667540e-06
-5.410350843578108e-05 -7.647297319367649e-06 -2.309445656544276e-05 -4.705530161027798e-06
-4.981446716570398e-05 -3.055275731744887e-06 -2.134983132425842e-05 -2.725150285372508e-06
-5.925754281582218e-05 -6.786158462359787e-06 -2.520737475940910e-05 -4.312440629692743e-06
-5.781512716680589e-05 -5.349532826541631e-06 -2.464247281543477e-05 -3.738056708455581e-06
-5.410352432640375e-05 -3.051756516666536e-06 -2.311904096807601e-05 -2.760249674571604e-06
-5.925758038533198e-05 -3.912891423498602e-06 -2.525779118469042e-05 -3.136705462511061e-06
-5.839560515568441e-05 -3.050975979237148e-06 -2.490099804869789e-05 -2.773406735475139e-06
-5.900511221343526e-05 -3.303419093263618e-06 -2.515412070395042e-05 -2.879667905563074e-06
