7.083808192677663e-05 -9.692003148060569e-06 -1.241287775857188e-05 3.456657845486398e-06
7.111914062242521e-05 -9.013437865977736e-06 -1.246522643467455e-05 3.341289562557271e-06
7.111881015840536e-05 -5.814721567797351e-06 -1.255960790706696e-05 2.885469908904043e-06
7.083770960137642e-05 -5.136127921207447e-06 -1.252257448765531e-05 2.786669571248557e-06
7.015952787290744e-05 -9.973073856320107e-06 -1.229369529846561e-05 3.505095363281210e-06
6.888666504151745e-05 -7.413998906005611e-06 -1.217934542729608e-05 3.127597761826464e-06
7.015909949354063e-05 -4.855043216425771e-06 -1.242769855092548e-05 2.744891549821091e-06
6.538184766790983e-05 -9.973028509104034e-06 -1.152291294215372e-05 3.546013825761234e-06
6.538127214208995e-05 -4.854854543231550e-06 -1.169512228267398e-05 2.668144406178227e-06
6.274371500971232e-05 -7.413985707739466e-06 -1.113485391852618e-05 3.055891048983558e-06
6.060381105366612e-05 -9.972893942425491e-06 -1.083509929413346e-05 3.483292263937287e-06
6.060311619977501e-05 -4.854952635198947e-06 -1.090341009153455e-05 2.569652071747698e-06
5.821397276922035e-05 -7.413816345121034e-06 -1.031434279842856e-05 3.038800209575407e-06
5.582547245594759e-05 -9.971160302803748e-06 -9.983695153653097e-06 3.492138700806425e-06
5.582498024745817e-05 -4.856312395180656e-06 -9.931807456339013e-06 2.555161849276549e-06
5.343680959545039e-05 -7.413823902586300e-06 -9.410110838171738e-06 2.989106266011590e-06
5.105204037867472e-05 -9.965119801475815e-06 -8.997386024393229e-06 3.491341934833596e-06
5.105122986963826e-05 -4.862253365913861e-06 -9.113499767397611e-06 2.522527697535447e-06
4.866884024059289e-05 -7.413662176028957e-06 -8.509825038915703e-06 2.999903970284690e-06
4.629469051513322e-05 -9.950644805072363e-06 -8.233922710605832e-06 3.350394301484677e-06
4.629395528772499e-05 -4.876605802518646e-06 -8.313539369609251e-06 2.558203580379923e-06
4.392558121490024e-05 -7.413562700185408e-06 -7.738305875058302e-06 3.005145588859394e-06
4.157322433977984e-05 -9.923966631141388e-06 -7.599951106411198e-06 3.232638947565608e-06
4.157240778539588e-05 -4.902946144731079e-06 -7.649320838932157e-06 2.648635204304092e-06
3.923039699290164e-05 -7.413201400761388e-06 -7.146303383767610e-06 2.987793813605537e-06
3.691369427516221e-05 -9.882286586173627e-06 -7.101128258366498e-06 3.178371997883620e-06
3.691282992157554e-05 -4.943724321926247e-06 -7.026453340881521e-06 2.685225545740524e-06
3.461160054783828e-05 -7.412606950858695e-06 -6.749813556970533e-06 2.991087660549879e-06
3.234602135165993e-05 -9.824281507327388e-06 -6.668064021384155e-06 3.125702251866571e-06
3.234490257367482e-05 -5.000236122353660e-06 -6.596223254229328e-06 2.746271165236179e-06
3.010010091955879e-05 -7.411658932943370e-06 -6.473278267553038e-06 2.996755992531685e-06
2.790042873917743e-05 -9.750695718744435e-06 -6.419710611882902e-06 3.046558696396406e-06
2.789927518156755e-05 -5.071581941479270e-06 -6.122231354278250e-06 2.793545916993031e-06
2.572453808377567e-05 -7.410310820706709e-06 -6.271608657401563e-06 2.971934374364834e-06
2.360283995526136e-05 -9.663417376279326e-06 -6.264925665890011e-06 3.104549726600031e-06
2.360168827049070e-05 -5.156359959979551e-06 -5.879115787048943e-06 2.870190368956403e-06
2.159201636483490e-05 -7.408351038753314e-06 -6.083354505353179e-06 2.952645111318102e-06
1.963940591394921e-05 -9.566179535650630e-06 -6.043779594167079e-06 3.121329431763152e-06
1.963812369815470e-05 -5.254043855358353e-06 -5.813033601373041e-06 2.905083038255015e-06
1.819079144043507e-05 -7.570870227282675e-06 -5.929056004291485e-06 2.959894500263335e-06
1.676677367903192e-05 -9.479261243767633e-06 -5.926443429949775e-06 3.099412527416252e-06
1.676385486744387e-05 -5.341255387946220e-06 -5.854262814611699e-06 2.931126924964949e-06
1.475704620150677e-05 -9.406536177284910e-06 -5.763987988052788e-06 3.124729648288952e-06
1.512718400650489e-05 -8.097295152614243e-06 -5.813781385781324e-06 2.974412991067146e-06
1.475343317982486e-05 -5.395000826878930e-06 -5.765241518355085e-06 2.854535198812038e-06
1.333625508305095e-05 -5.450983495629662e-06 -5.662693499205999e-06 2.743230314386807e-06
-1.978479378633322e-06 -3.524870541273694e-07 1.086922298449719e-06 -1.920341373543238e-08
-2.017900427049801e-06 -2.576318246802453e-07 1.112705525258611e-06 -7.838155862657702e-08
-2.017650749794320e-06 9.555589970155167e-08 1.116692802164240e-06 -3.041085945433140e-07
-1.978431972580678e-06 1.890307139682350e-07 1.090045942643393e-06 -3.681500857546456e-07
1.333090088395659e-05 -9.356811580804998e-06 -5.628152363902025e-06 3.163993648141781e-06
1.208010143363604e-05 -9.241026040947478e-06 -5.479264446992710e-06 3.178884488832002e-06
1.303086733864735e-05 -6.918908737882308e-06 -5.671226283292639e-06 2.889076375178534e-06
1.206456329776398e-05 -5.398800269075818e-06 -5.556318526388325e-06 2.601644896153114e-06
-1.884056645839143e-06 -3.917355508796859e-07 1.025719974709076e-06 5.143512190627251e-09
-1.788951268703451e-06 -4.391630761867239e-09 9.628428833198745e-07 -2.379457493725050e-07
-1.884875350338440e-06 2.280276683700420e-07 1.026326067323270e-06 -3.953990524224983e-07
1.167061940098485e-05 -8.047036873699048e-06 -5.454177330942368e-06 3.034763379581943e-06
1.087028602816129e-05 -8.976838049128208e-06 -5.319937268749603e-06 3.179539727274877e-06
9.728905507953285e-06 -8.598037281270542e-06 -5.130378483439514e-06 3.153173196976298e-06
1.129599683444753e-05 -6.441603275484379e-06 -5.432830750337235e-06 2.761085937996821e-06
1.087854427133721e-05 -5.148463086125865e-06 -5.341150165557621e-06 2.412749524206943e-06
-1.244213271745997e-06 -4.022249792385899e-07 6.052175476816642e-07 1.295672807689849e-08
-1.243774690125039e-06 2.391576971462207e-07 5.882459089639164e-07 -4.095969137182266e-07
-9.121775189422055e-07 -8.154710971961174e-08 3.511245466072957e-07 -2.221017328381818e-07
8.670171558598741e-06 -8.089155864821790e-06 -4.832429679612632e-06 3.128505687434636e-06
9.567443394632713e-06 -7.397724943304047e-06 -5.123658906063663e-06 2.928125187034275e-06
9.958182122118559e-06 -5.921358953969464e-06 -5.157861450622327e-06 2.570964295612533e-06
9.796585189026945e-06 -4.718431476401067e-06 -5.093268744835388e-06 2.166396609853483e-06
-5.525682770894602e-07 -4.614041941714065e-07 1.061041441111156e-07 -8.043705562939150e-09
-5.526961703316368e-07 2.980428245312909e-07 1.019956682811635e-07 -5.054306159948274e-07
-1.437753238099310e-07 -8.177114187168969e-08 -1.778807353929070e-07 -2.813133994508905e-07
7.692815423551847e-06 -7.486581279932170e-06 -4.487499748811378e-06 3.011449686250231e-06
6.822717534980157e-06 -6.799302453621542e-06 -4.126907769943333e-06 2.831159088862061e-06
8.609563947883584e-06 -5.698399451596183e-06 -4.800546534285425e-06 2.454706290102811e-06
8.844620380843091e-06 -4.122509078794796e-06 -4.845502491322582e-06 1.878447795552624e-06
3.250003504331620e-07 -5.891347404212237e-07 -4.917247653821939e-07 2.410167632675102e-08
3.250719661091655e-07 4.256208716188978e-07 -5.211461505587340e-07 -6.628790330878331e-07
7.045032980114072e-06 -5.765668949256315e-06 -4.204797032528008e-06 2.491774722116102e-06
6.062562145583632e-06 -6.025744604986989e-06 -3.807833971755604e-06 2.593167456604851e-06
7.410626455757104e-06 -4.627747931474593e-06 -4.318777695088470e-06 2.026830621237349e-06
8.042981640382763e-06 -3.407171980583363e-06 -4.529417323546854e-06 1.479013351758586e-06
8.406991926875450e-07 -8.186884062850205e-08 -8.538986678648965e-07 -3.495595157012462e-07
1.453267992812418e-06 -7.732630016633105e-07 -1.231129710560432e-06 7.035535264876438e-08
1.452225514435618e-06 6.110481648219222e-07 -1.228620721973226e-06 -7.544591577541883e-07
5.400214959948780e-06 -5.194676192676222e-06 -3.511130778903943e-06 2.247317816232400e-06
4.866070285642854e-06 -4.335460410043762e-06 -3.200452303040566e-06 1.854407094040439e-06
4.452312648831746e-06 -3.432837635896807e-06 -2.911179055006740e-06 1.422255287839243e-06
6.672615061098909e-06 -3.623774728217298e-06 -3.977557390953391e-06 1.539652233648029e-06
7.404716826576146e-06 -2.608441125553303e-06 -4.279557175436358e-06 1.062698763248684e-06
1.945131124830180e-06 -8.401224083279597e-08 -1.513848388108356e-06 -3.523154087509393e-07
2.548224319177335e-06 -9.545873048628674e-07 -1.887347412786591e-06 1.645104141897730e-07
2.548687496445197e-06 8.007687430636902e-07 -1.812924941184990e-06 -8.185318995851370e-07
5.351479247585462e-06 -3.427982314862733e-06 -3.411627685968020e-06 1.437352138877664e-06
4.142992364724133e-06 -2.515031499167190e-06 -2.687272867895294e-06 9.477942030819467e-07
3.536029748357264e-06 -1.108338273271849e-06 -2.382940706311311e-06 2.136180699035743e-07
3.819490123765072e-06 -1.264393039432979e-06 -2.510712970812918e-06 2.885342317310617e-07
3.965667242473757e-06 -1.585789126753828e-06 -2.576331748534445e-06 4.592959304659043e-07
6.161782392712066e-06 -2.492730750091038e-06 -3.775399535318297e-06 1.000691119866793e-06
6.928900462539121e-06 -1.763716666048532e-06 -4.142642703394536e-06 6.285601365215285e-07
3.089915310806568e-06 -2.122824694351549e-07 -2.164726239753488e-06 -2.385399056314436e-07
3.552728952028168e-06 9.391312639616038e-07 -2.401823855066104e-06 -8.309248719709776e-07
4.767553844732665e-06 -1.868778668174821e-06 -3.025268537908757e-06 6.224659157552031e-07
3.845435753123980e-06 -6.445558944281095e-07 -2.534288517000968e-06 -2.307539579421713e-08
4.182035819815139e-06 -1.153951996541154e-06 -2.695829852790421e-06 2.309648154159810e-07
5.801625384052177e-06 -1.503042614140236e-06 -3.593792030948449e-06 4.618325848555075e-07
6.628276098428431e-06 -9.111680364534591e-07 -4.032765285778903e-06 1.640791319593198e-07
3.876524905508251e-06 3.507730021936413e-07 -2.569765264153522e-06 -5.204300810738727e-07
3.843843500200156e-06 1.088367304165541e-06 -2.568029107482553e-06 -9.003103538787523e-07
4.961141799383449e-06 -4.274080060769770e-07 -3.125614300096420e-06 -1.382179099021023e-07
6.519180668205348e-06 -6.616009443310689e-08 -3.967320754270794e-06 -3.092526089880047e-07
6.581588557386775e-06 7.565227164227043e-07 -3.970318420198873e-06 -7.193042348463830e-07
4.471056187502249e-06 8.927807606905706e-07 -2.886310524496952e-06 -8.000598185591713e-07
4.015393337456638e-06 1.404589864896241e-06 -2.664680706316320e-06 -1.059402598108451e-06
4.229352201105450e-06 2.269638028048830e-06 -2.757076160883363e-06 -1.503337750640903e-06
5.763900541820201e-06 8.660324649853699e-07 -3.549898537962673e-06 -7.835091238287596e-07
4.543201575326641e-06 3.097417282814230e-06 -2.888519231331779e-06 -1.964196310050212e-06
6.816502110085696e-06 1.584525782525266e-06 -4.074687117836073e-06 -1.135927522210988e-06
5.011581643308035e-06 2.302987079477517e-06 -3.138252496737890e-06 -1.520237710384302e-06
6.154090339060084e-06 2.368926295186831e-06 -3.736537072310520e-06 -1.548339025286520e-06
4.951165487082597e-06 3.883477240988545e-06 -3.093938679675758e-06 -2.411352959697212e-06
7.201303206753037e-06 2.370984691923440e-06 -4.318066394101507e-06 -1.547689886538840e-06
6.866065925831577e-06 3.138361992655399e-06 -4.170010312064076e-06 -1.965512006331480e-06
6.088976476787776e-06 3.614511452186326e-06 -3.731059063853331e-06 -2.241739680081981e-06
5.447320678639577e-06 4.623350952427222e-06 -3.341179961381171e-06 -2.813058822181096e-06
6.031151802785191e-06 5.306679007067869e-06 -3.667947189058359e-06 -3.222284632537931e-06
7.725791689286268e-06 3.092566174553786e-06 -4.695483231313280e-06 -1.926253773811788e-06
7.337844799249601e-06 3.991344972505686e-06 -4.486600977954690e-06 -2.400392041692197e-06
6.883706663441464e-06 5.034367367352895e-06 -4.200164324208123e-06 -3.030153670833280e-06
6.690650527099631e-06 5.923277268905698e-06 -4.062467511627108e-06 -3.645899804954417e-06
8.371784357731944e-06 3.721564902790120e-06 -5.121239258997340e-06 -2.194856646607531e-06
8.173272202879756e-06 5.027184806765518e-06 -5.017094092596841e-06 -3.006839761441373e-06
7.421572979781970e-06 6.461642105317404e-06 -4.529967813533221e-06 -4.026889723084551e-06
8.214809342221534e-06 6.916278113884942e-06 -5.071119682439096e-06 -4.377564608388402e-06
9.057188236544378e-06 7.280480484238883e-06 -5.667795749585358e-06 -4.691970268631307e-06
9.128358273909288e-06 5.305959853624224e-06 -5.715016603679495e-06 -3.202592772767821e-06
9.122658098311328e-06 4.236447945347517e-06 -5.685757816084016e-06 -2.457309438241787e-06
8.940047221024378e-06 6.364770576696436e-06 -5.569581432481736e-06 -3.987280536009183e-06
9.940520919439674e-06 7.545441084534674e-06 -6.333358532004478e-06 -4.929200466026443e-06
1.085190766927166e-05 7.709323347628759e-06 -7.093697468313703e-06 -5.089260265895693e-06
9.887831961880505e-06 5.544913998434908e-06 -6.328665897025897e-06 -3.367610017776742e-06
9.957821091616898e-06 4.616114332907732e-06 -6.395225571302117e-06 -2.665845618888422e-06
1.177819185889578e-05 7.768060660101758e-06 -7.876157909286901e-06 -5.158529546633434e-06
1.074684349254201e-05 6.405984609274486e-06 -6.999931127026661e-06 -4.002849967137499e-06
1.085132597379416e-05 4.847599313380915e-06 -7.148185614184903e-06 -2.778124708707607e-06
1.198250755788307e-05 6.545706538919628e-06 -8.039978792960950e-06 -4.120541941840414e-06
1.280294123554842e-05 7.774614919358267e-06 -8.770728348855910e-06 -5.201702752466961e-06
1.177569983599168e-05 4.924084290346876e-06 -7.890031371281533e-06 -2.778858960986677e-06
1.421737010401345e-05 7.780851324775920e-06 -9.964297071220411e-06 -5.195616894580618e-06
1.309867331717390e-05 5.850872642347263e-06 -9.026761291204689e-06 -3.520490907031162e-06
1.280199796549811e-05 4.919233980658035e-06 -8.785220888144076e-06 -2.735722766562916e-06
1.616963340086481e-05 7.788688106604242e-06 -1.174878964158048e-05 -5.228228294911090e-06
1.520164798418874e-05 6.236420546949590e-06 -1.080928986558467e-05 -3.811895121229329e-06
1.421676611244857e-05 4.913891821518268e-06 -9.997547629222064e-06 -2.696774870508077e-06
1.875478750340868e-05 7.795445850435700e-06 -1.417398023932498e-05 -5.333912753439494e-06
1.746061286889987e-05 6.350398267347925e-06 -1.283508686307319e-05 -3.920054165622604e-06
1.616887160671669e-05 4.909721732050577e-06 -1.161596401649881e-05 -2.592615973332948e-06
2.145442048863041e-05 7.800159536557721e-06 -1.702385676958663e-05 -5.475477857347949e-06
2.010341279722107e-05 6.352460422035950e-06 -1.543823328839251e-05 -3.919069020145830e-06
1.875389688598554e-05 4.907341997517918e-06 -1.400472967270964e-05 -2.482164647854895e-06
2.415753585062247e-05 7.803509326421978e-06 -2.011992338252059e-05 -5.649708425181713e-06
2.280516626380003e-05 6.354617442815932e-06 -1.848986403872533e-05 -3.896653986213765e-06
2.145354353620228e-05 4.906895793967134e-06 -1.691248216523306e-05 -2.260170326903719e-06
2.686124277741145e-05 7.804963839209881e-06 -2.356060647628610e-05 -5.798668246271001e-06
2.550930141838223e-05 6.356612405102044e-06 -2.184003945288013e-05 -3.900668030020755e-06
2.415684049116940e-05 4.907710730155929e-06 -2.022381376865815e-05 -2.083102474652264e-06
2.956230228030795e-05 7.805041199598989e-06 -2.717869953750367e-05 -5.837713051729648e-06
2.821216838074821e-05 6.358310013958549e-06 -2.543091917254532e-05 -3.911354881316589e-06
2.686077487989193e-05 4.909982592134570e-06 -2.372792238089166e-05 -2.024626669750940e-06
3.226028288115553e-05 7.805311068366514e-06 -3.082622835020719e-05 -5.817007347047763e-06
3.091145619925675e-05 6.359699990193527e-06 -2.902312945208162e-05 -3.907122751480321e-06
2.956188466780860e-05 4.913090842592984e-06 -2.734458688842443e-05 -2.031435612297697e-06
3.495757277105022e-05 7.806578685604513e-06 -3.434624881616488e-05 -5.790784087993554e-06
3.360856893224044e-05 6.360754306652097e-06 -3.255208050329278e-05 -3.910048422045881e-06
3.225984673269237e-05 4.915276603685114e-06 -3.082238899777588e-05 -2.026650338067418e-06
3.765681768469130e-05 7.808558129465784e-06 -3.788219679533284e-05 -5.793291034147399e-06
3.630651935702053e-05 6.361609326002930e-06 -3.608642818556896e-05 -3.880806337749289e-06
3.495710489762477e-05 4.915825816826729e-06 -3.436104612033419e-05 -2.014010073898987e-06
4.035915607142423e-05 7.810555144067761e-06 -4.153325543572698e-05 -5.853841261130983e-06
3.900738441901108e-05 6.362278489537792e-06 -3.970217569035896e-05 -3.853069986285628e-06
3.765648660131384e-05 4.915274530474614e-06 -3.791421853345008e-05 -1.971449322722988e-06
4.615385076906230e-05 7.653093320661833e-06 -4.955290630536005e-05 -5.648950951825724e-06
4.576960396059608e-05 7.812244988815974e-06 -4.900612091896997e-05 -5.871465785111872e-06
4.157034703774269e-05 6.362750109945623e-06 -4.326481068112633e-05 -3.837926076315278e-06
4.306377161870555e-05 7.811856506821636e-06 -4.528768182324232e-05 -5.883305978919637e-06
4.035896124204735e-05 4.914448065992342e-06 -4.164948136061578e-05 -1.854622974426424e-06
4.631301211154883e-05 7.268860392139946e-06 -4.978131952900005e-05 -5.109824986550715e-06
4.540368379401316e-05 6.363156369060393e-06 -4.852433031275371e-05 -3.850763188942192e-06
4.306365510919996e-05 4.914040132403705e-06 -4.533673441725270e-05 -1.859921084060621e-06
4.631298902132097e-05 5.457476412312093e-06 -4.984074725570968e-05 -2.553948909802666e-06
4.576954761466756e-05 4.914047897116295e-06 -4.907299342594946e-05 -1.791256447471803e-06
4.615381768442184e-05 5.073214884056144e-06 -4.961664104645108e-05 -2.013018255142910e-06
