-1.386739517849412e-04 1.853600444528481e-05 1.113911539028312e-05 -1.241154866423392e-06
-1.392339971977485e-04 1.718408103117624e-05 1.117481440201199e-05 -1.163570910576907e-06
-1.392340790861820e-04 1.081078140265005e-05 1.122887902938008e-05 -8.059736446740135e-07
-1.386740401137773e-04 9.458864763138115e-06 1.119797465854668e-05 -7.256888064734769e-07
-1.373219219882733e-04 1.909596734974121e-05 1.105732933925166e-05 -1.273478101978855e-06
-1.347859273355503e-04 1.399748768639198e-05 1.094016949963291e-05 -9.960807100044994e-07
-1.373220169059344e-04 8.898909229377889e-06 1.111999262324404e-05 -6.923857235832505e-07
-1.278022629270573e-04 1.909471866382069e-05 1.045893910656456e-05 -1.298663531369452e-06
-1.278023890709768e-04 8.900789174238515e-06 1.055362627856853e-05 -6.794505543601393e-07
-1.225476148143137e-04 1.399806023104934e-05 1.015383670721999e-05 -9.595638283881350e-07
-1.182869084948887e-04 1.908885626451953e-05 9.858367746701159e-06 -1.291361520875152e-06
-1.182874429207384e-04 8.908199619249627e-06 1.001989118665806e-05 -6.114204043570660e-07
-1.135340217400927e-04 1.399873545526487e-05 9.551634916706098e-06 -9.658910380777738e-07
-1.087900740636753e-04 1.907327972559750e-05 9.280428670772945e-06 -1.284916198418637e-06
-1.087914428879004e-04 8.925596284384582e-06 9.408400118092024e-06 -5.548507470826077e-07
-1.040533813866354e-04 1.399976001907827e-05 8.929632720830380e-06 -9.108801306152692e-07
-9.933440727980727e-05 1.904321881619341e-05 8.653336792245166e-06 -1.285224843311406e-06
-9.933624923560218e-05 8.957513665163333e-06 8.789080761967240e-06 -4.419970687823821e-07
-9.462841007249553e-05 1.400083203403099e-05 8.202950097578545e-06 -8.984205896402692e-07
-8.995137763061931e-05 1.899538472178012e-05 7.907821361001998e-06 -1.346270120451951e-06
-8.995319920417540e-05 9.007098596023212e-06 7.875429245003255e-06 -3.234858904856058e-07
-8.529351957202754e-05 1.400199729643556e-05 7.256286745580979e-06 -8.266902186451600e-07
-8.067740571334787e-05 1.892792959877347e-05 6.838591476989715e-06 -1.373686969028903e-06
-8.067865733923213e-05 9.076867857042411e-06 6.714637927264391e-06 -2.495705815891523e-07
-7.608607493851037e-05 1.400323661226991e-05 6.235531423845834e-06 -7.430531163423166e-07
-7.155001738138505e-05 1.883950961587433e-05 5.660905410287836e-06 -1.334834123572424e-06
-7.155070631975096e-05 9.167758060183480e-06 5.541553144313946e-06 -2.043170646452838e-07
-6.704481039475639e-05 1.400440050372514e-05 5.250352569314661e-06 -7.056822389033123e-07
-6.260964665604918e-05 1.872855295317619e-05 4.548188639268276e-06 -1.210673171054764e-06
-6.260996089228589e-05 9.281119316319603e-06 4.591802864633358e-06 -2.705595966321071e-07
-5.821240853484403e-05 1.400539498803001e-05 4.350841959482679e-06 -6.827496737073104e-07
-5.390055170610343e-05 1.859325391595660e-05 3.785836385871214e-06 -1.066526757114165e-06
-5.390071349756620e-05 9.418414029291364e-06 3.877702886375731e-06 -3.312965331515829e-07
-4.963390188961813e-05 1.400631538017557e-05 3.627030946488140e-06 -7.026418003388006e-07
-4.546711203213185e-05 1.843281201372575e-05 3.256922214295499e-06 -9.500682117470345e-07
-4.546669373412428e-05 9.581210825101580e-06 3.394339536305309e-06 -4.411615054986700e-07
-4.151678536855473e-05 1.400595188252951e-05 3.098362552375463e-06 -7.057671662044640e-07
-3.767572395085197e-05 1.825069372841574e-05 2.914045720837481e-06 -8.533447229532058e-07
-3.767454324425116e-05 9.771700521154941e-06 3.008651925051609e-06 -4.806240770753994e-07
-3.482596629548131e-05 1.432842670970046e-05 2.844985462171123e-06 -7.314901621228547e-07
-3.202255191712618e-05 1.808297439182207e-05 2.687605089215309e-06 -8.667154548475175e-07
-3.201812999148448e-05 9.945783331799737e-06 2.710183328246158e-06 -5.200352986250400e-07
-2.806876947974244e-05 1.793741915672503e-05 2.513832362701844e-06 -8.868004267538418e-07
-2.879558324698911e-05 1.536573512290175e-05 2.566092649520958e-06 -7.571367047967163e-07
-2.806205028920441e-05 1.005645320427751e-05 2.528065292784759e-06 -4.746120964401884e-07
-2.527618758037370e-05 1.017366051387242e-05 2.368915360519156e-06 -4.322959329206099e-07
3.634621361035386e-06 6.329384141040787e-07 -2.665713991760673e-07 7.183496689868070e-07
3.707085284384381e-06 4.586263566987051e-07 -2.794472139071094e-07 7.417342814588559e-07
3.706664665093766e-06 -1.905613659688984e-07 -2.782877000878676e-07 8.206228514715803e-07
3.634564924110423e-06 -3.624134721057809e-07 -2.659412018930296e-07 8.425876938992009e-07
-2.526463117447429e-05 1.783543487559850e-05 2.364770121261459e-06 -9.289006156007540e-07
-2.281072988705993e-05 1.760319076907224e-05 2.240200834020955e-06 -9.585635400276113e-07
-2.467320826039611e-05 1.305354688800116e-05 2.362420687379839e-06 -6.598889753193041e-07
-2.277726412179230e-05 1.008146100319374e-05 2.187188036442918e-06 -3.512180588607776e-07
3.461068604172214e-06 7.050546962781856e-07 -2.375900424586847e-07 7.099664558144065e-07
3.286153946699889e-06 -6.837082856937940e-09 -2.160261628510053e-07 8.006330290566359e-07
3.462546770811137e-06 -4.341138026495937e-07 -2.389054713123593e-07 8.524927527754243e-07
-2.200546951442509e-05 1.526207333760040e-05 2.210520488241736e-06 -8.199505443739236e-07
-2.044271273523169e-05 1.707720531124197e-05 2.046306980525551e-06 -1.004630344537098e-06
-1.821527782388332e-05 1.632932996630490e-05 1.782354845947274e-06 -9.519166302769513e-07
-2.126958214307402e-05 1.212394660349102e-05 2.111031043601399e-06 -5.049515551291651e-07
-2.045270424902679e-05 9.606873188363809e-06 2.036709671010976e-06 -2.510048865590269e-07
2.284708904439357e-06 7.238790356213550e-07 -7.951348338578483e-08 7.135544603667314e-07
2.283746988829970e-06 -4.545487313130692e-07 -8.455297485624775e-08 8.734286426922349e-07
1.674696277831842e-06 1.343894682385718e-07 3.820784444731978e-08 8.027597696797370e-07
-1.615972487986843e-05 1.532625955946090e-05 1.555652881287073e-06 -8.433795135790119e-07
-1.789681759402692e-05 1.398546036156880e-05 1.752038093115087e-06 -7.035947127733020e-07
-1.865643210477370e-05 1.111413849144391e-05 1.842999588996638e-06 -4.125315484273919e-07
-1.833853620331010e-05 8.788703982782799e-06 1.812278304476620e-06 -1.061833973109417e-07
1.014535048547585e-06 8.313153240774365e-07 1.516610072209167e-07 6.974485865983271e-07
1.014615083237814e-06 -5.626753901111167e-07 1.617709243231102e-07 9.222084078128442e-07
2.643785575131347e-07 1.341260804641882e-07 2.578537352807892e-07 8.035129783747420e-07
-1.426823825014319e-05 1.414630713071621e-05 1.327374358957177e-06 -6.836379478038347e-07
-1.259677701266943e-05 1.280903030415387e-05 1.076339897609178e-06 -5.253163016704534e-07
-1.603621255698307e-05 1.068394056741238e-05 1.516492444915838e-06 -3.519213472059842e-07
-1.648501074628943e-05 7.652763258382838e-06 1.565035146391309e-06 1.156498410709685e-07
-5.954110199892846e-07 1.064533558995023e-06 3.576058376633600e-07 7.173805733851494e-07
-5.958112964303623e-07 -7.971778305790726e-07 3.330173857152966e-07 8.625323168378602e-07
-1.302375176547886e-05 1.081078963656071e-05 1.119307071506042e-06 -3.024670861795740e-07
-1.114842709437230e-05 1.130877230309162e-05 8.841254294294348e-07 -3.502028022384552e-07
-1.372240954421665e-05 8.626610283330080e-06 1.207442674165949e-06 -7.829680912878845e-09
-1.492996387566690e-05 6.296919746428110e-06 1.392779846072632e-06 2.822843369971693e-07
-1.541748085148142e-06 1.334244017630739e-07 3.893149595255223e-07 7.892450230279134e-07
-2.665969695753752e-06 1.401783918176155e-06 4.399574780582207e-07 7.151321616852565e-07
-2.664386098847544e-06 -1.139038166928645e-06 4.404848351648762e-07 8.656421741219262e-07
-9.891477175543313e-06 9.707396919137083e-06 7.250259928064255e-07 -1.307272337768870e-07
-8.892687994601946e-06 8.069507732142003e-06 6.204401322031630e-07 9.327785939905645e-08
-8.130804807235060e-06 6.356052788354521e-06 5.814289955003035e-07 3.016634755284180e-07
-1.231287974466490e-05 6.712436417603924e-06 1.045936197686092e-06 2.276365206405004e-07
-1.369641895227974e-05 4.794971255990155e-06 1.226347577593743e-06 4.537763570382700e-07
-3.569216246270427e-06 1.363773675058835e-07 4.839076687734523e-07 7.719803831949776e-07
-4.676368098284231e-06 1.733397151412512e-06 5.355564522192550e-07 6.670933668679701e-07
-4.677830455563858e-06 -1.488420492730005e-06 5.232867767347962e-07 8.339509881320091e-07
-9.814459549328983e-06 6.342957168824879e-06 7.244864434529498e-07 3.056582920063625e-07
-7.566103331579969e-06 4.628708660606985e-06 5.602636407965262e-07 4.550378202013740e-07
-6.483985324673889e-06 2.013082264472103e-06 5.760700741744992e-07 6.486833859516191e-07
-6.998289822541765e-06 2.299871341548596e-06 5.905532476444142e-07 6.271887110150534e-07
-7.258118912371906e-06 2.894094683506928e-06 5.870810275723854e-07 5.833096692704735e-07
-1.134119447356058e-05 4.579563328287367e-06 8.867415363204698e-07 4.868493951891079e-07
-1.277556354027883e-05 3.218882445546180e-06 1.024682394998791e-06 6.108845777964092e-07
-5.671000731264589e-06 3.711177845037185e-07 5.682913022543643e-07 7.166432041290299e-07
-6.528136845121331e-06 -1.743602074604863e-06 6.309324444328484e-07 8.129515279089329e-07
-8.736609783366666e-06 3.415956991204322e-06 6.548407816321768e-07 5.611923501947807e-07
-7.052262317908865e-06 1.160589440661939e-06 6.070779189132265e-07 6.904399750902851e-07
-7.663008787849259e-06 2.095502599685743e-06 6.196435876681765e-07 6.379020436538645e-07
-1.066339640205934e-05 2.734409976430765e-06 7.964926114803426e-07 6.326332011495113e-07
-1.218954183199686e-05 1.642144362830418e-06 8.673680612459161e-07 6.893169948112055e-07
-7.120651481536722e-06 -6.658244854530205e-07 6.469534843556207e-07 7.645737554932965e-07
-7.069560439125303e-06 -2.016561143886436e-06 6.826706178278349e-07 8.143812953993187e-07
-9.104728513222495e-06 7.504606322688183e-07 6.913735513686469e-07 7.229987912515831e-07
-1.197083539486997e-05 8.843784996719289e-08 8.118656122449446e-07 7.342689756919522e-07
-1.205936666559962e-05 -1.413339924251659e-06 7.897948957591707e-07 7.602157254035791e-07
-8.217910648671785e-06 -1.662094256002516e-06 7.112741984377680e-07 8.045821474968812e-07
-7.391014503865343e-06 -2.590273691094121e-06 7.215915495657387e-07 8.084331935124953e-07
-7.795973830108823e-06 -4.150562814046669e-06 7.798964599538100e-07 7.564590154914136e-07
-1.057348362469141e-05 -1.620025655435007e-06 7.643623480481426e-07 7.803320350618955e-07
-8.379949591407953e-06 -5.628373113027256e-06 8.139569783602263e-07 6.805368297388360e-07
-1.246255276221034e-05 -2.920000180621252e-06 7.656709786630317e-07 7.538391978517954e-07
-9.213794940333032e-06 -4.215628073356321e-06 7.586063623465565e-07 7.682030659796183e-07
-1.126778594114618e-05 -4.333555761247757e-06 7.489120749675901e-07 7.461471002347252e-07
-9.122823504366707e-06 -7.024902394337781e-06 8.080918487992331e-07 5.986516540007099e-07
-1.313082364877904e-05 -4.337093064829839e-06 6.952378829763610e-07 7.198266970038955e-07
-1.252917044676713e-05 -5.706792072572519e-06 6.975565729311587e-07 6.903847790428062e-07
-1.115282833186961e-05 -6.550837442512830e-06 7.466373335256610e-07 6.419590885743922e-07
-1.001805201855319e-05 -8.324894520348163e-06 7.951276450723984e-07 5.522444539488221e-07
-1.105602959880202e-05 -9.514843911191400e-06 7.838145912027944e-07 5.266203229434122e-07
-1.403866855442105e-05 -5.629469310699056e-06 6.547820014541423e-07 7.081592826614662e-07
-1.335582272511426e-05 -7.213851799534854e-06 6.916046089501898e-07 6.480828571128473e-07
-1.255962723189137e-05 -9.037736611875991e-06 7.481605054754942e-07 5.497885280571433e-07
-1.222210922974370e-05 -1.057729432539462e-05 7.652525936145009e-07 4.731335050566328e-07
-1.515438692133899e-05 -6.747714588406504e-06 5.983157714154123e-07 6.929049419028259e-07
-1.480773113645198e-05 -9.021950281798030e-06 6.378627174740129e-07 5.707386048858629e-07
-1.350135936003399e-05 -1.150005617084159e-05 7.314381903381951e-07 4.105244027050761e-07
-1.487510727062440e-05 -1.227001134017365e-05 6.516370618293365e-07 3.232137603343003e-07
-1.632545974194956e-05 -1.287641474996758e-05 5.537363345319742e-07 2.432704183350079e-07
-1.645192345125236e-05 -9.503688942820265e-06 5.330463960393353e-07 5.408563354380754e-07
-1.644405612351188e-05 -7.655716898525563e-06 5.274465075050392e-07 6.763640370802268e-07
-1.612971244131089e-05 -1.131945779283481e-05 5.716658247624766e-07 3.901714889849231e-07
-1.783305114342526e-05 -1.331442967736200e-05 4.233824479714850e-07 1.816794901645895e-07
-1.937740238190881e-05 -1.357732915585027e-05 2.522969232161095e-07 1.106327083477322e-07
-1.774942950731853e-05 -9.915481694902003e-06 4.206127699728302e-07 5.089979466006615e-07
-1.786742671401069e-05 -8.326267025887824e-06 4.012270356069796e-07 6.562491100270136e-07
-2.094006449397468e-05 -1.366349351740674e-05 4.940270169305381e-08 6.459165150662317e-08
-1.920769811917857e-05 -1.137795551929672e-05 2.878640859282294e-07 3.684604688371679e-07
-1.938132422840287e-05 -8.739366747821572e-06 2.465463006796408e-07 6.571258976493409e-07
-2.128595210716088e-05 -1.161043608628423e-05 -1.451744916198552e-08 3.278491604886339e-07
-2.265476398790008e-05 -1.366012869674017e-05 -2.309576064392925e-07 6.456427014834543e-08
-2.094015648843836e-05 -8.881207355263311e-06 5.197855076850389e-08 6.756665746901045e-07
-2.500938458666951e-05 -1.365755782995448e-05 -6.040671702692372e-07 9.092624759168678e-08
-2.315277898944204e-05 -1.044715220473889e-05 -3.065845856726949e-07 4.642312412872034e-07
-2.265376260117409e-05 -8.887420579055764e-06 -2.206657264542413e-07 6.737175863434505e-07
-2.823586036067535e-05 -1.365380370505042e-05 -9.626821384333295e-07 1.862659178731606e-07
-2.664075407380366e-05 -1.109132803721664e-05 -8.044210125003181e-07 3.902422390248874e-07
-2.500808305568779e-05 -8.895254343840838e-06 -5.520849699538259e-07 6.452199789959425e-07
-3.248343866534154e-05 -1.365136271799032e-05 -1.083166166077579e-06 3.621803836576611e-07
-3.036072952511898e-05 -1.128039400843938e-05 -1.094187624429181e-06 3.677938715045204e-07
-2.823473508648388e-05 -8.904026166589322e-06 -9.575595825642032e-07 5.670422245170327e-07
-3.690162229843406e-05 -1.365160217300585e-05 -9.189723329429860e-07 4.747981288798426e-07
-3.469304039849611e-05 -1.128389291452499e-05 -1.040070831094141e-06 3.576384122395271e-07
-3.248231247135492e-05 -8.913003888160850e-06 -1.095733817253764e-06 3.539873151927421e-07
-4.131631532989608e-05 -1.365507961747480e-05 -6.606843787609044e-07 4.779120501626049e-07
-3.910839770704676e-05 -1.128732685596973e-05 -7.899669506436995e-07 3.487822241267180e-07
-3.690049711514644e-05 -8.919642875311252e-06 -9.283729601143531e-07 2.399749199446123e-07
-4.573506181839498e-05 -1.366205423076526e-05 -4.132149831874498e-07 4.559971867829598e-07
-4.352388623213161e-05 -1.129062943541088e-05 -5.164655631799010e-07 3.331755951767349e-07
-4.131522972973935e-05 -8.922854756507773e-06 -6.307754083383764e-07 2.045932805470146e-07
-5.016457916629522e-05 -1.367147800298292e-05 -1.837419085681694e-07 4.647103534146564e-07
-4.794716200308774e-05 -1.129366774544517e-05 -3.129944670335894e-07 3.215524582560579e-07
-4.573411592172244e-05 -8.922260290838905e-06 -4.100533335570786e-07 2.181027454536929e-07
-5.460779402546152e-05 -1.368088713139445e-05 1.366844572142692e-07 4.649297585502313e-07
-5.238348856099401e-05 -1.129645073268099e-05 -2.626638074772123e-08 3.135531152552791e-07
-5.016366274317501e-05 -8.918705931102885e-06 -1.773711385689065e-07 1.534572011095962e-07
-5.906334260948357e-05 -1.368852848133470e-05 4.234443464830827e-07 4.268479249319842e-07
-5.683343792112205e-05 -1.129881674743121e-05 2.897192423979412e-07 3.220258143636328e-07
-5.460702201180843e-05 -8.914494624186146e-06 1.225672036263977e-07 1.457037236593762e-07
-6.352796391725860e-05 -1.369437287716144e-05 5.664025741336797e-07 3.225988811973273e-07
-6.129411592527905e-05 -1.130082344008777e-05 5.347696662462385e-07 3.160664049439253e-07
-5.906270875554180e-05 -8.911180387240303e-06 4.340661221729477e-07 1.990691982652694e-07
-6.799813794644106e-05 -1.369813039345730e-05 4.117055844239549e-07 1.534278152608204e-07
-6.576215791010215e-05 -1.130247506896261e-05 5.421574366855936e-07 3.095536388566051e-07
-6.352745767412316e-05 -8.908937048877880e-06 5.629583778166466e-07 3.241246491272629e-07
-7.758107795659378e-05 -1.343772945560734e-05 -6.365676850344119e-07 7.468629394008150e-08
-7.694562079246151e-05 -1.370092680435301e-05 -5.573057956408610e-07 4.354059510555090e-08
-7.000133843718325e-05 -1.130368244668669e-05 2.554121120395839e-07 3.136566756820810e-07
-7.247128803439433e-05 -1.370026322964723e-05 1.368755366558353e-08 6.186142085910252e-08
-6.799770494464639e-05 -8.908100891516097e-06 4.041757674599114e-07 4.730406896544039e-07
-7.784429487319758e-05 -1.280229581201911e-05 -6.698579703556647e-07 1.509390075242219e-07
-7.634052744655067e-05 -1.130443611301692e-05 -4.768139078415825e-07 3.309053555807575e-07
-7.247111394088779e-05 -8.907916418682606e-06 1.343486207730544e-08 5.859271396066897e-07
-7.784429479980145e-05 -9.806588419620428e-06 -6.731714367281601e-07 5.132864545949962e-07
-7.694556655978582e-05 -8.907879857919469e-06 -5.597909818906617e-07 6.216704726794352e-07
-7.758106299316396e-05 -9.171103343851379e-06 -6.397954770672145e-07 5.903156805618526e-07
