7.946539586589547e-05 -1.249748509774050e-05 -8.390588188933278e-07 -9.578822013747224e-07
7.974262507518613e-05 -1.182824950165389e-05 -8.284975657794783e-07 -9.398734495052667e-07
7.974230402905110e-05 -8.673084534845005e-06 -7.747352275953451e-07 -9.753585499950976e-07
7.946503631620860e-05 -8.003842212452060e-06 -7.762718917057313e-07 -9.726106078790921e-07
7.879610090628628e-05 -1.277467281508598e-05 -8.589125296751059e-07 -9.654377450106060e-07
7.754034334020037e-05 -1.025062102751998e-05 -7.849071118603711e-07 -9.616077467532825e-07
7.879569694149815e-05 -7.726653244256436e-06 -7.805645373515532e-07 -9.719384184641010e-07
7.408357807397247e-05 -1.277366891463805e-05 -8.161169137677082e-07 -9.373811007791905e-07
7.408304404021112e-05 -7.727679278186682e-06 -7.016798729798007e-07 -9.826443784051614e-07
7.148273392592655e-05 -1.025073234265039e-05 -7.256898406169979e-07 -9.292688768496364e-07
6.937421133537588e-05 -1.277120101999983e-05 -7.544640557578841e-07 -8.699289101229580e-07
6.937358767535032e-05 -7.730401061847614e-06 -5.784039077223798e-07 -9.543024861370277e-07
6.702148362581372e-05 -1.025053311783091e-05 -6.494480259653423e-07 -9.466063167007404e-07
6.467167511603785e-05 -1.276653355295110e-05 -7.142957001914571e-07 -8.290802827050276e-07
6.467154708140542e-05 -7.734736973345830e-06 -6.669287963105274e-07 -9.018545460087775e-07
6.232354389107609e-05 -1.025060099307421e-05 -5.631034887591657e-07 -9.275123011319113e-07
5.997945099955102e-05 -1.276004622784571e-05 -6.599825621011284e-07 -8.052157607196094e-07
5.997908591297284e-05 -7.741136058201180e-06 -7.200091661034651e-07 -9.411628009633969e-07
5.763729155333024e-05 -1.025060945322030e-05 -3.871525690767894e-07 -8.935338781546391e-07
5.530053089055291e-05 -1.275195373551586e-05 -4.446185421366009e-07 -7.257055187708163e-07
5.529986595058378e-05 -7.748997663849209e-06 -5.528102165094918e-07 -1.077131535893883e-06
5.296614161860255e-05 -1.025052544796052e-05 -2.764741562885190e-08 -8.464091885745098e-07
5.063873887178876e-05 -1.274199060333214e-05 -1.660454891451561e-07 -7.804274673878414e-07
5.063760243109341e-05 -7.758545217610420e-06 -4.979723043656154e-08 -1.127145015207173e-06
4.831375789260676e-05 -1.025020435007207e-05 3.035774034108392e-07 -8.351733760514839e-07
4.599660602971520e-05 -1.273114727408196e-05 1.003873395439012e-07 -7.703472120791172e-07
4.599557825787032e-05 -7.769167554734520e-06 4.051127307530220e-07 -1.069164966953644e-06
4.368186866572241e-05 -1.024987582294383e-05 5.174284998803641e-07 -8.504644132935844e-07
4.137432625832584e-05 -1.272107307894946e-05 3.636944778979404e-07 -6.740558052343644e-07
4.137390105840735e-05 -7.778915659659116e-06 6.956293968085859e-07 -1.011027055204231e-06
3.906909041016683e-05 -1.024953059723567e-05 7.444043411565261e-07 -8.637564875087407e-07
3.676944512294171e-05 -1.271218122328909e-05 7.671809289379484e-07 -5.921269422474399e-07
3.676996721941807e-05 -7.787032621448178e-06 9.654301680092365e-07 -1.006060882734683e-06
3.447202090200368e-05 -1.024916368816004e-05 1.127204393495864e-06 -8.368809733141660e-07
3.217924883380373e-05 -1.270324518157483e-05 1.286534642852790e-06 -5.511237752546708e-07
3.217974847131395e-05 -7.794732247428239e-06 1.371923806171612e-06 -1.000186579420484e-06
2.998113458579377e-05 -1.024846165861643e-05 1.586196869293125e-06 -8.186195115949649e-07
2.778845163555994e-05 -1.269278750571392e-05 1.757109602028263e-06 -6.050972574584561e-07
2.778857896659811e-05 -7.804027363657564e-06 1.816839950459940e-06 -9.592499002709385e-07
2.614593944064164e-05 -1.043822190619200e-05 1.935033738346159e-06 -7.842391328369250e-07
2.447524397963018e-05 -1.268165056301539e-05 2.029026107946783e-06 -6.235675401076605e-07
2.447479651100431e-05 -7.814291552019205e-06 2.061330655223791e-06 -9.065685161341348e-07
2.207463867194374e-05 -1.267048421986438e-05 2.128578228643630e-06 -6.610162030177079e-07
2.254089029428876e-05 -1.107535185409316e-05 2.129952329491558e-06 -7.217517165249859e-07
2.207362046494521e-05 -7.821846982045543e-06 2.153211038004741e-06 -8.596793345481420e-07
2.033509250373711e-05 -7.830750107180945e-06 2.169483616543610e-06 -7.892791505799013e-07
-3.457095093339279e-06 3.272330691564868e-07 -6.728956666908440e-07 3.852044201690365e-07
-3.525988631079949e-06 4.926482500215008e-07 -6.979290808911059e-07 4.381824151695816e-07
-3.525722079569058e-06 1.109907813355018e-06 -6.915997210237910e-07 6.317339616309454e-07
-3.457133178365130e-06 1.273558592403733e-06 -6.660940766927465e-07 6.822012039643801e-07
2.033467183613480e-05 -1.266205508804161e-05 2.196783807605591e-06 -7.249879803362174e-07
1.876105550825622e-05 -1.256459856302584e-05 2.142471698775517e-06 -7.820652263896442e-07
1.998130661693078e-05 -9.643558688462266e-06 2.201195927871453e-06 -7.911566462474213e-07
1.876108402701306e-05 -7.703236500677976e-06 2.135518658702123e-06 -7.129665988562185e-07
-3.292340205481495e-06 2.590079330203653e-07 -6.140553781199909e-07 3.646991173294691e-07
-3.125847857111225e-06 9.361603123149867e-07 -5.522283380495742e-07 5.775751363777365e-07
-3.293393872786168e-06 1.342178284859463e-06 -6.093323705981702e-07 7.008296246475848e-07
1.826046208804938e-05 -1.107581621586651e-05 2.145579041120916e-06 -7.737050906597491e-07
1.721262551297438e-05 -1.228754063212256e-05 2.102180893661432e-06 -8.155418832787484e-07
1.571116749180389e-05 -1.184002952934421e-05 2.067014365864659e-06 -8.110811716972118e-07
1.778795628171033e-05 -9.021532525337868e-06 2.124813142895470e-06 -7.261880723219270e-07
1.724312149139412e-05 -7.309043980045826e-06 2.128438744357549e-06 -6.776429867758109e-07
-2.174167446526481e-06 2.431724662297509e-07 -2.495896971536595e-07 3.613437328054206e-07
-2.172566949064809e-06 1.364080563009093e-06 -2.683699101430424e-07 6.541742603802009e-07
-1.593656841683964e-06 8.048713405686645e-07 -9.506415068997468e-08 4.816942231887369e-07
1.427683851000248e-05 -1.122421276026068e-05 1.995642843437996e-06 -8.022454913999988e-07
1.551295530461989e-05 -1.028455683751371e-05 2.071688992301935e-06 -7.524844357674360e-07
1.603322366560905e-05 -8.320565536562748e-06 2.088606495336412e-06 -7.099775927629283e-07
1.582471999668285e-05 -6.662328083418982e-06 2.063486620274279e-06 -5.995955590009893e-07
-9.654408749986742e-07 1.417119222054737e-07 6.786454873637210e-08 2.996911235031372e-07
-9.651353852492299e-07 1.469629927571068e-06 7.259228216330962e-08 6.335382300996639e-07
-2.504119830972256e-07 8.064613660826584e-07 2.333753532106029e-07 4.361431862821838e-07
1.292496766521146e-05 -1.045374496702156e-05 1.903418749179251e-06 -7.628112490084145e-07
1.167640336699176e-05 -9.539396840381250e-06 1.826455678459824e-06 -7.270392822539294e-07
1.420836417817895e-05 -8.009320925618900e-06 1.977009481766072e-06 -6.716134164806165e-07
1.454781595057300e-05 -5.782849320221098e-06 1.965916234211966e-06 -4.987068929908884e-07
5.693392570905512e-07 -8.061633089445898e-08 4.330724826026765e-07 2.159157097356890e-07
5.698712988462709e-07 1.695082292810757e-06 3.947611394473531e-07 5.699168259722882e-07
1.199229729277388e-05 -8.113996933872467e-06 1.844550342482416e-06 -6.591804322301655e-07
1.054541270891382e-05 -8.490896539477418e-06 1.757863735358678e-06 -6.748193316959398e-07
1.252426353577360e-05 -6.489907377454865e-06 1.875832088223614e-06 -5.348430403462567e-07
1.344946659488818e-05 -4.703063548181286e-06 1.936537976440018e-06 -4.482962545558682e-07
1.472384423439936e-06 8.076449833186357e-07 6.038573366076017e-07 3.598548514867696e-07
2.545269733768722e-06 -4.032183973466416e-07 8.232245001627067e-07 9.399838713657859e-08
2.543961907212849e-06 2.021596486138525e-06 7.938717662119632e-07 5.379463064654673e-07
9.541860383775609e-06 -7.325757081374364e-06 1.694982385957418e-06 -5.778578582766737e-07
8.682760376254090e-06 -6.063064119278774e-06 1.642353225173033e-06 -5.127235318108083e-07
7.973743408446325e-06 -4.711340158312352e-06 1.579268254973870e-06 -4.361032018306257e-07
1.143724167667812e-05 -5.014901567028258e-06 1.835310535589580e-06 -4.633161612872922e-07
1.256052556745430e-05 -3.459243780880701e-06 1.925018195819534e-06 -3.386515582212642e-07
3.407491489900065e-06 8.051213840620504e-07 9.588157083476660e-07 2.664820152244180e-07
4.464889561178929e-06 -7.213349635602081e-07 1.113413449255342e-06 6.237423936427428e-09
4.464655371807464e-06 2.352949498016072e-06 1.090600511072908e-06 4.522721335263696e-07
9.409813431045988e-06 -4.716957583762994e-06 1.693544795226891e-06 -4.399324033991967e-07
7.423255252754686e-06 -3.287843558465252e-06 1.526762168727872e-06 -3.250032562417758e-07
6.224167591644692e-06 -9.928188060670574e-07 1.325647673080906e-06 -4.082882920122837e-08
6.748199160769725e-06 -1.259207993058023e-06 1.412440213858641e-06 -8.610671561283226e-08
7.041190678398173e-06 -1.795335815006976e-06 1.466792466270297e-06 -1.635459462291044e-07
1.067180212723933e-05 -3.274474640847599e-06 1.808278124113388e-06 -3.148455335996713e-07
1.190567833630558e-05 -2.099888661456325e-06 1.925615474527959e-06 -2.000905292830175e-07
5.416017085740682e-06 5.823348256537545e-07 1.227784444895882e-06 1.734820466623396e-07
6.193259291959161e-06 2.589723077528107e-06 1.324716748272318e-06 4.294188840290529e-07
8.414125561002668e-06 -2.272653211844077e-06 1.620547549473815e-06 -2.230896467327277e-07
6.765591510911256e-06 -1.865506996704739e-07 1.404807704392081e-06 6.968271954844526e-08
7.386036991420059e-06 -1.071576403492748e-06 1.500771963683313e-06 -6.477572226896250e-08
1.010707130038152e-05 -1.676063211477611e-06 1.776313087030416e-06 -1.585602520344562e-07
1.151358556508039e-05 -6.746282036389839e-07 1.944849931963633e-06 -3.757832471060914e-08
6.769555753601328e-06 1.552243337558306e-06 1.394368014907429e-06 2.888968463036672e-07
6.671236599640745e-06 2.853234961861784e-06 1.380262402854541e-06 4.533442841078756e-07
8.701078903986418e-06 1.453020824958021e-07 1.629046719274195e-06 8.041144320438738e-08
1.139892774246991e-05 7.782041779712504e-07 1.976701704083539e-06 1.541879588989040e-07
1.162299902487962e-05 2.244199262960177e-06 2.054529604858485e-06 3.631405184555915e-07
7.782281989737299e-06 2.489912424967325e-06 1.513232417429345e-06 4.008574452860005e-07
6.941142698217448e-06 3.433741962029990e-06 1.410669102621036e-06 5.205191647386128e-07
7.256660377976867e-06 5.066484158797621e-06 1.467045179606604e-06 7.308013567190772e-07
1.012491065698848e-05 2.409144871427639e-06 1.846068048827097e-06 3.802709202771307e-07
7.764485092304503e-06 6.707833793463022e-06 1.558742274332827e-06 9.386340024549172e-07
1.216490642883144e-05 3.742970741782664e-06 2.146174516487310e-06 5.573734769826303e-07
8.706878807948375e-06 5.104755637923669e-06 1.655770981207970e-06 7.441648688421240e-07
1.090827955235137e-05 5.230908547683538e-06 1.964158638119808e-06 7.592862084842569e-07
8.501145199237107e-06 8.299486492427761e-06 1.694967486194122e-06 1.146602041738283e-06
1.302303716045948e-05 5.233356097955005e-06 2.240576672804692e-06 7.517660091736230e-07
1.237262541631229e-05 6.755786513150477e-06 2.139508319054525e-06 9.749410942525610e-07
1.076995099919154e-05 7.732921326812295e-06 1.942828355651146e-06 1.110799891825072e-06
9.439175070988699e-06 9.874862200425660e-06 1.830800433194564e-06 1.308451057221792e-06
1.062197634719373e-05 1.138518925957431e-05 1.977036152134523e-06 1.470560912077176e-06
1.421242169372832e-05 6.640095102369790e-06 2.345637066362771e-06 9.644540761898541e-07
1.339090283320401e-05 8.527774998351186e-06 2.238782237337093e-06 1.217209643489990e-06
1.241192696703426e-05 1.079663124316678e-05 2.154662796427448e-06 1.430231354219182e-06
1.199139340346742e-05 1.280829205726137e-05 2.127221633806513e-06 1.588080652539093e-06
1.569234803778661e-05 7.909867237836099e-06 2.451022615420049e-06 1.142779511209749e-06
1.525742741134435e-05 1.079534704852140e-05 2.383010605432623e-06 1.423057498371835e-06
1.357738274848007e-05 1.407647595099150e-05 2.262973437934897e-06 1.682009507001335e-06
1.537417464577524e-05 1.519619895837239e-05 2.397571131884436e-06 1.771535459870253e-06
1.732730854591443e-05 1.614880795285647e-05 2.538630641170832e-06 1.852762100856986e-06
1.747227006594450e-05 1.142956198084504e-05 2.560488474375401e-06 1.463173351387403e-06
1.744935332011398e-05 8.986960426938374e-06 2.576709820970506e-06 1.247459213564310e-06
1.702470269485525e-05 1.392186897768830e-05 2.517611069678807e-06 1.673676558922779e-06
1.944418801137027e-05 1.685901322443234e-05 2.682933425065548e-06 1.915871450198104e-06
2.168915039390235e-05 1.734311760745883e-05 2.848301076360944e-06 1.954983526007050e-06
1.928548895943510e-05 1.197881361665461e-05 2.679175363089190e-06 1.509978683919013e-06
1.946244613591012e-05 9.773796680239936e-06 2.696340874066250e-06 1.328093894942232e-06
2.400638354986250e-05 1.756176990658261e-05 3.042493946937514e-06 1.974826360293884e-06
2.138517024067832e-05 1.407952413450835e-05 2.819376628240626e-06 1.687896729533491e-06
2.166312596055018e-05 1.022652995155469e-05 2.836550278632702e-06 1.384323973563635e-06
2.451081420061701e-05 1.444331799946539e-05 3.067144690242498e-06 1.716924485170952e-06
2.664911899948932e-05 1.766295213294551e-05 3.267053489628231e-06 2.013833429093389e-06
2.397867515824329e-05 1.034210179860011e-05 3.009864548438812e-06 1.393646732715666e-06
3.037120139436159e-05 1.776302748476036e-05 3.590000591178254e-06 2.077181473578378e-06
2.739159550539312e-05 1.264377139232595e-05 3.306816683358881e-06 1.557844134124770e-06
2.664454317409576e-05 1.024019671541289e-05 3.249304823685002e-06 1.346593460236637e-06
3.568719417693493e-05 1.791278557623962e-05 4.184392522337500e-06 2.199393634086821e-06
3.301423340542704e-05 1.364111845317941e-05 3.874260074380525e-06 1.664062483432900e-06
3.037482915363891e-05 1.010918185197428e-05 3.613013256072909e-06 1.288283562161750e-06
4.297663804178457e-05 1.806679676366604e-05 5.155536232195389e-06 2.392688841899712e-06
3.928864630174715e-05 1.394211569678387e-05 4.634028913803537e-06 1.728011254368640e-06
3.568919923602396e-05 9.963756282262846e-06 4.177346902307501e-06 1.231934473731369e-06
5.081732745797274e-05 1.818856658633345e-05 6.535066059987592e-06 2.635958354725403e-06
4.685979642265003e-05 1.394005231490804e-05 5.806309661702787e-06 1.742334515602767e-06
4.297747119438671e-05 9.813665246617835e-06 5.190853843519496e-06 1.063073257648613e-06
5.885643624778360e-05 1.828300180161618e-05 8.344586080816635e-06 2.806407160979519e-06
5.480743719574987e-05 1.393908855871783e-05 7.393161596885403e-06 1.762869895922378e-06
5.081763152703851e-05 9.690460968955881e-06 6.550001952137383e-06 8.814323672058502e-07
6.704991980196810e-05 1.835531730148649e-05 1.045677621131184e-05 2.958246180451210e-06
6.293064689540440e-05 1.393828905968432e-05 9.356440139482017e-06 1.786522246861964e-06
5.885659299931244e-05 9.594364873421692e-06 8.319170091238314e-06 7.191925576360809e-07
7.536021880287553e-05 1.841001114614875e-05 1.267279490319534e-05 2.956277855359174e-06
7.118811070591928e-05 1.393760327247204e-05 1.153199984431225e-05 1.796642932322250e-06
6.705007170701419e-05 9.520559796044982e-06 1.037401464941191e-05 6.657380449755482e-07
8.375780148917947e-05 1.845051144682309e-05 1.488630700681027e-05 2.962066121801130e-06
7.954642977796379e-05 1.393707195920486e-05 1.373714006417618e-05 1.798096999093252e-06
7.536032693980796e-05 9.464640927186837e-06 1.255401737981674e-05 6.519429784247410e-07
9.221958139533036e-05 1.847966635421309e-05 1.709305098802041e-05 2.904172198977477e-06
8.797962608507268e-05 1.393666542262299e-05 1.597552999815561e-05 1.762931130015312e-06
8.375793083404690e-05 9.423270253364878e-06 1.479508510885522e-05 5.977145294405835e-07
1.007267802888656e-04 1.849992913721172e-05 1.924295634067471e-05 2.796139851946756e-06
9.646693555642886e-05 1.393635509236962e-05 1.818111883369488e-05 1.711181421713925e-06
9.221964022851565e-05 9.393378081490193e-06 1.705728331153705e-05 5.501793865939944e-07
1.092636151711496e-04 1.851222982358206e-05 2.129280410446746e-05 2.717934561345893e-06
1.049914603416111e-04 1.393607983282386e-05 2.028455623598158e-05 1.695395504648237e-06
1.007269103085249e-04 9.372533274942340e-06 1.923429029528366e-05 5.930784250740904e-07
1.275907942967386e-04 1.801594072930497e-05 2.500024241589652e-05 2.520419650830494e-06
1.263753861843427e-04 1.851933954842951e-05 2.475944553400948e-05 2.620874700277249e-06
1.130933673373361e-04 1.393587020893155e-05 2.208178619990289e-05 1.718778084603336e-06
1.178170599103346e-04 1.851799345193331e-05 2.305170899162961e-05 2.625101950278264e-06
1.092636540961611e-04 9.359734991034533e-06 2.120848987448531e-05 6.967707816681026e-07
1.280942355390152e-04 1.680058860363050e-05 2.509917230293698e-05 2.276934934818557e-06
1.252179413133682e-04 1.393577254561758e-05 2.451005548054931e-05 1.699042774416575e-06
1.178170295379517e-04 9.353603924459271e-06 2.302066429933321e-05 7.661652851005218e-07
1.280941624660761e-04 1.107099699719269e-05 2.505668412867323e-05 1.145460107357902e-06
1.263753151703669e-04 9.352262609103731e-06 2.471350845293470e-05 8.051551747520183e-07
1.275907187186043e-04 9.855656980914844e-06 2.495559227269569e-05 9.055156572616261e-07
