7.370894316622304e-05 -1.029365828812757e-05 1.076681822791678e-05 -1.590642631468922e-06
7.399960557001183e-05 -9.591933526445280e-06 1.078571241800922e-05 -1.554780868129420e-06
7.399980054428617e-05 -6.283927866468040e-06 1.082030848053022e-05 -1.491121629472017e-06
7.370916588125587e-05 -5.582239626045871e-06 1.080719887396578e-05 -1.461358287979388e-06
7.300722820196987e-05 -1.058432826562104e-05 1.072678116464941e-05 -1.604859354720754e-06
7.169113484904865e-05 -7.937991040677114e-06 1.074913133253457e-05 -1.517444933897396e-06
7.300749493485168e-05 -5.291588435291299e-06 1.077690917188009e-05 -1.448646597895018e-06
6.806595175494232e-05 -1.058444369208182e-05 1.057748980893009e-05 -1.595983780142488e-06
6.806633359953882e-05 -5.291784376945589e-06 1.064262880561241e-05 -1.409423165194074e-06
6.533788979560227e-05 -7.938167850642096e-06 1.043124129797096e-05 -1.507963789823363e-06
6.312467528089830e-05 -1.058251791941207e-05 1.047763044674349e-05 -1.592245463869349e-06
6.312515889367837e-05 -5.294014943415329e-06 1.036358192423583e-05 -1.276208913895430e-06
6.065591264104703e-05 -7.938522684029971e-06 1.014424113215389e-05 -1.525542603136965e-06
5.819042441066187e-05 -1.057617325366328e-05 1.025610925675571e-05 -1.686193620597635e-06
5.819061412019159e-05 -5.300928605357949e-06 9.761974468249535e-06 -1.235103859595735e-06
5.572826997579957e-05 -7.938817219937286e-06 9.772201496326549e-06 -1.517603420460747e-06
5.327348692603416e-05 -1.056403939785296e-05 9.790735677178366e-06 -1.753873246242872e-06
5.327371080012882e-05 -5.313802858070946e-06 9.201279317041698e-06 -1.243279461471562e-06
5.082389319814336e-05 -7.939171732887916e-06 9.311710399230126e-06 -1.484254567570723e-06
4.838551234431196e-05 -1.054586576218791e-05 9.303312373859036e-06 -1.765918337233320e-06
4.838576544780491e-05 -5.332818599205070e-06 8.830257610477175e-06 -1.284945374446021e-06
4.595386925015933e-05 -7.939505215213502e-06 8.916502284681074e-06 -1.489601363603874e-06
4.353739782747298e-05 -1.052120538281678e-05 8.850217008793825e-06 -1.770730060761307e-06
4.353784635753292e-05 -5.358194688257304e-06 8.470747686517756e-06 -1.322135702944374e-06
4.112971220803504e-05 -7.939909462171117e-06 8.563714082600052e-06 -1.547488382285149e-06
3.874217020567642e-05 -1.048870841583911e-05 8.229002949307647e-06 -1.905334386131734e-06
3.874231147886624e-05 -5.391361038647849e-06 7.949913377353673e-06 -1.295581755575094e-06
3.636572576945563e-05 -7.940302728318381e-06 8.092191306026686e-06 -1.601816777684808e-06
3.401642239603620e-05 -1.044590029641031e-05 7.383951984730472e-06 -2.102581999375688e-06
3.401608393335150e-05 -5.434982820593483e-06 7.264185501908358e-06 -1.209358743067285e-06
3.168140625930629e-05 -7.940655873015438e-06 7.232482031202178e-06 -1.634904495801463e-06
2.938161512845296e-05 -1.039086078415191e-05 6.412079503073808e-06 -2.180454058554046e-06
2.938095656469651e-05 -5.490805057481725e-06 6.424917665752738e-06 -1.180529978630367e-06
2.709968596207736e-05 -7.940953228908427e-06 6.192946893300066e-06 -1.658862111976331e-06
2.486098552885107e-05 -1.032246409321031e-05 5.621015101506939e-06 -2.154526441908579e-06
2.486033593918921e-05 -5.560425355648218e-06 5.596090075857388e-06 -1.245868497142190e-06
2.273295134668990e-05 -7.940865258001829e-06 5.274158513081687e-06 -1.702526379008804e-06
2.065373013351429e-05 -1.024143698497262e-05 4.907334451613939e-06 -2.185457447529425e-06
2.065294781753778e-05 -5.645632838355439e-06 4.799761740533816e-06 -1.319270154609943e-06
1.910774966262098e-05 -8.116460794944949e-06 4.615255758386778e-06 -1.774671331740564e-06
1.757853988797224e-05 -1.016361598775973e-05 4.337008800100843e-06 -2.228013133762910e-06
1.757634686048969e-05 -5.727232972930194e-06 4.282497683848999e-06 -1.422240609732533e-06
1.541639861771727e-05 -1.009296732581063e-05 3.953906649982667e-06 -2.167590236636520e-06
1.581645408342868e-05 -8.684381246616930e-06 4.016220709367856e-06 -1.893467601917958e-06
1.541260102562618e-05 -5.781108664599292e-06 3.930325308576651e-06 -1.447613841775838e-06
1.388390630784355e-05 -5.839940871429921e-06 3.729789086322174e-06 -1.501901533578434e-06
-1.983627663203196e-06 -5.532169438658609e-07 -9.297118399242591e-07 -1.643507536162245e-07
-2.022598805940012e-06 -4.593474136605701e-07 -9.412899334462227e-07 -1.335581129641005e-07
-2.022369650853011e-06 -1.103767079842027e-07 -9.611829799854972e-07 -9.622569591313176e-09
-1.983641912747046e-06 -1.809162196984814e-08 -9.521885523658894e-07 2.731644598327720e-08
1.387847862251320e-05 -1.004186236079656e-05 3.669369395001713e-06 -2.139567338289301e-06
1.252893126076122e-05 -9.917775294785831e-06 3.456453380147998e-06 -2.112959813727665e-06
1.355488083143711e-05 -7.418924273052790e-06 3.672471990336236e-06 -1.756987016200938e-06
1.251130323886675e-05 -5.785057369861651e-06 3.480658952715237e-06 -1.501998388332035e-06
-1.890235354167719e-06 -5.921129647151089e-07 -9.023059450130871e-07 -1.785790674726689e-07
-1.796522005354562e-06 -2.093765274355689e-07 -8.776264560461990e-07 -5.461601922005009e-08
-1.891279378026674e-06 2.031845721007824e-08 -9.206839754195746e-07 4.211611034883340e-08
1.208703525050852e-05 -8.632459680457266e-06 3.397708062594476e-06 -1.921393923215506e-06
1.122577931956085e-05 -9.631818317733696e-06 3.243742685250676e-06 -2.077673958644001e-06
9.997890337524920e-06 -9.221737789192640e-06 3.071498701960516e-06 -2.042703648113079e-06
1.168165216412346e-05 -6.907249185886068e-06 3.347963926801710e-06 -1.673816005041474e-06
1.123088706542896e-05 -5.520895404418875e-06 3.286108901616607e-06 -1.487505064549684e-06
-1.258187208287071e-06 -6.039505025334089e-07 -6.601688729534978e-07 -2.048199833340794e-07
-1.258140995088666e-06 3.054801825340271e-08 -6.458455225199244e-07 2.630993476536237e-08
-9.300311524628645e-07 -2.874704457733525e-07 -5.472677752213091e-07 -7.865240920565128e-08
8.864402596861863e-06 -8.670697448184917e-06 2.902702785316051e-06 -1.988129849544412e-06
9.822602674648873e-06 -7.931708047243097e-06 3.065817790039638e-06 -1.850179210408694e-06
1.024079461008889e-05 -6.350547828770513e-06 3.123576924370502e-06 -1.628391320227959e-06
1.006495588234048e-05 -5.068565719290263e-06 3.076914765690041e-06 -1.405599330468019e-06
-5.733677049793649e-07 -6.657615359716555e-07 -4.198472230413105e-07 -1.863952233366860e-07
-5.740202957148186e-07 8.872337430280002e-08 -4.521359422023982e-07 3.044154712551131e-08
-1.672951140151574e-07 -2.896737808415871e-07 -3.136004070232163e-07 -7.230758417437530e-08
7.820649208471347e-06 -8.020922580372393e-06 2.727044218690123e-06 -1.898757157486452e-06
6.898238583947354e-06 -7.284108704848918e-06 2.542307035637949e-06 -1.804550822823281e-06
8.795402905493377e-06 -6.113024162969379e-06 2.902336216461760e-06 -1.595126783322315e-06
9.042209606789510e-06 -4.441924322461589e-06 2.916396476134400e-06 -1.261432107969296e-06
3.004632536709680e-07 -7.980513191205086e-07 -1.795123204562091e-07 -2.404731131970675e-07
2.997016796084607e-07 2.161032146047374e-07 -1.426946869421413e-07 1.461683297593221e-07
7.133456609150234e-06 -6.182781353163709e-06 2.592129241164348e-06 -1.625933927154703e-06
6.099279284497013e-06 -6.457316310795146e-06 2.366523659610605e-06 -1.689217519502306e-06
7.518326982528799e-06 -4.978720552547588e-06 2.675379784749059e-06 -1.370707892022371e-06
8.183866637432901e-06 -3.694497905917209e-06 2.807687291155503e-06 -1.141886258646528e-06
8.158549056338099e-07 -2.923628621216528e-07 4.188623071122988e-08 -5.088077693062620e-08
1.430931774667217e-06 -9.882837007336166e-07 3.084729161747678e-07 -3.789750232148055e-07
1.429005189415760e-06 4.025247065462858e-07 3.199100775867950e-07 2.696824294003330e-07
5.405888421047262e-06 -5.574486188135832e-06 2.203500523225515e-06 -1.528952061493281e-06
4.855082715836009e-06 -4.671666917701254e-06 2.047722088915384e-06 -1.334120866034396e-06
4.435094648463702e-06 -3.727312000109485e-06 1.901897470540903e-06 -1.119593122526509e-06
6.740578296655567e-06 -3.923579161121520e-06 2.509127565955062e-06 -1.178101575941454e-06
7.502988362878233e-06 -2.866976561875374e-06 2.693191146073305e-06 -9.421249275776846e-07
1.924660191134945e-06 -2.968914329961371e-07 5.417589433672924e-07 -3.684438490353332e-08
2.532700733266235e-06 -1.175038959081830e-06 8.472600943108861e-07 -4.405018515418658e-07
2.532501488963362e-06 5.938532572465525e-07 8.314961579422319e-07 4.344477679503007e-07
5.363091779207927e-06 -3.720023821052674e-06 2.166028403729128e-06 -1.127196785492496e-06
4.123787123715791e-06 -2.775643610041596e-06 1.776117158456573e-06 -9.187684467846818e-07
3.526590303309472e-06 -1.332827695316634e-06 1.316621151353245e-06 -4.796453311108216e-07
3.810204414283321e-06 -1.491897159965251e-06 1.499044561525183e-06 -5.492356680923158e-07
3.953784249069723e-06 -1.819806767007287e-06 1.624755302420282e-06 -6.705561278299022e-07
6.204537704955048e-06 -2.748428196608288e-06 2.409800679919196e-06 -9.244239374551905e-07
6.994848234035956e-06 -1.999262943690809e-06 2.663012596450034e-06 -7.191048165777770e-07
3.078350129271399e-06 -4.281652460009058e-07 1.097812888393514e-06 -8.278221643298534e-08
3.548704485786491e-06 7.335145686801420e-07 1.265727625704797e-06 4.831583366623749e-07
4.768880782300832e-06 -2.107479551796601e-06 1.963440006981808e-06 -7.690470522490436e-07
3.839191424669981e-06 -8.642519448765846e-07 1.471128794336856e-06 -2.699955692047020e-07
4.176756724659456e-06 -1.379965942488061e-06 1.689108005002012e-06 -5.055974976608251e-07
5.830741748416697e-06 -1.732678856498119e-06 2.336618080961664e-06 -6.464061492609608e-07
6.671953067328154e-06 -1.131824677663022e-06 2.695048817708687e-06 -4.010709313248301e-07
3.875243740819373e-06 1.406086269435269e-07 1.435236592391332e-06 1.774887734210922e-07
3.845242225491459e-06 8.833205029856865e-07 1.379634665039104e-06 5.730043421258418e-07
4.971197026300771e-06 -6.407206578817347e-07 2.029811702296126e-06 -2.188272348251396e-07
6.551971327782990e-06 -2.778523256707477e-07 2.756489407366513e-06 -1.458210658692342e-08
6.604583531560396e-06 5.478638202283351e-07 2.934398674269777e-06 4.246850101554327e-07
4.478412068252724e-06 6.870007129202939e-07 1.730127799724337e-06 4.606872233940083e-07
4.020605847167184e-06 1.199502031374459e-06 1.439283961696950e-06 7.812971605633956e-07
4.239124683466599e-06 2.062693595654454e-06 1.462794282290954e-06 1.375250511815154e-06
5.782089630570372e-06 6.606494572543635e-07 2.467394791410195e-06 4.370689832859564e-07
4.555927873471852e-06 2.888427026387844e-06 1.562781467293182e-06 2.045208482081557e-06
6.834120819843274e-06 1.376295221990763e-06 3.190006416429427e-06 9.230396926174531e-07
5.024275501974879e-06 2.096277102945512e-06 1.953127286951694e-06 1.373818742875814e-06
6.169409697785301e-06 2.159380425723864e-06 2.755586102015947e-06 1.458859644731778e-06
4.963423902659219e-06 3.671240018460549e-06 1.816635379949374e-06 2.727369737254321e-06
7.216423984206366e-06 2.159330066293845e-06 3.588866077174386e-06 1.492001955944410e-06
6.880433788706658e-06 2.924298351373341e-06 3.370087370800834e-06 2.109517430771848e-06
6.101677514997349e-06 3.401295582213417e-06 2.729758310193347e-06 2.493741447413798e-06
5.458846496801121e-06 4.410599832774918e-06 2.180471660379172e-06 3.392330693010772e-06
6.041555871806453e-06 5.094528134272288e-06 2.696596887498068e-06 4.030238810085382e-06
7.741619807623304e-06 2.876239358236896e-06 4.157517882255922e-06 2.083261009974523e-06
7.352064288316507e-06 3.774560390207512e-06 3.838198503039695e-06 2.848202003068906e-06
6.895043121540592e-06 4.820610207619716e-06 3.454869964571342e-06 3.787517239544969e-06
6.700891165213512e-06 5.715703810084523e-06 3.280265953422534e-06 4.589859851258832e-06
8.391889290654208e-06 3.500582005983789e-06 4.758423464540558e-06 2.579964969591067e-06
8.191185151584772e-06 4.811319872666997e-06 4.560421493762621e-06 3.782616589375148e-06
7.433511321028276e-06 6.259421718501280e-06 3.894226297298449e-06 5.086597820400695e-06
8.232908906212690e-06 6.721826536538625e-06 4.609757337823157e-06 5.559667699179195e-06
9.085159428566347e-06 7.096660785371928e-06 5.388124367356255e-06 5.952701845823593e-06
9.156870953686864e-06 5.090322908891062e-06 5.464031217810463e-06 4.043390683614291e-06
9.151319343502142e-06 4.012041783246518e-06 5.479087585162403e-06 3.025658871110130e-06
8.964785909595763e-06 6.163560936640320e-06 5.260893009340917e-06 5.066535597212010e-06
9.983359888495909e-06 7.370531341681699e-06 6.255823993251407e-06 6.233923694087505e-06
1.091523853109407e-05 7.543172197338301e-06 7.163934642581022e-06 6.407703525833677e-06
9.928518102238946e-06 5.330036217962915e-06 6.183777345351628e-06 4.266214383893164e-06
1.000106163030167e-05 4.387433606846058e-06 6.265751875865742e-06 3.354578620749953e-06
1.186514613350564e-05 7.607795855799666e-06 8.074418614222173e-06 6.493571786883764e-06
1.080481455144311e-05 6.206889270292242e-06 7.039964513943154e-06 5.135859834166752e-06
1.091423077980792e-05 4.612953872216057e-06 7.145224019861938e-06 3.551310553546172e-06
1.207479934604484e-05 6.349186392500625e-06 8.256430213698406e-06 5.283207976033598e-06
1.292266405828452e-05 7.619769138809305e-06 9.116155627912496e-06 6.576637261313273e-06
1.186231361237844e-05 4.683401315185273e-06 8.060864447427374e-06 3.620018613336218e-06
1.438859565790127e-05 7.630642739645342e-06 1.060985499584917e-05 6.647061997057177e-06
1.322719168833089e-05 5.629838954185667e-06 9.396809291459432e-06 4.568267200084428e-06
1.292301290880871e-05 4.669102946494140e-06 9.101987932916040e-06 3.593124280454273e-06
1.642625740411119e-05 7.645142040610767e-06 1.280499396847631e-05 6.711630220202261e-06
1.541386270940669e-05 6.024335168053314e-06 1.168312588871184e-05 4.963596347108056e-06
1.438982468329389e-05 4.651592932749173e-06 1.061702217456777e-05 3.529934043899876e-06
1.914113724672473e-05 7.655480352334600e-06 1.575783646263578e-05 6.767959235849755e-06
1.778053661522095e-05 6.138750327627389e-06 1.427073739736820e-05 5.078807497894137e-06
1.642711533957676e-05 4.633986266663620e-06 1.276602399815277e-05 3.433434720595039e-06
2.198511245475003e-05 7.658560354364647e-06 1.890211509643745e-05 6.763992591124757e-06
2.056190193474681e-05 6.135963187798953e-06 1.734981635391482e-05 5.104422140612713e-06
1.914178667894567e-05 4.618950941433244e-06 1.575790277545728e-05 3.457327580008708e-06
2.483354800968219e-05 7.657597013059355e-06 2.188826540361530e-05 6.704680848539681e-06
2.340946563953557e-05 6.133381601364594e-06 2.043027860874864e-05 5.135713454808765e-06
2.198576093389788e-05 4.610598570958888e-06 1.890100967911678e-05 3.499761222358195e-06
2.768151990505095e-05 7.655691183527834e-06 2.472215809238079e-05 6.705785830552153e-06
2.625809653480252e-05 6.131030135096374e-06 2.330215761731954e-05 5.176778826745349e-06
2.483436346135681e-05 4.606605906736440e-06 2.186520783461975e-05 3.618559561312628e-06
3.053050814917190e-05 7.655491360647923e-06 2.752769938163538e-05 6.797528459416404e-06
2.910591230100368e-05 6.128860206243112e-06 2.611357836341016e-05 5.240538947385165e-06
2.768250858260890e-05 4.604107298027803e-06 2.469024964537052e-05 3.685721972068451e-06
3.338562615912247e-05 7.657913315033326e-06 3.043520721741006e-05 6.899000836146610e-06
3.195697790839728e-05 6.126898027553252e-06 2.896023619901977e-05 5.268255085174911e-06
3.053140005688497e-05 4.600234347139840e-06 2.751327577487453e-05 3.732679667401131e-06
3.625040104159292e-05 7.661521101201870e-06 3.349326867382518e-05 6.972503203199281e-06
3.481647064905371e-05 6.125360505686379e-06 3.195002231216400e-05 5.298612824712809e-06
3.338613351719969e-05 4.594382153091164e-06 3.043151406832802e-05 3.686090018349150e-06
3.912436486997434e-05 7.664279130314629e-06 3.665517751830729e-05 7.033746429887293e-06
3.768629417800857e-05 6.124198127268716e-06 3.505706831781735e-05 5.330955311299698e-06
3.625075881644136e-05 4.587926792153910e-06 3.348147883410651e-05 3.661970607545458e-06
4.200300508731081e-05 7.665297745016116e-06 3.989870033800017e-05 7.094865129863750e-06
4.056337479067436e-05 6.123556506110569e-06 3.827432560097651e-05 5.340210443218989e-06
3.912455516938659e-05 4.583395506200628e-06 3.665489886009690e-05 3.624712935609429e-06
4.817079295868895e-05 7.495457530985730e-06 4.676898965163381e-05 6.904947851907456e-06
4.776189987354180e-05 7.664837183798578e-06 4.631933246749208e-05 7.091991576667357e-06
4.329303596037696e-05 6.123159452465061e-06 4.135726772896179e-05 5.363481229169999e-06
4.488267638126559e-05 7.665200520389029e-06 4.314071048214117e-05 7.088497022327258e-06
4.200328923563385e-05 4.581345215686125e-06 3.990266072963215e-05 3.625305778382374e-06
4.834016404533964e-05 7.086555789112322e-06 4.695550175446597e-05 6.452736665964789e-06
4.737270697358709e-05 6.122870381026371e-06 4.588902554461196e-05 5.382618962554150e-06
4.488283321433139e-05 4.580911349340534e-06 4.313420246156397e-05 3.660566048447177e-06
4.834025955108669e-05 5.159115048669584e-06 4.695713739400140e-05 4.311370412789912e-06
4.776203121242845e-05 4.580866949566261e-06 4.631906252380392e-05 3.669328616582329e-06
4.817090222851069e-05 4.750233817206987e-06 4.677078905681962e-05 3.857854138531280e-06
