7.760277169682726e-05 -1.302280423809825e-05 -1.304235311996172e-06 1.587232040507474e-06
7.787302519099640e-05 -1.237036791871244e-05 -1.329387454196565e-06 1.522473747518043e-06
7.787312201029362e-05 -9.294804228309334e-06 -1.363931577309137e-06 1.067520969081891e-06
7.760289076343660e-05 -8.642416783776111e-06 -1.342195167310444e-06 1.005235017281566e-06
7.695032803781233e-05 -1.329305258738468e-05 -1.240845425997446e-06 1.614449465642597e-06
7.572668286400667e-05 -1.083261521193456e-05 -1.035012800232788e-06 1.301557148831583e-06
7.695049239154854e-05 -8.372191973339652e-06 -1.283028597064845e-06 9.796694891084862e-07
7.235642743528002e-05 -1.329306615367291e-05 -5.575308415453431e-07 1.612286068878607e-06
7.235679686447267e-05 -8.372477729162109e-06 -6.151615619317749e-07 1.009361685233937e-06
6.982068554275679e-05 -1.083291233580238e-05 -3.604264380281896e-07 1.333195931468320e-06
6.776345524730002e-05 -1.329221499180700e-05 1.733685030311741e-08 1.528401470706521e-06
6.776360651742422e-05 -8.373907755446961e-06 4.574926491762518e-08 1.103494446168771e-06
6.546782468646559e-05 -1.083346969145189e-05 1.045925359081307e-08 1.389562172416712e-06
6.317397628423270e-05 -1.329037966758987e-05 1.546402295593291e-07 1.381284638856612e-06
6.317352435247690e-05 -8.376992664258409e-06 4.099910563107789e-07 1.310355554958653e-06
6.088057476687782e-05 -1.083401477109457e-05 9.598552782953167e-08 1.432585678188561e-06
5.858996056976075e-05 -1.328810186274107e-05 2.461221026651576e-08 1.258234055113613e-06
5.858941732371105e-05 -8.380666532438354e-06 4.089759231437159e-07 1.484399164088164e-06
5.629944799362822e-05 -1.083460615645642e-05 -1.517288348181379e-07 1.447584671468241e-06
5.401170125448567e-05 -1.328545283037075e-05 -3.812268480339635e-07 1.136450659598586e-06
5.401134508154877e-05 -8.384479041198029e-06 5.577701287739060e-08 1.686740547751927e-06
5.172417008348573e-05 -1.083505863397809e-05 -7.474671381464483e-07 1.430151138248221e-06
4.943940970643046e-05 -1.328178741858483e-05 -9.926599265123348e-07 1.113554488970529e-06
4.943935372460461e-05 -8.388748388683365e-06 -5.434320938475184e-07 1.738679321354286e-06
4.715580886319527e-05 -1.083519259141016e-05 -1.363986900783279e-06 1.377968597158906e-06
4.487543054101056e-05 -1.327625563214100e-05 -1.700928315169450e-06 1.072156578510022e-06
4.487557573609216e-05 -8.394071347997021e-06 -1.308765630594369e-06 1.776121992872656e-06
4.259734664933781e-05 -1.083490038089478e-05 -1.987799809040160e-06 1.329399977519605e-06
4.032347624840740e-05 -1.326810702620454e-05 -2.391763251291508e-06 1.009705816321066e-06
4.032393070962091e-05 -8.401195298640327e-06 -2.157965316997267e-06 1.764580612219434e-06
3.805288834578025e-05 -1.083429015130775e-05 -2.661072620306201e-06 1.307688788389884e-06
3.578783027310569e-05 -1.325742859384791e-05 -3.141409386047743e-06 9.886976612654498e-07
3.578822306342541e-05 -8.410207664694718e-06 -2.959544668927472e-06 1.717625950120382e-06
3.352655888804067e-05 -1.083347145444836e-05 -3.361085263180897e-06 1.269609111921214e-06
3.127272881296231e-05 -1.324418002439300e-05 -3.764940889120240e-06 9.992547477839821e-07
3.127250307370920e-05 -8.421432607039504e-06 -3.596997228615486e-06 1.566365016430028e-06
2.911347752226399e-05 -1.083224292547446e-05 -3.910646787432499e-06 1.227318870419283e-06
2.696352881148086e-05 -1.322835169533905e-05 -4.115734455306700e-06 1.141849410264513e-06
2.696266437661625e-05 -8.435473106304848e-06 -3.976524909801590e-06 1.315816055799669e-06
2.535323687988662e-05 -1.101740261777977e-05 -4.098963438031779e-06 1.215175276887797e-06
2.371832209749160e-05 -1.321310484180570e-05 -4.096639577385335e-06 1.249574874985190e-06
2.371714356716728e-05 -8.448997119872672e-06 -4.056682129182398e-06 1.159822631725080e-06
2.136997675962311e-05 -1.319918195816381e-05 -3.970083638897747e-06 1.364527243878462e-06
2.182520327695784e-05 -1.163972283917292e-05 -4.027655665542368e-06 1.250457531571306e-06
2.136857112257693e-05 -8.457937307613286e-06 -3.963577670777026e-06 1.073858775232792e-06
1.966941818058799e-05 -8.468114823705188e-06 -3.806593201252749e-06 9.687189123663029e-07
-3.309961749572929e-06 -5.874264710005066e-07 6.699739338127334e-07 -8.457021181453206e-07
-3.376133468584773e-06 -4.281982283193174e-07 6.807452159013015e-07 -8.788489725493547e-07
-3.375777528581595e-06 1.646418128673099e-07 6.769897558971850e-07 -1.002169675335253e-06
-3.309958705938228e-06 3.215580015883738e-07 6.671882785319659e-07 -1.031151962959922e-06
1.966901760007528e-05 -1.318900937106078e-05 -3.819659185273545e-06 1.428199577914368e-06
1.813187649688188e-05 -1.309205240624778e-05 -3.583976766970577e-06 1.482370760400008e-06
1.932309473315057e-05 -1.023945537338668e-05 -3.803478761745754e-06 1.123048672281406e-06
1.813115475673125e-05 -8.345096338574066e-06 -3.631033677623206e-06 8.627062983568181e-07
-3.151464337475419e-06 -6.533151409949339e-07 6.425199659302336e-07 -8.313018320379679e-07
-2.991875384101010e-06 -3.153914275832824e-09 6.086767538627571e-07 -9.672093034767131e-07
-3.152914674232249e-06 3.870245465221682e-07 6.425550104242384e-07 -1.041942056540528e-06
1.764238188660049e-05 -1.163741157715590e-05 -3.531020851229067e-06 1.308130154040310e-06
1.662031131593633e-05 -1.281924170667842e-05 -3.357476071485640e-06 1.499414501094883e-06
1.515610946680435e-05 -1.238060483332492e-05 -3.107345283079411e-06 1.463314877544489e-06
1.718072290135163e-05 -9.632229438295286e-06 -3.469168325387008e-06 1.034976932319346e-06
1.664888718690523e-05 -7.962653364024231e-06 -3.374975876120487e-06 7.412022041506966e-07
-2.077408969041006e-06 -6.712182033210151e-07 4.075304793470494e-07 -8.259170242359195e-07
-2.076638971380041e-06 4.057625960424292e-07 4.192936733268069e-07 -1.033288443511973e-06
-1.519787875767471e-06 -1.327621032582697e-07 3.117286425032485e-07 -9.271697145145792e-07
1.375943893984522e-05 -1.177760897284015e-05 -2.836971392918669e-06 1.399757475892007e-06
1.496212751746314e-05 -1.086292951452739e-05 -3.074739391068002e-06 1.236890475449462e-06
1.546885165101978e-05 -8.948941790366640e-06 -3.158475375965137e-06 9.115172132580471e-07
1.526483547983631e-05 -7.335343453518729e-06 -3.107189171733018e-06 5.914304310413440e-07
-9.154741762013510e-07 -7.714332865661423e-07 2.044027471924573e-07 -8.193516049111893e-07
-9.157848917661528e-07 5.052510488326872e-07 1.859834814996120e-07 -1.031777688696035e-06
-2.279202670180789e-07 -1.334048546649806e-07 9.014444929724965e-08 -9.318060706685418e-07
1.244416237495334e-05 -1.102492063927205e-05 -2.561683065197478e-06 1.287382502850993e-06
1.123154676936205e-05 -1.013336952350351e-05 -2.300088386482206e-06 1.132422496327372e-06
1.369131745364251e-05 -8.645794057643541e-06 -2.777215463138985e-06 8.560783407970860e-07
1.402002101948366e-05 -6.482273484114921e-06 -2.799830002360277e-06 4.065954981377660e-07
5.609114908129434e-07 -9.871358032159093e-07 -4.961408230061962e-08 -7.428949582723566e-07
5.608643948490384e-07 7.198743536341110e-07 -4.900787937545567e-08 -1.100683526308590e-06
1.153818175699544e-05 -8.746488428974492e-06 -2.348977614157820e-06 8.700641865665004e-07
1.013575862019831e-05 -9.112024968949175e-06 -2.042522481959668e-06 9.385965648750614e-07
1.205362649744907e-05 -7.169264511423128e-06 -2.422896178822095e-06 5.412014980307463e-07
1.295012928240659e-05 -5.436679304897723e-06 -2.568890653654601e-06 2.184980307190930e-07
1.428809090264644e-06 -1.340335692474386e-07 -2.440983101390349e-07 -9.083896580962404e-07
2.459584052057952e-06 -1.297184345872388e-06 -4.768531817916324e-07 -6.406925870889855e-07
2.457887954103556e-06 1.030705326947866e-06 -4.455027635317580e-07 -1.122674644878847e-06
9.164488751344335e-06 -7.978915281604128e-06 -1.810505331909010e-06 6.848999185129693e-07
8.335991834372908e-06 -6.754559403660601e-06 -1.645614567418741e-06 4.569829979302109e-07
7.655175778132737e-06 -5.445634136563040e-06 -1.517758842073014e-06 2.148111888476728e-07
1.099950094165795e-05 -5.738900259330406e-06 -2.187507150755764e-06 2.616219918596800e-07
1.208478069714014e-05 -4.235055254419020e-06 -2.376823112267799e-06 -1.963925516028977e-08
3.287310449333654e-06 -1.376584205001589e-07 -6.354313751848051e-07 -8.632945669243621e-07
4.301991433936828e-06 -1.602091417464798e-06 -8.282736346693156e-07 -5.767178138927968e-07
4.301520652535439e-06 1.346523445482181e-06 -8.581319095344351e-07 -1.134374115593624e-06
9.039776283723661e-06 -5.450304816276135e-06 -1.786256572715448e-06 2.105561957206029e-07
7.127875891478846e-06 -4.070431164689083e-06 -1.417472864314181e-06 -5.620737528283606e-08
5.987122671107592e-06 -1.861514050391834e-06 -1.173955078705541e-06 -5.338967537015692e-07
6.487574110151659e-06 -2.116983377133688e-06 -1.272615557639993e-06 -4.790440436648902e-07
6.766023114974358e-06 -2.632218833718220e-06 -1.332630521213840e-06 -3.664961644629739e-07
1.025796830426581e-05 -4.056559630860132e-06 -2.021534524482501e-06 -6.947062594685930e-08
1.144643024699852e-05 -2.925027748218323e-06 -2.232137076729136e-06 -2.772019179484923e-07
5.214266011323439e-06 -3.521449488333148e-07 -1.026568552238497e-06 -8.257661876350453e-07
5.961547694711154e-06 1.571992541120277e-06 -1.155998783147600e-06 -1.167634941233824e-06
8.083482179579159e-06 -3.090715048044263e-06 -1.605144376167734e-06 -2.634716558880344e-07
6.506109598497892e-06 -1.088309064532812e-06 -1.272619869693884e-06 -6.844811651583529e-07
7.098522413203452e-06 -1.936709891287109e-06 -1.395838671537631e-06 -5.116016633871880e-07
9.712534234746984e-06 -2.516589255669084e-06 -1.896454153040175e-06 -3.707323318726589e-07
1.106200922607814e-05 -1.555092677728713e-06 -2.138052470414307e-06 -5.613682097208541e-07
6.513316344614756e-06 5.780184947677495e-07 -1.259349449644949e-06 -9.895177464101562e-07
6.422111101545050e-06 1.823641070833719e-06 -1.231158673946887e-06 -1.206691346685359e-06
8.361248693440519e-06 -7.672320836205327e-07 -1.624031669198661e-06 -7.303066816785977e-07
1.094657141054398e-05 -1.612199217198866e-07 -2.088102883891138e-06 -8.116777746563218e-07
1.115216370912706e-05 1.241145457239751e-06 -2.087792029264829e-06 -1.072182868889091e-06
7.485250165667978e-06 1.476753911911235e-06 -1.435631041095194e-06 -1.139431882852151e-06
6.682901780580685e-06 2.376908253417444e-06 -1.275923639899766e-06 -1.296109692299574e-06
6.989369134289327e-06 3.930656210528585e-06 -1.338711920652017e-06 -1.552922404319130e-06
9.722706799134720e-06 1.401333735570304e-06 -1.836038544300232e-06 -1.115555916349004e-06
7.478433571118398e-06 5.487758619486635e-06 -1.434909618572117e-06 -1.811475334419761e-06
1.166073702108399e-05 2.672330941821550e-06 -2.148117210709541e-06 -1.312885780505684e-06
8.371700333454357e-06 3.968687017447053e-06 -1.601560685149873e-06 -1.551097863736905e-06
1.046463266068396e-05 4.088299396650198e-06 -1.930846032694020e-06 -1.553601817509625e-06
8.181848675286817e-06 6.995634435692134e-06 -1.543662079445546e-06 -2.054022725941721e-06
1.246850488479670e-05 4.090467104509704e-06 -2.289636236322577e-06 -1.551386029202757e-06
1.185045269329608e-05 5.534796605010312e-06 -2.160634163803184e-06 -1.789350090118142e-06
1.033366403768870e-05 6.460054975487487e-06 -1.886546817644381e-06 -1.953128969332303e-06
9.074639100288167e-06 8.483421097555117e-06 -1.700611871340071e-06 -2.312454723058098e-06
1.019516264447829e-05 9.906610889028241e-06 -1.892444329936248e-06 -2.531819092127460e-06
1.358766780897980e-05 5.426347206488468e-06 -2.463863588020072e-06 -1.754970798671582e-06
1.281136317197369e-05 7.210762227490321e-06 -2.303348541867488e-06 -2.074306138277197e-06
1.188724925672417e-05 9.351097270857965e-06 -2.151888316443521e-06 -2.447021714009590e-06
1.149051939341409e-05 1.124461997206661e-05 -2.104464489574845e-06 -2.757030225448040e-06
1.497965867693748e-05 6.629212209765662e-06 -2.715453512478261e-06 -1.952713435612394e-06
1.456933853421759e-05 9.348871878360947e-06 -2.615050517261109e-06 -2.432714290885120e-06
1.298672461745747e-05 1.243573227319341e-05 -2.341843982411161e-06 -2.972673989943778e-06
1.467798193959504e-05 1.348520460211611e-05 -2.636175984577373e-06 -3.188222952088816e-06
1.651416223698838e-05 1.437548612931686e-05 -2.957154004520892e-06 -3.372681703320584e-06
1.665169028312521e-05 9.945600101730195e-06 -3.004963559686247e-06 -2.523621369056850e-06
1.663071039250216e-05 7.647361129419101e-06 -3.014697606083131e-06 -2.107980045402673e-06
1.623121824917037e-05 1.228694565163739e-05 -2.907341825115056e-06 -2.972728604387278e-06
1.850106383046165e-05 1.503839160640040e-05 -3.319962983919720e-06 -3.513414269244476e-06
2.060540797547297e-05 1.548810248820864e-05 -3.731276827630183e-06 -3.618839024323673e-06
1.835396635182646e-05 1.046214758993508e-05 -3.317910917131990e-06 -2.615321029889998e-06
1.851966217383581e-05 8.391635832445868e-06 -3.357285756210173e-06 -2.224298469414400e-06
2.277584283026707e-05 1.568922883745524e-05 -4.181988462685982e-06 -3.664176175425936e-06
2.032274929234557e-05 1.243181903799853e-05 -3.678471860072245e-06 -3.007424113740101e-06
2.058240367415405e-05 8.821498362729745e-06 -3.730867667419300e-06 -2.286963972821911e-06
2.324859018510046e-05 1.277173804032314e-05 -4.295498293136594e-06 -3.071462287077411e-06
2.524711177429371e-05 1.577968673252258e-05 -4.694229918192440e-06 -3.670104991586060e-06
2.275092536162081e-05 8.933310848772408e-06 -4.172117392257968e-06 -2.293436255471089e-06
2.872374945068904e-05 1.586901724465611e-05 -5.448046031175714e-06 -3.722126922369918e-06
2.594222822667039e-05 1.108946633705405e-05 -4.828481016791577e-06 -2.724278713178355e-06
2.524282846133514e-05 8.842187040634999e-06 -4.688289096846546e-06 -2.244943486453966e-06
3.368051685795196e-05 1.600276781452177e-05 -6.532530083041070e-06 -3.763484584036266e-06
3.118978263150852e-05 1.202146002749444e-05 -5.986056507167658e-06 -2.894595586302941e-06
2.872677508255062e-05 8.725093214389836e-06 -5.424394513024893e-06 -2.150077445764195e-06
4.046674975623006e-05 1.614119662552442e-05 -8.054447432335281e-06 -3.771301073629919e-06
3.703464635828066e-05 1.230202001477418e-05 -7.310569259090197e-06 -2.921379613149193e-06
3.368209684483005e-05 8.594735355403405e-06 -6.546816678784532e-06 -2.067492423418631e-06
4.776156006447943e-05 1.625315754974155e-05 -9.684356083001786e-06 -3.819533156742594e-06
4.407975311861445e-05 1.229968310140046e-05 -8.891365291680080e-06 -2.878029376893225e-06
4.046749078934019e-05 8.459075272174878e-06 -8.094492040234815e-06 -2.043181485758401e-06
5.524345397492331e-05 1.634368297665878e-05 -1.145727913901602e-05 -3.810379500628008e-06
5.147412189480509e-05 1.229843732455211e-05 -1.057723913103409e-05 -2.845671294882818e-06
4.776173959217310e-05 8.344836676190339e-06 -9.680947663192221e-06 -1.969623336081798e-06
6.287722836181492e-05 1.641562995255078e-05 -1.341569279445956e-05 -3.861675042799059e-06
5.903776057385756e-05 1.229739756047474e-05 -1.241644352924819e-05 -2.785121809083548e-06
5.524366298041089e-05 8.252154034526159e-06 -1.143268547863451e-05 -1.842954082299175e-06
7.063004155677060e-05 1.647182377669756e-05 -1.568657626145386e-05 -3.945117970079221e-06
6.673612924953663e-05 1.229662218394284e-05 -1.452306896819135e-05 -2.728159850248221e-06
6.287732851915384e-05 8.178365821149125e-06 -1.340113341799462e-05 -1.626727104603360e-06
7.847461047696878e-05 1.651509246537084e-05 -1.817784256408651e-05 -3.998006622183338e-06
7.453881666679057e-05 1.229609145034682e-05 -1.694892912045448e-05 -2.690108168545927e-06
7.063007313222122e-05 8.121002652413292e-06 -1.571617975679695e-05 -1.419824694230528e-06
8.638968261972597e-05 1.654795513590758e-05 -2.074647121236725e-05 -4.015892158877791e-06
8.242172937205780e-05 1.229563819516861e-05 -1.948422105866939e-05 -2.644867178981787e-06
7.847449246805154e-05 8.076769082458275e-06 -1.819093158059968e-05 -1.323829089466852e-06
9.435785070516661e-05 1.657183247237361e-05 -2.329950889587313e-05 -4.061764574859386e-06
9.036606733689190e-05 1.229530210638200e-05 -2.203458144364837e-05 -2.633652088060278e-06
8.638941379130632e-05 8.043040074736031e-06 -2.071613183385384e-05 -1.254157088966907e-06
1.023625953165687e-04 1.658737188489163e-05 -2.588314466778212e-05 -4.130206015960666e-06
9.835529941182785e-05 1.229505874091543e-05 -2.456238213888897e-05 -2.652862300288327e-06
9.435754562026069e-05 8.018424389881459e-06 -2.325868818063442e-05 -1.276239797650607e-06
1.195632675359416e-04 1.612453436203671e-05 -3.198234493099224e-05 -4.059168435501255e-06
1.184224693612536e-04 1.659702195061426e-05 -3.157778622541853e-05 -4.230221706912073e-06
1.059555406925478e-04 1.229490269215501e-05 -2.709265432169952e-05 -2.657061157490700e-06
1.103887452032452e-04 1.659526029248258e-05 -2.867658234474766e-05 -4.215665585727971e-06
1.023623904960461e-04 8.002431691862386e-06 -2.586741829105543e-05 -1.214643911082302e-06
1.200358062792645e-04 1.498380705774778e-05 -3.214905530222936e-05 -3.647967073219243e-06
1.173359237736002e-04 1.229484877326971e-05 -3.118135365227811e-05 -2.676573396475959e-06
1.103886949746603e-04 7.994379249926326e-06 -2.866896707597250e-05 -1.117653123516524e-06
1.200357367854259e-04 9.605942071980793e-06 -3.212881250275817e-05 -1.717633936534280e-06
1.184223912014115e-04 7.992727232449594e-06 -3.155909666130925e-05 -1.139890486418975e-06
1.195631927424799e-04 8.465215948942774e-06 -3.196218643719013e-05 -1.310363062129895e-06
