2.625226288012667e-05 -1.916930246936232e-06 -3.833408939942338e-05 5.119341194460527e-06
2.638279562010902e-05 -1.601700467470408e-06 -3.852575159471220e-05 4.661178653639203e-06
2.638277605055588e-05 -1.160451544853650e-07 -3.858316714998976e-05 2.548795386518965e-06
2.625224529140563e-05 1.991575937054532e-07 -3.840193076360462e-05 2.108348615996938e-06
2.593710980484538e-05 -2.047523598306031e-06 -3.787489581688815e-05 5.309829380605608e-06
2.534612076495000e-05 -8.588748832347784e-07 -3.707129316463481e-05 3.624272491984562e-06
2.593710448589063e-05 3.297367038843932e-07 -3.796183667570338e-05 1.926495133412070e-06
2.371752957174834e-05 -2.048535160072802e-06 -3.467526543997164e-05 5.319469533924366e-06
2.371763754649296e-05 3.304600770071004e-07 -3.477813883079979e-05 1.967266964963324e-06
2.249062479101383e-05 -8.592095188362017e-07 -3.298989586356908e-05 3.638646732532335e-06
2.149449719140051e-05 -2.049457563379955e-06 -3.149097941829487e-05 5.289811899545795e-06
2.149459355274536e-05 3.307976247735042e-07 -3.155950277879505e-05 1.943670330250273e-06
2.038209381511340e-05 -8.594724803825382e-07 -3.004179406085214e-05 3.676681703923385e-06
1.927135704482772e-05 -2.046610375040713e-06 -2.856657091334093e-05 5.185299300409044e-06
1.927137559037965e-05 3.273794397430152e-07 -2.850194910739884e-05 2.021339685778136e-06
1.816216856514066e-05 -8.596743120242009e-07 -2.709915928499287e-05 3.666576116445543e-06
1.705911157802496e-05 -2.036861252435833e-06 -2.581983953785913e-05 5.014235559421939e-06
1.705907291624546e-05 3.172920774347687e-07 -2.571595732758256e-05 2.199528245282786e-06
1.596031199057728e-05 -8.597768655033349e-07 -2.448757028595217e-05 3.667717331758905e-06
1.487242748230504e-05 -2.019079855934791e-06 -2.327813459321724e-05 4.942617491881383e-06
1.487280119589730e-05 2.988478701522579e-07 -2.309634434615473e-05 2.324402395684989e-06
1.379186654635979e-05 -8.599816605134891e-07 -2.204018606851599e-05 3.639193353512719e-06
1.272679185423193e-05 -1.992810686572467e-06 -2.084784903922506e-05 4.926257133574083e-06
1.272785575569545e-05 2.720793577989809e-07 -2.061547634957201e-05 2.420265628620506e-06
1.167247791503601e-05 -8.602219733658086e-07 -1.967815383016123e-05 3.593459488302624e-06
1.063856493702241e-05 -1.957206550797664e-06 -1.861838617249471e-05 4.870046633574289e-06
1.064000974105251e-05 2.364138206327073e-07 -1.846032690890942e-05 2.544912341208584e-06
9.618819290628114e-06 -8.604307359157547e-07 -1.740628373601784e-05 3.623706993962553e-06
8.626075430858313e-06 -1.910344589055278e-06 -1.650389934920076e-05 4.806230136781452e-06
8.627277104821325e-06 1.896199210993584e-07 -1.648857306019643e-05 2.644190371072562e-06
7.651120437844795e-06 -8.605818627338310e-07 -1.529246396187223e-05 3.650506131778071e-06
6.712403610592710e-06 -1.849967778473177e-06 -1.446144640884680e-05 4.854694164529643e-06
6.712788701719057e-06 1.292692651851699e-07 -1.462052608464265e-05 2.635231073828534e-06
5.795103614518418e-06 -8.605478279807623e-07 -1.333430922365305e-05 3.698489041006708e-06
4.923944156867236e-06 -1.774737639068667e-06 -1.236680615065213e-05 4.818673851559506e-06
4.923649287504958e-06 5.369797331840083e-08 -1.266773611433252e-05 2.629062706849684e-06
4.110966517013711e-06 -8.598112545231325e-07 -1.141720207553312e-05 3.743823732229778e-06
3.351076461062345e-06 -1.685904152607548e-06 -1.038811412020825e-05 4.774590789284596e-06
3.350238983087317e-06 -3.827244829442462e-08 -1.063572245653175e-05 2.601186106544230e-06
2.795801620872004e-06 -9.192305382818071e-07 -9.733941812138870e-06 3.862253756376720e-06
2.281826648484065e-06 -1.602346251653309e-06 -8.957663489365292e-06 4.762114266329766e-06
2.279409708043918e-06 -1.244538117889272e-07 -9.055040124313789e-06 2.602970902032919e-06
1.583788690028881e-06 -1.528952781021748e-06 -7.896836141092547e-06 4.768320456822257e-06
1.696592764889755e-06 -1.096699929617617e-06 -8.089802320704044e-06 4.161720613792392e-06
1.580099130467543e-06 -1.798411001104287e-07 -7.903053827379135e-06 2.679657552642721e-06
1.117110731995954e-06 -2.392108979376346e-07 -7.116801793897189e-06 2.765831977055078e-06
2.237564438708126e-07 -1.341918556159509e-07 1.288489357478157e-06 4.315599345536404e-07
2.280407243648016e-07 -1.444251864808003e-07 1.312788454241536e-06 3.710421342435123e-07
2.280427945863982e-07 -1.827991847877978e-07 1.302872802123829e-06 1.564882358101903e-07
2.237680520818857e-07 -1.930133424611224e-07 1.279617516125348e-06 1.026952198238739e-07
1.111493054072084e-06 -1.477013050428442e-06 -7.176458445878224e-06 4.745713072839388e-06
7.306216084842396e-07 -1.407919485838211e-06 -6.543053279874330e-06 4.697273531300897e-06
1.002883446278693e-06 -7.063566799779554e-07 -6.942208388500019e-06 3.543758852820165e-06
7.109121069416121e-07 -2.684000475946003e-07 -6.427430925355953e-06 2.816071654240463e-06
2.135483151795103e-07 -1.299998806720149e-07 1.229616960672994e-06 4.568978080212854e-07
2.031605208398408e-07 -1.721242428847736e-07 1.165814014921306e-06 2.137498845278112e-07
2.135497763303666e-07 -1.973492194584083e-07 1.225920996375149e-06 7.990959613177242e-08
5.954237749517220e-07 -1.037254689972109e-06 -6.317232340874656e-06 4.112169222224890e-06
3.829039012619840e-07 -1.287129410697120e-06 -5.937063851092074e-06 4.567053796649729e-06
8.498261758304925e-08 -1.149770354578428e-06 -5.347024397485977e-06 4.354936715870103e-06
4.810559015590466e-07 -5.787981915978552e-07 -6.073290075676299e-06 3.324772574856442e-06
3.675381456657954e-07 -2.533587868423784e-07 -5.900615773446517e-06 2.787179062267041e-06
1.440309086033507e-07 -1.294602620250567e-07 7.884587740066391e-07 4.705027801963758e-07
1.437507376685070e-07 -1.992532022447229e-07 8.075634169569750e-07 7.008206664431695e-08
1.078679318031995e-07 -1.647675669974438e-07 5.823162942677948e-07 2.871142338416400e-07
-1.571800162874987e-07 -9.755833421164640e-07 -4.873399127508176e-06 4.058852819478146e-06
3.134284733266257e-08 -8.207095170676301e-07 -5.241949994848725e-06 3.779066723050765e-06
1.268788137108352e-07 -4.570330042506596e-07 -5.478397216813833e-06 3.141174039015886e-06
7.994366501166783e-08 -2.072899016674134e-07 -5.450074626454221e-06 2.661004056276180e-06
6.876974984338709e-08 -1.235440762988124e-07 3.472343198478375e-07 5.496316828985441e-07
6.854331629886427e-08 -2.068230454199320e-07 3.206158634915272e-07 4.801326099345402e-08
2.379899870500882e-08 -1.656291385723446e-07 4.310959850017144e-08 2.979851107066299e-07
-3.587706479311839e-07 -8.008624874635055e-07 -4.485655660998051e-06 3.776785828355182e-06
-5.001231340312357e-07 -6.306420154628572e-07 -4.184427812523564e-06 3.511168651045238e-06
-1.844847835867360e-07 -4.132194913307388e-07 -4.868263697412920e-06 3.079050753007273e-06
-1.501465994840024e-07 -1.319921122532836e-07 -5.040079972768220e-06 2.441330257454976e-06
-2.776108061882858e-08 -1.100063989938653e-07 -2.914696842033527e-07 6.382455638006477e-07
-2.806293694825347e-08 -2.222510018300555e-07 -2.726558689332001e-07 -2.068661778773412e-08
-4.622255620148718e-07 -4.165891245054293e-07 -4.286946698516767e-06 3.107450152745128e-06
-5.888343955452358e-07 -4.550340880360406e-07 -3.857603159875094e-06 3.215684233636213e-06
-4.106231728513127e-07 -2.275405978354031e-07 -4.482186611108722e-06 2.668647325817245e-06
-3.251027553799720e-07 -6.329920868475487e-08 -4.813708498373141e-06 2.193047796224674e-06
-8.518460624105387e-08 -1.666461885259882e-07 -6.355501615681127e-07 3.115848305899221e-07
-1.529524960769730e-07 -9.051088078132348e-08 -1.065726512017484e-06 7.835102222860150e-07
-1.534281141058543e-07 -2.437261954363268e-07 -1.041599799737438e-06 -1.631327091701979e-07
-6.507731272954136e-07 -2.985487782784441e-07 -3.563709976846363e-06 2.900739613894511e-06
-6.574936203757921e-07 -1.874051183975046e-07 -3.331911673470709e-06 2.586518161813324e-06
-6.254933649659885e-07 -9.240312632207680e-08 -3.139128910618151e-06 2.244884010198899e-06
-5.066153933971600e-07 -9.699165403298675e-08 -4.204650314874100e-06 2.307275686123472e-06
-4.521400724038334e-07 -2.035175555488188e-08 -4.597507371049505e-06 1.807992460261609e-06
-2.078266879443855e-07 -1.678186322347796e-07 -1.381234811929341e-06 3.329844823144883e-07
-2.745336854686613e-07 -7.120529445179364e-08 -1.736223725668571e-06 8.929337589129755e-07
-2.740218355685774e-07 -2.639559411858917e-07 -1.797150413080394e-06 -2.519109253317652e-07
-6.064497139207763e-07 -8.071910245917089e-08 -3.534676304129783e-06 2.241227220959806e-06
-5.845459937516869e-07 -3.853468432245614e-08 -2.975471633228629e-06 1.834702943906101e-06
-4.060887986985860e-07 -5.291305314352750e-08 -2.421110532630072e-06 9.982121748690744e-07
-4.593883088798112e-07 -4.147857077476453e-08 -2.641635388968565e-06 1.109472367367903e-06
-5.056689625029841e-07 -2.803523260730171e-08 -2.783307649911735e-06 1.317128522761938e-06
-5.618478851515734e-07 -1.844628306515887e-08 -3.946529999480116e-06 1.750213472204662e-06
-5.533177583857118e-07 -1.316016415336377e-08 -4.369859063400220e-06 1.329571524604601e-06
-3.356641250756840e-07 -1.557560849956702e-07 -2.111806419635595e-06 3.907814721233132e-07
-3.593106105457457e-07 -2.753773300874555e-07 -2.390958118736316e-06 -3.555837705831146e-07
-5.662678353021034e-07 -1.165864382250049e-08 -3.257925787730536e-06 1.493408811681354e-06
-4.393466951909561e-07 -9.879548434573175e-08 -2.625949831259450e-06 6.900378665057264e-07
-5.009034184769749e-07 -4.874964999220156e-08 -2.882355439326690e-06 1.045490106406401e-06
-5.791489055850171e-07 -1.505896338156196e-08 -3.778117998568147e-06 1.236586165750437e-06
-6.349004379220224e-07 -5.185103492894403e-08 -4.255011382785313e-06 8.649857919092582e-07
-4.018623443505197e-07 -2.048811272490063e-07 -2.593598412633394e-06 2.815310167680065e-08
-3.656601899639933e-07 -2.942127963299711e-07 -2.537323208169099e-06 -4.592376878192417e-07
-5.440462010856062e-07 -8.307507300058479e-08 -3.300651497218790e-06 5.959404065753021e-07
-6.872866847364000e-07 -1.244933241399628e-07 -4.241002796587650e-06 3.526040431580977e-07
-7.875210419997912e-07 -2.377387763354858e-07 -4.400071462813161e-06 -2.169166910452651e-07
-4.440914503164790e-07 -2.565413580429835e-07 -2.936898505205776e-06 -3.175531149733733e-07
-3.603359525539532e-07 -3.513958322310595e-07 -2.618950460671837e-06 -6.918520694056836e-07
-3.384658756736382e-07 -5.421332464290028e-07 -2.733746083818643e-06 -1.339828150566002e-06
-6.459656529789009e-07 -2.281338463722239e-07 -3.814186060181202e-06 -2.639886039781702e-07
-3.426523761539939e-07 -7.830502461210342e-07 -2.933889281156841e-06 -1.959617495387648e-06
-9.162183044382493e-07 -3.713575377695317e-07 -4.665461761175339e-06 -8.017247834472113e-07
-4.878711523755585e-07 -5.311226020588496e-07 -3.287873961490094e-06 -1.354636830641575e-06
-7.688174234967676e-07 -5.494755776026551e-07 -4.147377209712562e-06 -1.405740766597611e-06
-4.083303695327494e-07 -1.037331650829092e-06 -3.205862098816583e-06 -2.560957390268063e-06
-1.099778837675397e-06 -5.509587515198554e-07 -4.974594250935761e-06 -1.401082288617600e-06
-1.014354923519422e-06 -7.755580920770000e-07 -4.684162451151085e-06 -2.007457456803851e-06
-7.461920483502686e-07 -9.363087139345052e-07 -4.054195072368273e-06 -2.366500241776130e-06
-5.192296499393887e-07 -1.330885717613636e-06 -3.546157602865808e-06 -3.198812720768240e-06
-7.080063983419541e-07 -1.641549384344053e-06 -4.000349145691360e-06 -3.817266455011321e-06
-1.360497178760802e-06 -7.465093928128323e-07 -5.379541951648287e-06 -1.980742518884464e-06
-1.212009849089006e-06 -1.083915208947819e-06 -5.052605130710475e-06 -2.743329575068857e-06
-1.026585821294405e-06 -1.528961974926320e-06 -4.675454975682719e-06 -3.611637387240039e-06
-9.444538316125768e-07 -1.961477823647785e-06 -4.521538039972160e-06 -4.339543680100552e-06
-1.689007035848759e-06 -9.498515874832976e-07 -5.924608988939205e-06 -2.546479493544565e-06
-1.604270859312938e-06 -1.538800363939714e-06 -5.759115818286622e-06 -3.626552335335940e-06
-1.254697062005724e-06 -2.257996269532194e-06 -5.126070320062453e-06 -4.790328511498743e-06
-1.641888991193918e-06 -2.540199551294137e-06 -5.788593300374689e-06 -5.173390252751118e-06
-2.081831667784527e-06 -2.801189520950264e-06 -6.523057202132444e-06 -5.509018263240491e-06
-2.104493050406882e-06 -1.678886730200580e-06 -6.526440799025413e-06 -3.846045146375845e-06
-2.093733386616890e-06 -1.143809987717519e-06 -6.518454045208442e-06 -2.976176885828949e-06
-2.000228167763299e-06 -2.255939414393681e-06 -6.401168716428882e-06 -4.707005266247062e-06
-2.588311666681076e-06 -3.001783035950517e-06 -7.325990820750641e-06 -5.749201322513850e-06
-3.148381043788391e-06 -3.153645543387656e-06 -8.040147549782831e-06 -5.884189932271902e-06
-2.536006346888374e-06 -1.802435626568501e-06 -7.161203030562213e-06 -4.048248709443174e-06
-2.580931318633720e-06 -1.283907435908251e-06 -7.199258466071983e-06 -3.272612862246424e-06
-3.740089841026706e-06 -3.236497692080070e-06 -8.747844734223232e-06 -5.937639276074992e-06
-3.055123293748926e-06 -2.320078270730152e-06 -7.941623470304780e-06 -4.831711502457357e-06
-3.131034119838516e-06 -1.354241096390800e-06 -7.953194015646886e-06 -3.483206601154381e-06
-3.865971689236412e-06 -2.419993728642898e-06 -8.924383193072486e-06 -4.954508504458554e-06
-4.442935930507921e-06 -3.293416524122505e-06 -9.558346959176402e-06 -5.905268390233215e-06
-3.723815562549147e-06 -1.357975420308015e-06 -8.741653214012643e-06 -3.601785684712586e-06
-5.457464303312285e-06 -3.349825399224535e-06 -1.066981889937260e-05 -5.876762718947277e-06
-4.632805095336652e-06 -1.941249561052855e-06 -9.842512470793557e-06 -4.401369778244579e-06
-4.439716907197415e-06 -1.301915156746438e-06 -9.587093713373123e-06 -3.643587066178825e-06
-6.962668595050119e-06 -3.434274813779405e-06 -1.203488747439998e-05 -5.782937685710738e-06
-6.194006807825729e-06 -2.210206420056389e-06 -1.144354591167680e-05 -4.746898115282665e-06
-5.458841594910771e-06 -1.230260054920339e-06 -1.070652201026624e-05 -3.743582085259638e-06
-9.101869445912025e-06 -3.523264362927761e-06 -1.361751556991058e-05 -5.714403074805411e-06
-8.007513436680033e-06 -2.295411003364138e-06 -1.288172456051604e-05 -4.851407403175091e-06
-6.963354064588766e-06 -1.150701822184568e-06 -1.211335231760769e-05 -3.926879737584327e-06
-1.147306142981283e-05 -3.597702249147203e-06 -1.505919616630938e-05 -5.695116965588594e-06
-1.026496377936619e-05 -2.295718428470524e-06 -1.435233511804734e-05 -4.894145207421076e-06
-9.101945843405861e-06 -1.066864193636186e-06 -1.364937103988499e-05 -4.062301304356759e-06
-1.396834749463651e-05 -3.660483700006902e-06 -1.653951787764755e-05 -5.715927814631907e-06
-1.270122537263930e-05 -2.296342643106819e-06 -1.574584733881599e-05 -4.901831016089585e-06
-1.147294261944073e-05 -9.943345329169452e-07 -1.504442926451029e-05 -4.143512860939966e-06
-1.657061668369465e-05 -3.713865137206166e-06 -1.820480768902904e-05 -5.850069545560549e-06
-1.525284240082220e-05 -2.296637106883797e-06 -1.725946372744452e-05 -4.908163877060466e-06
-1.396828132030884e-05 -9.325338757033030e-07 -1.644879025626082e-05 -4.084485942564232e-06
-1.926408847999609e-05 -3.759559870929420e-06 -2.004326883683649e-05 -5.920890827713868e-06
-1.790305540058778e-05 -2.296804089262704e-06 -1.901813842846354e-05 -4.877335987006090e-06
-1.657046582613866e-05 -8.796461554724944e-07 -1.808684387158158e-05 -3.941796437682431e-06
-2.203547211210442e-05 -3.797773892526528e-06 -2.217032155581439e-05 -6.050386030862819e-06
-2.063773520159433e-05 -2.296817853637158e-06 -2.099384233013309e-05 -4.844363924658688e-06
-1.926399663535106e-05 -8.340838448999317e-07 -1.997358232939967e-05 -3.792587853171677e-06
-2.487232003744739e-05 -3.828812894253462e-06 -2.463265084610895e-05 -6.168834879520390e-06
-2.344407676657383e-05 -2.296636750258058e-06 -2.330754734229572e-05 -4.829701567968934e-06
-2.203557450117622e-05 -7.956450461770882e-07 -2.211482851217396e-05 -3.624596897017158e-06
-2.776110150015362e-05 -3.852106442793436e-06 -2.718720984723685e-05 -6.165673632874750e-06
-2.630945395873519e-05 -2.296345325724820e-06 -2.584829008199162e-05 -4.833039215329718e-06
-2.487264359311504e-05 -7.641036033499241e-07 -2.453048803126101e-05 -3.488479314590466e-06
-3.068521955769132e-05 -3.866664612460803e-06 -2.973013049689503e-05 -6.061179691077962e-06
-2.921875876684393e-05 -2.296119600917521e-06 -2.842221699432787e-05 -4.795062092847255e-06
-2.776139302569577e-05 -7.403929697559862e-07 -2.711140618805811e-05 -3.444758095800245e-06
-3.699679712247786e-05 -3.701294297917509e-06 -3.467585837679968e-05 -5.828889392090436e-06
-3.657808135969884e-05 -3.874691796881017e-06 -3.433659165994665e-05 -5.968155688336515e-06
-3.200193032327200e-05 -2.295908074458281e-06 -3.074230376268909e-05 -4.774425155313978e-06
-3.362886453343103e-05 -3.873320335314555e-06 -3.203408310179044e-05 -5.986030084890528e-06
-3.068534922494954e-05 -7.254133812775863e-07 -2.961049682996983e-05 -3.462440550286471e-06
-3.717023919693893e-05 -3.282638854127881e-06 -3.481602947695569e-05 -5.490041376119255e-06
-3.617909487476839e-05 -2.295674526394251e-06 -3.400959332811922e-05 -4.697200660718064e-06
-3.362890419448896e-05 -7.182646166266849e-07 -3.202991556196386e-05 -3.469810863559012e-06
-3.717021123346506e-05 -1.308717025358182e-06 -3.478025784946086e-05 -3.921790078129981e-06
-3.657806964261347e-05 -7.166940620459126e-07 -3.430589343580367e-05 -3.457417848927179e-06
-3.699677236414961e-05 -8.900816642333894e-07 -3.464053684519167e-05 -3.593156379057812e-06
