5.559382869967434e-05 -7.338190840746094e-06 2.244094880991156e-05 -3.189444603987247e-06
5.583357894332100e-05 -6.759427796246992e-06 2.244325520798041e-05 -3.167832509043593e-06
5.583325660006277e-05 -4.030668373462175e-06 2.240030010296682e-05 -2.993625938686979e-06
5.559345171525524e-05 -3.451804074048858e-06 2.239301353723181e-05 -2.973411645901969e-06
5.501501810265513e-05 -7.577907947572764e-06 2.242780348650048e-05 -3.199382072611172e-06
5.392887224970986e-05 -5.394930204590120e-06 2.231559427965005e-05 -3.070470723831203e-06
5.501454176221495e-05 -3.212035109749513e-06 2.237508073379157e-05 -2.963637992595839e-06
5.093906176043102e-05 -7.576613061781973e-06 2.217326341256247e-05 -3.242991284247319e-06
5.093827299791143e-05 -3.212330210572518e-06 2.207403868317585e-05 -2.859315326279352e-06
4.868927708360925e-05 -5.394103558378071e-06 2.194285316764316e-05 -3.058339791953084e-06
4.686650842656158e-05 -7.571825151324091e-06 2.178093657628917e-05 -3.307653233445864e-06
4.686526092476579e-05 -3.215044899152208e-06 2.147234394261595e-05 -2.686723318161067e-06
4.483213826869927e-05 -5.392711652867556e-06 2.146458466248358e-05 -3.049029504824571e-06
4.280341132468033e-05 -7.562452165494353e-06 2.104691147269002e-05 -3.483843497320757e-06
4.280205469977778e-05 -3.220942262471446e-06 2.070229988642068e-05 -2.512896800459104e-06
4.077606620847804e-05 -5.390935954077322e-06 2.064030159945439e-05 -3.022703122328210e-06
3.875836254802935e-05 -7.547283010912278e-06 1.997363242629434e-05 -3.673635543916999e-06
3.875658748548070e-05 -3.232285787448228e-06 1.968467513153884e-05 -2.402771904380014e-06
3.674347249827875e-05 -5.388802310716006e-06 1.951450306172126e-05 -2.990577385889729e-06
3.474368911084392e-05 -7.523630502259867e-06 1.862985494828759e-05 -3.797591889919430e-06
3.474207633663366e-05 -3.251984421560610e-06 1.851012562309619e-05 -2.323664103791006e-06
3.274959992350072e-05 -5.386746038654701e-06 1.808704010932785e-05 -2.977106806602144e-06
3.077751523493070e-05 -7.488719007907903e-06 1.704004544173743e-05 -3.936658246683098e-06
3.077595860796558e-05 -3.282907322513012e-06 1.699362781212887e-05 -2.202412087482899e-06
2.881535010095577e-05 -5.384590765745528e-06 1.638585569175312e-05 -2.996819368938583e-06
2.688410553356769e-05 -7.439132070653984e-06 1.522254656219799e-05 -4.117003929760241e-06
2.688284452337831e-05 -3.328276649662168e-06 1.531180006554772e-05 -2.103514356486371e-06
2.496845991359620e-05 -5.382476914763044e-06 1.444100791696019e-05 -3.057015596652612e-06
2.309439581408743e-05 -7.372175853285250e-06 1.323236455462336e-05 -4.205400662188564e-06
2.309365287816562e-05 -3.391054729466245e-06 1.345962795662756e-05 -2.056604662105188e-06
2.124220489990483e-05 -5.380496160802457e-06 1.233911216604470e-05 -3.116726447067924e-06
1.944299548616170e-05 -7.287199286891832e-06 1.130065726188722e-05 -4.200412456007963e-06
1.944243188655096e-05 -3.471939529381988e-06 1.146684104038873e-05 -2.026517322097928e-06
1.767120427007296e-05 -5.378494488389216e-06 1.025538015355071e-05 -3.192261210886430e-06
1.596242559144955e-05 -7.185510520887124e-06 9.426829450281300e-06 -4.180693339932970e-06
1.596145015452001e-05 -3.569674360375928e-06 9.485481347745437e-06 -2.197806459064148e-06
1.435167883956156e-05 -5.375775276101223e-06 8.434344165602172e-06 -3.268930889443980e-06
1.280917177342443e-05 -7.071774339464665e-06 7.705540819462149e-06 -4.159707961412084e-06
1.280756454474847e-05 -3.683565515445451e-06 7.702217391344702e-06 -2.356840333598352e-06
1.167023583045787e-05 -5.500811027626135e-06 7.049691206373243e-06 -3.367911095604175e-06
1.057238744184191e-05 -6.969225655395055e-06 6.488211750555782e-06 -4.137427479115143e-06
1.056874413046273e-05 -3.786242660299362e-06 6.499639364885268e-06 -2.520325820293233e-06
9.040018880112854e-06 -6.882412359952185e-06 5.697638379223665e-06 -4.093056430567800e-06
9.312129606791624e-06 -5.897993355519904e-06 5.837303869964232e-06 -3.596625925887661e-06
9.035389501437155e-06 -3.850105080151672e-06 5.746631450763791e-06 -2.608135174093728e-06
7.973461484013909e-06 -3.917380563043269e-06 5.212335624968342e-06 -2.668225560751196e-06
-9.342015568067467e-07 -1.047852004601978e-06 -9.169216886835723e-07 -4.927068543871993e-07
-9.528407784340002e-07 -1.002668202645619e-06 -9.265386218823760e-07 -4.684455648269720e-07
-9.526043526652488e-07 -8.358070241502886e-07 -9.203885917394398e-07 -3.777281261788819e-07
-9.341243043347632e-07 -7.919058000420015e-07 -9.095571069717439e-07 -3.531638950468378e-07
7.967290489191854e-06 -6.822344808727426e-06 5.133783379513361e-06 -4.039060613230575e-06
7.047110819997638e-06 -6.715652879195953e-06 4.763386420674078e-06 -3.973287699112600e-06
7.735705594935803e-06 -5.010261183969169e-06 5.078027222690852e-06 -3.208808163676038e-06
7.026181081577153e-06 -3.906409110479927e-06 4.758848445055080e-06 -2.681181014974640e-06
-8.893136088880863e-07 -1.066757372568238e-06 -8.930057159686599e-07 -5.030030199977420e-07
-8.446957577417490e-07 -8.839399312686919e-07 -8.610899939902108e-07 -4.026059712863916e-07
-8.901329134793103e-07 -7.739233324584993e-07 -8.853790662502563e-07 -3.419740878386785e-07
6.739239930493484e-06 -5.832365742953085e-06 4.639841494287546e-06 -3.585340407448639e-06
6.169768538480344e-06 -6.495853776313513e-06 4.386938072074271e-06 -3.895239876555195e-06
5.360618669423853e-06 -6.203114237619789e-06 4.024541053135296e-06 -3.783154087767647e-06
6.463379912230994e-06 -4.669296422228755e-06 4.518158333091106e-06 -3.039846950314258e-06
6.164520054835912e-06 -3.759314296372857e-06 4.402398738795093e-06 -2.637118797200946e-06
-5.868801658020926e-07 -1.074561095230688e-06 -7.077309539148331e-07 -4.927814901689802e-07
-5.875003912604231e-07 -7.711192619473654e-07 -6.916315221030526e-07 -3.228712016525191e-07
-4.301670803560900e-07 -9.242504590310795e-07 -6.153214277313620e-07 -3.921897811347246e-07
4.631122550860647e-06 -5.816397690267698e-06 3.696138660687170e-06 -3.618957043875155e-06
5.238998288306426e-06 -5.342076087920717e-06 3.978000422931661e-06 -3.390259812244231e-06
5.511852636562135e-06 -4.308361264169054e-06 4.108572202492931e-06 -2.914823380253689e-06
5.394245647291341e-06 -3.494561095935364e-06 4.075788012907077e-06 -2.516275487232610e-06
-2.591876775422286e-07 -1.106224001707103e-06 -5.245899796664472e-07 -4.975834166232108e-07
-2.601159617849092e-07 -7.453200063028914e-07 -5.280049560159922e-07 -2.792891670041908e-07
-6.513649635704360e-08 -9.273508818512710e-07 -3.884453883018888e-07 -3.835538695734196e-07
3.971244435022399e-06 -5.377886253027627e-06 3.390524879764588e-06 -3.423267107679421e-06
3.407496364020083e-06 -4.895636176972084e-06 3.092407768991518e-06 -3.230892929442558e-06
4.580901576151062e-06 -4.158480067764518e-06 3.696921027313339e-06 -2.875211682651942e-06
4.730732816703620e-06 -3.121019565730582e-06 3.809796665527187e-06 -2.302274283330247e-06
1.587840144960366e-07 -1.170979208212151e-06 -1.750664863173066e-07 -6.315285372945721e-07
1.578688057324344e-07 -6.869684793243429e-07 -1.687447713802856e-07 -1.048667621338488e-07
3.552688444121128e-06 -4.196807979190808e-06 3.172083365470228e-06 -2.915341904983338e-06
2.936902758236041e-06 -4.362801325089176e-06 2.788732820068962e-06 -3.014378210382902e-06
3.784687083927639e-06 -3.456455522452992e-06 3.322527086813776e-06 -2.508972500202464e-06
4.183601935813523e-06 -2.686429695865863e-06 3.587038451172392e-06 -2.013772546312949e-06
4.045954516057953e-07 -9.305945885085921e-07 8.180125636535523e-08 -3.376204710809350e-07
6.978638185502803e-07 -1.262263875685409e-06 3.872697801809680e-07 -6.932553471396085e-07
6.962401827900362e-07 -6.012531891407536e-07 4.182854746129839e-07 7.354990348193332e-08
2.536544768432290e-06 -3.810234089355496e-06 2.504526892686156e-06 -2.760396369627658e-06
2.240970905238011e-06 -3.270804149139351e-06 2.207420505058508e-06 -2.383726112033838e-06
2.035739660480588e-06 -2.717927994049170e-06 1.976667248333893e-06 -1.980641821904466e-06
3.321668689827869e-06 -2.825500149027270e-06 3.025066522100164e-06 -2.094701389275598e-06
3.755564609386546e-06 -2.222581837126192e-06 3.358406208260327e-06 -1.622543065312346e-06
9.323697442701352e-07 -9.347182554857369e-07 6.661542487379306e-07 -2.977208071893797e-07
1.220612883875341e-06 -1.350451709751072e-06 9.683476358501727e-07 -7.524317772207163e-07
1.220318831632640e-06 -5.130640223233309e-07 9.457633898290714e-07 1.282938785051041e-07
2.538185095165599e-06 -2.707952561692414e-06 2.415656119124701e-06 -1.988263117158846e-06
1.893293303962642e-06 -2.182614100690572e-06 1.803471783799080e-06 -1.561822040507828e-06
1.676587466576761e-06 -1.423271261705376e-06 1.456051468847084e-06 -8.502204689776668e-07
1.797172252970452e-06 -1.501348430959516e-06 1.623328503861123e-06 -9.452219216295968e-07
1.847205172680413e-06 -1.668450008617264e-06 1.710822907079141e-06 -1.123306159084426e-06
3.008447450545157e-06 -2.157936648211648e-06 2.798111380384824e-06 -1.572113629960693e-06
3.432417825048984e-06 -1.756510200809462e-06 3.188170721112094e-06 -1.224130799410907e-06
1.477852548591179e-06 -9.990331301139232e-07 1.217371432859850e-06 -3.851741139590398e-07
1.715843400363443e-06 -4.470265861005024e-07 1.435982254456540e-06 2.323779149177598e-07
2.245812568451216e-06 -1.812655532327208e-06 2.097727383483290e-06 -1.267406943659053e-06
1.824340694678475e-06 -1.199302463028166e-06 1.624995695989508e-06 -6.062826858594708e-07
1.968468589669080e-06 -1.445755090987106e-06 1.815248661968907e-06 -8.921283094192020e-07
2.801505544704443e-06 -1.615266889370588e-06 2.616269404283952e-06 -1.088783274183570e-06
3.217073290671719e-06 -1.315445084554949e-06 3.075091689801098e-06 -7.605942577473668e-07
1.865747712806986e-06 -7.237258913360116e-07 1.608999636241374e-06 -7.839310510945491e-08
1.871521430303525e-06 -3.783634739947159e-07 1.555851420676621e-06 3.337692236326855e-07
2.366200034096183e-06 -1.071045020483755e-06 2.184272774807389e-06 -5.209547849488030e-07
3.124533541208245e-06 -9.004224031972368e-07 3.059221756533268e-06 -3.408238451101547e-07
3.094703833360005e-06 -5.240657448007954e-07 3.188286861981716e-06 1.369473347668902e-07
2.163710348992335e-06 -4.614021487752035e-07 1.899636912137175e-06 2.203822311331268e-07
1.969069611323863e-06 -2.434404848507700e-07 1.620947135775756e-06 5.492894625364065e-07
2.101067804334042e-06 1.044539533565272e-07 1.706247839705489e-06 1.139140804878094e-06
2.739597221955362e-06 -4.581332478181243e-07 2.670053660616682e-06 1.824235956518005e-07
2.270517985849619e-06 4.000290489093035e-07 1.870838677549486e-06 1.722162251520697e-06
3.140549712700940e-06 -1.587098240930156e-07 3.419726034212317e-06 6.498605778047159e-07
2.431808434222152e-06 1.298075601170450e-07 2.206714038670238e-06 1.144884665401737e-06
2.874606618352492e-06 1.539492441166478e-07 2.970281432881449e-06 1.179707781467160e-06
2.451699274996806e-06 6.642601971363181e-07 2.114902458821115e-06 2.291481628055404e-06
3.232893756209625e-06 1.542516448598208e-07 3.737062849227602e-06 1.169797276631803e-06
3.105595805847211e-06 4.275315370848069e-07 3.497259386617527e-06 1.731458616663408e-06
2.854854623649817e-06 5.830427840761242e-07 2.908918742644108e-06 2.083850170871305e-06
2.651819900680911e-06 8.775801222302208e-07 2.432803247059419e-06 2.895876081616205e-06
2.849442057290038e-06 1.048751122657327e-06 2.888130431599147e-06 3.514066083493956e-06
3.351327746399125e-06 4.215691803848080e-07 4.203862858887081e-06 1.703250668735603e-06
3.236238457489216e-06 6.931698417806388e-07 3.902908948856813e-06 2.436510852039895e-06
3.109083854358540e-06 9.731726925981098e-07 3.563114716176515e-06 3.300478488772184e-06
3.057271261756837e-06 1.176532147633533e-06 3.413329536100052e-06 4.068956731049926e-06
3.491547851745167e-06 6.334227125881376e-07 4.774756578179537e-06 2.219095520038202e-06
3.439071364324073e-06 9.627818330802314e-07 4.623590236147647e-06 3.309647583699929e-06
3.256062185573054e-06 1.276465878121810e-06 4.014910553438374e-06 4.551749498600123e-06
3.437992918032277e-06 1.339061752415563e-06 4.673500954743464e-06 4.946103114056066e-06
3.611221350883252e-06 1.364499443431658e-06 5.394432646063347e-06 5.298488994806827e-06
3.635216333087019e-06 1.023545506595988e-06 5.459037376660026e-06 3.537194433387760e-06
3.638573600190645e-06 7.890216199386179e-07 5.442637887097123e-06 2.636981571576918e-06
3.601072984797302e-06 1.223454017733954e-06 5.285754968216503e-06 4.465799091449938e-06
3.762326045496578e-06 1.375039919432268e-06 6.184380993934467e-06 5.563628995598765e-06
3.891296245471227e-06 1.361119807383145e-06 7.026316549464184e-06 5.725743318226696e-06
3.768279957985414e-06 1.073196894541770e-06 6.159328234261994e-06 3.749400589664865e-06
3.776493261310610e-06 9.062517283406920e-07 6.208884794264613e-06 2.948072125874088e-06
4.006626165676127e-06 1.335033628640185e-06 7.870991654926127e-06 5.785917645068979e-06
3.896982761809424e-06 1.201592237123407e-06 6.938068544402844e-06 4.514275271645146e-06
3.903336893778790e-06 9.888101556219783e-07 7.021405830006457e-06 3.175197484527776e-06
4.035725406503179e-06 1.210391766975551e-06 8.041601133038283e-06 4.667277499972186e-06
4.098803799916786e-06 1.296045936975059e-06 8.826919219272856e-06 5.813304787008628e-06
4.017234525935596e-06 1.030028672712564e-06 7.832280130183080e-06 3.260315787882057e-06
4.192346122246687e-06 1.256127777119148e-06 1.007451288859219e-05 5.851617106125578e-06
4.135556196188411e-06 1.149918485839839e-06 9.054453412363856e-06 4.066169549221558e-06
4.101242338792258e-06 1.067590460973674e-06 8.786799056670955e-06 3.231767456652874e-06
4.240170666779495e-06 1.193688320270467e-06 1.178110547695212e-05 5.936263673594752e-06
4.234403094494177e-06 1.179375757852019e-06 1.090797818854472e-05 4.462038410823607e-06
4.191531060061380e-06 1.117714781573079e-06 1.003653567442952e-05 3.210577668280156e-06
4.186090344428719e-06 1.124262249159126e-06 1.428800372677774e-05 6.053297540803623e-06
4.232568448774136e-06 1.182650904970137e-06 1.301422199840171e-05 4.619276071121436e-06
4.239773499596870e-06 1.176278224696543e-06 1.178420937768280e-05 3.226420388806954e-06
4.015263895968880e-06 1.062856693775961e-06 1.717038092702333e-05 6.274242905075678e-06
4.119234067006514e-06 1.181880818407565e-06 1.568953866625909e-05 4.633409902883936e-06
4.186065703861014e-06 1.240967915405848e-06 1.432338544367667e-05 3.141275770292183e-06
3.739760636510707e-06 1.008733152514411e-06 2.031273076159205e-05 6.307262966875588e-06
3.894271109808799e-06 1.180627828523296e-06 1.871514730140212e-05 4.680301381279558e-06
4.015483980463193e-06 1.299563412827967e-06 1.717920233558112e-05 3.063154471063779e-06
3.371873527049148e-06 9.616795580122784e-07 2.329846114086610e-05 6.251454783502061e-06
3.570466999483302e-06 1.179234310720442e-06 2.179805894608997e-05 4.681099870519955e-06
3.740253568866194e-06 1.351045646971433e-06 2.024159095912258e-05 3.064000497738955e-06
2.926157807284607e-06 9.232127381731338e-07 2.611993078849277e-05 6.213444247264470e-06
3.160980704611650e-06 1.177808286600289e-06 2.469469743520044e-05 4.714716355236313e-06
3.372478575066483e-06 1.395378212131674e-06 2.322081868678026e-05 3.150638867940458e-06
2.419524960159226e-06 8.938594100967485e-07 2.884347648843044e-05 6.222923187990897e-06
2.681796362289185e-06 1.176473026788131e-06 2.746629341509601e-05 4.732144468745186e-06
2.926691127126194e-06 1.431219027333075e-06 2.606003880973064e-05 3.209589443205209e-06
1.869478943558943e-06 8.732095766302922e-07 3.171285698041011e-05 6.281447960393933e-06
2.150561082368446e-06 1.175177509686349e-06 3.021498753273410e-05 4.727235006704551e-06
2.419889357219528e-06 1.457888450799048e-06 2.881153838530467e-05 3.238902151829206e-06
1.290626155954690e-06 8.593395587524920e-07 3.459274889916438e-05 6.255401873519805e-06
1.584031382963575e-06 1.174116705401292e-06 3.312201620152956e-05 4.745249284914658e-06
1.869703004266096e-06 1.476096158398758e-06 3.161775316771365e-05 3.201572278550681e-06
6.933114248444603e-07 8.504727764652350e-07 3.728102080040512e-05 6.146180298320314e-06
9.944687053333488e-07 1.173204674165357e-06 3.594188794546570e-05 4.758309863313549e-06
1.290827139571873e-06 1.487949861708612e-06 3.452122395935229e-05 3.240960732834151e-06
-6.130712238599467e-07 8.805903047912350e-07 4.236701528694331e-05 5.877258909735932e-06
-5.262933623532402e-07 8.446729800039000e-07 4.204317796956599e-05 6.013757169367310e-06
4.222604954548570e-07 1.172461526842727e-06 3.838207101611471e-05 4.769284083523798e-06
8.547919514795085e-08 8.458126191294133e-07 3.974359489135667e-05 6.031407910757851e-06
6.935852659182698e-07 1.495078458463999e-06 3.720289734234712e-05 3.366788707432049e-06
-6.490188556073205e-07 9.673282011968942e-07 4.250025596919789e-05 5.548012012683159e-06
-4.434105023127371e-07 1.171942145440301e-06 4.172240427099843e-05 4.768259581806108e-06
8.561681886645817e-08 1.498571114045647e-06 3.971706255294686e-05 3.480093950708421e-06
-6.489981273144069e-07 1.376532829981137e-06 4.246534020415357e-05 4.009999933966359e-06
-5.262344497783480e-07 1.499240022004222e-06 4.200502377289979e-05 3.546079425494762e-06
-6.130392355337914e-07 1.463304634967381e-06 4.233028423011302e-05 3.683014222784858e-06
