8.400201420328332e-06 2.561707781430514e-07 4.511714836168485e-05 -7.435840568189856e-06
8.466433677802284e-06 4.160513263266736e-07 4.536395459012347e-05 -6.851512016450560e-06
8.466199477075552e-06 1.170036294908910e-06 4.542162036368283e-05 -3.953479592404838e-06
8.399939014885991e-06 1.329935539218520e-06 4.517759175038621e-05 -3.358188457763595e-06
8.240294674636740e-06 1.899557808671162e-07 4.452419719174410e-05 -7.676451380241621e-06
7.940001291294752e-06 7.931069896242262e-07 4.336203385749145e-05 -5.413862849877794e-06
8.239995588622018e-06 1.396160470932227e-06 4.458202675327420e-05 -3.113317642276267e-06
7.113939952696448e-06 1.905972817064679e-07 4.023847864598385e-05 -7.618448634679258e-06
7.113561988634275e-06 1.395814094164680e-06 4.032059268798394e-05 -3.219271713578276e-06
6.491965090894662e-06 7.932784420413645e-07 3.809533690102510e-05 -5.448331239646662e-06
5.988467704960370e-06 1.928044384897155e-07 3.631047313365743e-05 -7.405783458631468e-06
5.987983407423626e-06 1.393871601320372e-06 3.625013590632575e-05 -3.356079933117776e-06
5.427159491414455e-06 7.936651247181133e-07 3.447897811198478e-05 -5.457661036399502e-06
4.869434046765354e-06 1.993868394362666e-07 3.282985631919047e-05 -7.236812506748959e-06
4.869247628228222e-06 1.387975764557066e-06 3.246777407938185e-05 -3.538427382484900e-06
4.314157307585113e-06 7.939485930460461e-07 3.094877449594971e-05 -5.467491258571049e-06
3.766521715047680e-06 2.126884193815909e-07 2.956271534175762e-05 -7.126116928563030e-06
3.766374548776884e-06 1.375501965581692e-06 2.906444159529496e-05 -3.714711348237479e-06
3.223741466600581e-06 7.941735006872561e-07 2.771216968271726e-05 -5.460422967466932e-06
2.694014009127998e-06 2.339994530501604e-07 2.645182610121871e-05 -7.060226482230068e-06
2.693776678457296e-06 1.354648700701156e-06 2.593940883484623e-05 -3.853446406484235e-06
2.172065647451693e-06 7.942058772853217e-07 2.478078178901189e-05 -5.436212984356436e-06
1.670214022608523e-06 2.654847634242172e-07 2.366317640964070e-05 -6.904004422924700e-06
1.669470493577857e-06 1.323398419738826e-06 2.326067489500598e-05 -4.087560925073277e-06
1.178873849628753e-06 7.942986189427367e-07 2.215350520667055e-05 -5.409469258250466e-06
7.145773451488958e-07 3.072875873377605e-07 2.119265117042791e-05 -6.660964302586765e-06
7.137426020597354e-07 1.281458833341707e-06 2.104024079328175e-05 -4.245589087972964e-06
2.640243318150662e-07 7.943924896883167e-07 1.980452768167865e-05 -5.363156067732745e-06
-1.535220931180422e-07 3.586995280295062e-07 1.908035694547304e-05 -6.459619858397215e-06
-1.539138111100986e-07 1.229778820789564e-06 1.919943636613314e-05 -4.352902915259345e-06
-5.536755158919421e-07 7.943778337106270e-07 1.782756547908400e-05 -5.357907798123196e-06
-9.162092017902838e-07 4.187469402387521e-07 1.713574080680731e-05 -6.383665549429539e-06
-9.159143925851942e-07 1.169390613538070e-06 1.728042570074538e-05 -4.330037920589555e-06
-1.258404874977694e-06 7.941930227443008e-07 1.603773412310702e-05 -5.343649726783713e-06
-1.559398119161340e-06 4.865887384727323e-07 1.513631382092674e-05 -6.412075454138975e-06
-1.559104937161331e-06 1.101010269467531e-06 1.522720545966294e-05 -4.208107084310192e-06
-1.827713232322464e-06 7.943591342517044e-07 1.411661539823982e-05 -5.311292706844233e-06
-2.052481169952163e-06 5.603630333044169e-07 1.303891417460750e-05 -6.458822362189811e-06
-2.052661574571437e-06 1.024131196495531e-06 1.308355359276160e-05 -4.099814031134436e-06
-2.208637817877246e-06 7.797491350859114e-07 1.224356085949432e-05 -5.408165279796385e-06
-2.326234848136427e-06 6.266971189307751e-07 1.140579639454095e-05 -6.547941393485107e-06
-2.327813223765178e-06 9.551481633590965e-07 1.141655855007668e-05 -4.000904368697163e-06
-2.462285661771922e-06 6.839230103816141e-07 1.010717843103973e-05 -6.588108259813300e-06
-2.454186367162588e-06 7.493893768374014e-07 1.035981619017561e-05 -5.773687372878510e-06
-2.464977698932426e-06 9.114813134742377e-07 1.016797353668428e-05 -4.037733403874425e-06
-2.529087401597200e-06 8.651786622737410e-07 9.176955986417625e-06 -4.017338206752438e-06
7.297014169072387e-07 -4.112264778349679e-07 -1.340971803266564e-06 -2.915625833099224e-07
7.441821070889663e-07 -4.458789452835456e-07 -1.370052692036207e-06 -2.236744263175609e-07
7.441420035375421e-07 -5.757259893438279e-07 -1.388633655700183e-06 2.527972961173116e-08
7.296913776025616e-07 -6.102457955654791e-07 -1.362240447933919e-06 9.566786705353722e-08
-2.533670992456762e-06 7.239315205631439e-07 9.200430292100328e-06 -6.585375897027526e-06
-2.561282977944868e-06 7.617844336558194e-07 8.384092635595409e-06 -6.563883765424637e-06
-2.558221160444354e-06 8.099849881413041e-07 8.982290555483791e-06 -4.997027390714978e-06
-2.576605289934468e-06 8.195476679195575e-07 8.331309360899304e-06 -3.969904793834958e-06
6.951622512857452e-07 -3.970161331411621e-07 -1.273264850362591e-06 -3.201113775293609e-07
6.600501783149357e-07 -5.395670753494147e-07 -1.224709018141150e-06 -5.016475560357789e-08
6.951769755219434e-07 -6.248654646909722e-07 -1.294283695812559e-06 1.255113605909402e-07
-2.581177012942347e-06 7.965239030558317e-07 8.111880460516858e-06 -5.799262568521014e-06
-2.567348038704703e-06 8.089669823258541e-07 7.566072381589425e-06 -6.435958257306209e-06
-2.542258906409692e-06 8.392250990266517e-07 6.703511771636234e-06 -6.163694947109434e-06
-2.589113568468551e-06 8.027007877287325e-07 7.810783701196801e-06 -4.684582741195524e-06
-2.583888387965432e-06 7.634379071938815e-07 7.514875874838867e-06 -3.786082657594253e-06
4.602316639263585e-07 -3.948422026851177e-07 -8.428507501735069e-07 -3.733204725504214e-07
4.594669536106956e-07 -6.309082508759848e-07 -8.460471316608395e-07 1.193799158368891e-07
3.375898596410137e-07 -5.139165045782375e-07 -5.941134127014203e-07 -1.440357948077751e-07
-2.485835985676375e-06 8.691406640003515e-07 5.941132655483642e-06 -5.792474356961539e-06
-2.549899926210708e-06 8.295660515569541e-07 6.556382073927435e-06 -5.341783906700169e-06
-2.564141619982120e-06 7.774763162573889e-07 6.859107643502678e-06 -4.315052615018167e-06
-2.564464294507698e-06 6.892380771337747e-07 6.778530673490238e-06 -3.497235923100278e-06
2.051672447125822e-07 -3.747140189114444e-07 -3.424164662970785e-07 -4.210928471614445e-07
2.045947714792890e-07 -6.551994313024686e-07 -3.594497893245933e-07 1.118753243353553e-07
5.378890579444298e-08 -5.160336786836321e-07 -5.345876667423326e-08 -1.980191396873169e-07
-2.411993051940372e-06 8.728877222532512e-07 5.266504747682468e-06 -5.402919898960451e-06
-2.309550197794068e-06 8.488673874928888e-07 4.632445416578725e-06 -4.917702994397112e-06
-2.494297289080886e-06 7.581917020229079e-07 5.870495778559334e-06 -4.176608153555454e-06
-2.524378779398343e-06 5.986823554678496e-07 6.087604565753608e-06 -3.106158376577149e-06
-1.192624556899757e-07 -3.294308171852051e-07 2.512483134680347e-07 -5.477736784200717e-07
-1.199123711857943e-07 -7.049489148145398e-07 2.190511325738398e-07 7.495852194282227e-08
-2.333442235099239e-06 7.726617083956936e-07 4.767752652933124e-06 -4.203041846074189e-06
-2.187549481210612e-06 8.064538174362154e-07 4.101829360812172e-06 -4.375241510237502e-06
-2.382804431822118e-06 6.442680612643215e-07 5.011464455459619e-06 -3.467601161033596e-06
-2.472197321639997e-06 4.700864812055402e-07 5.494675904612902e-06 -2.611391839490220e-06
-3.103736916089576e-07 -5.182723766281591e-07 5.251395383972014e-07 -2.718860756681993e-07
-5.367403271844506e-07 -2.630661730020127e-07 9.348203590749833e-07 -7.642890851045160e-07
-5.373113521129133e-07 -7.760955773498070e-07 9.296278627116578e-07 1.804308241509846e-07
-2.066719811207499e-06 7.299462584898317e-07 3.651376331942986e-06 -3.836571972637572e-06
-1.928607345266232e-06 6.031137670840637e-07 3.289675237804976e-06 -3.247394908036980e-06
-1.786705940210371e-06 4.494595365507615e-07 3.054359800294193e-06 -2.647218147754266e-06
-2.273508668445078e-06 4.965662433883246e-07 4.527999437715535e-06 -2.808887793469021e-06
-2.419089049711739e-06 2.955979156774122e-07 5.067893009329659e-06 -2.136810025200557e-06
-7.194861967049610e-07 -5.199225457725087e-07 1.262441326315246e-06 -3.467015071452511e-07
-9.435146459118443e-07 -1.962904236297503e-07 1.670813943507650e-06 -9.654354160505846e-07
-9.435297458193841e-07 -8.479555632408009e-07 1.653161046257955e-06 2.439516000558997e-07
-2.011164778362413e-06 4.591353702450569e-07 3.600948969385706e-06 -2.647298399712192e-06
-1.664511065413758e-06 2.532886257597385e-07 2.870032645886501e-06 -2.066589732529451e-06
-1.332666448585965e-06 -1.378640528857843e-07 2.350682638175148e-06 -1.100360802608760e-06
-1.459170597328035e-06 -8.528088117809876e-08 2.548224743219542e-06 -1.212260308303759e-06
-1.542214389346104e-06 1.357714193020599e-08 2.674269238587902e-06 -1.439242901343431e-06
-2.187214143690401e-06 2.662570495158264e-07 4.126659413539257e-06 -2.038974379456483e-06
-2.385437591326622e-06 7.542234326830016e-08 4.654434586960225e-06 -1.530804001819359e-06
-1.146410266951782e-06 -4.750724163467334e-07 2.034230847002357e-06 -4.746765772435553e-07
-1.292933194164057e-06 -8.971370715937371e-07 2.354731431710705e-06 2.648810778665037e-07
-1.815292558383351e-06 1.049552503575588e-07 3.241728909355480e-06 -1.652394797717444e-06
-1.447128546878738e-06 -3.056206207058681e-07 2.551552629183521e-06 -7.885870619556010e-07
-1.595815850040876e-06 -1.218389506078823e-07 2.798276456360487e-06 -1.142417346806741e-06
-2.105942011063953e-06 3.563364408374749e-09 3.902470979898176e-06 -1.398606152477771e-06
-2.380662053002787e-06 -1.898568359734981e-07 4.430823929315283e-06 -1.032167057530658e-06
-1.419881580366788e-06 -6.729755115621989e-07 2.570923088265051e-06 -1.279009130743934e-07
-1.376782939188102e-06 -9.553868723767776e-07 2.582567767755083e-06 3.484685825314654e-07
-1.845952078763219e-06 -3.493127462566743e-07 3.312256571467071e-06 -6.485104376962167e-07
-2.400174449286629e-06 -4.854031404238522e-07 4.333444140258457e-06 -4.112214373298782e-07
-2.510941300847150e-06 -8.132736264261543e-07 4.330796613572454e-06 9.836158448028591e-08
-1.619261256742877e-06 -8.675639299260243e-07 2.978813664151033e-06 2.203318327647020e-07
-1.417630913569606e-06 -1.094788926988667e-06 2.724975515883043e-06 5.513990150924012e-07
-1.453822580384619e-06 -1.508006565662695e-06 2.892122193822797e-06 1.087191574720475e-06
-2.157464053781163e-06 -8.337264064886746e-07 3.820893317276184e-06 1.822634569013233e-07
-1.541589635803939e-06 -1.958582250325699e-06 3.094711849291619e-06 1.543799139324824e-06
-2.695070464812052e-06 -1.162168777757698e-06 4.429130063909111e-06 6.510777348920014e-07
-1.805044082502963e-06 -1.506540879197796e-06 3.313025202039391e-06 1.138643457379794e-06
-2.377409020840521e-06 -1.541561781193019e-06 4.012842362554760e-06 1.180819139491759e-06
-1.712849353865827e-06 -2.410607746248908e-06 3.323134251446693e-06 1.965484504729262e-06
-2.971310535877726e-06 -1.543397375199013e-06 4.570243080027538e-06 1.174952535538478e-06
-2.800180531045135e-06 -1.962380564094389e-06 4.381329928975013e-06 1.627435329852431e-06
-2.337839881450678e-06 -2.242691438166966e-06 3.968713296369328e-06 1.864929683297456e-06
-1.950592570993438e-06 -2.887436938492674e-06 3.575541969878014e-06 2.348080458270168e-06
-2.285477591195025e-06 -3.365330863573313e-06 3.887754416496524e-06 2.756824407341625e-06
-3.358318200319343e-06 -1.922497875475347e-06 4.791190661528565e-06 1.632078250898181e-06
-3.113330357918239e-06 -2.483638142135208e-06 4.624056458550834e-06 2.094187297741968e-06
-2.815660550861374e-06 -3.185554823484730e-06 4.381511017402664e-06 2.605639588104000e-06
-2.685858709786151e-06 -3.834572411963286e-06 4.246600198981493e-06 3.060353873904650e-06
-3.842245614105644e-06 -2.283827241434174e-06 5.032397724438734e-06 1.981245399706153e-06
-3.708017308174983e-06 -3.192925632518044e-06 4.956477059544323e-06 2.601256235849312e-06
-3.175058739034075e-06 -4.260832180182427e-06 4.603126168469358e-06 3.291026087249850e-06
-3.754073698680166e-06 -4.651663975895711e-06 4.947317704145922e-06 3.457179354738320e-06
-4.397036637661869e-06 -4.999435049810229e-06 5.337532494714536e-06 3.623807381805986e-06
-4.438081609804807e-06 -3.400576082470453e-06 5.336800818245732e-06 2.730169166286058e-06
-4.426971280975104e-06 -2.605450485794836e-06 5.337714421423250e-06 2.237319359700522e-06
-4.287926619958989e-06 -4.233842297027973e-06 5.273072349577266e-06 3.201195029431058e-06
-5.114368591602834e-06 -5.263618162280784e-06 5.740051455046038e-06 3.754689885548986e-06
-5.892825990301543e-06 -5.455900760786619e-06 6.137601400911616e-06 3.865091790551941e-06
-5.050834371990163e-06 -3.581869429181423e-06 5.650067750411946e-06 2.839827202324625e-06
-5.113132091401936e-06 -2.839141832932565e-06 5.687221687429480e-06 2.400752295907443e-06
-6.705910143679031e-06 -5.554705334123135e-06 6.565797100690167e-06 3.950998994079691e-06
-5.774157415695895e-06 -4.307266183607022e-06 6.046687492220200e-06 3.258886961434337e-06
-5.875781245751020e-06 -2.965577915515749e-06 6.116229263751915e-06 2.490768806656701e-06
-6.880047520304207e-06 -4.441423934094855e-06 6.639173019938085e-06 3.339729294267327e-06
-7.655871006294800e-06 -5.617535015696930e-06 7.106543676787917e-06 4.059103805182885e-06
-6.688732139865906e-06 -2.986879575350691e-06 6.576335320062287e-06 2.508613216850567e-06
-9.015589022165818e-06 -5.682108740414795e-06 7.921218843538786e-06 4.106017412369369e-06
-7.915246597330342e-06 -3.792906010374993e-06 7.280759792793116e-06 2.938446208802352e-06
-7.651670658024727e-06 -2.926820451478044e-06 7.145543705001811e-06 2.436256499996886e-06
-1.101506738033431e-05 -5.784236412877353e-06 9.180272523920216e-06 4.154542237544480e-06
-9.996229097514147e-06 -4.156764539859694e-06 8.561756970555250e-06 3.184566150014715e-06
-9.016662683613465e-06 -2.846362408920729e-06 7.982486018126841e-06 2.369460638331459e-06
-1.384629203850643e-05 -5.898430968984913e-06 1.089750728070897e-05 4.135672671573424e-06
-1.239812947397119e-05 -4.271658227467122e-06 1.004698722244904e-05 3.238489225118403e-06
-1.101477739451936e-05 -2.751231291373474e-06 9.210752091569490e-06 2.356420134270170e-06
-1.698484760041337e-05 -5.998030153292817e-06 1.245643942267451e-05 4.024059849448465e-06
-1.538495369705148e-05 -4.273180249487828e-06 1.169449432501524e-05 3.240213547230968e-06
-1.384543164407338e-05 -2.645302969521303e-06 1.084772392793808e-05 2.370139574979338e-06
-2.029096662505291e-05 -6.083273334697237e-06 1.378837828542958e-05 3.953904739710280e-06
-1.861136036641708e-05 -4.275308601185364e-06 1.312996336926597e-05 3.239177656098949e-06
-1.698389204980557e-05 -2.550278345363712e-06 1.241403237302114e-05 2.433519252289039e-06
-2.373901318772242e-05 -6.153587147175272e-06 1.505284250890097e-05 3.910512317530402e-06
-2.199324615866595e-05 -4.277161680059303e-06 1.442509632783581e-05 3.225135104987677e-06
-2.029044263894685e-05 -2.469110304442308e-06 1.379041769940067e-05 2.496821364341531e-06
-2.730111621611390e-05 -6.208678416417751e-06 1.644420239688672e-05 3.990619583261317e-06
-2.550306105424169e-05 -4.278671342409028e-06 1.572891348896194e-05 3.202401018577858e-06
-2.373867912815278e-05 -2.402322320219801e-06 1.508563402751069e-05 2.498036317229708e-06
-3.094937613321750e-05 -6.249480797358247e-06 1.802935647579602e-05 4.029900747973847e-06
-2.911268318154442e-05 -4.280127582451276e-06 1.721358215504765e-05 3.158624006674319e-06
-2.730060268886687e-05 -2.350298940270850e-06 1.644943100252747e-05 2.402355385890418e-06
-3.465767164196072e-05 -6.277667198768160e-06 1.970278412888889e-05 4.046710682980787e-06
-3.279489286297957e-05 -4.281684378690566e-06 1.882105897888419e-05 3.144059988283110e-06
-3.094853629735017e-05 -2.312434205090175e-06 1.797274252172567e-05 2.288207922691857e-06
-3.840436231702760e-05 -6.294998293116449e-06 2.144525069083895e-05 4.070883989020619e-06
-3.652579224883998e-05 -4.283013512724905e-06 2.052966129435115e-05 3.130575335067623e-06
-3.465692386853344e-05 -2.287050025135161e-06 1.965026197748186e-05 2.204815836724207e-06
-4.217270382634541e-05 -6.304585595818616e-06 2.326103003966629e-05 4.107091604387988e-06
-4.028583049223519e-05 -4.283931566047506e-06 2.233513571519296e-05 3.096321696236589e-06
-3.840393405982223e-05 -2.271877350975254e-06 2.142299744579686e-05 2.122398544407004e-06
-5.026881561914918e-05 -6.087091498056310e-06 2.751425060462142e-05 4.069931462807163e-06
-4.973194481270601e-05 -6.309464062445539e-06 2.723430557635410e-05 4.186425604430676e-06
-4.386409256120241e-05 -4.284516587021373e-06 2.410598876387106e-05 3.103975932891923e-06
-4.595095586445736e-05 -6.308796292933281e-06 2.521608802796662e-05 4.149078662775622e-06
-4.217239602524701e-05 -2.263848608068118e-06 2.323312013550763e-05 2.108935551576744e-06
-5.049119555546208e-05 -5.550233383620415e-06 2.762895523538034e-05 3.788915149686213e-06
-4.922062760827555e-05 -4.284774527169313e-06 2.694333755379286e-05 3.112613471676396e-06
-4.595087242845425e-05 -2.260522648453898e-06 2.518825623399136e-05 2.046943533279552e-06
-5.049116814943971e-05 -3.019329149300492e-06 2.760213212541622e-05 2.453095548032918e-06
-4.973189694525390e-05 -2.260075830215763e-06 2.720233657812652e-05 2.053926574489009e-06
-5.026878140700901e-05 -2.482456273570285e-06 2.748432697956125e-05 2.170806342404160e-06
