1.952723606290522e-05 -1.027122046561218e-06 -3.822949302933175e-05 5.030049050290406e-06
1.963035585530774e-05 -7.782548737312796e-07 -3.836070948724696e-05 4.708550281402952e-06
1.963029759378233e-05 3.950941634051051e-07 -3.833418372630485e-05 3.207117562558809e-06
1.952716487907668e-05 6.439750742278510e-07 -3.819609947635073e-05 2.869547825687500e-06
1.927830160926977e-05 -1.130190739027011e-06 -3.791124394621557e-05 5.164459424669847e-06
1.881122160247598e-05 -1.915805901263408e-07 -3.729058297284753e-05 3.950328960166926e-06
1.927820816192878e-05 7.470481063776142e-07 -3.786390951459163e-05 2.727701307664531e-06
1.752557161946588e-05 -1.129347538019378e-06 -3.560200283154412e-05 5.198956697468100e-06
1.752541161011856e-05 7.460425468631552e-07 -3.552749803135002e-05 2.687897072432056e-06
1.655876688666031e-05 -1.917482400117487e-07 -3.432276359542916e-05 3.966433375365972e-06
1.577604282842051e-05 -1.126511912833367e-06 -3.329651711823514e-05 5.289978238808688e-06
1.577603925863817e-05 7.429001652699767e-07 -3.317953538811317e-05 2.714717723303254e-06
1.490340440606713e-05 -1.918297569317647e-07 -3.199915500231951e-05 3.941629075540336e-06
1.403391298897049e-05 -1.121470472273516e-06 -3.077960856300620e-05 5.370553457517672e-06
1.403417784792181e-05 7.376943830704891e-07 -3.075793277737616e-05 2.708603933783986e-06
1.316635147407324e-05 -1.920416607519299e-07 -2.944015620521151e-05 3.961383719243148e-06
1.230326540190309e-05 -1.113907281598805e-06 -2.813458716600211e-05 5.476410431896058e-06
1.230345227954938e-05 7.298000908910652e-07 -2.827977985389887e-05 2.592988751666136e-06
1.144294029048889e-05 -1.923284670622199e-07 -2.682837542356670e-05 3.964839932704159e-06
1.058944047728391e-05 -1.102546128411775e-06 -2.530938651062438e-05 5.479482399946528e-06
1.058918654391527e-05 7.180941238930767e-07 -2.559381095654341e-05 2.511192168576793e-06
9.739983737567644e-06 -1.924867963108804e-07 -2.409303237824046e-05 3.987164340558198e-06
8.901770622987125e-06 -1.084868385976238e-06 -2.253304054953034e-05 5.398291726802998e-06
8.900940688156396e-06 7.001091491533435e-07 -2.275683710357328e-05 2.514680944573503e-06
8.069487077523368e-06 -1.924207888563836e-07 -2.129476959551333e-05 3.973075408340222e-06
7.254019997536306e-06 -1.058746099998950e-06 -1.996124103044799e-05 5.295763393551419e-06
7.252673282436229e-06 6.739755162743405e-07 -2.009447939608239e-05 2.479739855129059e-06
6.446710771889594e-06 -1.922508550686533e-07 -1.855514465687170e-05 3.961328688482772e-06
5.662444614714302e-06 -1.023051845992988e-06 -1.755530603300602e-05 5.168834447629834e-06
5.661182877718267e-06 6.381737978586945e-07 -1.757780288634717e-05 2.553886037371554e-06
4.889670370475219e-06 -1.922245981549132e-07 -1.604182746630172e-05 3.918280932782690e-06
4.146733032091828e-06 -9.760362468789604e-07 -1.537331855052917e-05 4.974691093001924e-06
4.146120664840177e-06 5.908534662674891e-07 -1.518670589136572e-05 2.660066250829945e-06
3.419417254393465e-06 -1.923227198212498e-07 -1.387059235969413e-05 3.837774319860568e-06
2.729444915523029e-06 -9.150884531812407e-07 -1.317293597084582e-05 4.969125332584166e-06
2.729394526440554e-06 5.297329514298201e-07 -1.293567503302218e-05 2.686947532745922e-06
2.086083708979738e-06 -1.918945924867593e-07 -1.188579919348272e-05 3.777179611379530e-06
1.486902802203815e-06 -8.398632766652657e-07 -1.119670056833916e-05 4.840920926070695e-06
1.486742884700621e-06 4.516088443306746e-07 -1.099029998109849e-05 2.745126908164896e-06
1.050307729406958e-06 -2.381813726927986e-07 -1.034274687838823e-05 3.825776684955522e-06
6.510482824152331e-07 -7.659030530698918e-07 -9.705355781463434e-06 4.762652587982164e-06
6.491617514935274e-07 3.747573584850384e-07 -9.623629504463075e-06 2.748552102999799e-06
1.152893172321064e-07 -6.981528784411621e-07 -8.628492871528370e-06 4.703504616973760e-06
1.978761736799809e-07 -3.729895139679551e-07 -8.809331976469230e-06 4.040677303858673e-06
1.114364005397683e-07 3.234743300285464e-07 -8.624646362428193e-06 2.766483458817437e-06
-2.366677015076550e-07 2.669439499161094e-07 -7.935903875839621e-06 2.727781936292094e-06
4.398423113618878e-07 -1.475139518232710e-07 1.213939426738514e-06 -8.070266102520783e-07
4.489790084582925e-07 -1.694309843983923e-07 1.242634518662463e-06 -8.782742766818349e-07
4.489500778879147e-07 -2.515671971921070e-07 1.235731381832176e-06 -1.159753104932967e-06
4.398199113286517e-07 -2.733943963784630e-07 1.205199305897031e-06 -1.232230313333506e-06
-2.415622337527895e-07 -6.490245780532492e-07 -7.907865170705493e-06 4.656621485371693e-06
-5.194563983629926e-07 -5.877570528429626e-07 -7.304198495968514e-06 4.616432918868845e-06
-3.267235281762275e-07 -7.922087496618215e-08 -7.801341995662643e-06 3.434171964183461e-06
-5.392161276590994e-07 2.306115784289665e-07 -7.347338263793439e-06 2.631764704445901e-06
4.180096699758015e-07 -1.384992090362747e-07 1.144368454990732e-06 -7.781699620551929e-07
3.957703940581113e-07 -2.285998975198314e-07 1.057372686576130e-06 -1.082002863708976e-06
4.180012090656050e-07 -2.826280206031360e-07 1.133387994685109e-06 -1.261427948133187e-06
-6.215906334713755e-07 -3.156167771104939e-07 -7.117201055620090e-06 4.029046659457918e-06
-7.659438965229096e-07 -4.862736959890292e-07 -6.719186759117307e-06 4.508203288017907e-06
-9.662551002839773e-07 -3.786478264936011e-07 -6.128443764337696e-06 4.312307039634198e-06
-7.054306506659093e-07 7.286818638526415e-09 -6.948532916563137e-06 3.166895121170827e-06
-7.837141838826598e-07 2.201985875147440e-07 -6.745222532929416e-06 2.441767814562806e-06
2.694321675243378e-07 -1.373993761720086e-07 6.448741648206511e-07 -8.214014498735920e-07
2.686788270764060e-07 -2.868523423299681e-07 6.360017435440752e-07 -1.267264946931946e-06
1.914743614496092e-07 -2.133378582815877e-07 4.203038593494778e-07 -1.058192913164501e-06
-1.114746506723740e-06 -2.449432391389241e-07 -5.554091008445866e-06 4.052330492318764e-06
-1.007001619144714e-06 -1.515755683814000e-07 -6.041197919419141e-06 3.687288380577626e-06
-9.455165250371411e-07 8.294542423651235e-08 -6.255775393105397e-06 2.864889569289633e-06
-9.789847140709402e-07 2.236440479474604e-07 -6.180204563051976e-06 2.148366346676650e-06
1.079070296622734e-07 -1.265554286939611e-07 1.776099718109541e-07 -8.036270750026838e-07
1.071473182064849e-07 -3.028207813002195e-07 1.806256221483882e-07 -1.293014987307969e-06
1.248367821482913e-08 -2.161549591137893e-07 -8.656744152730496e-08 -1.049930138937160e-06
-1.227964134589400e-06 -1.207117276408561e-07 -5.014087187885231e-06 3.744861195171815e-06
-1.287135924271881e-06 -1.070013471174697e-08 -4.483743315952420e-06 3.367663343245606e-06
-1.137625904061031e-06 1.062334554651236e-07 -5.500437029894824e-06 2.735139233340259e-06
-1.125441969830081e-06 2.406858772252436e-07 -5.621947248709052e-06 1.736244366926174e-06
-9.508938045667587e-08 -1.018194443927880e-07 -3.939966178932532e-07 -7.187551391831778e-07
-9.609394667865658e-08 -3.337797706393786e-07 -3.981817878572738e-07 -1.388014504045245e-06
-1.269935975647806e-06 1.095342866776075e-07 -4.603086123321861e-06 2.776070014444870e-06
-1.301431578572390e-06 9.580598118715267e-08 -3.998204801853984e-06 2.936715522977043e-06
-1.253037888685039e-06 1.914737549749146e-07 -4.801006755946639e-06 2.045707272154165e-06
-1.228050181224787e-06 2.378132729798509e-07 -5.163452983368446e-06 1.230861619270387e-06
-2.131911235190878e-07 -2.193762994350018e-07 -7.146884842392174e-07 -1.063752614897294e-06
-3.509924972744133e-07 -6.526418544765868e-08 -1.066991149890253e-06 -6.587407719342134e-07
-3.520127605553269e-07 -3.767570456209107e-07 -1.068147261765428e-06 -1.493481340719357e-06
-1.297360454555677e-06 1.752167627271942e-07 -3.565144138677871e-06 2.450886852137594e-06
-1.247620929905239e-06 2.027066609446626e-07 -3.152862408523700e-06 1.851826270341466e-06
-1.169594127325826e-06 2.083777748586276e-07 -2.833661662341486e-06 1.209448119429480e-06
-1.277318195259424e-06 2.242990497574773e-07 -4.354751395140810e-06 1.361358980122729e-06
-1.296171980086340e-06 1.986349606771947e-07 -4.815930555440743e-06 6.803577174323591e-07
-4.624369191407991e-07 -2.221574836185680e-07 -1.359680070421174e-06 -1.069290987737972e-06
-5.971050801135655e-07 -2.796786354454689e-08 -1.737972900381886e-06 -5.218636366260074e-07
-5.971731718053221e-07 -4.188432984214728e-07 -1.743401774589365e-06 -1.604655435853535e-06
-1.244356415079016e-06 2.204528178436871e-07 -3.488061583091944e-06 1.215120471972564e-06
-1.093230557325793e-06 1.683534723025203e-07 -2.602623746044334e-06 5.375600123035505e-07
-8.408326730324633e-07 5.633759771215109e-09 -2.336382709528232e-06 -4.110742735644977e-07
-9.268355690714109e-07 3.361099302526637e-08 -2.471107808558536e-06 -3.165757244282081e-07
-9.909838155555659e-07 8.145691781797633e-08 -2.523815740129869e-06 -1.046135375384907e-07
-1.281869077259591e-06 1.879699139695242e-07 -4.034836764700782e-06 5.871532407575846e-07
-1.353309763582910e-06 1.165411505397011e-07 -4.548925643851363e-06 1.013243999378595e-07
-7.197743607675142e-07 -1.970452494002607e-07 -2.078346239384197e-06 -9.615531507038430e-07
-7.943017040105021e-07 -4.459278152056748e-07 -2.375782359720521e-06 -1.709292923482918e-06
-1.139576444268985e-06 1.286746052660905e-07 -3.039220263833288e-06 9.585214196003132e-08
-9.087341812919921e-07 -9.211298541401414e-08 -2.512092144418819e-06 -6.905315831968134e-07
-1.008726988361841e-06 1.399154953051317e-08 -2.676411794405677e-06 -3.865402883967542e-07
-1.261879309152791e-06 8.650725212866936e-08 -3.761937029329577e-06 -1.215228905201014e-07
-1.407317363384598e-06 -1.501381793236910e-08 -4.323449574503193e-06 -5.325040782518771e-07
-8.731423451105913e-07 -3.093648020823300e-07 -2.562802912193619e-06 -1.338224803481541e-06
-8.323800759098426e-07 -4.817220547643047e-07 -2.550433225592266e-06 -1.807108456296565e-06
-1.136078494149049e-06 -9.954438330750468e-08 -3.182599080445052e-06 -8.641619591241066e-07
-1.450136815838109e-06 -1.818253121209552e-07 -4.201742447400227e-06 -1.095904375162927e-06
-1.559467805347295e-06 -3.883639070857620e-07 -4.143165798243190e-06 -1.615856075556650e-06
-9.806238150482814e-07 -4.219943422685096e-07 -2.925435237167736e-06 -1.696479775210913e-06
-8.454996857597307e-07 -5.750444395844334e-07 -2.655507358099115e-06 -1.988120076476086e-06
-8.464685917439605e-07 -8.648393530646052e-07 -2.805949446769500e-06 -2.463355842844243e-06
-1.326372275730190e-06 -3.905532599917772e-07 -3.665590369016317e-06 -1.710525186773464e-06
-8.853331119318989e-07 -1.200271058177783e-06 -3.014844100310339e-06 -2.882193095318346e-06
-1.715323555105098e-06 -6.163958280647067e-07 -4.196398955702688e-06 -2.098940137746802e-06
-1.083785372435672e-06 -8.576125439875257e-07 -3.268138567266696e-06 -2.482420733812737e-06
-1.493129988926478e-06 -8.841984401194003e-07 -3.839189054668735e-06 -2.515261135129108e-06
-9.971354970527958e-07 -1.544544355536393e-06 -3.243580609006538e-06 -3.261198047096497e-06
-1.942143425692914e-06 -8.864410656748593e-07 -4.346055863724889e-06 -2.523528709175886e-06
-1.818700864454449e-06 -1.198793294880739e-06 -4.154220509291987e-06 -2.898421321963125e-06
-1.463339444921910e-06 -1.413320582013461e-06 -3.807044143422936e-06 -3.126013342019586e-06
-1.164154547034835e-06 -1.921821817440585e-06 -3.536791386974390e-06 -3.595555671945175e-06
-1.418730734230181e-06 -2.309295400683834e-06 -3.800939185922221e-06 -3.813757018283460e-06
-2.261001457182097e-06 -1.165149261000910e-06 -4.509831925777698e-06 -2.860893719478219e-06
-2.068971380722647e-06 -1.604264703922360e-06 -4.311732843200752e-06 -3.259615570585102e-06
-1.832951622766277e-06 -2.166376598097763e-06 -4.142071610220813e-06 -3.696446957330483e-06
-1.729211105868146e-06 -2.697791525641942e-06 -4.081240298048053e-06 -4.046911480773037e-06
-2.660442553142714e-06 -1.440654332984213e-06 -4.770491149370100e-06 -3.109235334629741e-06
-2.553403767140289e-06 -2.175853786064046e-06 -4.649856389145971e-06 -3.654770985322945e-06
-2.120689644962005e-06 -3.054007874519329e-06 -4.354854166724049e-06 -4.272313527318019e-06
-2.595134112157856e-06 -3.386260969658540e-06 -4.665306841078765e-06 -4.511298279907878e-06
-3.127351848881515e-06 -3.687075308304462e-06 -5.009938770043099e-06 -4.735744619538509e-06
-3.158227881408980e-06 -2.347466355002750e-06 -5.092534133108701e-06 -3.744385384492426e-06
-3.147145769421509e-06 -1.693424993558332e-06 -5.109060170552924e-06 -3.274383381928738e-06
-3.033212773989259e-06 -3.041418447076581e-06 -4.958976206838351e-06 -4.265797716539856e-06
-3.729744215673406e-06 -3.916875959668003e-06 -5.412305070634952e-06 -4.909531489181118e-06
-4.388997909525640e-06 -4.087315636588987e-06 -5.914510977747750e-06 -5.034770021104652e-06
-3.672244857620870e-06 -2.497947926122316e-06 -5.464482894794245e-06 -3.838688021839886e-06
-3.724855600130280e-06 -1.877118605079987e-06 -5.522513336291152e-06 -3.392877364120256e-06
-5.081101329425033e-06 -4.177680418945106e-06 -6.472909527512746e-06 -5.087187129001048e-06
-4.284190195212177e-06 -3.110667504376731e-06 -5.864569809557746e-06 -4.269189783688443e-06
-4.371418287004512e-06 -1.974152874018406e-06 -5.963879026505584e-06 -3.443644351705511e-06
-5.228631296514726e-06 -3.226907460429617e-06 -6.614672636825515e-06 -4.346070628017470e-06
-5.895651073604047e-06 -4.237691275446928e-06 -7.131406547216925e-06 -5.117667008963712e-06
-5.063939428727150e-06 -1.986877621699319e-06 -6.473324804052190e-06 -3.421103914688796e-06
-7.065904774038208e-06 -4.298663285577317e-06 -8.079708261263762e-06 -5.202442377726539e-06
-6.116487306758764e-06 -2.672175258148998e-06 -7.287148438567104e-06 -3.931114534859328e-06
-5.891316285340435e-06 -1.930068363315169e-06 -7.117680342034136e-06 -3.343832614800109e-06
-8.794343569757604e-06 -4.392507316380053e-06 -9.494277196157030e-06 -5.261269879140365e-06
-7.912223519031697e-06 -2.985380543380723e-06 -8.753968507014503e-06 -4.143266618692070e-06
-7.066521016521380e-06 -1.855542607049517e-06 -8.054964135015723e-06 -3.213231408311575e-06
-1.124670607706551e-05 -4.494535701526448e-06 -1.148543701555821e-05 -5.289810173381439e-06
-9.991817573375008e-06 -3.085529553009137e-06 -1.042363738779248e-05 -4.191953796884364e-06
-8.793808265245498e-06 -1.770046804429503e-06 -9.426407415840071e-06 -3.112318141507964e-06
-1.396501171033402e-05 -4.580696142187935e-06 -1.366649680663447e-05 -5.303987415279005e-06
-1.257967772947385e-05 -3.087874592499024e-06 -1.256142364427068e-05 -4.139228154845001e-06
-1.124577533450580e-05 -1.677882213846471e-06 -1.145639609239492e-05 -2.989223272045348e-06
-1.682326277600471e-05 -4.652218263706739e-06 -1.588319823808322e-05 -5.289647966074784e-06
-1.537220167446627e-05 -3.090684645514194e-06 -1.478808299483891e-05 -4.104705822793840e-06
-1.396394579503940e-05 -1.597727018263263e-06 -1.370188533305468e-05 -2.954775842377769e-06
-1.979660197441874e-05 -4.710309397362620e-06 -1.818114602094165e-05 -5.288024887390204e-06
-1.829228594610177e-05 -3.093247673727837e-06 -1.706546746570065e-05 -4.064830203857977e-06
-1.682248084297251e-05 -1.531699005253679e-06 -1.600971535015037e-05 -2.884999777165226e-06
-2.286233647338775e-05 -4.757355062027864e-06 -2.047478257029218e-05 -5.132483480948595e-06
-2.131529075341551e-05 -3.095606517487316e-06 -1.937811281870286e-05 -4.035241916368699e-06
-1.979601642698320e-05 -1.478551604687990e-06 -1.830763271392373e-05 -2.811403266755342e-06
-2.600169660262298e-05 -4.795048883225859e-06 -2.254287878281550e-05 -5.081332429351332e-06
-2.442056460291607e-05 -3.098001988512875e-06 -2.153680186864126e-05 -4.048320533851802e-06
-2.286154238411067e-05 -1.436377995753162e-06 -2.054776695134228e-05 -2.874964205449087e-06
-2.919889637318951e-05 -4.823791165447106e-06 -2.433319462893371e-05 -5.009258825392007e-06
-2.759147111984311e-05 -3.100264248810570e-06 -2.349927337211887e-05 -4.093785225197941e-06
-2.600081882439411e-05 -1.403345650296351e-06 -2.260713070410531e-05 -2.983369386226215e-06
-3.243776097549709e-05 -4.843324454003767e-06 -2.593019396022975e-05 -4.966535652775526e-06
-3.081242056444463e-05 -3.102166687619412e-06 -2.519696204206320e-05 -4.108301157177525e-06
-2.919812690927239e-05 -1.378706958464814e-06 -2.442358314303617e-05 -3.135864805943641e-06
-3.570097704115276e-05 -4.854004670014974e-06 -2.741373681594025e-05 -4.919993346020926e-06
-3.406639946227004e-05 -3.103629820409829e-06 -2.672736373814377e-05 -4.125467766355997e-06
-3.243717576484654e-05 -1.362504356285229e-06 -2.602001989650323e-05 -3.319410498074240e-06
-4.271365011145600e-05 -4.666031358879712e-06 -3.041122858855538e-05 -4.801789706396144e-06
-4.224869158515350e-05 -4.858615130764771e-06 -3.021783455592705e-05 -4.884368328559309e-06
-3.716626236980446e-05 -3.104577956231235e-06 -2.808390129711908e-05 -4.119915562972932e-06
-3.897412249447800e-05 -4.857958712804073e-06 -2.883125603734673e-05 -4.918876517616928e-06
-3.570061643829305e-05 -1.354317055464625e-06 -2.752098945556159e-05 -3.387151967812235e-06
-4.290624329901508e-05 -4.201086550899517e-06 -3.049206885816497e-05 -4.605226030258937e-06
-4.180586132887946e-05 -3.105109491689693e-06 -3.005583438301327e-05 -4.158064742958803e-06
-3.897400070221966e-05 -1.351788263951395e-06 -2.885786961320294e-05 -3.404404436994767e-06
-4.290622944561429e-05 -2.009146320691099e-06 -3.052356385123095e-05 -3.689791428839573e-06
-4.224864363866735e-05 -1.351570751616421e-06 -3.025554721735309e-05 -3.412093483964927e-06
-4.271362635950860e-05 -1.544170730508766e-06 -3.044616217036160e-05 -3.494249884454480e-06
