3.912362625694097e-05 -3.790029416197280e-06 -3.239003155742148e-05 4.849798708747529e-06
3.931112993411449e-05 -3.337521300046984e-06 -3.254712248584839e-05 4.484880759487985e-06
3.931115143269361e-05 -1.204075746963238e-06 -3.253937125601095e-05 2.812905487826483e-06
3.912365225100153e-05 -7.515742670376657e-07 -3.238041220438089e-05 2.440453758705168e-06
3.867099404980254e-05 -3.977438335930732e-06 -3.201559231752172e-05 4.999270725649220e-06
3.782172284439417e-05 -2.270787138959253e-06 -3.135029606097035e-05 3.651208316421246e-06
3.867102783230700e-05 -5.641675205208374e-07 -3.200098058868315e-05 2.287765050056030e-06
3.548356364744662e-05 -3.975704904492925e-06 -2.949876643362324e-05 4.963195642041485e-06
3.548363897588680e-05 -5.659450741704684e-07 -2.947715157767117e-05 2.346707838662839e-06
3.372561529996046e-05 -2.270956252714500e-06 -2.804859996433585e-05 3.665700489614244e-06
3.230320052859779e-05 -3.968360811839157e-06 -2.711289716614382e-05 4.905762830229311e-06
3.230293946348438e-05 -5.735805755854214e-07 -2.707123693534161e-05 2.385666485199958e-06
3.071798388191839e-05 -2.271003058154513e-06 -2.579933682828788e-05 3.672241967644662e-06
2.914277192134250e-05 -3.953221062814078e-06 -2.485295906682892e-05 4.859931786185726e-06
2.914238475495583e-05 -5.890387641485530e-07 -2.479957415007573e-05 2.487986595940789e-06
2.757269962320675e-05 -2.270871895170886e-06 -2.366446759949388e-05 3.661737005461427e-06
2.601785771335182e-05 -3.929261845081087e-06 -2.275935040204759e-05 4.738374999102046e-06
2.601796933851792e-05 -6.127290931820413e-07 -2.271557258950383e-05 2.617376794627239e-06
2.447133088450014e-05 -2.270597574645487e-06 -2.169651251182056e-05 3.661573841783239e-06
2.294562698540333e-05 -3.895047094605593e-06 -2.075531412707457e-05 4.680993072294020e-06
2.294631912857597e-05 -6.460998844785069e-07 -2.075020075612545e-05 2.681115800624014e-06
2.143195832473359e-05 -2.270165743321463e-06 -1.979540822264141e-05 3.652508796692608e-06
1.994619057230671e-05 -3.848838794014910e-06 -1.882285368189563e-05 4.637370993105041e-06
1.994704780276874e-05 -6.908049622939594e-07 -1.887995590594178e-05 2.749388818600401e-06
1.847645489430140e-05 -2.269527710932226e-06 -1.806367618744280e-05 3.650542966925203e-06
1.704298879399472e-05 -3.789392222487337e-06 -1.704093439797417e-05 4.532585021205965e-06
1.704382960721718e-05 -7.485920381429858e-07 -1.720830685749394e-05 2.893914009689655e-06
1.563018208365571e-05 -2.268707744438851e-06 -1.659234895493034e-05 3.678380999960980e-06
1.426284700525398e-05 -3.715479575368479e-06 -1.545605592215629e-05 4.588404320398990e-06
1.426349623081838e-05 -8.206690579870527e-07 -1.569887875637011e-05 2.920833151960827e-06
1.292050805620074e-05 -2.267838362082834e-06 -1.508321881844742e-05 3.719152936690561e-06
1.163238144474074e-05 -3.628090873483719e-06 -1.387974611581572e-05 4.671753713260983e-06
1.163239165333054e-05 -9.061784067440293e-07 -1.415106983243968e-05 2.812711799392069e-06
1.037266076958197e-05 -2.266731933266903e-06 -1.337281862638809e-05 3.785080717358956e-06
9.174532762328407e-06 -3.528736088418656e-06 -1.225634820453500e-05 4.736431398800647e-06
9.173666040889457e-06 -1.003893579225846e-06 -1.255899644473367e-05 2.795973312454457e-06
8.053268463237047e-06 -2.264990263844082e-06 -1.157552389369369e-05 3.839924679675270e-06
6.996972960267060e-06 -3.420702964576890e-06 -1.056577068521292e-05 4.726208063508277e-06
6.995607353475680e-06 -1.114098704435818e-06 -1.083601968768053e-05 2.811678964785436e-06
6.221964508949729e-06 -2.349045840458751e-06 -1.005598923483657e-05 3.931203458077272e-06
5.491618113160821e-06 -3.324843082217249e-06 -9.332738207657801e-06 4.807030286536459e-06
5.488535250107393e-06 -1.211542464195861e-06 -9.457131586956642e-06 2.849388364751344e-06
4.485546029280199e-06 -3.244248559895697e-06 -8.407306866773892e-06 4.863303293364438e-06
4.656632636387118e-06 -2.607815117697913e-06 -8.627713568890737e-06 4.194018411064082e-06
4.481722197293858e-06 -1.271856756921151e-06 -8.425209977125883e-06 2.788538240003012e-06
3.798836047071574e-06 -1.334811778663014e-06 -7.619009425907941e-06 2.816225967160753e-06
-2.576220788428845e-07 -1.479804221974456e-07 1.094367904587870e-06 -3.710311199099757e-07
-2.628464238449948e-07 -1.353548413105663e-07 1.112671955006631e-06 -4.140420980778172e-07
-2.627942072223362e-07 -8.847981581805705e-08 1.107427482478308e-06 -5.717629111252389e-07
-2.576002316597050e-07 -7.610506596479587e-08 1.088294926857499e-06 -6.136062833874974e-07
3.792644560025044e-06 -3.188768168358854e-06 -7.617353906138473e-06 4.905887958504692e-06
3.213654191875645e-06 -3.105849491374534e-06 -6.960569071460600e-06 4.887245597913100e-06
3.639054980005009e-06 -2.033270584571165e-06 -7.463044962179818e-06 3.671812195247959e-06
3.194107932950003e-06 -1.348900863856889e-06 -6.873992039980185e-06 2.775192045634236e-06
-2.450746647983465e-07 -1.532306761866034e-07 1.050473658522550e-06 -3.534887784631285e-07
-2.324828233103678e-07 -1.018479424656244e-07 1.005163320522616e-06 -5.325384484187782e-07
-2.452200566736539e-07 -7.097865869771476e-08 1.045072421281843e-06 -6.331755865778022e-07
3.015125065659856e-06 -2.546027186815589e-06 -6.756507245207993e-06 4.248576745574542e-06
2.670594988489162e-06 -2.949220834552840e-06 -6.239381126808941e-06 4.838842953710254e-06
2.183586771236879e-06 -2.755414458573859e-06 -5.498476041125591e-06 4.662872994643199e-06
2.841899353881930e-06 -1.826584954680964e-06 -6.483425350629451e-06 3.352120143052451e-06
2.660351195789032e-06 -1.283564658887175e-06 -6.212124671194350e-06 2.623464162088726e-06
-1.601728191694066e-07 -1.549067102225235e-07 7.545580453957657e-07 -3.428752679577976e-07
-1.601618737069931e-07 -6.973276105509331e-08 7.548109557411739e-07 -6.519503805389166e-07
-1.159680023873195e-07 -1.124433489672439e-07 5.937577207875784e-07 -4.792548672294288e-07
1.759402052198701e-06 -2.503986849110592e-06 -4.834866519945964e-06 4.365906257519621e-06
2.105328220645850e-06 -2.229370037657103e-06 -5.424240356991694e-06 3.903293166986955e-06
2.267164846440013e-06 -1.615661880268202e-06 -5.641640538187662e-06 3.075535703076726e-06
2.194687181365087e-06 -1.153649740949025e-06 -5.515814137103027e-06 2.348793719528213e-06
-6.812620524069804e-08 -1.627925340105631e-07 4.048756250914121e-07 -2.630028843339056e-07
-6.828804908921880e-08 -6.248589724649840e-08 4.238794288374236e-07 -6.581295155110069e-07
-1.421917019076773e-08 -1.128215573272175e-07 1.944028765465627e-07 -4.379554727575447e-07
1.385826617939779e-06 -2.232457308989053e-06 -4.205299489035760e-06 3.948545816739852e-06
1.083850891201725e-06 -1.946266161163488e-06 -3.664899705340847e-06 3.520067838370536e-06
1.724798687317744e-06 -1.532176653847757e-06 -4.841518033455536e-06 2.911547928705540e-06
1.803750234383399e-06 -9.638517992957085e-07 -4.991109603061826e-06 1.964409586350512e-06
4.750012321838576e-08 -1.794947198433398e-07 -4.517175016247528e-08 -1.817465732108967e-07
4.745712349776808e-08 -4.640172410747133e-08 -4.179710028431381e-08 -6.785613674295155e-07
1.162680857749147e-06 -1.549649155297416e-06 -3.813388025643957e-06 2.904073365307361e-06
8.476943052417258e-07 -1.637031835225384e-06 -3.217195221649146e-06 3.048866470374520e-06
1.283649329085500e-06 -1.150443021132580e-06 -4.070988763084397e-06 2.253105665096384e-06
1.489764000487365e-06 -7.531078617902426e-07 -4.504891924670703e-06 1.530183124474449e-06
1.150328393951941e-07 -1.130676806037950e-07 -3.123169503938166e-07 -4.206427937906569e-07
1.951240070534607e-07 -2.032107172111129e-07 -6.691544105818896e-07 -1.567491996772336e-08
1.948110745766832e-07 -2.253516242448957e-08 -6.676917311155854e-07 -7.704706308097481e-07
6.542208101053704e-07 -1.330678800713904e-06 -2.826886261740629e-06 2.549701718922215e-06
5.326350207369457e-07 -1.054410317439583e-06 -2.537322705468781e-06 2.040505987812867e-06
4.683110302581302e-07 -7.815807961456420e-07 -2.299529374116336e-06 1.514172355138985e-06
1.046446172923224e-06 -8.271195610127627e-07 -3.595316462866463e-06 1.648700598165405e-06
1.249405759954601e-06 -5.443802625233464e-07 -4.062521954522769e-06 1.019394321536591e-06
2.592758899239207e-07 -1.137883542261181e-07 -9.591490928189702e-07 -3.795875340496479e-07
3.376221768883235e-07 -2.260756989477846e-07 -1.283090468749643e-06 9.228774187104231e-08
3.383589842684439e-07 2.602513731017379e-09 -1.275060296486869e-06 -8.356304125731032e-07
6.792351209883489e-07 -7.712297248712897e-07 -2.814561077541678e-06 1.514897808611002e-06
4.340227562481199e-07 -5.380723253143813e-07 -2.114742251223460e-06 1.011858162092978e-06
4.469394214245393e-07 -2.434934554908098e-07 -1.762619929257260e-06 1.783556492217884e-07
4.652886001706343e-07 -2.678917481620213e-07 -1.931126434175841e-06 2.818885469093914e-07
4.593723271471530e-07 -3.270027923671958e-07 -2.021182872712960e-06 4.840765203806395e-07
8.911740477475663e-07 -5.174172528688146e-07 -3.280140833805172e-06 9.721399138913487e-07
1.064883645081588e-06 -3.541440137669712e-07 -3.731545890869838e-06 5.480151961617508e-07
4.070493558110452e-07 -1.316321373302845e-07 -1.547056562963512e-06 -2.965288719688684e-07
4.897616526751177e-07 2.359875318309683e-08 -1.774624223566935e-06 -8.873755691159068e-07
5.846594146776978e-07 -3.755524965795982e-07 -2.474375176118645e-06 6.360011465204464e-07
4.875973468243921e-07 -1.792226779062117e-07 -1.939611674319107e-06 -8.473534327096617e-08
5.104042297767367e-07 -2.494851827341487e-07 -2.145045410096031e-06 2.203359960634535e-07
7.989738171096839e-07 -2.984715243816789e-07 -3.041776161182022e-06 3.971497452440312e-07
9.335428612209382e-07 -1.987240410304144e-07 -3.473926500889777e-06 5.102794181848996e-08
5.257317734939924e-07 -4.783812724104517e-08 -1.942300962778613e-06 -5.901011480781296e-07
5.491479109934963e-07 4.100535063480829e-08 -1.908286207362329e-06 -9.571329739035105e-07
6.448605119127186e-07 -1.181415321794173e-07 -2.553598318181841e-06 -2.026459399357438e-07
8.668843030181581e-07 -7.216738479511873e-08 -3.371422454177801e-06 -3.500592950783079e-07
7.965949273771910e-07 1.613369611044541e-08 -3.432693409539430e-06 -7.351763099237036e-07
6.217872123608584e-07 2.953481933588978e-08 -2.239859222793902e-06 -8.428993262482983e-07
5.919145726555317e-07 6.317745411994150e-08 -1.990265355740148e-06 -1.131205500813786e-06
6.591219850031346e-07 9.417306167187695e-08 -2.097543251379393e-06 -1.613450209831145e-06
7.358238421325988e-07 4.852639579697307e-08 -2.981537883026096e-06 -7.845924422293063e-07
7.270886191007908e-07 7.162756391048751e-08 -2.248148660327904e-06 -2.076780435971827e-06
7.386124254539091e-07 8.881324845016307e-08 -3.613373383649064e-06 -1.178806829906767e-06
7.057049738062721e-07 1.116920753538973e-07 -2.520593845446005e-06 -1.626027583616848e-06
7.180568391749220e-07 1.122148688591443e-07 -3.215554812762534e-06 -1.638757468763288e-06
7.636999522746265e-07 2.803720075177393e-08 -2.422216165195349e-06 -2.520323692244754e-06
6.648441190155310e-07 1.127085793799559e-07 -3.873414502088727e-06 -1.621000809368146e-06
6.640078673020214e-07 9.103798387081528e-08 -3.663497422857285e-06 -2.080259662443205e-06
7.250126479134900e-07 5.680665462483255e-08 -3.120514119417048e-06 -2.362802392113327e-06
7.804197871926134e-07 -6.330700996239523e-08 -2.664203665833724e-06 -3.047488977778668e-06
7.478038501426672e-07 -1.839683784205771e-07 -3.045399800227056e-06 -3.618320066590610e-06
5.522371116558829e-07 1.080260855882602e-07 -4.271762902636773e-06 -2.064377812153517e-06
5.965258682752826e-07 1.425391166144374e-08 -4.004859175169248e-06 -2.678895056493632e-06
6.595330745020613e-07 -1.450844851953489e-07 -3.657774756996073e-06 -3.425068418622134e-06
6.892497315054299e-07 -3.312818377781695e-07 -3.508210523132139e-06 -4.124032122972787e-06
4.046130308758235e-07 7.493331785309020e-08 -4.744842982898219e-06 -2.508989211300756e-06
4.362748373989274e-07 -1.541658875604371e-07 -4.617338826191177e-06 -3.449318341723032e-06
5.796739729173931e-07 -4.763368864629350e-07 -4.076294178359097e-06 -4.553449898861611e-06
4.120908924054602e-07 -6.299165386727489e-07 -4.693802475280341e-06 -4.894518420812662e-06
2.056696553187488e-07 -7.878041700057250e-07 -5.367316385498220e-06 -5.197054124451895e-06
2.015731176885963e-07 -2.153717728668219e-07 -5.347732728733494e-06 -3.664776972022716e-06
2.096867011843896e-07 2.291963560721232e-08 -5.330757361275622e-06 -2.887734121211092e-06
2.542141817495048e-07 -4.980052191026110e-07 -5.248505843299287e-06 -4.466191240442080e-06
-5.482898448662087e-08 -9.132623173539188e-07 -6.082501140916157e-06 -5.426011943045984e-06
-3.611374056973685e-07 -1.018381225755124e-06 -6.766546525531570e-06 -5.563178629600256e-06
-1.816230611028680e-08 -2.714086444746590e-07 -5.929309744859964e-06 -3.854122586648538e-06
-4.411383726143823e-08 -1.143771406024290e-08 -5.962812329016818e-06 -3.138126621963880e-06
-6.948758127681989e-07 -1.083814028560235e-06 -7.459170939639010e-06 -5.641239517810247e-06
-2.975925792429719e-07 -5.482126128283608e-07 -6.657968700021842e-06 -4.564569087865123e-06
-3.449851148076104e-07 -1.646694622054883e-08 -6.718767408988745e-06 -3.300674510329184e-06
-7.642562282367403e-07 -6.078433232648351e-07 -7.584026292953798e-06 -4.700499418901553e-06
-1.112307832487717e-06 -1.137643547045857e-06 -8.246898866233897e-06 -5.735203697334344e-06
-6.802567811551044e-07 2.087703118862270e-09 -7.439410282657149e-06 -3.360920794867337e-06
-1.732820344337473e-06 -1.190252789527370e-06 -9.409104662724047e-06 -5.792595613716520e-06
-1.220622942537510e-06 -3.215703358747729e-07 -8.501705806315625e-06 -4.133075021306554e-06
-1.110387721268793e-06 5.777721363005161e-08 -8.274295917099985e-06 -3.333301003502706e-06
-2.692720528488038e-06 -1.269090693715163e-06 -1.111051188229663e-05 -5.916321651836208e-06
-2.195380907334026e-06 -4.807809560337889e-07 -1.027618399766069e-05 -4.495649542784669e-06
-1.735369760434766e-06 1.288727081575450e-07 -9.491279342943677e-06 -3.308848782073800e-06
-4.106191758398513e-06 -1.351321374199023e-06 -1.368817811964955e-05 -6.101002766063975e-06
-3.376253249160923e-06 -5.317913778860832e-07 -1.237584702886874e-05 -4.621696769846115e-06
-2.694464657713669e-06 2.079101128567226e-07 -1.115872180626080e-05 -3.300825175495745e-06
-5.714613551340262e-06 -1.418763216566298e-06 -1.650444483748312e-05 -6.264671225437358e-06
-4.889640776377799e-06 -5.291195496426287e-07 -1.507202916256407e-05 -4.660415297225681e-06
-4.107273777707639e-06 2.913028978159863e-07 -1.364222482903987e-05 -3.213654442085669e-06
-7.438418976082797e-06 -1.474069163850963e-06 -1.941424018610888e-05 -6.217526263414908e-06
-6.559126741405735e-06 -5.272643639168420e-07 -1.797612189269244e-05 -4.682096871942190e-06
-5.715342201862003e-06 3.623918640373520e-07 -1.646377522208043e-05 -3.153444356448554e-06
-9.257714217770280e-06 -1.519765660523722e-06 -2.213080755597609e-05 -6.118347613019459e-06
-8.333680454949317e-06 -5.257977205187515e-07 -2.081123146215504e-05 -4.698742113733643e-06
-7.438878530642250e-06 4.209675271157375e-07 -1.938337875295472e-05 -3.249534937931748e-06
-1.115607458395884e-05 -1.558156776710845e-06 -2.458272903496319e-05 -5.969201808806546e-06
-1.019468984139548e-05 -5.246828982499627e-07 -2.339753556026165e-05 -4.727326103684322e-06
-9.257837255870972e-06 4.692365676489332e-07 -2.208297229272556e-05 -3.362119339443268e-06
-1.312168068190297e-05 -1.590504952249466e-06 -2.678694581529664e-05 -5.904288173260143e-06
-1.212851222460234e-05 -5.238315526615723e-07 -2.567295198869508e-05 -4.757858891186660e-06
-1.115608553969389e-05 5.097593106844508e-07 -2.448571961354365e-05 -3.482722392745395e-06
-1.514407206292170e-05 -1.616957918044290e-06 -2.889709312487576e-05 -5.879153451438580e-06
-1.412440265364441e-05 -5.231497497418083e-07 -2.782399360213424e-05 -4.787309897244053e-06
-1.312185245227348e-05 5.437467413055979e-07 -2.665950968435130e-05 -3.577627107876914e-06
-1.721050831018103e-05 -1.635848333897448e-06 -3.094217888815623e-05 -5.892357395533742e-06
-1.617135298517277e-05 -5.226484963892983e-07 -2.990164644633584e-05 -4.791244117561688e-06
-1.514434603627092e-05 5.713115012482270e-07 -2.880725948147778e-05 -3.683650422054155e-06
-1.930497911266256e-05 -1.646568842397859e-06 -3.291890691206889e-05 -5.827470900163420e-06
-1.825454558158523e-05 -5.221825597468299e-07 -3.193106731807944e-05 -4.770830521900387e-06
-1.721088633208723e-05 5.910528368287823e-07 -3.088598564428243e-05 -3.719109293075964e-06
-2.382074621665367e-05 -1.527314292352019e-06 -3.671383248108385e-05 -5.628563527496087e-06
-2.352128441291976e-05 -1.651341786151580e-06 -3.646771894839432e-05 -5.731890723528776e-06
-2.024775723031197e-05 -5.220650578230438e-07 -3.372304845181057e-05 -4.791413380788216e-06
-2.141212930106125e-05 -1.650643296676488e-06 -3.473165207463287e-05 -5.727380663336759e-06
-1.930493808929784e-05 6.022900482310869e-07 -3.283663383330431e-05 -3.803685580960787e-06
-2.394478622107750e-05 -1.227870429130815e-06 -3.681370387930987e-05 -5.379599243111234e-06
-2.323596482121779e-05 -5.219655731986916e-07 -3.620993211066721e-05 -4.786232707965940e-06
-2.141206600439366e-05 6.066501137811280e-07 -3.469566844081339e-05 -3.824882467815564e-06
-2.394469214383976e-05 1.838934477492444e-07 -3.675854155420158e-05 -4.225947461257918e-06
-2.352118707578520e-05 6.073493671317017e-07 -3.641011537692365e-05 -3.880021709451991e-06
-2.382064712405176e-05 4.833260544182794e-07 -3.665512911491518e-05 -3.981606353528119e-06
