-1.396324656553425e-04 1.946778724248875e-05 -9.331836312598432e-06 1.480977444008706e-06
-1.401944178638740e-04 1.811118261479415e-05 -9.381964717390178e-06 1.358015395270580e-06
-1.401941719861426e-04 1.171563900039071e-05 -9.420056220099585e-06 8.118768816810503e-07
-1.396321838619534e-04 1.035899456663316e-05 -9.372133692933207e-06 6.858887792101947e-07
-1.382757975486257e-04 2.002969539422876e-05 -9.212828597337361e-06 1.533156298934701e-06
-1.357307040661675e-04 1.491335204714654e-05 -9.056893739362060e-06 1.101559215323838e-06
-1.382754606667158e-04 9.797067382517798e-06 -9.253675335729407e-06 6.333873346822630e-07
-1.287227423666175e-04 2.002843544508842e-05 -8.473587899186325e-06 1.573539494592966e-06
-1.287222428611536e-04 9.798081669205651e-06 -8.519009633996010e-06 6.488821744282214e-07
-1.234492637838241e-04 1.491327054144532e-05 -7.964295164359666e-06 1.108739685506158e-06
-1.191732239036433e-04 2.002270705272745e-05 -7.493161520346483e-06 1.633506615434932e-06
-1.191726494581247e-04 9.803828645055253e-06 -7.595698386288093e-06 5.863834644866466e-07
-1.144024000743973e-04 1.491313615337394e-05 -7.069705142121219e-06 1.154025351896769e-06
-1.096399510044758e-04 2.000788718909822e-05 -6.537750690012031e-06 1.649684653889775e-06
-1.096396068400929e-04 9.818459545203031e-06 -6.637095900905949e-06 6.215412557021618e-07
-1.048834335797816e-04 1.491304708536654e-05 -6.169888571818023e-06 1.211649110946345e-06
-1.001438249220679e-04 1.997962647380234e-05 -5.608864666168969e-06 1.603317743915134e-06
-1.001433545130249e-04 9.846020827400865e-06 -5.659907790397696e-06 7.585832426612708e-07
-9.541484835454540e-05 1.491263263878501e-05 -5.330989326307970e-06 1.219760259522712e-06
-9.071332628453518e-05 1.993490963303475e-05 -4.902495667348294e-06 1.588461722232270e-06
-9.071278315164477e-05 9.889651480343051e-06 -4.817162445682194e-06 7.880208361992398e-07
-8.602775708074621e-05 1.491213790751213e-05 -4.587888458149678e-06 1.228364651484130e-06
-8.138109824569378e-05 1.987193636632478e-05 -4.249763881244718e-06 1.639188357735146e-06
-8.138008069866688e-05 9.951378648095685e-06 -4.072485012601973e-06 7.924837695233989e-07
-7.675565709189311e-05 1.491145422485598e-05 -3.794773811558371e-06 1.226913615557414e-06
-7.218209083467147e-05 1.978857826410586e-05 -3.587405989945648e-06 1.598644497627543e-06
-7.218086871379483e-05 1.003339987861337e-05 -3.283322200453351e-06 9.233892447180548e-07
-6.763610923665847e-05 1.491071184763452e-05 -3.082812977923875e-06 1.187367400277999e-06
-6.315714560960755e-05 1.968179539075643e-05 -2.855734022758504e-06 1.572657224656275e-06
-6.315591870773424e-05 1.013875660276726e-05 -2.673374209381642e-06 9.727323068618748e-07
-5.871321264397818e-05 1.490985163831185e-05 -2.474202031628559e-06 1.153637019777518e-06
-5.435324080705203e-05 1.954885044343286e-05 -2.165891436520752e-06 1.502146931557546e-06
-5.435204641392852e-05 1.027020832340859e-05 -2.231266338961089e-06 9.253212132412456e-07
-5.003615515734055e-05 1.490896999160833e-05 -1.968379583678551e-06 1.159725586159316e-06
-4.581938623955872e-05 1.938849069745230e-05 -1.677693881327381e-06 1.353445084051375e-06
-4.581792323909796e-05 1.042973068121591e-05 -1.901848010078552e-06 9.987317877513708e-07
-4.181953295381297e-05 1.490711056945543e-05 -1.585083204063339e-06 1.172473057835804e-06
-3.793062114350203e-05 1.920427451913615e-05 -1.385432765283992e-06 1.261048608224118e-06
-3.792865902163923e-05 1.061972751486012e-05 -1.491455567402461e-06 9.148627988195973e-07
-3.504432932589578e-05 1.523250491984696e-05 -1.291260497081255e-06 1.179174771349927e-06
-3.220589069028336e-05 1.903331450034871e-05 -1.182938634656313e-06 1.299105669130537e-06
-3.220087357874991e-05 1.079559083993507e-05 -1.213578507179137e-06 9.597896310956295e-07
-2.820288872193050e-05 1.888442761547071e-05 -1.101034042506476e-06 1.220412944530745e-06
-2.893820590832073e-05 1.628169258734172e-05 -1.096362558761677e-06 1.187470231253932e-06
-2.819544843946195e-05 1.090797992515019e-05 -1.059439650207054e-06 9.538852937318568e-07
-2.537586822115501e-05 1.102785527523476e-05 -9.676486890952156e-07 1.015077576044041e-06
3.622852244795707e-06 1.451038354556388e-06 4.700417037377195e-07 7.747084550222249e-07
3.694902242859936e-06 1.277398745832641e-06 4.827635644230664e-07 7.393898912033741e-07
3.694358188639096e-06 6.319864867261567e-07 4.941995111800850e-07 6.189183453746022e-07
3.622726085898198e-06 4.613966774179988e-07 4.858327295454348e-07 5.860239304637957e-07
-2.536433750755507e-05 1.877972601690706e-05 -1.005002932432183e-06 1.148899925784135e-06
-2.288166737098892e-05 1.854309300988731e-05 -9.776212421852956e-07 1.120337485951603e-06
-2.476513184199719e-05 1.394146648460920e-05 -9.402851832654801e-07 1.127561577892020e-06
-2.284685808945093e-05 1.093639989426297e-05 -9.074625408489952e-07 1.069810364572214e-06
3.450063400367784e-06 1.523070499976655e-06 4.390663334118811e-07 7.911042071183000e-07
3.276479958704397e-06 8.154930083017548e-07 4.126791255600148e-07 6.616927734180155e-07
3.451924142751232e-06 3.905478229196446e-07 4.563648171427543e-07 5.723380429616230e-07
-2.206644320711795e-05 1.617446226657359e-05 -9.623526365023507e-07 1.086367629543575e-06
-2.048710838995386e-05 1.800876551173268e-05 -9.360856467375233e-07 1.123622204452963e-06
-1.823632768733610e-05 1.725082773641186e-05 -9.676054284862669e-07 1.122476023990507e-06
-2.132172420040380e-05 1.300185554965099e-05 -9.458637823846180e-07 1.092970426970272e-06
-2.049577812851259e-05 1.045958270626508e-05 -9.964376647513957e-07 1.160734860294980e-06
2.280714289155717e-06 1.544380821757303e-06 1.740909072814412e-07 8.219704623289262e-07
2.280603709092312e-06 3.727303261934896e-07 1.743951808412247e-07 5.822720475286084e-07
1.674784688796083e-06 9.596888857367331e-07 1.047882902499167e-07 6.961459159200575e-07
-1.616146859687739e-05 1.623479083548883e-05 -1.055047568331030e-06 1.094107345538849e-06
-1.791380599210950e-05 1.488168550349122e-05 -9.928244879764056e-07 1.110661590260605e-06
-1.868070045114754e-05 1.198236381149943e-05 -1.014497863302926e-06 1.174218058562797e-06
-1.835889424628915e-05 9.637146365359410e-06 -1.035539231798896e-06 1.210866873984668e-06
1.017845654734429e-06 1.654639137611493e-06 3.990080990901113e-08 7.786056383542081e-07
1.018764726526802e-06 2.674775621919990e-07 3.027245054203603e-08 6.182197442081211e-07
2.716770602044446e-07 9.623535983010435e-07 -5.362444958965484e-08 6.894745106847558e-07
-1.425358421103015e-05 1.504140477672907e-05 -1.144428335647812e-06 1.078516771805008e-06
-1.257052075723085e-05 1.369101898428324e-05 -1.171744438811137e-06 1.121306468446568e-06
-1.603571353386181e-05 1.154854145542712e-05 -1.119484837353906e-06 1.195692503876533e-06
-1.648711113023720e-05 8.494984187206225e-06 -1.129877840650843e-06 1.230260865636590e-06
-5.852068633913086e-07 1.891190376206790e-06 -1.802611040853030e-07 8.195750496305040e-07
-5.846485256991535e-07 3.587207048546287e-08 -1.778543180316957e-07 5.820463153380605e-07
-1.300057202015512e-05 1.167590583476357e-05 -1.181420403910646e-06 1.179456786907732e-06
-1.111457500964456e-05 1.217710878271144e-05 -1.168975019132444e-06 1.177808043193389e-06
-1.370346339387768e-05 9.476473160742052e-06 -1.216670994571698e-06 1.235205133660593e-06
-1.491800027131281e-05 7.133475496074334e-06 -1.258824914955249e-06 1.286247755633011e-06
-1.528133006054251e-06 9.648805531559313e-07 -2.893426854034672e-07 7.107411280014825e-07
-2.649761554870665e-06 2.231366234358377e-06 -4.253206327029698e-07 8.915875242275726e-07
-2.647088137688124e-06 -3.022134904589123e-07 -4.035836576516299e-07 5.489606464395177e-07
-9.852077559151526e-06 1.056329901901064e-05 -1.156213998002890e-06 1.237669246929229e-06
-8.852011811620229e-06 8.916573397373479e-06 -1.105288035127720e-06 1.231341820108866e-06
-8.091455733132073e-06 7.195310757536752e-06 -1.059012054652895e-06 1.211354068015134e-06
-1.228571888302748e-05 7.551803163183887e-06 -1.222020120122922e-06 1.265025796341557e-06
-1.367418591405145e-05 5.627673207446025e-06 -1.287053019349771e-06 1.162406832160044e-06
-3.550022428970269e-06 9.708442603978390e-07 -5.298171977222642e-07 7.116318379937263e-07
-4.654695827379760e-06 2.564651567038350e-06 -6.060068139450586e-07 8.453113653711954e-07
-4.655085456726244e-06 -6.479145468634669e-07 -6.557121804117828e-07 5.480346357732528e-07
-9.778105392982287e-06 7.181317648908261e-06 -1.122608137084327e-06 1.222976931771881e-06
-7.528777388204820e-06 5.463182076861622e-06 -1.022712232650930e-06 1.139825800878953e-06
-6.455942051404225e-06 2.845435289739402e-06 -7.815345032755072e-07 8.953595003477730e-07
-6.967752255364292e-06 3.132366663615709e-06 -8.872268206073884e-07 9.497204825581382e-07
-7.225297580605595e-06 3.726473500025506e-06 -9.596426288778312e-07 1.025238272111880e-06
-1.130949155889310e-05 5.412360956922706e-06 -1.195798267319081e-06 1.139558652096423e-06
-1.274581258892124e-05 4.050583050950733e-06 -1.295555569751447e-06 1.050407600604052e-06
-5.645989616537682e-06 1.207430647020958e-06 -6.943389873671974e-07 7.109131786900329e-07
-6.501142738064803e-06 -9.001139566668403e-07 -7.581752063979313e-07 4.841342290188190e-07
-8.701729347296440e-06 4.247709610742944e-06 -1.070921671794797e-06 1.069735412004872e-06
-7.022509710463961e-06 1.995386347374033e-06 -8.622088330708149e-07 7.946629741707401e-07
-7.630861797395128e-06 2.928611737810658e-06 -9.743003739428251e-07 9.332700939251917e-07
-1.062992450718117e-05 3.566187415700876e-06 -1.140684879573350e-06 9.891313452032503e-07
-1.215446790183690e-05 2.475947947414831e-06 -1.253862447076676e-06 8.151426102062573e-07
-7.092057377973742e-06 1.744519949713386e-07 -8.289200759175089e-07 6.024534948411563e-07
-7.041516507274951e-06 -1.171144017068376e-06 -7.878321908766425e-07 4.441934678457764e-07
-9.071646195067104e-06 1.585782912713777e-06 -1.042628670185465e-06 7.774650843346185e-07
-1.193305201310847e-05 9.272671535221755e-07 -1.240597994264514e-06 6.925558825268091e-07
-1.201918817750451e-05 -5.673491494107479e-07 -1.308289343497190e-06 5.185804467240974e-07
-8.186704201488369e-06 -8.172783604677117e-07 -9.356556885288436e-07 4.956015644743862e-07
-7.362201343095360e-06 -1.741374579517371e-06 -8.031134902305538e-07 3.676566883920445e-07
-7.765247070463490e-06 -3.293700219154983e-06 -8.350763835217101e-07 1.792857394414011e-07
-1.053726446099413e-05 -7.738145355430166e-07 -1.153566468866210e-06 5.141838592738174e-07
-8.345413100040685e-06 -4.767824049466356e-06 -9.169787030177532e-07 4.608142523645349e-08
-1.242176545697818e-05 -2.065292527244380e-06 -1.399762091321792e-06 3.283630977300018e-07
-9.178714526060390e-06 -3.357452309922920e-06 -1.033166018086357e-06 1.881205997051665e-07
-1.122951939783408e-05 -3.472613978075323e-06 -1.250130312390733e-06 1.555583563665908e-07
-9.083699435808219e-06 -6.161496390267462e-06 -1.004650174307870e-06 -7.301946184354803e-08
-1.309257639835696e-05 -3.474326294586341e-06 -1.484588755853335e-06 1.161289073280873e-07
-1.249196307741487e-05 -4.840308925302103e-06 -1.370647008761609e-06 -3.600089292543355e-09
-1.111259555730823e-05 -5.685563683222728e-06 -1.202278482686729e-06 -4.122393613192180e-08
-9.975351931675774e-06 -7.464781029167378e-06 -1.128777778399223e-06 -2.018310913631103e-07
-1.101317392328398e-05 -8.661486633692016e-06 -1.223526228027428e-06 -2.735384423454068e-07
-1.400823064818934e-05 -4.760045370453503e-06 -1.468155142846503e-06 -8.532010539020877e-09
-1.332248010078612e-05 -6.347346270633016e-06 -1.372518115957175e-06 -1.301298140516839e-07
-1.252122006411316e-05 -8.181256456167195e-06 -1.299874192810528e-06 -2.653428418256864e-07
-1.218154302752641e-05 -9.735760181105376e-06 -1.304412793405600e-06 -3.042506663239250e-07
-1.513682616983044e-05 -5.874537343070902e-06 -1.489278382880775e-06 -1.218368959376188e-07
-1.478742501159169e-05 -8.164585093488636e-06 -1.443043938160393e-06 -2.486714281997784e-07
-1.346844634203948e-05 -1.067094234749021e-05 -1.377004820377136e-06 -3.244064090883002e-07
-1.485751803188242e-05 -1.145567770281801e-05 -1.445209679959123e-06 -3.175341185239068e-07
-1.632797373633809e-05 -1.207825559525694e-05 -1.501420739622947e-06 -2.892878710688485e-07
-1.645465904090014e-05 -8.650027933918191e-06 -1.478698580761827e-06 -2.579940287774717e-07
-1.644572021322660e-05 -6.782088418594150e-06 -1.488761517625782e-06 -1.966349335433464e-07
-1.612686206250095e-05 -1.049242657671664e-05 -1.499402944555599e-06 -2.883626175817919e-07
-1.786319740457896e-05 -1.252865094147737e-05 -1.539230480476707e-06 -2.634629045076866e-07
-1.944011816185367e-05 -1.280099199693611e-05 -1.485071467008089e-06 -2.251839630352138e-07
-1.777551515122879e-05 -9.065698547761538e-06 -1.478634477287693e-06 -2.877157506111768e-07
-1.789630802179231e-05 -7.451555761754266e-06 -1.455242697755896e-06 -2.546618511759606e-07
-2.103892032856686e-05 -1.289167256151288e-05 -1.440145767329651e-06 -1.929006547701011e-07
-1.926416510157868e-05 -1.055438555213404e-05 -1.504767965555886e-06 -3.348597499342738e-07
-1.944321469116879e-05 -7.862123764746038e-06 -1.438825083259554e-06 -3.194434419386491e-07
-2.139329626328166e-05 -1.079079175798899e-05 -1.468055903797552e-06 -3.084508913435389e-07
-2.279741607550298e-05 -1.288942348054407e-05 -1.367165682741330e-06 -1.392578682733181e-07
-2.103885085415362e-05 -8.000541508073324e-06 -1.458449331521510e-06 -3.709313628079682e-07
-2.521408899459217e-05 -1.288510668614866e-05 -1.244325008098749e-06 -1.412396787051449e-07
-2.330898541999451e-05 -9.597836838963735e-06 -1.392584768841046e-06 -3.688271813848487e-07
-2.279813066758121e-05 -8.000837688544574e-06 -1.399788655937121e-06 -4.127850903134568e-07
-2.852345837256344e-05 -1.287428821380181e-05 -8.043288322283509e-07 -7.237963708565169e-08
-2.688952195577969e-05 -1.025341106358846e-05 -1.099685147551273e-06 -3.720579253765807e-07
-2.521448518136890e-05 -8.004284868380250e-06 -1.229851921968687e-06 -4.910743481532618e-07
-3.286596196102447e-05 -1.285757261186777e-05 -1.806731816082912e-07 -7.176425832950440e-09
-3.069958503476483e-05 -1.044233348841593e-05 -5.678955483982234e-07 -3.577444645409442e-07
-2.852392088176714e-05 -8.012586316484415e-06 -9.066551665372380e-07 -6.734871942772053e-07
-3.736168925124682e-05 -1.284041557772772e-05 5.954983272507815e-07 -1.003399168092758e-07
-3.511898967923794e-05 -1.044046108172451e-05 1.597974039563788e-07 -3.846481586342532e-07
-3.286637239408700e-05 -8.025379450482911e-06 -2.519994811604602e-07 -7.884134360940684e-07
-4.183010839233182e-05 -1.282602587054364e-05 1.071802368741949e-06 -1.939971194662362e-07
-3.960021132999535e-05 -1.043855136272465e-05 8.757640239694584e-07 -3.684389105910282e-07
-3.736213541273715e-05 -8.038481719439029e-06 5.657627789769942e-07 -7.691135178594960e-07
-4.627823947051143e-05 -1.281587806390373e-05 1.264662855482643e-06 -3.216660696549818e-07
-4.405716285229135e-05 -1.043682530971155e-05 1.246268385546484e-06 -3.964797674223755e-07
-4.183060468202485e-05 -8.049169559670470e-06 1.192597882050249e-06 -6.024140633087469e-07
-5.071468548978744e-05 -1.281053447707801e-05 1.268848471960061e-06 -3.961243396672388e-07
-4.849796954606665e-05 -1.043533821766035e-05 1.338457972879753e-06 -4.030874426809254e-07
-4.627878008218835e-05 -8.056161657487806e-06 1.412049342180667e-06 -4.384135191045553e-07
-5.514754373858700e-05 -1.280924911616949e-05 1.235366388265460e-06 -4.039340211488399e-07
-5.293125911383321e-05 -1.043414889240664e-05 1.265393396991816e-06 -4.144667844139157e-07
-5.071506908105846e-05 -8.058992799648261e-06 1.358382298884343e-06 -3.459159182427239e-07
-5.958353887747341e-05 -1.281103698781960e-05 1.226190202166068e-06 -3.765356517442236e-07
-5.736468475270272e-05 -1.043320302309896e-05 1.210680409652622e-06 -4.228431274896645e-07
-5.514774645753311e-05 -8.058160956299021e-06 1.268623057572264e-06 -4.031761799701650e-07
-6.402684601340301e-05 -1.281480959283936e-05 1.254876028629328e-06 -3.943783980349829e-07
-6.180367344722450e-05 -1.043262601331042e-05 1.246631825586136e-06 -4.426541743568757e-07
-5.958345055848407e-05 -8.054849227281834e-06 1.284636904356641e-06 -4.701947814924654e-07
-6.847897006733633e-05 -1.281883511852378e-05 1.399824593179262e-06 -3.908952908062329e-07
-6.625141791698715e-05 -1.043226680542130e-05 1.357162723580516e-06 -4.417999194468372e-07
-6.402665863269008e-05 -8.050010397506677e-06 1.337177621645824e-06 -4.716766586885680e-07
-7.803693710804178e-05 -1.256023766455887e-05 1.586714347340176e-06 -4.690747030607527e-07
-7.740300840717305e-05 -1.282279363613896e-05 1.573353632720626e-06 -4.660512608551776e-07
-7.047577851594094e-05 -1.043212135527446e-05 1.523059804799986e-06 -4.832597995907820e-07
-7.293896786080307e-05 -1.282194389040817e-05 1.534250282724504e-06 -4.249732430351252e-07
-6.847890815994581e-05 -8.045424819663927e-06 1.508870865743542e-06 -5.359299692582755e-07
-7.829952318847501e-05 -1.192634923108201e-05 1.594713098345291e-06 -4.786607633566288e-07
-7.679929060967599e-05 -1.043214600028074e-05 1.589458962723948e-06 -4.830467589205561e-07
-7.293896392420654e-05 -8.042279369451946e-06 1.564850061905698e-06 -5.141103624939083e-07
-7.829953988561053e-05 -8.937942128128312e-06 1.635916132673752e-06 -5.130970018795582e-07
-7.740302004617489e-05 -8.041486119324541e-06 1.618265905783771e-06 -5.281821133289988e-07
-7.803695323464111e-05 -8.304045961523238e-06 1.631877618932850e-06 -5.238288852975627e-07
