7.723478081162732e-05 -1.326079310506810e-05 6.035869711288215e-07 -2.976689532503852e-08
7.749417512003829e-05 -1.263442946647091e-05 6.180106572171943e-07 -1.404266145160579e-09
7.749402334814459e-05 -9.682077670705621e-06 6.494409360886108e-07 1.929116214187555e-07
7.723461717651173e-05 -9.055744137134731e-06 6.391201975322229e-07 2.172261297401449e-07
7.660851162079229e-05 -1.352026249504820e-05 5.698616393567076e-07 -3.948873447794324e-08
7.543402100006056e-05 -1.115823842553047e-05 5.119115879157442e-07 8.510490359324017e-08
7.660834721627133e-05 -8.796290731072731e-06 6.113554954578401e-07 2.254001073540822e-07
7.219891675558643e-05 -1.352151906694832e-05 4.218158283658404e-07 5.663390689645469e-09
7.219878796465029e-05 -8.795245890419408e-06 4.428281308020555e-07 1.823277312641872e-07
6.976302594278968e-05 -1.115847148658928e-05 3.108414894659403e-07 1.051116923185538e-07
6.778462754941121e-05 -1.352529393928887e-05 1.607293484068193e-07 -6.043723331329571e-08
6.778471863015273e-05 -8.792093661223473e-06 2.108129688325026e-07 2.350618674573404e-07
6.557500068890711e-05 -1.115849941040664e-05 3.279457157711864e-08 7.960943091461223e-08
6.336185217017877e-05 -1.352988500317888e-05 -2.077144310808829e-07 -1.126002158716097e-07
6.336232283511630e-05 -8.787269295919308e-06 4.592325482948382e-08 2.596156159322810e-07
6.114798876824323e-05 -1.115827217788916e-05 -3.176370344800370e-07 6.625351993098168e-08
5.893024691610707e-05 -1.353425169212965e-05 -6.570838368716907e-07 -1.561156434862154e-07
5.893065556410313e-05 -8.781995298728029e-06 -1.984853906323410e-07 3.293860264629781e-07
5.671212546214182e-05 -1.115767595025480e-05 -8.032729957476327e-07 5.857543258621062e-08
5.448969776967476e-05 -1.353845066229941e-05 -1.121035993600258e-06 -1.733178175465927e-07
5.449020894700996e-05 -8.776102550029260e-06 -7.582056753149147e-07 4.313571420486663e-07
5.226689819972625e-05 -1.115673770030386e-05 -1.380389828791131e-06 6.617566575950030e-08
5.003909301089762e-05 -1.354302807078406e-05 -1.559996023619772e-06 -1.549707578849859e-07
5.003970896828152e-05 -8.769099255383657e-06 -1.549739812096468e-06 4.554734702250595e-07
4.781050552150778e-05 -1.115544579683921e-05 -1.872935982855089e-06 1.088200759346850e-07
4.557684477603318e-05 -1.354793507757444e-05 -1.902638850641215e-06 -3.011277496402887e-08
4.557728957251229e-05 -8.761030399939361e-06 -2.172595199509795e-06 3.200411638265667e-07
4.334160031195809e-05 -1.115378820884075e-05 -2.208011777179519e-06 1.712303044722491e-07
4.110239759492243e-05 -1.355174638998758e-05 -2.139524958625379e-06 1.085513320664684e-07
4.110230127518153e-05 -8.753508906904499e-06 -2.417738344777629e-06 2.378067580725440e-07
3.886122900716796e-05 -1.115169319474105e-05 -2.385957391652224e-06 2.269660537740809e-07
3.661841554854535e-05 -1.355269394732260e-05 -2.253612152450079e-06 1.735850529412586e-07
3.661800642121362e-05 -8.748240802796419e-06 -2.410341483804198e-06 1.837663023795888e-07
3.437463856911533e-05 -1.114937760859502e-05 -2.491762894429109e-06 2.608083098691723e-07
3.213140414478214e-05 -1.355031990342675e-05 -2.339333202495147e-06 3.732393665024738e-07
3.213082584750540e-05 -8.745820852898747e-06 -2.368238129028535e-06 1.537563011377585e-07
2.997885306431547e-05 -1.114689770219360e-05 -2.355671254573732e-06 3.195230688250925e-07
2.782841320440192e-05 -1.354539879380934e-05 -2.120050787094763e-06 5.950245492754619e-07
2.782764872136992e-05 -8.746173663433373e-06 -2.072346356926743e-06 9.427404263040243e-08
2.621610682784283e-05 -1.133221145532241e-05 -1.954211748992077e-06 3.686419979133921e-07
2.457254121367941e-05 -1.354036115073617e-05 -1.706799978470526e-06 7.346746041952871e-07
2.457160465908426e-05 -8.747917838303219e-06 -1.663584902172801e-06 6.923305460321942e-08
2.220631533270606e-05 -1.353583707200700e-05 -1.268449769645964e-06 7.405765626344779e-07
2.266814581961009e-05 -1.196000528530784e-05 -1.345735820311665e-06 4.907942207582025e-07
2.220533241288402e-05 -8.749262936998245e-06 -1.280815726350898e-06 1.318775626518569e-07
2.048730024528830e-05 -8.751254372144538e-06 -1.021161600438401e-06 1.735872341258354e-07
-3.523145049452315e-06 -4.770028684678142e-07 1.567235617853952e-07 -2.987754774426289e-07
-3.593492715354252e-06 -3.077968239355442e-07 1.555121732409907e-07 -2.974164250174490e-07
-3.593110473864388e-06 3.224028434319273e-07 1.698632468301624e-07 -3.016076463467172e-07
-3.523130334758282e-06 4.892414155003149e-07 1.728293593477908e-07 -3.041947210101082e-07
2.048785777994600e-05 -1.353247166647394e-05 -9.687621266523454e-07 7.164251756229738e-07
1.892824408886748e-05 -1.344050675991386e-05 -7.512881408479196e-07 6.958784583941128e-07
2.014004623138142e-05 -1.054482269973433e-05 -9.496818757708570e-07 3.803531804146121e-07
1.893021446281618e-05 -8.617559549909388e-06 -7.807977755853853e-07 2.017149365696293e-07
-3.354688490879740e-06 -5.469825104388378e-07 1.599337467863240e-07 -2.986786844614742e-07
-3.184938546972352e-06 1.441672136223264e-07 1.658086638010076e-07 -2.928324458001238e-07
-3.356154947143350e-06 5.588784193980136e-07 1.729494148798558e-07 -3.034140880879934e-07
1.843356948343825e-05 -1.196577329220951e-05 -6.870740521447261e-07 5.258040118626440e-07
1.739049937897812e-05 -1.317143201641374e-05 -5.951207422459945e-07 6.336538239627262e-07
1.589508580259995e-05 -1.273052427376401e-05 -5.118793309827204e-07 5.809900072548798e-07
1.796513314793581e-05 -9.925001190923745e-06 -6.518639067177276e-07 3.453157144596404e-07
1.742284775351167e-05 -8.217335201214292e-06 -6.301912474556854e-07 2.370569699773592e-07
-2.212780115584569e-06 -5.655189942970481e-07 1.663281319512767e-07 -2.915200070344144e-07
-2.212012328820279e-06 5.786246582505589e-07 1.619035977913321e-07 -2.692073388333826e-07
-1.620466673484625e-06 6.486778458249545e-09 1.890045315467288e-07 -2.751480612403522e-07
1.446219278894168e-05 -1.212228212346311e-05 -4.467772286034574e-07 5.205646400623082e-07
1.569909431574692e-05 -1.118333303332761e-05 -5.005590893995871e-07 4.601029037035012e-07
1.621782764022570e-05 -9.224253158265564e-06 -5.467698774108677e-07 3.344181033665153e-07
1.601038789372851e-05 -7.563882304697670e-06 -5.371076367402813e-07 2.409515118578946e-07
-9.791581864843072e-07 -6.707844684292838e-07 2.127463150137026e-07 -2.985139170592942e-07
-9.794649735687934e-07 6.830117665211429e-07 2.160201019607759e-07 -2.232084728985196e-07
-2.505859992730156e-07 5.714553300774724e-09 2.244617285368504e-07 -2.479701998825595e-07
1.310879123153815e-05 -1.135658106899672e-05 -3.957460879555843e-07 4.758529987610702e-07
1.185416512681316e-05 -1.044387501963715e-05 -3.554211723392497e-07 4.293861909654423e-07
1.439467026290090e-05 -8.911662399768119e-06 -4.380179389393539e-07 3.502809364640574e-07
1.473540345358589e-05 -6.677139022646347e-06 -4.361432389718886e-07 2.230022181723025e-07
5.848474524535608e-07 -8.984884881322375e-07 2.017218616044990e-07 -2.142567523255389e-07
5.845851522411226e-07 9.089836890741094e-07 2.128513648028668e-07 -2.405817881008348e-07
1.217105229680583e-05 -9.016695714432220e-06 -3.622364241294492e-07 3.711219558695520e-07
1.071467586747086e-05 -9.395375160519330e-06 -3.206680337503846e-07 3.861760130757792e-07
1.270549788320092e-05 -7.385412090693552e-06 -3.791639882570507e-07 2.974976833786544e-07
1.363583784168189e-05 -5.586630052823450e-06 -4.162122904411935e-07 2.421221204942118e-07
1.503334574363550e-06 4.555319621087670e-09 2.019933410788841e-07 -2.101526876201599e-07
2.594171357910345e-06 -1.226838446654607e-06 1.645634343383717e-07 -1.176932072223840e-07
2.592326822516834e-06 1.237200925422072e-06 1.932043110713246e-07 -2.592510163297665e-07
9.702227504802838e-06 -8.226244344205082e-06 -2.904475908645572e-07 3.703767482196300e-07
8.832031503935473e-06 -6.954342052865737e-06 -2.309731460889929e-07 3.105703007521799e-07
8.111860278955427e-06 -5.591195368745327e-06 -1.940226748358449e-07 2.486210062354443e-07
1.161084016583198e-05 -5.899354960369405e-06 -3.739029571543726e-07 2.693374613927364e-07
1.274422262697801e-05 -4.328430818752190e-06 -4.193500597991031e-07 1.903822174708912e-07
3.470042679147986e-06 3.930242133723211e-10 1.453156112804825e-07 -1.644844425438031e-07
4.544187148189175e-06 -1.550450106164990e-06 6.530394867009828e-08 -4.174587083669089e-08
4.543567005846346e-06 1.571775564296626e-06 8.709971060041974e-08 -2.563008727182433e-07
9.564824171194338e-06 -5.597841627738052e-06 -2.741894025867213e-07 2.468583420189068e-07
7.552072094823230e-06 -4.152019845467636e-06 -1.663763148879850e-07 1.871069483834417e-07
6.331052070922766e-06 -1.826364441123797e-06 -2.768733435490214e-08 5.970517663673805e-10
6.863457811574308e-06 -2.096724565432737e-06 -7.365106234587136e-08 3.215193320770104e-08
7.161741271582940e-06 -2.640600315031081e-06 -1.117158994410249e-07 8.249615753614597e-08
1.083904691078037e-05 -4.140639049986512e-06 -3.605968304967473e-07 1.735232386818433e-07
1.208724094140797e-05 -2.951258279014601e-06 -4.308099893717946e-07 1.309071938588231e-07
5.510047726544932e-06 -2.267596886320488e-07 1.759900927433319e-08 -1.058324081352241e-07
6.298568729266287e-06 1.810979069922472e-06 -2.522682656371134e-08 -2.595296660859474e-07
8.554289727933635e-06 -3.125184774182778e-06 -2.376449297103115e-07 1.266556468842884e-07
6.880548640954351e-06 -1.007967306703653e-06 -6.756822870707771e-08 -4.663686274298503e-08
7.510726481316717e-06 -1.906435140051567e-06 -1.343522518182880e-07 2.676513343548291e-08
1.026808053514653e-05 -2.521161327932303e-06 -3.492910044744192e-07 1.077925594756111e-07
1.169399358193558e-05 -1.505029780033039e-06 -4.723821585000188e-07 4.088495213717934e-08
6.883681893351659e-06 7.573423911529015e-07 -6.844904228647518e-08 -1.706849889126276e-07
6.783689714155741e-06 2.078345247244868e-06 -4.737712085878374e-08 -2.818216916869978e-07
8.843338698511806e-06 -6.722876359209027e-07 -2.496085850670334e-07 -3.871720953050442e-08
1.157940918244559e-05 -2.937358660787030e-08 -4.974250036450587e-07 -5.658349466340004e-08
1.180766431548957e-05 1.460212455449958e-06 -5.547320676500929e-07 -2.192092847376471e-07
7.911087938062882e-06 1.709364929536549e-06 -1.604236489128055e-07 -2.430731055424995e-07
7.057573881497269e-06 2.667654598662299e-06 -5.823653578787204e-08 -3.384907081838825e-07
7.378441013984427e-06 4.325316633356057e-06 -5.322100158290028e-08 -5.277572933437692e-07
1.028755696780899e-05 1.627608728834101e-06 -3.808490810487101e-07 -2.311838313389458e-07
7.895049309749746e-06 5.990219841046201e-06 -7.390748251935852e-08 -7.681687650232190e-07
1.235697643472468e-05 2.983258607597134e-06 -6.460437600617459e-07 -3.791856270994199e-07
8.850001703165719e-06 4.364715352622910e-06 -2.321301745296704e-07 -5.157999695320824e-07
1.108255456129427e-05 4.494025313439322e-06 -4.845631724683120e-07 -5.484936615146558e-07
8.644438296986267e-06 7.604588297759977e-06 -1.449100542951998e-07 -1.014625065574115e-06
1.322539925479221e-05 4.497656714730677e-06 -8.220259458128297e-07 -5.674746937729830e-07
1.256613450904212e-05 6.042509677093395e-06 -7.174806795546239e-07 -7.799451845608832e-07
1.094414252331242e-05 7.031744713633982e-06 -4.545263068361569e-07 -9.246145372300082e-07
9.597454707312362e-06 9.198859242075601e-06 -2.795137608926303e-07 -1.272436129630895e-06
1.079690161056999e-05 1.072510435138162e-05 -4.619947896297966e-07 -1.506093386951519e-06
1.442662408097145e-05 5.927383847273427e-06 -1.017407651448945e-06 -7.503025802060329e-07
1.359645362306665e-05 7.838474210531089e-06 -8.629125258268589e-07 -1.049607804142030e-06
1.260830916886111e-05 1.013085021752527e-05 -7.154499907186629e-07 -1.421431406568096e-06
1.218385160951806e-05 1.215887144686936e-05 -6.664962871277450e-07 -1.752069938759103e-06
1.591875849413369e-05 7.217249278846383e-06 -1.257954654111785e-06 -9.146648938663104e-07
1.548069914399015e-05 1.013060267725827e-05 -1.154207683219218e-06 -1.399682865025423e-06
1.378699883960594e-05 1.343501882915657e-05 -8.924767489040390e-07 -1.986977486783513e-06
1.559795426068599e-05 1.455840149464015e-05 -1.188575612235761e-06 -2.221675759469993e-06
1.756291591891365e-05 1.550989834956720e-05 -1.520674676595796e-06 -2.425016576430604e-06
1.770971415748013e-05 1.077100064582790e-05 -1.555157801156066e-06 -1.506612871858869e-06
1.768671049116629e-05 8.310054745336745e-06 -1.557262531198191e-06 -1.050587760956170e-06
1.726060625057772e-05 1.327634728718160e-05 -1.461711792467950e-06 -2.000678480154751e-06
1.968760504231076e-05 1.621823841148517e-05 -1.924333136509466e-06 -2.576133677482620e-06
2.193625922195385e-05 1.669820754577543e-05 -2.366750422249235e-06 -2.691158002342853e-06
1.953044026873561e-05 1.132502264797870e-05 -1.911124703049551e-06 -1.622099875227105e-06
1.970708829339711e-05 9.109869045285430e-06 -1.947534162758639e-06 -1.175590239520135e-06
2.425432646154946e-05 1.691291150761859e-05 -2.838474331928060e-06 -2.758760857944045e-06
2.163484462728855e-05 1.343200223935376e-05 -2.313435122846664e-06 -2.050716337302426e-06
2.191139469282349e-05 9.573095317303692e-06 -2.390024185516756e-06 -1.263887967470878e-06
2.475882267746169e-05 1.379620954243324e-05 -2.974034052410624e-06 -2.128915144766489e-06
2.689245610291120e-05 1.701012543245528e-05 -3.428051106511530e-06 -2.797812743090165e-06
2.422734031485730e-05 9.695050301078730e-06 -2.871992614263643e-06 -1.281375685527137e-06
3.060356967800321e-05 1.710789412154506e-05 -4.262743905071316e-06 -2.851731421363190e-06
2.763365094376487e-05 1.200013512428635e-05 -3.590517091214480e-06 -1.770803275481645e-06
2.688685896515952e-05 9.599606468885795e-06 -3.432142720617984e-06 -1.261161792722649e-06
3.589949746862572e-05 1.725817715843605e-05 -5.468150804805966e-06 -2.904489437247471e-06
3.323616762155673e-05 1.299770006818778e-05 -4.834777445509551e-06 -1.959629000175363e-06
3.060596151563287e-05 9.474849899252806e-06 -4.238601121234177e-06 -1.212072196741726e-06
4.316788122191262e-05 1.742100733757922e-05 -7.030961884212414e-06 -2.976621952819476e-06
3.948774622373485e-05 1.329989845598060e-05 -6.183470327000092e-06 -2.063429073675169e-06
3.590036779215543e-05 9.331897837883939e-06 -5.370644919419338e-06 -1.177259225881358e-06
5.100918979935576e-05 1.756035698535820e-05 -8.646687730168624e-06 -2.965708106929661e-06
4.704592540212167e-05 1.329954171626332e-05 -7.799656828278593e-06 -2.104900990519316e-06
4.316799331108099e-05 9.176725949921511e-06 -6.936304790136613e-06 -1.239769961916286e-06
5.908773764917856e-05 1.768052875103711e-05 -1.012422183496520e-05 -2.982360315220417e-06
5.501109860865821e-05 1.329996687794501e-05 -9.380327150726939e-06 -2.158047992337415e-06
5.100898391135585e-05 9.039058584733640e-06 -8.570003271839298e-06 -1.320861144680595e-06
6.737334520657141e-05 1.778477591593716e-05 -1.149509391065506e-05 -2.933677131543977e-06
6.319803801605710e-05 1.330033290277018e-05 -1.081370461276463e-05 -2.177468271060537e-06
5.908756313898137e-05 8.919818729455460e-06 -1.009193786383863e-05 -1.415206447378879e-06
7.583913086424846e-05 1.787437866908967e-05 -1.279075480084657e-05 -2.911510609440605e-06
7.157819741001925e-05 1.330063413927879e-05 -1.211054565035433e-05 -2.197865315237022e-06
6.737328520570349e-05 8.816188676520376e-06 -1.143538147397400e-05 -1.479072426410375e-06
8.445849877128500e-05 1.794910206636510e-05 -1.407690034157498e-05 -2.929606139848066e-06
8.012541131472417e-05 1.330102621192466e-05 -1.336667800014734e-05 -2.216350781907644e-06
7.583914498312219e-05 8.727268746136564e-06 -1.269211452384137e-05 -1.539800340933819e-06
9.320173010350397e-05 1.800733349373764e-05 -1.546422173526762e-05 -3.011443029005270e-06
8.881192002659249e-05 1.330162424904675e-05 -1.466777430693606e-05 -2.210916479370873e-06
8.445836163668372e-05 8.653545724839763e-06 -1.394336473130866e-05 -1.520039198993883e-06
1.020355878898490e-04 1.804782830565216e-05 -1.700269836589352e-05 -3.114443725932489e-06
9.760606292407997e-05 1.330241528913930e-05 -1.612811488325589e-05 -2.240260447654735e-06
9.320132801486415e-05 8.596770449268520e-06 -1.527397048423988e-05 -1.441560415828826e-06
1.109267917685744e-04 1.807198581825523e-05 -1.882426963874246e-05 -3.246349480735789e-06
1.064739935042132e-04 1.330313857816988e-05 -1.781966722772794e-05 -2.227412679526495e-06
1.020351251539620e-04 8.557726735335733e-06 -1.689527268735008e-05 -1.353607405782119e-06
1.300422490348800e-04 1.755999632121833e-05 -2.293082434120199e-05 -3.145949364232758e-06
1.287745766696806e-04 1.808504157470842e-05 -2.265172847496406e-05 -3.261461725795928e-06
1.149197206734640e-04 1.330370884109814e-05 -1.961999453752082e-05 -2.251432380769957e-06
1.198469700820628e-04 1.808293783140930e-05 -2.069185590522983e-05 -3.262350481771411e-06
1.109265683972085e-04 8.534799645362557e-06 -1.871863771959462e-05 -1.244932711760060e-06
1.305673437800649e-04 1.629239078276031e-05 -2.304561591478913e-05 -2.865503048769143e-06
1.275672205331248e-04 1.330433805176991e-05 -2.236579065437238e-05 -2.207568234392682e-06
1.198468689635794e-04 8.525113094098604e-06 -2.066912719606991e-05 -1.186920250088879e-06
1.305674075573977e-04 1.031627342432683e-05 -2.299560749381339e-05 -1.574329339256956e-06
1.287745993407087e-04 8.523547245028106e-06 -2.260326256760241e-05 -1.190200161625401e-06
1.300423044949239e-04 9.048617652730748e-06 -2.287959130767852e-05 -1.302914553684644e-06
