1.973992600493075e-06 1.059129436137433e-06 -4.189108096952551e-05 4.991297405189867e-06
2.019001706653300e-06 1.167614107743257e-06 -4.204933851059541e-05 4.617192845800092e-06
2.019127230672905e-06 1.679440425464413e-06 -4.218043839751182e-05 3.030193877638311e-06
1.974133510680895e-06 1.787921421081866e-06 -4.204438072027884e-05 2.688947984198370e-06
1.865378671439497e-06 1.014219668705080e-06 -4.151810298554193e-05 5.148575968417446e-06
1.661285983790010e-06 1.423526842945085e-06 -4.098795023251224e-05 3.848914060947527e-06
1.865537783767925e-06 1.832831399004174e-06 -4.170912867218961e-05 2.546214991462570e-06
1.099762646842854e-06 1.016094865853560e-06 -3.898312401090668e-05 5.228151655415065e-06
1.099974944024423e-06 1.831046186527748e-06 -3.923767315597799e-05 2.494982617992542e-06
6.787314218440254e-07 1.423532655618275e-06 -3.769690327120381e-05 3.827808641461603e-06
3.411854595253520e-07 1.024602446575489e-06 -3.655839546279887e-05 5.123567071942949e-06
3.410802674037390e-07 1.822671965851574e-06 -3.668163780161940e-05 2.399460170321344e-06
-3.209134233466895e-08 1.423531354246989e-06 -3.530330193814642e-05 3.893130882819554e-06
-3.938262665857006e-07 1.042916210406563e-06 -3.410394153960631e-05 5.207974826780763e-06
-3.941229630723338e-07 1.804194093239916e-06 -3.385961857772137e-05 2.416768938377662e-06
-7.485405363570629e-07 1.423655664632422e-06 -3.270896336728820e-05 3.848551569701529e-06
-1.084499260810354e-06 1.072173171152682e-06 -3.128317974621157e-05 5.379886557178920e-06
-1.084236352786569e-06 1.775014747734985e-06 -3.110358159853044e-05 2.365948600281809e-06
-1.409304613633459e-06 1.423803775812748e-06 -2.997187916025816e-05 3.855286005096038e-06
-1.710068832299733e-06 1.110399180072776e-06 -2.841505314220569e-05 5.436710707564786e-06
-1.709299161926379e-06 1.737067521790764e-06 -2.840754538834193e-05 2.433830540689777e-06
-1.996994756587387e-06 1.423854653343051e-06 -2.713547345069251e-05 3.855393763726176e-06
-2.257461799387829e-06 1.153310157842752e-06 -2.545329799930317e-05 5.447884991297244e-06
-2.256592131045753e-06 1.694407024037943e-06 -2.569815243805824e-05 2.420172428519751e-06
-2.503337138331079e-06 1.423914591407524e-06 -2.423084804504744e-05 3.858051670172229e-06
-2.721710169217128e-06 1.198251880924857e-06 -2.254502948315826e-05 5.489028425093411e-06
-2.720897570723807e-06 1.649672628146835e-06 -2.296396359876249e-05 2.392518177468552e-06
-2.925520829149326e-06 1.423911481027731e-06 -2.140986515169258e-05 3.907699396729009e-06
-3.100659303883369e-06 1.244648517487044e-06 -1.973333024049525e-05 5.415364650349263e-06
-3.100011093270619e-06 1.603351020509699e-06 -2.017928511005977e-05 2.405334859266053e-06
-3.261464025272310e-06 1.423841088152422e-06 -1.861112933539487e-05 3.963651504908229e-06
-3.391784908085006e-06 1.293009953486132e-06 -1.704052731331168e-05 5.315916586860809e-06
-3.391758060551673e-06 1.555235015598379e-06 -1.733655307942494e-05 2.492359569216206e-06
-3.508044356978993e-06 1.423977900279250e-06 -1.590665550003983e-05 3.963064161344110e-06
-3.592012730828538e-06 1.343916945793444e-06 -1.452981484293771e-05 5.304536745322623e-06
-3.592703509105865e-06 1.504592868047166e-06 -1.459742835874449e-05 2.477101144802323e-06
-3.659467151878961e-06 1.424822141318451e-06 -1.332994871831284e-05 3.964606748812836e-06
-3.694044590637230e-06 1.398185943752193e-06 -1.213315483918565e-05 5.287486147967708e-06
-3.694988597056336e-06 1.449409869714607e-06 -1.209096117935026e-05 2.542533659867142e-06
-3.712306492727023e-06 1.426212126486561e-06 -1.118698690654409e-05 4.047299736313728e-06
-3.699936445361771e-06 1.447295681513469e-06 -1.032572083579025e-05 5.191774434833101e-06
-3.701528409250031e-06 1.399614317735030e-06 -1.026089661867859e-05 2.685279451006603e-06
-3.657952222530277e-06 1.490621909462709e-06 -9.036916710267081e-06 5.188288493568166e-06
-3.680206193235700e-06 1.442871303701113e-06 -9.285222334270433e-06 4.347655375161213e-06
-3.660506143484825e-06 1.367628203730410e-06 -9.025509086157510e-06 2.697130621676936e-06
-3.604478761349412e-06 1.332676391981348e-06 -8.152927490501448e-06 2.713383868502755e-06
8.855788254992486e-07 -3.307778399368126e-07 1.162344883317785e-06 -2.109437414917270e-07
9.033163725192238e-07 -3.732789880483547e-07 1.188555051215399e-06 -2.730448516578840e-07
9.032540239143696e-07 -5.322962592597825e-07 1.188786516870370e-06 -5.026270908304341e-07
8.855674178695814e-07 -5.745342276572315e-07 1.162612024617366e-06 -5.638508872323360e-07
-3.607383518234076e-06 1.521856836207277e-06 -8.109645600422663e-06 5.189249284730071e-06
-3.532617622532723e-06 1.546408508187577e-06 -7.313925272802547e-06 5.091428779527854e-06
-3.605523205513413e-06 1.402080263182899e-06 -7.965089201716379e-06 3.638047650637294e-06
-3.545927172350085e-06 1.288629393743955e-06 -7.369145523373897e-06 2.646584271293424e-06
8.432247433743911e-07 -3.133069138999330e-07 1.099864825734475e-06 -1.855336136794446e-07
8.002261915050157e-07 -4.878310811640035e-07 1.042055555963619e-06 -4.402134078436653e-07
8.433233613073109e-07 -5.923643644887318e-07 1.101688700809138e-06 -5.903195231214955e-07
-3.517922173000991e-06 1.481698554367208e-06 -7.063275173640661e-06 4.325014139289117e-06
-3.441303504723489e-06 1.568133410608766e-06 -6.560934029866501e-06 4.886579610406690e-06
-3.327441917276577e-06 1.566403137960059e-06 -5.893448585576950e-06 4.635995303579449e-06
-3.496167349973965e-06 1.357788283907782e-06 -6.873388179616734e-06 3.301473247311924e-06
-3.459051646731655e-06 1.217506863120415e-06 -6.613629720352595e-06 2.481245779936322e-06
5.551601616479910e-07 -3.101818177249943e-07 6.892531791366560e-07 -1.813933914308909e-07
5.543661123837362e-07 -5.992318567509122e-07 6.942601578177236e-07 -6.145690905647905e-07
4.051849068333587e-07 -4.556962971546285e-07 4.460186870094785e-07 -4.112763528506635e-07
-3.189515522139285e-06 1.554535668697534e-06 -5.252426853827357e-06 4.327403941804611e-06
-3.322165672475804e-06 1.461212595335030e-06 -5.812385225901526e-06 3.880097175754765e-06
-3.367527112170760e-06 1.293270502827623e-06 -6.036442193572274e-06 2.958489922502274e-06
-3.356126719930672e-06 1.112944427147758e-06 -5.909685054921463e-06 2.216796123763516e-06
2.431913496404422e-07 -2.851279063110939e-07 2.252669706619172e-07 -2.128566952756677e-07
2.426991556350977e-07 -6.281592945629925e-07 1.962477632471070e-07 -6.919550204045352e-07
5.824600258935748e-08 -4.576327242662079e-07 -4.495430772675311e-08 -4.855079105730894e-07
-3.041624242305044e-06 1.511126403677289e-06 -4.651545894573810e-06 3.964748390586289e-06
-2.873939676703829e-06 1.434240294502389e-06 -4.088330925118738e-06 3.537617779222585e-06
-3.194703216132489e-06 1.258021672667370e-06 -5.235775688792262e-06 2.806821043433037e-06
-3.243940804999353e-06 9.781345828134433e-07 -5.332994696920413e-06 1.843558027260417e-06
-1.534220725047006e-07 -2.290033076598269e-07 -3.284752540955326e-07 -2.076765298127025e-07
-1.540707709619365e-07 -6.883969816637527e-07 -3.536378447168562e-07 -8.338250953133730e-07
-2.915205259249910e-06 1.278641251701979e-06 -4.228993380826047e-06 2.878640435752173e-06
-2.694129743457103e-06 1.332563450575093e-06 -3.624334665069754e-06 3.057019037988433e-06
-2.993300157174050e-06 1.063181435327304e-06 -4.434688308168952e-06 2.147755615164414e-06
-3.131874672455661e-06 7.956026748318027e-07 -4.783885861191582e-06 1.379584258912515e-06
-3.874190512703826e-07 -4.596382741301371e-07 -6.376309274060307e-07 -5.434219671255271e-07
-6.650465998714239e-07 -1.465192509608568e-07 -9.589758034974403e-07 -1.805649325108682e-07
-6.653863009548919e-07 -7.749454629194617e-07 -9.617824341427378e-07 -9.038744228116797e-07
-2.522776131437305e-06 1.192972806367731e-06 -3.220531811030952e-06 2.545742140865603e-06
-2.343232412137646e-06 1.000582493097364e-06 -2.880098615916601e-06 2.002223507290274e-06
-2.168200714667972e-06 7.775965062743991e-07 -2.583260470469495e-06 1.415774018066798e-06
-2.828166258992490e-06 8.391732993465852e-07 -3.939367280594881e-06 1.513510098704568e-06
-3.031080705676751e-06 5.593938702497795e-07 -4.351574783068088e-06 9.005068263013663e-07
-8.888544540477803e-07 -4.606745682630957e-07 -1.215640961619085e-06 -5.522451730092934e-07
-1.163212083554126e-06 -6.434338026005830e-08 -1.550137895284729e-06 -7.862569011491198e-08
-1.163035276601564e-06 -8.618894410665642e-07 -1.551540626899337e-06 -1.059261510706580e-06
-2.463326850599275e-06 7.870265247577503e-07 -3.177137280208023e-06 1.417332647968132e-06
-2.020751592515054e-06 5.101958919900840e-07 -2.362672089457525e-06 8.225648926420068e-07
-1.635209738256200e-06 7.023356789554004e-09 -2.092987591383349e-06 -4.715713741395574e-09
-1.786029788590799e-06 7.239361572607569e-08 -2.227502884642431e-06 7.741066832458572e-08
-1.882198140135253e-06 1.970804993930708e-07 -2.285283468917603e-06 2.603856471213090e-07
-2.703062710056128e-06 5.213162075959039e-07 -3.639840092335293e-06 8.526961534187651e-07
-2.962309223345084e-06 2.727460651256636e-07 -4.083666335821019e-06 4.289985505233318e-07
-1.411127139234267e-06 -4.048256652929031e-07 -1.854004863433660e-06 -4.984606562118142e-07
-1.594766721290913e-06 -9.217081148756276e-07 -2.116188124815815e-06 -1.154590255779186e-06
-2.220736896885048e-06 3.112258343402083e-07 -2.761726557253287e-06 4.309784745295578e-07
-1.775297162231665e-06 -1.989898062329763e-07 -2.254007649552802e-06 -2.616334397490694e-07
-1.952880405657555e-06 2.688024371666578e-08 -2.422805693372729e-06 1.255398570394980e-08
-2.594044476378928e-06 1.805807522855782e-07 -3.402531867340407e-06 2.502688614984456e-07
-2.936367834243413e-06 -6.070010457555379e-08 -3.897957635449536e-06 -8.575499153050038e-08
-1.748979639861459e-06 -6.485320257346625e-07 -2.277092618754482e-06 -8.345839640198596e-07
-1.701558121959204e-06 -9.920529849337457e-07 -2.274449013067945e-06 -1.251207729807221e-06
-2.266526965851718e-06 -2.589638424411549e-07 -2.878103064224269e-06 -3.997714936559605e-07
-2.949376670025272e-06 -4.245433225814103e-07 -3.815031036491218e-06 -6.229118511495896e-07
-3.069868551116999e-06 -8.206575843757919e-07 -3.772527871745917e-06 -1.085114140093589e-06
-1.996596631107127e-06 -8.870138607344646e-07 -2.599605559606622e-06 -1.163867579709235e-06
-1.755370558460297e-06 -1.158181604992240e-06 -2.369568010766232e-06 -1.435230937958402e-06
-1.806449625597400e-06 -1.646979013219994e-06 -2.477167118778849e-06 -1.903421597025359e-06
-2.645779242279504e-06 -8.490575202452650e-07 -3.338164712894478e-06 -1.166253730844116e-06
-1.917558615887347e-06 -2.174702909208745e-06 -2.637791172061963e-06 -2.336738714079964e-06
-3.279503273748228e-06 -1.238635227388016e-06 -3.809051191037586e-06 -1.544156654281033e-06
-2.225899376738578e-06 -1.646989745090814e-06 -2.865295129539648e-06 -1.934243515548554e-06
-2.902510026160021e-06 -1.687066104846930e-06 -3.466923041259345e-06 -1.962759619806741e-06
-2.122416136901957e-06 -2.701586701354457e-06 -2.867395908148791e-06 -2.749634849544239e-06
-3.597318648924649e-06 -1.688319173957024e-06 -3.927345836207522e-06 -1.954462849602585e-06
-3.395360049879969e-06 -2.178502898759546e-06 -3.776610076996695e-06 -2.365519004360526e-06
-2.855398908510038e-06 -2.505911738347864e-06 -3.445674959547443e-06 -2.624050493787176e-06
-2.403609685791603e-06 -3.254660016470131e-06 -3.133616100441238e-06 -3.079342516079939e-06
-2.794484937438503e-06 -3.806794131830723e-06 -3.391937223068841e-06 -3.347875075935213e-06
-4.043412564827500e-06 -2.131898136185824e-06 -4.141446595098958e-06 -2.344393166049371e-06
-3.758026812588865e-06 -2.783922018620740e-06 -3.975666118943671e-06 -2.756458967747444e-06
-3.411444632140903e-06 -3.597725333361222e-06 -3.781001932416802e-06 -3.211153886312496e-06
-3.260657370799761e-06 -4.348355841423072e-06 -3.679808773146695e-06 -3.599153738146577e-06
-4.602301625495320e-06 -2.551974029814074e-06 -4.371691429855846e-06 -2.610071799164006e-06
-4.445991538727201e-06 -3.604393326061074e-06 -4.263759128546152e-06 -3.177462183073734e-06
-3.827902100358254e-06 -4.839886398092366e-06 -3.955778199807379e-06 -3.818335386423598e-06
-4.498374795256667e-06 -5.290199077663006e-06 -4.256397398067193e-06 -4.021916076655447e-06
-5.242606361710490e-06 -5.690609721993719e-06 -4.588956275666521e-06 -4.220133183972341e-06
-5.290454448844506e-06 -3.843571780384398e-06 -4.684053496135435e-06 -3.281822913182354e-06
-5.277945003382507e-06 -2.924243223762986e-06 -4.707791986521664e-06 -2.813722084903861e-06
-5.116661635600247e-06 -4.806465302968029e-06 -4.544834636962392e-06 -3.783907634409452e-06
-6.072558194948226e-06 -5.994321604407250e-06 -4.951926978426770e-06 -4.373794343351668e-06
-6.972106613088483e-06 -6.214328385105673e-06 -5.404010721564059e-06 -4.457392327227579e-06
-5.999220679952961e-06 -4.052528123249182e-06 -5.017542521012254e-06 -3.377451684235327e-06
-6.071162851498037e-06 -3.194302729520259e-06 -5.077013743340365e-06 -2.959515841922519e-06
-7.911759223717643e-06 -6.325983645637100e-06 -5.883040249555401e-06 -4.485809069354968e-06
-6.835838937845995e-06 -4.889457974331700e-06 -5.368119202878159e-06 -3.775638937286222e-06
-6.953069664752243e-06 -3.340581149171752e-06 -5.477840345583582e-06 -3.053038078807533e-06
-8.113745849373257e-06 -5.042962562572362e-06 -5.968208256575507e-06 -3.865999311249491e-06
-9.007646852867521e-06 -6.394304142237350e-06 -6.448842982633160e-06 -4.511112605720591e-06
-7.892922061464333e-06 -3.365634021309409e-06 -5.879339990655377e-06 -3.079054471895652e-06
-1.057350067693699e-05 -6.462544153361221e-06 -7.171391874136933e-06 -4.477354723075770e-06
-9.308808567238102e-06 -4.295765117113720e-06 -6.561093473108199e-06 -3.527206336285058e-06
-9.004009749917515e-06 -3.298255813759504e-06 -6.406913755707219e-06 -3.071644999943914e-06
-1.286185898897617e-05 -6.565807815525925e-06 -8.183956512994174e-06 -4.489447931537239e-06
-1.170012000929973e-05 -4.712922732472905e-06 -7.627617973392996e-06 -3.716313885063518e-06
-1.057541399591650e-05 -3.210825125190745e-06 -7.125269424963355e-06 -3.071412292764693e-06
-1.607080512547733e-05 -6.674283174956385e-06 -9.361272931422631e-06 -4.511520617511955e-06
-1.443584171213325e-05 -4.842487074989568e-06 -8.734124716001527e-06 -3.809836760878764e-06
-1.286266493923793e-05 -3.112544509117577e-06 -8.054998960503115e-06 -3.067652524668083e-06
-1.958751554866780e-05 -6.762293019178763e-06 -1.069256575315847e-05 -4.549274414870258e-06
-1.780231328999906e-05 -4.842263881853915e-06 -9.982165917489493e-06 -3.822678779761173e-06
-1.607084670349158e-05 -3.009335710331359e-06 -9.282892632836337e-06 -3.089159511375317e-06
-2.324888237907358e-05 -6.833309395839905e-06 -1.224009880283053e-05 -4.699775711370518e-06
-2.139610015803937e-05 -4.842541820324068e-06 -1.143112833002224e-05 -3.831542624330543e-06
-1.958730144148201e-05 -2.922489414742520e-06 -1.066785516481519e-05 -3.063509460590034e-06
-2.702751178829962e-05 -6.889616700387811e-06 -1.390413530109706e-05 -4.828870881631852e-06
-2.512062002324524e-05 -4.842677224202811e-06 -1.303580931544480e-05 -3.850779031303300e-06
-2.324870533824909e-05 -2.852068587205127e-06 -1.220522166553325e-05 -2.980293522092807e-06
-3.089829017418636e-05 -6.932856550824129e-06 -1.571844679460853e-05 -4.865370552264314e-06
-2.894935325641817e-05 -4.842449846186840e-06 -1.480901955751919e-05 -3.877867812944690e-06
-2.702746401570035e-05 -2.795590016257010e-06 -1.384858239652412e-05 -2.932430656595400e-06
-3.483925252623646e-05 -6.964769577351100e-06 -1.750406184326684e-05 -4.887310174319016e-06
-3.285867772060558e-05 -4.842031482579303e-06 -1.660951416066314e-05 -3.927390889537601e-06
-3.089828082302789e-05 -2.751615765708584e-06 -1.564563366902380e-05 -3.005543521545496e-06
-3.883026431113585e-05 -6.986723380520799e-06 -1.922736016219022e-05 -4.951979675972294e-06
-3.682785614668937e-05 -4.841625456553478e-06 -1.832432360734702e-05 -3.973160773647924e-06
-3.483912241624335e-05 -2.718804581027962e-06 -1.739729467996386e-05 -3.044466771428319e-06
-4.285376777522343e-05 -7.000317208627188e-06 -2.093476803755729e-05 -4.949254166436445e-06
-4.083782028151160e-05 -4.841146452944679e-06 -2.004338608163650e-05 -4.005960936478738e-06
-3.883022369131807e-05 -2.696031027742064e-06 -1.910576671797832e-05 -3.041123527924641e-06
-4.689627136015225e-05 -7.008063650103768e-06 -2.281305579778830e-05 -5.069620482111248e-06
-4.487270830758914e-05 -4.840775849599484e-06 -2.182589902313016e-05 -4.025344390904760e-06
-4.285381912863195e-05 -2.681587641088845e-06 -2.086811064518366e-05 -3.076792399639601e-06
-5.558008000384108e-05 -6.773995903017835e-06 -2.691800423614869e-05 -4.982304968078875e-06
-5.500413354821663e-05 -7.012535596192056e-06 -2.665361002627410e-05 -5.098699214380719e-06
-4.871034997521226e-05 -4.840680356349644e-06 -2.363675048625018e-05 -4.072591725275349e-06
-5.094842344714158e-05 -7.011679644695185e-06 -2.470671049481410e-05 -5.136416148285487e-06
-4.689616203919347e-05 -2.673440542242273e-06 -2.273412600792029e-05 -3.042313528281756e-06
-5.581864495801030e-05 -6.198085001299245e-06 -2.702571863009108e-05 -4.706445278498651e-06
-5.445556066330534e-05 -4.840531162899325e-06 -2.638641018433040e-05 -4.062988699193521e-06
-5.094837991488629e-05 -2.669505602863802e-06 -2.468726646012177e-05 -2.999982673772185e-06
-5.581853165518278e-05 -3.483032255815387e-06 -2.699004509924628e-05 -3.436245233828074e-06
-5.500402625138737e-05 -2.668612531930781e-06 -2.661889764671738e-05 -3.052030351127235e-06
-5.557996339699277e-05 -2.907143286663136e-06 -2.688140490649702e-05 -3.166581347341825e-06
