7.863507426029600e-05 -1.140184931702147e-05 1.903396766963041e-06 -6.525401079241151e-07
7.893707903662652e-05 -1.067281986073449e-05 1.814878795525736e-06 -8.646013260309098e-07
7.893702104932139e-05 -7.236054059215168e-06 1.814789198199932e-06 -1.746899565678034e-06
7.863501358620278e-05 -6.507026634148927e-06 1.897014178873681e-06 -1.935459458954008e-06
7.790598659666634e-05 -1.170380797649827e-05 2.115586449489850e-06 -5.652630579275761e-07
7.653843578982293e-05 -8.954392080164850e-06 2.429107656933521e-06 -1.300078379762307e-06
7.790592670544851e-05 -6.205064775106619e-06 2.091034209461874e-06 -2.012293387811500e-06
7.277268748057343e-05 -1.170271654448476e-05 3.395630038397737e-06 -6.367114415177496e-07
7.277255481008421e-05 -6.205533775425274e-06 3.330727326920309e-06 -1.920869040416607e-06
6.993943803947817e-05 -8.953722418973911e-06 4.020367246244932e-06 -1.314101104697030e-06
6.764223914039671e-05 -1.169925025211121e-05 4.358056949247452e-06 -7.798718332148017e-07
6.764200659672305e-05 -6.207433035288901e-06 4.408515429760456e-06 -1.815544841591801e-06
6.507858761328254e-05 -8.952850235687055e-06 4.942035180818084e-06 -1.314588253211014e-06
6.251845471960042e-05 -1.169298171308374e-05 5.050445803187224e-06 -9.169882894836174e-07
6.251789871103780e-05 -6.211475563134895e-06 5.288786466220325e-06 -1.659644747800782e-06
5.995913721199748e-05 -8.951703149872035e-06 5.636869408106440e-06 -1.315792825969722e-06
5.740614234062059e-05 -1.168229649139367e-05 5.649566687063955e-06 -1.008861513692611e-06
5.740494151805599e-05 -6.219366627195599e-06 5.919513360395048e-06 -1.583924269113964e-06
5.485498262795659e-05 -8.950192924289429e-06 6.138564182117737e-06 -1.279269600457706e-06
5.231566363228528e-05 -1.166362706663937e-05 6.045359616031965e-06 -1.084431060943164e-06
5.231409250525666e-05 -6.234978915266258e-06 6.369889750442756e-06 -1.423460008127979e-06
4.978111165059948e-05 -8.948413687508038e-06 6.440238918079910e-06 -1.231411562888927e-06
4.726648070106939e-05 -1.163266090883774e-05 6.298188074475140e-06 -1.194410610970668e-06
4.726483715665795e-05 -6.262276612516193e-06 6.607648265141388e-06 -1.278981973347060e-06
4.476104542281430e-05 -8.946255811447468e-06 6.579857447202818e-06 -1.197949185351010e-06
4.228368479088388e-05 -1.158825575401249e-05 6.278818335310079e-06 -1.315182914937642e-06
4.228233475198128e-05 -6.302255034354020e-06 6.485577442507099e-06 -1.082242787141768e-06
3.982032517982555e-05 -8.943809534674676e-06 6.454900898205939e-06 -1.201751300733323e-06
3.739155644674505e-05 -1.153218839781783e-05 5.952497906353524e-06 -1.478171648636840e-06
3.739081536680840e-05 -6.353312167136594e-06 6.050444595243088e-06 -9.158591058370287e-07
3.498070286586841e-05 -8.941240282675153e-06 5.933011817370885e-06 -1.175898496046684e-06
3.260932046053187e-05 -1.146701740988997e-05 5.189884200058665e-06 -1.545629876356431e-06
3.260905265351819e-05 -6.413143987327064e-06 5.381416547498413e-06 -7.628720571928104e-07
3.025848964450579e-05 -8.938522950882461e-06 5.169145821955742e-06 -1.145753989131212e-06
2.795153611144705e-05 -1.139355920444327e-05 4.509569482879273e-06 -1.435681303490809e-06
2.795117914653443e-05 -6.480863120404442e-06 4.863550095171306e-06 -7.642485406962701e-07
2.575832487955997e-05 -8.935290410185303e-06 4.497547861223647e-06 -1.143308236900383e-06
2.361114812528375e-05 -1.131492288047940e-05 4.085488660818049e-06 -1.258503838412827e-06
2.361007632989701e-05 -6.556371402107612e-06 4.348551406860423e-06 -8.365301999679532e-07
2.201326625077332e-05 -9.115123564450264e-06 4.123112758044320e-06 -1.131491095026458e-06
2.042464786008147e-05 -1.124630634726802e-05 4.003174140561363e-06 -1.209903857188271e-06
2.042196578851038e-05 -6.622666565345991e-06 4.071131760242037e-06 -9.186358907582413e-07
1.816769289380422e-05 -1.118984033742683e-05 3.910923649674378e-06 -1.216659322595154e-06
1.859162660130154e-05 -9.708162278297133e-06 3.948322605836932e-06 -1.126976708961863e-06
1.816440393971698e-05 -6.662798150543058e-06 3.867483023414577e-06 -8.410633041605440e-07
1.655698877692177e-05 -6.704550131492269e-06 3.702780352662183e-06 -8.222348979040493e-07
-2.620829244755250e-06 -2.397978496208508e-07 -8.591004312981227e-07 5.273839623529694e-07
-2.673591821947330e-06 -1.129551788058613e-07 -8.765796080155358e-07 5.695388682032992e-07
-2.673340672133475e-06 3.598355863933683e-07 -8.742316049043407e-07 7.309591897761688e-07
-2.620833151948406e-06 4.850558856826583e-07 -8.550742980243681e-07 7.741491587582197e-07
1.655353201686252e-05 -1.115162876401805e-05 3.772868525398707e-06 -1.238908463297979e-06
1.512031397053710e-05 -1.103596168246363e-05 3.650734552025341e-06 -1.245824203897939e-06
1.621822160976426e-05 -8.374824040408852e-06 3.695786850893435e-06 -1.015883962447171e-06
1.510928431994948e-05 -6.621678144029357e-06 3.575761992883062e-06 -7.929506897270834e-07
-2.494511869964326e-06 -2.922252337684033e-07 -8.170734145113881e-07 5.101266357274929e-07
-2.366978932157399e-06 2.262228253351534e-07 -7.758307880791034e-07 6.901911624571222e-07
-2.495508982849909e-06 5.373602105540612e-07 -8.120997453698645e-07 7.939777758083833e-07
1.465630724549251e-05 -9.672112689702742e-06 3.611840543388699e-06 -1.103321405328034e-06
1.372418426047389e-05 -1.075303248931855e-05 3.453689042991120e-06 -1.274395863060742e-06
1.239210518909815e-05 -1.032918082939855e-05 3.239930489359720e-06 -1.251438434847702e-06
1.422648279085291e-05 -7.819036476180975e-06 3.532697276968776e-06 -9.087412748868487e-07
1.374076133229360e-05 -6.304979211116438e-06 3.468133519292710e-06 -7.435121727193545e-07
-1.637623468957910e-06 -3.051621887870404e-07 -5.571645920747744e-07 5.111776861046363e-07
-1.636852420968069e-06 5.522326053172944e-07 -5.509652473755327e-07 8.254926508749958e-07
-1.193737839481974e-06 1.238489229598603e-07 -3.883363595073095e-07 6.750494244780963e-07
1.114107786223130e-05 -9.754544230565145e-06 3.054157201379432e-06 -1.182183650056926e-06
1.220885757119672e-05 -8.936502059947405e-06 3.235678103189614e-06 -1.042213088059320e-06
1.266698166615785e-05 -7.204970653000495e-06 3.301573168240109e-06 -8.537113891288666e-07
1.247962647528754e-05 -5.772493437197155e-06 3.260602595490966e-06 -6.286652191778238e-07
-7.143185946198970e-07 -3.811479764065065e-07 -2.145230010713778e-07 5.124250264366918e-07
-7.143340772382365e-07 6.290741011730207e-07 -2.164940620291728e-07 8.849493213524333e-07
-1.711040618510209e-07 1.241166220999204e-07 -2.171581726506761e-08 7.252774895047217e-07
9.975892948175857e-06 -9.058751927844017e-06 2.864959975752963e-06 -1.057133455081480e-06
8.921986992297834e-06 -8.251946774102637e-06 2.650510829865741e-06 -9.222685148715859e-07
1.107414930521507e-05 -6.937327784162748e-06 3.077935104114883e-06 -7.787573378662287e-07
1.135903915080153e-05 -5.041132806877828e-06 3.121542489664394e-06 -4.434008946133534e-07
4.499171863842271e-07 -5.468120331158954e-07 1.793246127606100e-07 5.413482393987703e-07
4.500857819200382e-07 7.954054897981161e-07 1.752128631726580e-07 9.623135247016876e-07
9.189991374466743e-06 -7.020828466539893e-06 2.697528712097604e-06 -7.318506873837098e-07
7.987282127639889e-06 -7.336815836603728e-06 2.477622557720035e-06 -7.789154137657264e-07
9.634942778160803e-06 -5.645806289346590e-06 2.793347839935170e-06 -5.180007502092783e-07
1.040644997087342e-05 -4.155037212676301e-06 2.969653842381912e-06 -2.504228827919125e-07
1.131517446795272e-06 1.242663706683300e-07 3.915550341188660e-07 7.513297631895766e-07
1.939782518289213e-06 -7.876712181470129e-07 6.411903805728512e-07 4.693055092693455e-07
1.938557937599439e-06 1.038276284707998e-06 6.501383084337025e-07 1.013961868640411e-06
7.166508656955868e-06 -6.339308345356232e-06 2.324131961421335e-06 -6.408487350803841e-07
6.487446969141357e-06 -5.287705442585309e-06 2.195891692300872e-06 -4.692896853904029e-07
5.947132220287470e-06 -4.174529958372551e-06 2.064175579182000e-06 -2.803937173338968e-07
8.730986992921670e-06 -4.416908647840760e-06 2.626488261076463e-06 -3.153233007460274e-07
9.642246292458862e-06 -3.152806923448851e-06 2.840166573348993e-06 -4.977736742825552e-08
2.588622018336560e-06 1.218337417282087e-07 8.476743577504833e-07 7.492337452552424e-07
3.383389998053364e-06 -1.025583925829660e-06 1.103280794008077e-06 3.889999512936515e-07
3.383702884080822e-06 1.286870145368364e-06 1.117719967807089e-06 1.133010723731898e-06
7.085816752562896e-06 -4.173047129425319e-06 2.298481269947516e-06 -2.819238378649686e-07
5.536576283554381e-06 -3.025744950225773e-06 1.943893793435107e-06 -9.303057018242913e-08
4.693417765499175e-06 -1.228107585653981e-06 1.565664138893259e-06 3.362327160767369e-07
5.075418027239650e-06 -1.431252016566396e-06 1.711053173409103e-06 2.771248839089266e-07
5.279767792885875e-06 -1.845846172645938e-06 1.808050851049139e-06 1.653925258683013e-07
8.100620042343477e-06 -3.005545964317532e-06 2.505172122720226e-06 -4.326839013442979e-08
9.074572457014834e-06 -2.078640612854322e-06 2.735403290452304e-06 1.757249643122302e-07
4.097647032382602e-06 -4.645023139081313e-08 1.352812333997710e-06 7.248377802655317e-07
4.696424395029899e-06 1.466810392147034e-06 1.520866119614070e-06 1.177583843704473e-06
6.325260554011444e-06 -2.212721860538773e-06 2.111155017640355e-06 7.742426993432131e-08
5.100651728115905e-06 -6.192631022983876e-07 1.694578853041807e-06 5.354547188424210e-07
5.553563344610167e-06 -1.287650014021223e-06 1.868114350737639e-06 3.219757343323971e-07
7.647816624344853e-06 -1.745495315718040e-06 2.414317831748367e-06 2.220014640076601e-07
8.722390617093918e-06 -9.772721691676754e-07 2.693325924286337e-06 4.279459099392232e-07
5.125600372849170e-06 6.898159581769805e-07 1.654965929865097e-06 9.393921285931059e-07
5.069817816962819e-06 1.663854891753922e-06 1.611597381967698e-06 1.236831864529989e-06
6.562896750471343e-06 -3.487422490211487e-07 2.135875811749170e-06 5.849638945087678e-07
8.603122206862469e-06 1.271264493915979e-07 2.722296679804723e-06 7.349677820115586e-07
8.721061208409235e-06 1.218473246487610e-06 2.882047739770859e-06 1.075903220870709e-06
5.899210253415692e-06 1.399898837565568e-06 1.868933241800957e-06 1.140162151433044e-06
5.286185332956016e-06 2.088272873126122e-06 1.661287812791639e-06 1.397517077315606e-06
5.549763750576396e-06 3.263165144761858e-06 1.716482626108607e-06 1.871134520382944e-06
7.624596056766140e-06 1.354309620076538e-06 2.499160465903605e-06 1.087786835785140e-06
5.950331814028611e-06 4.411359452030947e-06 1.818884167596918e-06 2.355349929493564e-06
9.070306172999613e-06 2.323841874779460e-06 3.110395703820571e-06 1.476568083510121e-06
6.603976097096922e-06 3.301011903854437e-06 2.087420267844093e-06 1.882549105704339e-06
8.169014997570049e-06 3.391523397164853e-06 2.758740950176337e-06 1.916267775509535e-06
6.494651458314145e-06 5.511821796615033e-06 1.996739364775717e-06 2.836798823653727e-06
9.632860651446058e-06 3.394271446510103e-06 3.400541710130525e-06 1.902467179575722e-06
9.172384178870482e-06 4.459076640273012e-06 3.218553633232944e-06 2.365482887090996e-06
8.076431734091372e-06 5.129071514051544e-06 2.701273232164453e-06 2.674764825144155e-06
7.169332474691557e-06 6.570320561280536e-06 2.252736972279664e-06 3.365534580143274e-06
7.986879870446555e-06 7.564183635239308e-06 2.627219007779487e-06 3.911329470204822e-06
1.040481831291240e-05 4.388590003626447e-06 3.839163499520838e-06 2.328816243451371e-06
9.851522845997223e-06 5.666578998475616e-06 3.575965279588860e-06 2.951912900338705e-06
9.198829474083150e-06 7.172338020482496e-06 3.229956118430526e-06 3.712688241658792e-06
8.920068472118515e-06 8.478165918656878e-06 3.074020293484289e-06 4.395905394120449e-06
1.135928359218431e-05 5.268551334195693e-06 4.348048696928670e-06 2.734940632706865e-06
1.107208174196864e-05 7.166650286880961e-06 4.191035037904622e-06 3.700387014487443e-06
9.974250524843053e-06 9.283567354459472e-06 3.602732423960465e-06 4.813526645648302e-06
1.113981531987172e-05 9.977608035217723e-06 4.225105451128614e-06 5.184693375554897e-06
1.239032400273480e-05 1.054935915857041e-05 4.933432509373524e-06 5.544820320236223e-06
1.249008410465947e-05 7.577476065463115e-06 4.961212946595502e-06 3.890181518719359e-06
1.247875810805767e-05 6.000036402994443e-06 4.969880859832032e-06 3.077688908801994e-06
1.220758275343398e-05 9.160187687709848e-06 4.804190476684443e-06 4.733730910048005e-06
1.372101397551972e-05 1.097032906915224e-05 5.724086757091872e-06 5.813805719378213e-06
1.511134112789538e-05 1.124380601327215e-05 6.522702490786528e-06 5.973065476794899e-06
1.363226054897810e-05 7.931109387008578e-06 5.591622993902614e-06 4.062574258673799e-06
1.374034364134140e-05 6.537405584692107e-06 5.657291976060270e-06 3.294385828412681e-06
1.653429697833740e-05 1.135526594934872e-05 7.351862418386785e-06 6.041230054768479e-06
1.493796800692973e-05 9.239530443713863e-06 6.392393648705922e-06 4.824279886248258e-06
1.510325679889854e-05 6.857174716615669e-06 6.484846086030048e-06 3.415367729900831e-06
1.684600803397318e-05 9.458597995040167e-06 7.500965914028229e-06 4.943859090904490e-06
1.813164649584324e-05 1.139113853335585e-05 8.281698263274039e-06 6.087380857394566e-06
1.652414159538518e-05 6.952877806182502e-06 7.320373231752553e-06 3.439201706355039e-06
2.035904768720972e-05 1.142749768957026e-05 9.628605392204864e-06 6.053725578544504e-06
1.858619971050633e-05 8.372382109766021e-06 8.572017390607729e-06 4.254008822851076e-06
1.812927780497490e-05 6.918840190345571e-06 8.302831813422569e-06 3.374655052012550e-06
2.349138796131876e-05 1.148332121929730e-05 1.145442597426460e-05 6.013486514368930e-06
2.192575896780490e-05 8.975068976629507e-06 1.059475028175928e-05 4.594810256647316e-06
2.035965094685247e-05 6.874167258511650e-06 9.681795964840098e-06 3.341246251011991e-06
2.772723018589302e-05 1.154412944021460e-05 1.390394924885667e-05 5.988534214798051e-06
2.559241347956113e-05 9.155590138223604e-06 1.269649335974079e-05 4.641017182484309e-06
2.349148740705789e-05 6.823012170476902e-06 1.153866576959254e-05 3.350094272105292e-06
3.223886965069924e-05 1.159636382317561e-05 1.644408595165329e-05 5.982661601390190e-06
2.996732953018942e-05 9.156876105283291e-06 1.518810939421428e-05 4.622519941678139e-06
2.772699483754325e-05 6.767815905059385e-06 1.392446423028869e-05 3.273206983651590e-06
3.683706970143444e-05 1.164128774240496e-05 1.909859295413318e-05 5.992637644950670e-06
3.452416645160826e-05 9.158489925578526e-06 1.775963070201073e-05 4.563337064051035e-06
3.223846930552187e-05 6.719079576830740e-06 1.647816444518298e-05 3.214570981202190e-06
4.150968266474267e-05 1.167902563736604e-05 2.186102359562317e-05 6.044708510367675e-06
3.916165594848740e-05 9.160112877395523e-06 2.045164659016779e-05 4.521736691625523e-06
3.683652916221349e-05 6.677498314466349e-06 1.907656575812036e-05 3.097352159438546e-06
4.624361949013438e-05 1.170945562524512e-05 2.479767906946147e-05 6.095237587756462e-06
4.386714543933503e-05 9.161501805980264e-06 2.331861481620495e-05 4.462541032620396e-06
4.150909247873680e-05 6.642681944950576e-06 2.185005963563638e-05 2.955073662897768e-06
5.102489609148245e-05 1.173217678435099e-05 2.789219490910400e-05 6.164097117525282e-06
4.862717514045450e-05 9.162887665685939e-06 2.631588130194249e-05 4.463181226908988e-06
4.624292000512697e-05 6.614930499482272e-06 2.476122627069777e-05 2.849098729893883e-06
5.583867373629850e-05 1.174694499268669e-05 3.117388141405961e-05 6.270041800118834e-06
5.342740201453475e-05 9.164077622407214e-06 2.949911335314704e-05 4.464874939091186e-06
5.102441490719706e-05 6.594678928320860e-06 2.784752710823280e-05 2.758561918895357e-06
6.067027496760681e-05 1.175466702408381e-05 3.459927539094915e-05 6.388853782237659e-06
5.825245273764314e-05 9.165109236147481e-06 3.282366472186061e-05 4.486657282026059e-06
5.583840659017466e-05 6.582209261956908e-06 3.111253621856866e-05 2.719840616626510e-06
6.550824441785084e-05 1.175746708543452e-05 3.817537379552256e-05 6.398441107836470e-06
6.308873237140425e-05 9.165965410125516e-06 3.636820758720379e-05 4.499380285350576e-06
6.067011309337066e-05 6.576482728077993e-06 3.455924198937527e-05 2.619177053082649e-06
7.587101353039788e-05 1.147338699474560e-05 4.570061457985397e-05 6.166947077431901e-06
7.518398019803122e-05 1.175796975859953e-05 4.519841812264383e-05 6.373425054873848e-06
6.767546044987170e-05 9.166612694887384e-06 3.976065517813279e-05 4.509643737925450e-06
7.034654436972973e-05 1.175789447020250e-05 4.171322054273385e-05 6.365284094235702e-06
6.550794400461399e-05 6.575305107995552e-06 3.812687114488901e-05 2.626030871497672e-06
7.615558887414245e-05 1.078634464726654e-05 4.590819926865648e-05 5.666097515007613e-06
7.452985078392067e-05 9.166936261426189e-06 4.471000168249994e-05 4.482140802998545e-06
7.034639711754351e-05 6.575647580220167e-06 4.170066481281027e-05 2.615143475306716e-06
7.615549687939655e-05 7.547585007754873e-06 4.588163776042881e-05 3.312578669063518e-06
7.518385758892129e-05 6.575934170743033e-06 4.517191080022257e-05 2.610553028742823e-06
7.587090908634357e-05 6.860526801631001e-06 4.567310959147012e-05 2.815779178238025e-06
