2.547022182202601e-05 -2.475882781600828e-06 3.589167633815336e-05 -5.403111789488355e-06
2.559872100131781e-05 -2.165720185246388e-06 3.600208072705069e-05 -5.128531554836187e-06
2.559843996151746e-05 -7.032867936178772e-07 3.595778429390157e-05 -3.778779915121415e-06
2.546990506395903e-05 -3.931085470045902e-07 3.584229565297601e-05 -3.500581231624412e-06
2.515999876002448e-05 -2.604339320374148e-06 3.562012561233544e-05 -5.517427263910384e-06
2.457772272457321e-05 -1.434471132530581e-06 3.502430235503200e-05 -4.447366134686431e-06
2.515963666621261e-05 -2.646470030715186e-07 3.556425179996712e-05 -3.384400963842364e-06
2.297548027228488e-05 -2.603344332348524e-06 3.352415760871411e-05 -5.570859279281332e-06
2.297500343642220e-05 -2.656920191383522e-07 3.347107618312025e-05 -3.358389705207777e-06
2.177005672567297e-05 -1.434608083745086e-06 3.236258211596974e-05 -4.530062276360630e-06
2.079390767264076e-05 -2.600364354350411e-06 3.155292187938393e-05 -5.561741981777731e-06
2.079349337603713e-05 -2.691938069760815e-07 3.125621324414127e-05 -3.337763511615526e-06
1.970536020003567e-05 -1.434670686372546e-06 3.036931862899345e-05 -4.567489365166155e-06
1.862095483618350e-05 -2.593516171292706e-06 2.958159062319220e-05 -5.553022452691414e-06
1.862132728120562e-05 -2.763980423520518e-07 2.915999960250689e-05 -3.349525233669064e-06
1.753943530797843e-05 -1.435082761058420e-06 2.821623274161191e-05 -4.560776196059602e-06
1.646506100844779e-05 -2.581437335286467e-06 2.768058329059665e-05 -5.529984684498947e-06
1.646543124861555e-05 -2.892387006016468e-07 2.721522841872398e-05 -3.473729766800325e-06
1.539546220398729e-05 -1.435583322008308e-06 2.626776273547876e-05 -4.540178769975053e-06
1.433750764852962e-05 -2.562279096583216e-06 2.583029190174833e-05 -5.542154838369466e-06
1.433770351128437e-05 -3.092862071400806e-07 2.538360593173900e-05 -3.571678783166414e-06
1.328720088708563e-05 -1.436041320936896e-06 2.446177687752046e-05 -4.525898916906194e-06
1.225489948859039e-05 -2.533550273392195e-06 2.398351383745955e-05 -5.578497270097478e-06
1.225463509800244e-05 -3.386700468736538e-07 2.351864085108349e-05 -3.662627269797238e-06
1.123302705901202e-05 -1.436370961571318e-06 2.270747460726856e-05 -4.498665521513770e-06
1.023576137090261e-05 -2.495037657636762e-06 2.196407101336638e-05 -5.745262349864225e-06
1.023534613808543e-05 -3.780047114114120e-07 2.173801159425790e-05 -3.635717182176618e-06
9.251299821466170e-06 -1.436734915026229e-06 2.079271008427515e-05 -4.556454405056706e-06
8.297827355162659e-06 -2.447183554990291e-06 1.975417752303450e-05 -5.851145773024769e-06
8.297413913218613e-06 -4.266410568727902e-07 1.987373577947188e-05 -3.538387407312948e-06
7.359579963364125e-06 -1.436948558211287e-06 1.867038390435201e-05 -4.647829046195519e-06
6.458352102018277e-06 -2.389308940628309e-06 1.750028308512259e-05 -5.976730022413459e-06
6.458302750980373e-06 -4.851077483902923e-07 1.771139473595340e-05 -3.427033872954272e-06
5.575356467932110e-06 -1.437113889062830e-06 1.631266864765013e-05 -4.747120436863530e-06
4.736105933232785e-06 -2.318751254722180e-06 1.513739255765186e-05 -6.061310734418561e-06
4.736017167592855e-06 -5.561186964551704e-07 1.521100932658490e-05 -3.387010168198834e-06
3.951486167107431e-06 -1.436526287309624e-06 1.387957421711863e-05 -4.806351318333705e-06
3.216876526795326e-06 -2.234635772089353e-06 1.269782464876413e-05 -6.166513804605972e-06
3.216466237366095e-06 -6.431556864760291e-07 1.268181625522204e-05 -3.377323631455856e-06
2.679921100988009e-06 -1.493907765442544e-06 1.172057501974570e-05 -4.916894612465073e-06
2.182935616456410e-06 -2.153725812807008e-06 1.074787701460525e-05 -6.221050390266552e-06
2.180667560748215e-06 -7.261792234577928e-07 1.072797200047136e-05 -3.390632891050922e-06
1.508789761769031e-06 -2.081678915916504e-06 9.273462743071106e-06 -6.269894786782103e-06
1.617253197190740e-06 -1.664984137994080e-06 9.570286279677164e-06 -5.311511974059388e-06
1.505064362773129e-06 -7.803448583810208e-07 9.317268629421537e-06 -3.435936163510955e-06
1.059088089325957e-06 -8.386766533210803e-07 8.244140438514355e-06 -3.474329566998703e-06
1.922623481033593e-07 -7.287297707942957e-07 -9.934542538286344e-07 -4.933790825155412e-07
1.965850782485316e-07 -7.388714906089439e-07 -1.008612322941963e-06 -4.581308443213787e-07
1.967146059752504e-07 -7.777008054211924e-07 -1.014412574369623e-06 -3.376986883356194e-07
1.923860255069881e-07 -7.881891581541377e-07 -1.000802933840761e-06 -3.031817337386442e-07
1.053627219651675e-06 -2.030582880109594e-06 8.191889408962769e-06 -6.288052189894467e-06
6.877585111096563e-07 -1.963132457513883e-06 7.258417208760787e-06 -6.231484800532904e-06
9.486656342183136e-07 -1.288418032829072e-06 8.011908552644946e-06 -4.554585664710382e-06
6.685218239980308e-07 -8.679853336930962e-07 7.255598303806609e-06 -3.447459566410521e-06
1.821053193721157e-07 -7.247060478178673e-07 -9.582386555212869e-07 -5.082421785056731e-07
1.714418119436585e-07 -7.674459793967904e-07 -9.326924862630974e-07 -3.750998366371790e-07
1.819503391984967e-07 -7.928210691505797e-07 -9.674609776911914e-07 -2.888141051027647e-07
5.575698322855129e-07 -1.606500293542692e-06 6.961834098753696e-06 -5.379883080842149e-06
3.541570724817183e-07 -1.846041841401238e-06 6.365559301806203e-06 -6.054208685919670e-06
6.906279747319630e-08 -1.713803493959485e-06 5.514369578922982e-06 -5.781294695378647e-06
4.479405784685362e-07 -1.166261921107972e-06 6.666054250379388e-06 -4.215333537030635e-06
3.394319138011152e-07 -8.545826002506381e-07 6.348897134307651e-06 -3.338931814938382e-06
1.118290210764408e-07 -7.253642237306269e-07 -7.275884015399460e-07 -5.565786013884478e-07
1.113523516463910e-07 -7.954617577613600e-07 -7.337025144774852e-07 -3.076684218980107e-07
7.527597399076164e-08 -7.610501575853810e-07 -6.136625531706853e-07 -4.520349691814943e-07
-1.624540740265755e-07 -1.546439609834294e-06 4.761712354819967e-06 -5.407486066757396e-06
1.762338721019688e-08 -1.398218796012001e-06 5.390592584185867e-06 -4.910841398205897e-06
1.092379300226894e-07 -1.049813743342324e-06 5.668199991201215e-06 -3.894589892240859e-06
6.472887931750422e-08 -8.111212532854565e-07 5.536057699919328e-06 -3.139158707236582e-06
3.642479090121231e-08 -7.207807709325933e-07 -4.946118599847467e-07 -6.170636771585082e-07
3.619388635680220e-08 -8.022249671107545e-07 -5.196104581546599e-07 -3.210144211927375e-07
-7.489161307506128e-09 -7.618218576554004e-07 -3.458803696739934e-07 -4.992514453944968e-07
-3.547368188936418e-07 -1.379191982073554e-06 4.086988036780831e-06 -4.981888021222666e-06
-4.891095218135994e-07 -1.216490336711484e-06 3.536000917118272e-06 -4.528325020273296e-06
-1.877964071264969e-07 -1.008131551477500e-06 4.721741304479548e-06 -3.776775615380660e-06
-1.541964352440488e-07 -7.394564112021666e-07 4.860532543021257e-06 -2.809745323947720e-06
-5.717478518548146e-08 -7.087103181597515e-07 -1.494368950929090e-07 -7.440246481644536e-07
-5.721398738985618e-08 -8.152638697115174e-07 -1.456752833193023e-07 -2.575822662818182e-07
-4.526153435341626e-07 -1.011796822244938e-06 3.684597081084073e-06 -3.851876191601320e-06
-5.738133710593784e-07 -1.048690697715372e-06 3.068114130445853e-06 -4.028971440965971e-06
-4.026243599663677e-07 -8.309759536631154e-07 3.930329324939417e-06 -3.137763688061329e-06
-3.201730189810833e-07 -6.735486479450223e-07 4.328220200656583e-06 -2.424563478420187e-06
-1.113149123849843e-07 -7.621301101132579e-07 1.046952652122389e-07 -5.016185038537876e-07
-1.744992104908191e-07 -6.912545559754955e-07 4.436746922561752e-07 -8.940366376057398e-07
-1.747237284525025e-07 -8.331263234139130e-07 4.292900405851400e-07 -1.460545823158101e-07
-6.330553697376271e-07 -8.993815054846962e-07 2.665371057205454e-06 -3.522372017104845e-06
-6.400269992025097e-07 -7.930243619280707e-07 2.328754976025884e-06 -2.989236890559508e-06
-6.108131074453730e-07 -7.016086062204867e-07 2.083099010272904e-06 -2.444883428999330e-06
-4.938656769692385e-07 -7.060498529923442e-07 3.473531611438201e-06 -2.565914728442900e-06
-4.403688057295313e-07 -6.313153159328117e-07 3.910671392502982e-06 -1.990653385471601e-06
-2.252899931725106e-07 -7.625410376749316e-07 6.842984435522148e-07 -5.252193841139367e-07
-2.866987144122818e-07 -6.737143838779232e-07 9.707996032809003e-07 -9.896970674090317e-07
-2.860045058665035e-07 -8.500700244915618e-07 9.736794538756104e-07 -2.761578521987610e-08
-5.906799198879309e-07 -6.905934350177971e-07 2.624712924728913e-06 -2.435823559849093e-06
-5.730355837662664e-07 -6.485816370101753e-07 1.894855058291742e-06 -1.939100665761159e-06
-4.074736201144587e-07 -6.573876809621642e-07 1.509669617616947e-06 -1.085941012294821e-06
-4.565788736939047e-07 -6.472923122767730e-07 1.679438274971262e-06 -1.181684545321756e-06
-4.995403219679212e-07 -6.358252115973302e-07 1.772046668479372e-06 -1.383827889736160e-06
-5.462376912708226e-07 -6.294465525316898e-07 3.106572684204878e-06 -1.899566031356487e-06
-5.356300478088816e-07 -6.220679432412253e-07 3.549121782339565e-06 -1.474835378175081e-06
-3.428263179989054e-07 -7.510449098304507e-07 1.247615150081037e-06 -5.696985024025463e-07
-3.634095980020402e-07 -8.590119975730354e-07 1.513444258650598e-06 8.377044531618184e-08
-5.540199056157670e-07 -6.214121601343714e-07 2.273786622882495e-06 -1.555804518640774e-06
-4.377012480726878e-07 -6.989917946870608e-07 1.690269365467307e-06 -8.109849736346986e-07
-4.943642135284629e-07 -6.538096517699608e-07 1.900194704120412e-06 -1.114860720092686e-06
-5.628584079786067e-07 -6.232298266935666e-07 2.874408427324511e-06 -1.334816748592442e-06
-6.118857012480263e-07 -6.553904954123304e-07 3.338738997340456e-06 -1.004227366802926e-06
-4.023045059858047e-07 -7.948756392083271e-07 1.690442356750030e-06 -2.340243021220360e-07
-3.682927350526023e-07 -8.755540044311694e-07 1.690503267227786e-06 1.906598187644257e-07
-5.320016955450616e-07 -6.834186490206427e-07 2.343206645709691e-06 -6.812361645203501e-07
-6.602329983513032e-07 -7.201927438412547e-07 3.267844161428011e-06 -4.637214564361851e-07
-7.525714956297513e-07 -8.224334335425865e-07 3.302544687074688e-06 2.630626584360865e-08
-4.392017694378527e-07 -8.406751243222651e-07 2.033045114505220e-06 1.046753562222274e-07
-3.623969221235475e-07 -9.271809438216648e-07 1.801171889626096e-06 3.990296531444814e-07
-3.400701727561073e-07 -1.101294623403955e-06 1.919600463971725e-06 9.192844083601911e-07
-6.233957672741435e-07 -8.133454858637689e-07 2.817311723911970e-06 9.431466595110052e-08
-3.412722092714540e-07 -1.324062630991176e-06 2.075252675984193e-06 1.405113633965344e-06
-8.713554886999549e-07 -9.429887747960122e-07 3.418710709902071e-06 5.161356751990248e-07
-4.763895650913520e-07 -1.090376221798164e-06 2.318717211888895e-06 9.607849531058001e-07
-7.352702513340069e-07 -1.106260145449206e-06 2.999999586326730e-06 9.990599131984152e-07
-3.995403138523612e-07 -1.559750432625867e-06 2.275415031282734e-06 1.869368437589719e-06
-1.042081253740445e-06 -1.106811537530931e-06 3.593662444067647e-06 9.718728110557667e-07
-9.627348274541447e-07 -1.314511961907583e-06 3.390644661941374e-06 1.456997487917460e-06
-7.124408983722117e-07 -1.464891990226955e-06 2.928819701841726e-06 1.747729426229099e-06
-5.002438199847688e-07 -1.834594866120389e-06 2.528614109972769e-06 2.306713087708914e-06
-6.744847670852162e-07 -2.126812121739107e-06 2.861807386257879e-06 2.743587563993837e-06
-1.286767357168713e-06 -1.286074871552494e-06 3.902756865523586e-06 1.434347582965114e-06
-1.146960427707865e-06 -1.601559198006916e-06 3.668581942253214e-06 1.980633948179295e-06
-9.718705356084739e-07 -2.020653045540464e-06 3.384726367694465e-06 2.577520821827808e-06
-8.941884137562468e-07 -2.430795947341956e-06 3.249162795268789e-06 3.123284068965538e-06
-1.596899933053224e-06 -1.473211302492719e-06 4.226668004660730e-06 1.793862124597552e-06
-1.515660939622480e-06 -2.029237370667957e-06 4.076233778585251e-06 2.564656285477308e-06
-1.184585561105412e-06 -2.713621521370271e-06 3.650757857648572e-06 3.445567902262046e-06
-1.550592015154806e-06 -2.985244777494555e-06 4.117905196969717e-06 3.738793978942580e-06
-1.969345195168430e-06 -3.240111192213541e-06 4.637887360764114e-06 4.005935154289100e-06
-1.991137526350059e-06 -2.161359740515978e-06 4.663935145470595e-06 2.723824816408811e-06
-1.981623022332663e-06 -1.652734859105176e-06 4.675403873465380e-06 2.067777036320216e-06
-1.890252238785210e-06 -2.714153025456560e-06 4.543001794701549e-06 3.404319756883231e-06
-2.454356257357446e-06 -3.437435577088302e-06 5.210728144049548e-06 4.202846688027999e-06
-2.996005210821047e-06 -3.590279984600223e-06 5.801202745270176e-06 4.315551559834139e-06
-2.403689493165774e-06 -2.278279418674716e-06 5.130480662597726e-06 2.867439832531162e-06
-2.448218766334054e-06 -1.780837062073941e-06 5.183581102788476e-06 2.263990827642762e-06
-3.570239734500274e-06 -3.676574105080107e-06 6.418668027012236e-06 4.382336723660027e-06
-2.902795028044481e-06 -2.778361571266824e-06 5.706024564984990e-06 3.462851057984677e-06
-2.978447564983596e-06 -1.841330545009283e-06 5.783703883674331e-06 2.398537528922533e-06
-3.691705003421120e-06 -2.876474360536245e-06 6.507811410260369e-06 3.582823729716413e-06
-4.259641841178430e-06 -3.740444232237002e-06 7.118783134179443e-06 4.493551295175797e-06
-3.553098881612418e-06 -1.839016448171539e-06 6.395349662551580e-06 2.458658524216840e-06
-5.262690254535443e-06 -3.805264765544379e-06 8.141478719385556e-06 4.547992513168491e-06
-4.443486279948414e-06 -2.404483259816221e-06 7.312478718817821e-06 3.088007235900565e-06
-4.256077960410512e-06 -1.775994274772206e-06 7.119614279077344e-06 2.418121318826850e-06
-6.773857845755641e-06 -3.906010221104138e-06 9.704453423532909e-06 4.656026033052061e-06
-5.996953324096954e-06 -2.669145971064532e-06 8.913409089437853e-06 3.377270952549719e-06
-5.264432730701843e-06 -1.692485235639762e-06 8.201559426255344e-06 2.361806409468451e-06
-8.957421602252835e-06 -4.014140689926595e-06 1.186552929253425e-05 4.678477116715830e-06
-7.834802433542735e-06 -2.754009444974364e-06 1.075718869132713e-05 3.467816304967844e-06
-6.774456212610154e-06 -1.595894494666756e-06 9.702550194950194e-06 2.312752389182109e-06
-1.140809974626449e-05 -4.101818900823966e-06 1.411046977883632e-05 4.628650406478166e-06
-1.015569595796757e-05 -2.753533175423841e-06 1.294825258094542e-05 3.464355261228772e-06
-8.957534671160034e-06 -1.492280621184882e-06 1.181097541091077e-05 2.293329298266312e-06
-1.400171390123789e-05 -4.169161007483976e-06 1.630481990865238e-05 4.580425944720165e-06
-1.268382456678299e-05 -2.753714728801975e-06 1.518113031774952e-05 3.467382637498620e-06
-1.140790128573319e-05 -1.405404697331225e-06 1.405404882571718e-05 2.254744457341078e-06
-1.670139464451693e-05 -4.217524192484065e-06 1.842745845128377e-05 4.586176867986632e-06
-1.533659136227159e-05 -2.753845466153948e-06 1.734948735990006e-05 3.472886043028442e-06
-1.400154115645658e-05 -1.338365825514999e-06 1.629989120383954e-05 2.266438592276886e-06
-1.947424178967544e-05 -4.249971790035122e-06 2.047544077379925e-05 4.551939027467996e-06
-1.807787943148730e-05 -2.753903311127103e-06 1.947229986388420e-05 3.477332397670263e-06
-1.670131146658235e-05 -1.290169387737976e-06 1.844239673407450e-05 2.330883160150049e-06
-2.229384211678270e-05 -4.269838160346118e-06 2.240842915349445e-05 4.547402405336082e-06
-2.087803732093146e-05 -2.753871492469833e-06 2.142914105251690e-05 3.485758758097545e-06
-1.947427809245623e-05 -1.257853803103446e-06 2.047654957329471e-05 2.442486719392195e-06
-2.513958811913348e-05 -4.280305292254060e-06 2.440399040765366e-05 4.599881085282317e-06
-2.371355939312539e-05 -2.753859196866000e-06 2.334079447673102e-05 3.498720126377370e-06
-2.229372121369703e-05 -1.237940665138142e-06 2.237993189124230e-05 2.471426890974656e-06
-2.799638851297685e-05 -4.283980296208203e-06 2.640668591026967e-05 4.581464248670582e-06
-2.656686856946714e-05 -2.753960667669491e-06 2.534265543740767e-05 3.525108886391354e-06
-2.513922502021517e-05 -1.227580384476806e-06 2.433242489090033e-05 2.459717807214552e-06
-3.085468840572470e-05 -4.284162890099710e-06 2.834026118099857e-05 4.525397565259394e-06
-2.942556767953970e-05 -2.754022292613551e-06 2.735695454469594e-05 3.552205093174684e-06
-2.799600355354285e-05 -1.223945877961907e-06 2.632817926140963e-05 2.472023517044624e-06
-3.697016199012048e-05 -4.114970357696926e-06 3.190903699317470e-05 4.321337325860011e-06
-3.656480930683506e-05 -4.282891524374827e-06 3.168439927663176e-05 4.417221415649995e-06
-3.213434139738781e-05 -2.754079407169556e-06 2.914112928343106e-05 3.547759085135788e-06
-3.371069154060192e-05 -4.283275825244100e-06 3.006198819715465e-05 4.449528681453135e-06
-3.085454026805490e-05 -1.223879624924489e-06 2.829449772267321e-05 2.520799441041940e-06
-3.713806218454395e-05 -3.709591439842176e-06 3.200149235532449e-05 4.093263176480440e-06
-3.617896977846519e-05 -2.754163074047601e-06 3.147267025002841e-05 3.557321941206430e-06
-3.371066161532930e-05 -1.224929497917106e-06 3.005547336788083e-05 2.633426855782760e-06
-3.713804995586085e-05 -1.798750745191716e-06 3.200296110651617e-05 3.024289720508738e-06
-3.656478826013874e-05 -1.225439073640847e-06 3.168242052783987e-05 2.695127953744428e-06
-3.697014680707026e-05 -1.393364460046127e-06 3.190924391367504e-05 2.792377425964886e-06
