-9.108689624154286e-05 1.292713580770385e-05 -4.367631850469817e-05 5.891183648346515e-06
-9.143301653206121e-05 1.209147156780881e-05 -4.389244490588495e-05 5.369435312374757e-06
-9.143285332469881e-05 8.152131082337067e-06 -4.385617036204383e-05 2.753542693840088e-06
-9.108670273429053e-05 7.316396464464157e-06 -4.362977907615270e-05 2.209021710693105e-06
-9.025127019167691e-05 1.327328639008636e-05 -4.315111644595444e-05 6.105870301532926e-06
-8.868396350704631e-05 1.012173994015774e-05 -4.204318783909048e-05 4.054001941896297e-06
-9.025101657214474e-05 6.970209726525697e-06 -4.308326998751408e-05 1.984462580097361e-06
-8.436766214328802e-05 1.327357139258329e-05 -3.931332352624863e-05 6.004632212102356e-06
-8.436716874215030e-05 6.969207627753015e-06 -3.920506085258857e-05 2.068485180088526e-06
-8.111811697452736e-05 1.012106159598364e-05 -3.735713828931669e-05 4.068425442276864e-06
-7.848106918403111e-05 1.327430530245361e-05 -3.569725636598515e-05 5.874890558681702e-06
-7.848045917983328e-05 6.966981692924348e-06 -3.557769701519100e-05 2.174558270816454e-06
-7.553571845841593e-05 1.012017315294345e-05 -3.410415390183259e-05 4.031212836011912e-06
-7.259065255518931e-05 1.327337405982812e-05 -3.229871151709602e-05 5.786773966861123e-06
-7.258970984859460e-05 6.965543463784946e-06 -3.230393144233528e-05 2.250839124154112e-06
-6.964449275602355e-05 1.011886885897644e-05 -3.076511664930134e-05 4.011211478711766e-06
-6.670198729073798e-05 1.326740161203479e-05 -2.894482529348458e-05 5.851656520438177e-06
-6.670056328399464e-05 6.968657170629505e-06 -2.909996193086660e-05 2.230266288210506e-06
-6.376008434068874e-05 1.011711763483716e-05 -2.733368470413596e-05 4.006773669880608e-06
-6.082763346158599e-05 1.325248289651754e-05 -2.543874888226192e-05 5.860025694084662e-06
-6.082642677901782e-05 6.980271457587933e-06 -2.574957339416371e-05 2.249214444272722e-06
-5.789913024520225e-05 1.011536737580785e-05 -2.387615957769157e-05 4.003692251701869e-06
-5.498691290783194e-05 1.322656434970726e-05 -2.207278873065954e-05 5.828319603416187e-06
-5.498591348453502e-05 7.002356810905871e-06 -2.238308885146544e-05 2.312227827485543e-06
-5.208232474637138e-05 1.011337411134366e-05 -2.051718678828062e-05 3.988642516673272e-06
-4.920138245157928e-05 1.318868791628383e-05 -1.897451564564264e-05 5.666626050260197e-06
-4.920037381152591e-05 7.035745457045042e-06 -1.932771864997939e-05 2.445784172302819e-06
-4.633188480737463e-05 1.011118574796047e-05 -1.741202787696139e-05 4.016228085354633e-06
-4.349399728467555e-05 1.313816393138889e-05 -1.614054369070996e-05 5.481559320448617e-06
-4.349283516795953e-05 7.081741218965091e-06 -1.658467376732579e-05 2.569758168273857e-06
-4.067135357496560e-05 1.010892738677825e-05 -1.471515468618070e-05 4.008802488035363e-06
-3.788828958703558e-05 1.307505848511839e-05 -1.354513028693780e-05 5.309748112242517e-06
-3.788717884431698e-05 7.140516650328647e-06 -1.402930662689394e-05 2.659710357094481e-06
-3.512447217459094e-05 1.010653338422158e-05 -1.235534354346772e-05 4.032986096431678e-06
-3.240741134068744e-05 1.299963683103977e-05 -1.112493682437024e-05 5.218341737376736e-06
-3.240621274602378e-05 7.211509762669087e-06 -1.139446370036949e-05 2.730364437541143e-06
-2.982091544227003e-05 1.010369711554881e-05 -1.012096569730448e-05 4.042140740024731e-06
-2.728529087506358e-05 1.291432916261748e-05 -9.011949108666987e-06 5.167351011668949e-06
-2.728367526125694e-05 7.295427321366211e-06 -9.106403490586053e-06 2.849456029908247e-06
-2.539681552063553e-05 1.031699132407870e-05 -8.264968924128726e-06 4.136549318261223e-06
-2.351766642248948e-05 1.283631428874388e-05 -7.587045120499331e-06 5.055780763438884e-06
-2.351466593380952e-05 7.372455240706180e-06 -7.553892534970790e-06 2.977477930112783e-06
-2.084820016249177e-05 1.276916470660394e-05 -6.563564783286392e-06 4.988381578386110e-06
-2.134914527436672e-05 1.101875066744765e-05 -6.729501760401163e-06 4.384356574191246e-06
-2.084407425514790e-05 7.421183054241985e-06 -6.620962534712074e-06 3.116924651502991e-06
-1.894332851367584e-05 7.473447000433989e-06 -5.951593942360963e-06 3.144206301437317e-06
2.901606696284706e-06 1.111042809291167e-07 9.543127746586690e-07 1.259195468666423e-06
2.959833510368459e-06 -2.882804630323392e-08 9.805771389645237e-07 1.201830016913325e-06
2.959574046680832e-06 -5.504643937000911e-07 9.884651810928701e-07 9.893193587500277e-07
2.901636441401375e-06 -6.886368146172700e-07 9.632159876694686e-07 9.267830144968727e-07
-1.893913020738541e-05 1.272198418003993e-05 -5.926416475813869e-06 4.931273990075152e-06
-1.724681450980542e-05 1.258265143546844e-05 -5.388834396855011e-06 4.867916337530573e-06
-1.854162311548113e-05 9.444691665447787e-06 -5.798075149266281e-06 3.801969453305798e-06
-1.723192973205903e-05 7.380571495694988e-06 -5.385301339236953e-06 3.135606146613241e-06
2.762249962973310e-06 1.689081450959834e-07 8.930519863675720e-07 1.283141731758500e-06
2.621598861052899e-06 -4.031896036489250e-07 8.298108506414177e-07 1.055715584972027e-06
2.763356315766880e-06 -7.463806922459116e-07 8.995150717799156e-07 9.003490816090363e-07
-1.669787229857751e-05 1.097323706673554e-05 -5.201885930123742e-06 4.342906190386511e-06
-1.560151989886584e-05 1.224415428989433e-05 -4.879937576742851e-06 4.728467736341844e-06
-1.403537501089979e-05 1.174070575943009e-05 -4.369878623897716e-06 4.541513554555062e-06
-1.618967803372336e-05 8.791991084250824e-06 -5.034688856941676e-06 3.603664818027867e-06
-1.561715320092643e-05 7.015649645947543e-06 -4.857820142488530e-06 3.037561738137279e-06
1.817077726822639e-06 1.834336144165869e-07 4.476678395179416e-07 1.305036109127607e-06
1.816416345095163e-06 -7.626629819883263e-07 4.392202127744360e-07 9.219609286262792e-07
1.327515054855860e-06 -2.894739525676979e-07 2.715489197563074e-07 1.108803385625728e-06
-1.257085175922576e-05 1.105910404083791e-05 -3.890202260457791e-06 4.312502023947148e-06
-1.381787150373148e-05 1.010263051303505e-05 -4.275818571507621e-06 4.031255815859920e-06
-1.435457197274248e-05 8.072857336591550e-06 -4.460630203043289e-06 3.361790317209612e-06
-1.413249273916724e-05 6.401573822921339e-06 -4.402878034454534e-06 2.859191279729101e-06
7.978501384763814e-07 2.698923942767072e-07 1.136536889786790e-07 1.287693166730625e-06
7.983414901853819e-07 -8.476339792930409e-07 1.007080558029960e-07 8.868683066909323e-07
1.968969863702064e-07 -2.881582045918240e-07 -1.359265449857496e-07 1.094498912704498e-06
-1.121024807117263e-05 1.023829018509597e-05 -3.460473910345177e-06 4.071251547410380e-06
-9.987176755613770e-06 9.291783758767118e-06 -3.066548158486839e-06 3.750465098521282e-06
-1.248835692368380e-05 7.760694732771742e-06 -3.834747622194131e-06 3.260849949209470e-06
-1.281685606775034e-05 5.557588454017866e-06 -3.946272865762696e-06 2.613773493123116e-06
-4.922648358172395e-07 4.582557371010709e-07 -3.957255764248033e-07 1.359660225494110e-06
-4.918066740323542e-07 -1.032932642136059e-06 -3.736932585073935e-07 8.515376353939900e-07
-1.029788391810525e-05 7.855704625091204e-06 -3.156478208753348e-06 3.280132053487803e-06
-8.909887581446639e-06 8.221197891589562e-06 -2.759578302591477e-06 3.392631274721292e-06
-1.081141058672986e-05 6.261010442909132e-06 -3.308362451113140e-06 2.808119023780699e-06
-1.170169248825662e-05 4.539905651262895e-06 -3.562633813579543e-06 2.307630613699870e-06
-1.249807520723898e-06 -2.862855992624798e-07 -6.309015742673669e-07 1.109780315021156e-06
-2.150072394834655e-06 7.302201016456141e-07 -9.544929569655170e-07 1.470754593144121e-06
-2.147962353188094e-06 -1.302984596856192e-06 -9.427761831731774e-07 7.603586057947939e-07
-7.966957268770868e-06 7.060305138365578e-06 -2.508520740781867e-06 3.046623093727092e-06
-7.195881450345835e-06 5.847160768984179e-06 -2.306617974266243e-06 2.687374030245210e-06
-6.590147848624709e-06 4.567627307707782e-06 -2.201724902615736e-06 2.326533429386397e-06
-9.767132930331207e-06 4.843038850273256e-06 -3.036502004429026e-06 2.411437045703586e-06
-1.080950645987012e-05 3.396618421748767e-06 -3.319744887034619e-06 2.067473415310046e-06
-2.872456163805179e-06 -2.815363553047733e-07 -1.189665835469517e-06 1.145741775899126e-06
-3.758657809848880e-06 9.977077226213502e-07 -1.415044982929597e-06 1.500661822511218e-06
-3.758528187523595e-06 -1.579200581299174e-06 -1.434473100446196e-06 7.795218134057114e-07
-7.883492664146104e-06 4.563584627159717e-06 -2.499995171172604e-06 2.321995607987774e-06
-6.133241217489155e-06 3.256169160683243e-06 -2.130121500276701e-06 1.994194779846133e-06
-5.214719830149530e-06 1.224343562238153e-06 -1.846433341644503e-06 1.525572349969792e-06
-5.636314221991311e-06 1.452122452942160e-06 -1.974654210537184e-06 1.573168234615067e-06
-5.858334817883387e-06 1.918616995697210e-06 -2.046511900046645e-06 1.679864141565887e-06
-9.041169570038058e-06 3.229425700341966e-06 -2.813686916989092e-06 2.002169961467874e-06
-1.014512569768491e-05 2.179505619190394e-06 -3.103111827361960e-06 1.727918860892033e-06
-4.554398499599685e-06 -9.228722427696929e-08 -1.652882977655980e-06 1.171297580071539e-06
-5.226753156665893e-06 -1.779300682148883e-06 -1.866656028969833e-06 7.408585617969307e-07
-7.029695799085022e-06 2.330515256855423e-06 -2.331681934416348e-06 1.783437941481141e-06
-5.668708543501227e-06 5.449219902682382e-07 -1.978344715756321e-06 1.331209528161873e-06
-6.169114639697173e-06 1.291234828385111e-06 -2.115509860187714e-06 1.524761750467065e-06
-8.524291841058720e-06 1.802789582562596e-06 -2.711788800069830e-06 1.647961556070592e-06
-9.728896368950643e-06 9.415134901724501e-07 -3.005947697946181e-06 1.451426169816902e-06
-5.703964882272344e-06 -9.144819199074309e-07 -1.993422343513474e-06 9.529489071894649e-07
-5.647614454414329e-06 -1.997918071295413e-06 -2.000097614430686e-06 6.908064504815771e-07
-7.302540704032723e-06 2.363441240990655e-07 -2.410912979807631e-06 1.236101483299982e-06
-9.582534169558301e-06 -2.927651990407820e-07 -2.968434136251378e-06 1.105052711320124e-06
-9.695616404603039e-06 -1.503815930187821e-06 -3.014268898667398e-06 8.348319144827700e-07
-6.570171752859624e-06 -1.706425217536274e-06 -2.217267567596913e-06 7.612498895983119e-07
-5.892995760520867e-06 -2.466127982267460e-06 -2.075897486308424e-06 5.745608061132634e-07
-6.194205161811299e-06 -3.756996036821504e-06 -2.145384545915874e-06 2.628783401982566e-07
-8.482876267250073e-06 -1.659419929904174e-06 -2.700079322660607e-06 8.028071490830093e-07
-6.644851253953866e-06 -5.010062608782670e-06 -2.238751784708193e-06 -4.806069238845052e-08
-1.006586963431045e-05 -2.726495542057691e-06 -3.145872443371458e-06 5.408685708432119e-07
-7.357313811168917e-06 -3.801342384940120e-06 -2.385932848465303e-06 2.418961784495872e-07
-9.074336618404600e-06 -3.899209912092614e-06 -2.882528835000305e-06 2.208543187218139e-07
-7.246495573920511e-06 -6.206998108291532e-06 -2.395164355639205e-06 -3.566758784499428e-07
-1.066851322769077e-05 -3.901283955032037e-06 -3.311638748977629e-06 2.260374842757006e-07
-1.016366794190929e-05 -5.063141762922403e-06 -3.190337626134758e-06 -8.750572739509803e-08
-8.972670950415115e-06 -5.791966848394262e-06 -2.862959212141517e-06 -2.734762395993214e-07
-7.987562026655479e-06 -7.351481788870846e-06 -2.569818377106689e-06 -6.189990824808878e-07
-8.876951788757623e-06 -8.420970202875369e-06 -2.827077195163954e-06 -9.242203377922400e-07
-1.149587396479370e-05 -4.987665433326898e-06 -3.525556677136715e-06 -7.882677850746399e-08
-1.089629301330040e-05 -6.372310508168775e-06 -3.401370437486995e-06 -4.218972128845617e-07
-1.019035234359896e-05 -7.997365141744174e-06 -3.222172806319579e-06 -8.042972233638366e-07
-9.889280251470661e-06 -9.400511601954219e-06 -3.128406532746240e-06 -1.150500936612246e-06
-1.251920745019359e-05 -5.944219350350290e-06 -3.758242417906985e-06 -3.101206432410147e-07
-1.220865005460005e-05 -7.988887571990531e-06 -3.718604235731234e-06 -7.906111329915370e-07
-1.102673637071517e-05 -1.026187349279457e-05 -3.446446230837570e-06 -1.322766177523047e-06
-1.227880305552621e-05 -1.100105879535867e-05 -3.772851827285170e-06 -1.464094158061420e-06
-1.361949064124645e-05 -1.160723389962803e-05 -4.089959170974344e-06 -1.530574230917028e-06
-1.372856385702374e-05 -8.429171824864929e-06 -4.099049187015846e-06 -8.968155075762274e-07
-1.371772146755352e-05 -6.735632043327591e-06 -4.064910790552679e-06 -4.903856045705590e-07
-1.342566323570904e-05 -1.012398967401286e-05 -4.055942485307609e-06 -1.267819213045330e-06
-1.504161400163093e-05 -1.205278552671218e-05 -4.396242400285052e-06 -1.550907271692506e-06
-1.652488026465281e-05 -1.234027877511206e-05 -4.649468220606147e-06 -1.498691215252212e-06
-1.494952441903337e-05 -8.807874663801545e-06 -4.390258506782367e-06 -9.898513535441383e-07
-1.506507749344358e-05 -7.316726452190142e-06 -4.400379803922851e-06 -6.655633213295490e-07
-1.804100736031548e-05 -1.245541918404399e-05 -4.900506420699986e-06 -1.428843215127986e-06
-1.634239841058960e-05 -1.020422744757476e-05 -4.661497744973624e-06 -1.229930427075443e-06
-1.651829869242264e-05 -7.663251087492675e-06 -4.681539536187292e-06 -8.388219597831969e-07
-1.837351996529280e-05 -1.043639608365851e-05 -4.951807239977188e-06 -1.240969563782627e-06
-1.973968206597545e-05 -1.248990112900406e-05 -5.093415612240976e-06 -1.356266299384390e-06
-1.803163192115430e-05 -7.768114244606184e-06 -4.933902517725425e-06 -9.503042407681620e-07
-2.210562912754663e-05 -1.252520423079915e-05 -5.219777644026957e-06 -1.259621507740198e-06
-2.022372778232475e-05 -9.280694799197320e-06 -5.164313752896427e-06 -1.147197075056880e-06
-1.973737641557718e-05 -7.734963117844325e-06 -5.106725257952103e-06 -1.009950369597155e-06
-2.542845787505874e-05 -1.258041989429585e-05 -5.212992256663465e-06 -1.093871229598730e-06
-2.376832371303482e-05 -9.920702387824381e-06 -5.277891428312945e-06 -1.185565552704890e-06
-2.210616523806140e-05 -7.690615892613201e-06 -5.270534819820455e-06 -1.106162914028078e-06
-2.991696737677679e-05 -1.264002872192362e-05 -4.879183028081790e-06 -9.099822305897805e-07
-2.765572916473302e-05 -1.011157997312216e-05 -5.058753002260303e-06 -1.179538023218648e-06
-2.542841849190262e-05 -7.638702272030776e-06 -5.190800332487448e-06 -1.303180777260540e-06
-3.469010203875527e-05 -1.268833104014224e-05 -4.290635011142539e-06 -8.496217872402503e-07
-3.228869846722987e-05 -1.011209047468564e-05 -4.590487108130965e-06 -1.145970062039156e-06
-2.991673930639732e-05 -7.583066590842893e-06 -4.869206421466630e-06 -1.398907979499316e-06
-3.954056953265063e-05 -1.272561493309676e-05 -3.605317111131341e-06 -7.594975882542055e-07
-3.710382659235592e-05 -1.011283810419392e-05 -3.925882810034302e-06 -1.126309065824987e-06
-3.468979657882525e-05 -7.536616942670678e-06 -4.312981359419710e-06 -1.463177836353132e-06
-4.444928740533728e-05 -1.275342934492801e-05 -2.954273415389935e-06 -7.908910324082987e-07
-4.198632755887891e-05 -1.011344478696113e-05 -3.233139452092498e-06 -1.112191435511961e-06
-3.954026339988522e-05 -7.500790498317190e-06 -3.593760880672585e-06 -1.454969552129076e-06
-4.940080149461941e-05 -1.277399789157052e-05 -2.422293032569839e-06 -8.114525228838611e-07
-4.691861936581622e-05 -1.011407437443111e-05 -2.656865932924949e-06 -1.091884452556441e-06
-4.444878257481543e-05 -7.474140753481006e-06 -2.962350038852624e-06 -1.431949595804774e-06
-5.438313604367899e-05 -1.278846572855020e-05 -2.032436933113241e-06 -9.584455850374131e-07
-5.188744144051159e-05 -1.011473931602483e-05 -2.148235498494852e-06 -1.097518412865379e-06
-4.940025286041817e-05 -7.454923967729016e-06 -2.408066079236064e-06 -1.368172483209863e-06
-5.938604140482912e-05 -1.279777208319789e-05 -1.844167400254956e-06 -1.056845492558903e-06
-5.688170591215563e-05 -1.011522694318047e-05 -1.868904865766833e-06 -1.114744641986595e-06
-5.438274377745057e-05 -7.441547763730319e-06 -2.005065182972598e-06 -1.248444470682627e-06
-6.440034439496306e-05 -1.280255933617422e-05 -1.848645294601022e-06 -1.199690481334755e-06
-6.189175608111603e-05 -1.011577953648436e-05 -1.771122527420312e-06 -1.100858074886901e-06
-5.938563591401179e-05 -7.433234429361217e-06 -1.813406427946062e-06 -1.158729221530547e-06
-6.941904732369476e-05 -1.280450428247810e-05 -2.096349907719703e-06 -1.289109688384525e-06
-6.690918732872863e-05 -1.011624601781088e-05 -1.932959242967109e-06 -1.086323625689927e-06
-6.440000324961840e-05 -7.429413964447902e-06 -1.860963925459833e-06 -1.018528633717718e-06
-8.016869909341736e-05 -1.250941236586620e-05 -3.000050218737945e-06 -1.305614050587030e-06
-7.945604735532021e-05 -1.280462134280662e-05 -2.937753251835203e-06 -1.331284769406756e-06
-7.166722375501995e-05 -1.011662955114000e-05 -2.266090675203024e-06 -1.079196292596830e-06
-7.443807646116746e-05 -1.280473130554932e-05 -2.505931490132295e-06 -1.299232125941382e-06
-6.941870441040458e-05 -7.428395284276480e-06 -2.101203156956586e-06 -9.079673611615922e-07
-8.046388378267167e-05 -1.179673046439985e-05 -3.024974543054354e-06 -1.243298947091020e-06
-7.877754385827101e-05 -1.011692226709207e-05 -2.867181189547977e-06 -1.086352543431676e-06
-7.443789844798000e-05 -7.428715086726432e-06 -2.498413407625727e-06 -8.695320543336783e-07
-8.046376360382742e-05 -8.437200066004049e-06 -3.011424825624217e-06 -9.360716843754109e-07
-7.945588711965702e-05 -7.429274912916705e-06 -2.925063383550765e-06 -8.513323023327095e-07
-8.016856293896555e-05 -7.724497331206039e-06 -2.985721485803168e-06 -8.757576394989493e-07
