4.782754525086995e-05 -5.082346735352468e-06 -2.397416725590357e-05 3.514733687325925e-06
4.803705439992331e-05 -4.576562712489532e-06 -2.398826861215168e-05 3.464928235397335e-06
4.803703068746021e-05 -2.192298838513911e-06 -2.403681894699189e-05 3.222458425378952e-06
4.782752497682254e-05 -1.686535085567453e-06 -2.403235728729814e-05 3.188508682772622e-06
4.732174852623995e-05 -5.291846157984671e-06 -2.393714641001452e-05 3.538884276361663e-06
4.637308526498757e-05 -3.384416244203602e-06 -2.387182367944063e-05 3.355655160234605e-06
4.732174173568577e-05 -1.477044122510859e-06 -2.401268383185074e-05 3.171316457814209e-06
4.376045354667852e-05 -5.291690739974162e-06 -2.353793843923669e-05 3.666499205130797e-06
4.376050326142512e-05 -1.477157990599396e-06 -2.363722629206692e-05 3.075047878306714e-06
4.179440700672001e-05 -3.384440641231875e-06 -2.337642195988225e-05 3.350591510522528e-06
4.019954880584789e-05 -5.291113913656910e-06 -2.292118871462719e-05 3.698754208256380e-06
4.019961076817304e-05 -1.477769832128139e-06 -2.308246334803294e-05 3.008014468908843e-06
3.841926908923462e-05 -3.384601860683255e-06 -2.272496173107894e-05 3.366126250939837e-06
3.664009353317951e-05 -5.289353736653085e-06 -2.214060275624823e-05 3.803200361468034e-06
3.664021700891231e-05 -1.479833171604525e-06 -2.215044178743992e-05 2.899976297121148e-06
3.486109079488230e-05 -3.384862715710150e-06 -2.176393230770259e-05 3.367281760883055e-06
3.308511768802451e-05 -5.284330235090306e-06 -2.113981423469711e-05 3.996636434991672e-06
3.308515804089120e-05 -1.485456124137944e-06 -2.107625455060316e-05 2.686351252152665e-06
3.131053752335955e-05 -3.385304717766508e-06 -2.056510572172561e-05 3.354358772585330e-06
2.954414837996272e-05 -5.271962613438143e-06 -1.990491711443638e-05 4.060356494329091e-06
2.954366364700879e-05 -1.498910661541013e-06 -1.983926309367492e-05 2.698142912865060e-06
2.778171793827014e-05 -3.385880535561863e-06 -1.927763656989359e-05 3.359021492987109e-06
2.603604373134529e-05 -5.247303196810218e-06 -1.842695508219679e-05 4.128383461527150e-06
2.603513380632950e-05 -1.525134933778670e-06 -1.847540140058521e-05 2.585597297432276e-06
2.429882365884029e-05 -3.386606007355466e-06 -1.782801033595047e-05 3.407738930238160e-06
2.258841843998757e-05 -5.207064897504997e-06 -1.690162043930041e-05 4.273329999202996e-06
2.258736167074607e-05 -1.567281670792630e-06 -1.682817160775633e-05 2.419539214168649e-06
2.089197193776121e-05 -3.387414911806573e-06 -1.626057490159576e-05 3.444091355084949e-06
1.923237135470729e-05 -5.150168672287787e-06 -1.530991095831585e-05 4.379503134005938e-06
1.923192345183362e-05 -1.626078476694404e-06 -1.501530001739979e-05 2.370520615891530e-06
1.759279282605244e-05 -3.388414316720747e-06 -1.434817422022030e-05 3.460106973838035e-06
1.600007890697066e-05 -5.076236498000612e-06 -1.336006074320172e-05 4.474580173730088e-06
1.600026717115519e-05 -1.701969272972057e-06 -1.301449917348422e-05 2.458086832900633e-06
1.443309521706829e-05 -3.389479277481807e-06 -1.228601059070233e-05 3.457884780316343e-06
1.292337100545631e-05 -4.984261181399577e-06 -1.137904552228916e-05 4.593626452143605e-06
1.292359733529852e-05 -1.796322769440687e-06 -1.114772967663301e-05 2.457535032473780e-06
1.150312345366313e-05 -3.389860383970733e-06 -1.032369611426835e-05 3.456165779265395e-06
1.014741070656268e-05 -4.876716572732771e-06 -9.559243356120087e-06 4.476399628177912e-06
1.014715144133468e-05 -1.909700786245529e-06 -9.395249100989441e-06 2.525949980858199e-06
9.149315059041739e-06 -3.500892175809122e-06 -8.852011134359713e-06 3.538901713165959e-06
8.194395141399701e-06 -4.776024718262891e-06 -8.276923908685892e-06 4.412415296741466e-06
8.191795184126711e-06 -2.014931299337132e-06 -8.147785901239477e-06 2.647660366440209e-06
6.870048376462111e-06 -4.688627718606627e-06 -7.365602906636863e-06 4.389504488445972e-06
7.100915686517975e-06 -3.844468121258611e-06 -7.523264632302746e-06 3.778747203772696e-06
6.866029705910017e-06 -2.081791243557663e-06 -7.299290797066860e-06 2.675491367363821e-06
5.956711239974277e-06 -2.152539784957536e-06 -6.756233790477078e-06 2.700159187584780e-06
-5.946366335882312e-07 -1.376744165313588e-07 1.267743576959663e-06 3.289480411486826e-07
-6.058959593895572e-07 -1.105956669635313e-07 1.300646592918471e-06 2.556383054730725e-07
-6.057804354614078e-07 -9.714364433938465e-09 1.294029688964136e-06 -7.110421477004546e-09
-5.945580054985687e-07 1.698702329069437e-08 1.260678811949186e-06 -7.549780310666165e-08
5.949644905554579e-06 -4.627490477147979e-06 -6.739790516901964e-06 4.396348173369432e-06
5.170099807540913e-06 -4.527639383924038e-06 -6.171589224324234e-06 4.348359127357114e-06
5.748546344867943e-06 -3.084379646028462e-06 -6.643284439354373e-06 3.310061549137873e-06
5.148450812939270e-06 -2.157972898238420e-06 -6.227747309932284e-06 2.652578091747189e-06
-5.676728520211951e-07 -1.488783886031824e-07 1.189962539598943e-06 3.579739617662814e-07
-5.404890848985900e-07 -3.825256549150421e-08 1.117364986422082e-06 6.729717111537618e-08
-5.678147513039625e-07 2.814292376896721e-08 1.187258413994712e-06 -1.014431552889043e-07
4.906280458615301e-06 -3.777678106053768e-06 -5.996609428695543e-06 3.820351111672989e-06
4.433084750924085e-06 -4.330036168640874e-06 -5.639762285225239e-06 4.212049559509916e-06
3.762713514308852e-06 -4.076440438953920e-06 -5.186924937618079e-06 4.037316061693539e-06
4.672856825693170e-06 -2.802297760929509e-06 -5.873229811687407e-06 3.111326765718470e-06
4.424258377673985e-06 -2.052984863898026e-06 -5.712515470689971e-06 2.562520560184417e-06
-3.850879780105917e-07 -1.513600016329942e-07 7.339435097436240e-07 3.674695742835694e-07
-3.846746752489278e-07 3.203683364646766e-08 7.497682427188792e-07 -7.485402840803258e-08
-2.901476719979330e-07 -5.898124823292080e-08 4.902509326060601e-07 1.553130634750576e-07
3.168531089161318e-06 -3.744251201779951e-06 -4.776191234329266e-06 3.817707473858390e-06
3.658647000861066e-06 -3.358579134559775e-06 -5.122784772481883e-06 3.543871719875782e-06
3.883312791525178e-06 -2.508963547506099e-06 -5.299736900894053e-06 2.923152110592088e-06
3.785027554011329e-06 -1.854903057387756e-06 -5.231538838372265e-06 2.400202230278657e-06
-1.874565191045710e-07 -1.672779552276771e-07 2.509967038180734e-07 4.077314730532127e-07
-1.868615345872633e-07 5.113031211405650e-08 2.567105449643090e-07 -8.553882202904991e-08
-6.974475979078045e-08 -5.701480143586481e-08 2.114246449690549e-08 1.814012581505882e-07
2.637989602173628e-06 -3.376941580374321e-06 -4.391230479820165e-06 3.577620678268169e-06
2.196158231686672e-06 -2.981490641462024e-06 -3.999296567823540e-06 3.305933713231083e-06
3.124571242875984e-06 -2.390545155904849e-06 -4.719658091642649e-06 2.865278310311739e-06
3.241643933103657e-06 -1.570266400919782e-06 -4.788185486643656e-06 2.129026254357158e-06
6.531441378585815e-08 -2.034548985909949e-07 -2.962063053543078e-07 5.582241862104702e-07
6.601132833360335e-08 9.175507529344007e-08 -2.560405603246783e-07 -1.360262796500992e-07
2.310793914583340e-06 -2.419695123434465e-06 -4.066825971624436e-06 2.901451217490360e-06
1.837273350822515e-06 -2.549193498273575e-06 -3.701694906429501e-06 3.011935174000627e-06
2.491162769963043e-06 -1.838371086180470e-06 -4.174365404865082e-06 2.393410203665415e-06
2.799798445595944e-06 -1.245424794500999e-06 -4.436981161737761e-06 1.843014963625249e-06
2.155538509215961e-07 -5.476841079879308e-08 -6.095784133837434e-07 2.334466434007507e-07
3.951956116621223e-07 -2.581169995654922e-07 -9.735532405619425e-07 6.723706771605382e-07
3.953987655154358e-07 1.516674014697868e-07 -1.000108542374589e-06 -2.138146712353477e-07
1.536593763980879e-06 -2.110940119252560e-06 -3.443319739595515e-06 2.712372723152917e-06
1.327536156540778e-06 -1.697697235097762e-06 -3.154217457294203e-06 2.329903688922005e-06
1.193211370276676e-06 -1.280053683011144e-06 -2.907544411901523e-06 1.918064184987742e-06
2.135606082232358e-06 -1.355249100082634e-06 -3.893746067492287e-06 1.989651494432043e-06
2.458580824352592e-06 -9.082767383361519e-07 -4.212228663540394e-06 1.524283465460433e-06
5.404934618629024e-07 -5.371346586452240e-08 -1.285561404641903e-06 2.447039698208782e-07
7.202096017457952e-07 -3.133530232081572e-07 -1.655134979878075e-06 7.837955990506473e-07
7.216221309914206e-07 2.143390399112479e-07 -1.657814474045578e-06 -2.885469592680189e-07
1.552670422905478e-06 -1.269063273462115e-06 -3.357373160344941e-06 1.920961537233737e-06
1.105217529619213e-06 -8.885691460680368e-07 -2.720409044503041e-06 1.506967714986262e-06
1.001806811833567e-06 -3.598015109801267e-07 -2.312910994988306e-06 8.390192522022475e-07
1.072171280075069e-06 -4.114774852310747e-07 -2.497060787792991e-06 9.077621938352714e-07
1.094886287996147e-06 -5.247570859856186e-07 -2.593918905355787e-06 1.063810543037374e-06
1.898594891048770e-06 -8.636771951755660e-07 -3.712233938595294e-06 1.504155826295024e-06
2.200648092563904e-06 -5.802236668097082e-07 -4.090931824371589e-06 1.172146256961471e-06
8.817853621317139e-07 -9.179860257353461e-08 -2.014716035463943e-06 3.165679101622728e-07
1.041506601402309e-06 2.632800395658650e-07 -2.296815870535730e-06 -3.766598655433629e-07
1.358787491928020e-06 -6.209158281424769e-07 -3.035135000870845e-06 1.213785150821877e-06
1.096275164210480e-06 -2.156771320950940e-07 -2.503757511810432e-06 5.648838693854213e-07
1.181409744879435e-06 -3.745234623442768e-07 -2.705596516126464e-06 8.409488274692671e-07
1.747907557436739e-06 -4.827386008150722e-07 -3.577756218588930e-06 1.071567637871939e-06
2.026305275639773e-06 -2.825338330144696e-07 -4.077312749882882e-06 7.764695291021234e-07
1.134697858471327e-06 8.931076740600282e-08 -2.488387572390417e-06 -2.732498962313282e-08
1.147499537758344e-06 3.085122857620484e-07 -2.450933067151576e-06 -4.713779180848049e-07
1.450154966263067e-06 -1.210317234957796e-07 -3.123167769906597e-06 4.830824169772001e-07
1.947884942770257e-06 -1.152693408318744e-08 -4.107136807288245e-06 2.600873236358085e-07
1.902784891444496e-06 2.236639752376377e-07 -4.213843741785521e-06 -2.678773716542289e-07
1.332857317439459e-06 2.609869442241588e-07 -2.805939421187510e-06 -3.538403379613916e-07
1.216671276500443e-06 3.912001236484525e-07 -2.526733506837980e-06 -6.707664442934070e-07
1.313563854561931e-06 5.919238698114800e-07 -2.607622873694732e-06 -1.256420889047239e-06
1.687668914732635e-06 2.717431431710252e-07 -3.668740198391523e-06 -3.246197700240652e-07
1.431266763917607e-06 7.428091642542215e-07 -2.760427387348583e-06 -1.909515888444490e-06
1.904584801405017e-06 4.485700003833468e-07 -4.406777423932711e-06 -7.950532508566530e-07
1.510120373680132e-06 6.125016038842919e-07 -3.115001517297545e-06 -1.269944957558466e-06
1.753230342686644e-06 6.259615068327271e-07 -3.951997730457985e-06 -1.335210933298031e-06
1.543025301971939e-06 8.684612997278851e-07 -3.066486721379879e-06 -2.570069929010754e-06
1.925474962774361e-06 6.264525982340773e-07 -4.727364449187652e-06 -1.343807132449085e-06
1.856490171098245e-06 7.654692813094935e-07 -4.513674133945590e-06 -1.968496035658014e-06
1.745151431679903e-06 8.358938011557881e-07 -3.955796694112801e-06 -2.355045488323031e-06
1.657297316743956e-06 9.479772064117867e-07 -3.461182379584402e-06 -3.179911903427068e-06
1.751211563397463e-06 9.933258067261254e-07 -3.948258771816046e-06 -3.739246442095424e-06
1.945244811619307e-06 7.691013222955703e-07 -5.217176420470495e-06 -1.944397209814118e-06
1.900531471063089e-06 8.791993487092687e-07 -4.945209690890953e-06 -2.676615856728145e-06
1.856707329596163e-06 9.679286180177775e-07 -4.652809653656869e-06 -3.511362771188263e-06
1.840484121382221e-06 1.004450936471675e-06 -4.506483579217344e-06 -4.251597525985235e-06
1.963043178695604e-06 8.711842939869001e-07 -5.787113847371116e-06 -2.464526830878824e-06
1.947373756290754e-06 9.592153037616253e-07 -5.677610380229251e-06 -3.534253617336678e-06
1.905047385133988e-06 1.001342535349124e-06 -5.135817778645305e-06 -4.697045190202448e-06
1.937589870240311e-06 9.744135332734292e-07 -5.754162407927402e-06 -5.047246685290314e-06
1.949816183055046e-06 9.251077548167153e-07 -6.368126604647932e-06 -5.306380900528910e-06
1.960869945215127e-06 9.683418409000706e-07 -6.485122561550697e-06 -3.774821122050866e-06
1.965638703204958e-06 9.355310923028746e-07 -6.468225678867289e-06 -2.913753209367932e-06
1.963568383207976e-06 9.642160993704078e-07 -6.307547344599997e-06 -4.629013318257033e-06
1.928685464956700e-06 8.803824767473000e-07 -6.957566207682820e-06 -5.508244634154843e-06
1.876080507136895e-06 8.297370262212462e-07 -7.657124558155466e-06 -5.616873539510229e-06
1.946031556379225e-06 9.734646725157781e-07 -7.076408194888676e-06 -3.981368514702509e-06
1.939701536871256e-06 9.864100237530731e-07 -7.136229288062045e-06 -3.278389130295424e-06
1.804842237790757e-06 7.881489429943295e-07 -8.353826080429858e-06 -5.631413797220796e-06
1.905058155700879e-06 9.327564815093988e-07 -7.630923371166334e-06 -4.599268024047913e-06
1.888673616314873e-06 1.030830610641440e-06 -7.757198665127737e-06 -3.542881410928175e-06
1.792891451432988e-06 9.137365023054392e-07 -8.491464927148522e-06 -4.714003069534615e-06
1.685522537641598e-06 7.431865111740764e-07 -9.106035304639202e-06 -5.632628349897261e-06
1.816338230445809e-06 1.062373524776836e-06 -8.364801601712981e-06 -3.640777943579762e-06
1.482488310714215e-06 6.977363525867601e-07 -1.003624286595204e-05 -5.671999078482198e-06
1.662067790662891e-06 9.982220075205891e-07 -9.216480975308966e-06 -4.252778527331560e-06
1.687449521849011e-06 1.107765376844026e-06 -9.022761326162348e-06 -3.643608669011235e-06
1.108497988625488e-06 6.262503374837907e-07 -1.154205623304378e-05 -5.785613496335417e-06
1.314297832463785e-06 9.499853131028425e-07 -1.069469986983306e-05 -4.527543442282170e-06
1.480682255106838e-06 1.168171885583860e-06 -9.973309696500438e-06 -3.580838768696099e-06
4.773020599076184e-07 5.477823933362739e-07 -1.373082341926985e-05 -5.957318831053500e-06
8.155509232496724e-07 9.314185721167548e-07 -1.255549858391040e-05 -4.654438648619693e-06
1.107648897220254e-06 1.239172724269676e-06 -1.140494255508638e-05 -3.450139017140260e-06
-3.140679301124835e-07 4.800147058460753e-07 -1.627789012647157e-05 -6.127381385169750e-06
1.028951094897522e-07 9.336485589675738e-07 -1.496403753027282e-05 -4.706433002227862e-06
4.768784898329516e-07 1.318089231258023e-06 -1.363610762775282e-05 -3.318900332519861e-06
-1.225451355471948e-06 4.215119848800390e-07 -1.900340844216026e-05 -6.279128310338043e-06
-7.511300043441095e-07 9.355909856626813e-07 -1.764673523591715e-05 -4.768821016897530e-06
-3.144592298540214e-07 1.389491968378972e-06 -1.625416742737705e-05 -3.287330206897674e-06
-2.241473036554442e-06 3.717250758018510e-07 -2.180388176942376e-05 -6.330248414967396e-06
-1.717686036623191e-06 9.377768714716527e-07 -2.044762652583677e-05 -4.773798289797935e-06
-1.226302573116178e-06 1.451994803052091e-06 -1.905132696360068e-05 -3.239886696201192e-06
-3.347192101421267e-06 3.298358765486211e-07 -2.474477500466934e-05 -6.401800605708279e-06
-2.780997189070767e-06 9.400599175232917e-07 -2.332453533759069e-05 -4.796634050773376e-06
-2.242524610760660e-06 1.506129639295074e-06 -2.187136675529460e-05 -3.235609910708804e-06
-4.528112755166044e-06 2.957178598586291e-07 -2.781934560323178e-05 -6.463382392825313e-06
-3.926637826350696e-06 9.421720626691533e-07 -2.635493975362449e-05 -4.814068746833577e-06
-3.348048949279710e-06 1.552228760340290e-06 -2.485156075491897e-05 -3.224999675532692e-06
-5.768587745698744e-06 2.700831626182816e-07 -3.090215759593395e-05 -6.472909433821437e-06
-5.139971789531721e-06 9.440911124483278e-07 -2.941466682811494e-05 -4.826162786878522e-06
-4.528704144836300e-06 1.590406216714521e-06 -2.790829306422247e-05 -3.208115831835062e-06
-7.051499685723528e-06 2.532309158728697e-07 -3.386647354755537e-05 -6.346953244244199e-06
-6.404535746814836e-06 9.456326934097544e-07 -3.244791273102305e-05 -4.844044764334267e-06
-5.768974822209353e-06 1.619618633795631e-06 -3.095557831255944e-05 -3.217706253198553e-06
-8.359657704572724e-06 2.440518802203862e-07 -3.650297987036323e-05 -6.237261574309865e-06
-7.702761275743319e-06 9.467641869165158e-07 -3.524793827411781e-05 -4.868542124635273e-06
-7.051765704817931e-06 1.639263887816901e-06 -3.385086762835573e-05 -3.369322959325742e-06
-1.119129059768777e-05 3.174878453902524e-07 -4.183814147537648e-05 -5.978383952556255e-06
-1.100347722142216e-05 2.397013441284517e-07 -4.149414267359658e-05 -6.123911095887758e-06
-8.950119960393247e-06 9.475576540638972e-07 -3.769345879742996e-05 -4.840227904416984e-06
-9.680055036325595e-06 2.402145030840953e-07 -3.906096195646575e-05 -6.222976282983930e-06
-8.360011281810575e-06 1.650432011953788e-06 -3.659849916219223e-05 -3.447331151300987e-06
-1.126908912265212e-05 5.052824329398612e-07 -4.198229321710137e-05 -5.632008496746623e-06
-1.082451740030874e-05 9.479509643268548e-07 -4.121551848875171e-05 -4.845206812782496e-06
-9.680181229607255e-06 1.655331709792196e-06 -3.911247861919248e-05 -3.495783156029515e-06
-1.126915953720190e-05 1.390661701928542e-06 -4.204782216704459e-05 -4.021295992339901e-06
-1.100357345811912e-05 1.656218105577412e-06 -4.156527940377672e-05 -3.524565870138192e-06
-1.119137120066437e-05 1.578441008003339e-06 -4.190811258020923e-05 -3.670892381536528e-06
