-1.010274351291450e-04 1.421958263473229e-05 -3.927102838966581e-05 5.267469059466135e-06
-1.014230227870125e-04 1.326467323639998e-05 -3.942597113653759e-05 4.886735188386886e-06
-1.014231936796965e-04 8.762952753487372e-06 -3.941925900147874e-05 3.011203978139762e-06
-1.010276364682889e-04 7.808090176050181e-06 -3.926232608049292e-05 2.627490850066500e-06
-1.000724377202392e-04 1.461510112997053e-05 -3.889358465693395e-05 5.426297297756204e-06
-9.828111902409172e-05 1.101383677916971e-05 -3.810821735113057e-05 3.945995463465352e-06
-1.000726927735029e-04 7.412591548176962e-06 -3.888093585660457e-05 2.467905797944063e-06
-9.334798407167599e-05 1.461364697246749e-05 -3.603913350753862e-05 5.452825030321123e-06
-9.334833256676574e-05 7.413965824542974e-06 -3.602839708603156e-05 2.440385788260601e-06
-8.963727998311620e-05 1.101369252184797e-05 -3.457315508771756e-05 3.972874132953841e-06
-8.662919230435809e-05 1.460710313769913e-05 -3.332873146011826e-05 5.364603615388714e-06
-8.662913969819115e-05 7.419745547916489e-06 -3.315743446606092e-05 2.424555059364663e-06
-8.327420432406754e-05 1.101349332541484e-05 -3.193078325554102e-05 3.992007570989909e-06
-7.992673715572015e-05 1.459425834608463e-05 -3.051792957755440e-05 5.462325499559486e-06
-7.992619138616455e-05 7.432066951047083e-06 -3.026128001364682e-05 2.393719702955912e-06
-7.658370381609767e-05 1.101310520699997e-05 -2.895497455534489e-05 3.993381943751669e-06
-7.325374168030030e-05 1.457315692562790e-05 -2.754557343634256e-05 5.667215927553846e-06
-7.325333364663980e-05 7.452653415128640e-06 -2.729621528869324e-05 2.289857795876816e-06
-6.993107174404718e-05 1.101292149134808e-05 -2.585789228375271e-05 4.008325915896377e-06
-6.662824211107709e-05 1.454177459602777e-05 -2.437568609942674e-05 5.698811602811254e-06
-6.662787715284169e-05 7.483921763407153e-06 -2.415154053157877e-05 2.305481550590074e-06
-6.333598597849876e-05 1.101307120846065e-05 -2.268341716752601e-05 4.010581113868026e-06
-6.007146656291641e-05 1.449875257622096e-05 -2.120223602216053e-05 5.690337999783015e-06
-6.007089776405649e-05 7.527557078471073e-06 -2.093409655967774e-05 2.360041403252608e-06
-5.682110604880378e-05 1.101350771170615e-05 -1.950206392631111e-05 3.948213346925951e-06
-5.360724261260079e-05 1.444319478328886e-05 -1.819305372459475e-05 5.592915719260060e-06
-5.360649452512973e-05 7.584428818411598e-06 -1.795342629530068e-05 2.416262174335221e-06
-5.041141691836140e-05 1.101426530540633e-05 -1.648775875816340e-05 3.890615357232409e-06
-4.726011653861765e-05 1.437544370836547e-05 -1.537858974918853e-05 5.393860239223914e-06
-4.725948066503902e-05 7.654191213962414e-06 -1.527379367792576e-05 2.494346384357400e-06
-4.413045490509720e-05 1.101538074283077e-05 -1.376484320708165e-05 3.886461748194612e-06
-4.105243734375533e-05 1.429608177926022e-05 -1.283548317940718e-05 5.118046555390849e-06
-4.105204281530866e-05 7.736232856194801e-06 -1.270222041496052e-05 2.553084228474268e-06
-3.799989632612924e-05 1.101675230517142e-05 -1.139512201381064e-05 3.876936248001821e-06
-3.500553441886405e-05 1.420462140483922e-05 -1.050181508289396e-05 4.989405243706712e-06
-3.500506614713775e-05 7.831002259256523e-06 -1.030441733624139e-05 2.609402244184236e-06
-3.215902030576948e-05 1.101751966128887e-05 -9.316423636869135e-06 3.838995737424319e-06
-2.937476655886173e-05 1.410193984886259e-05 -8.461490758867920e-06 4.850791157923603e-06
-2.937415415039179e-05 7.940315281536400e-06 -8.307808820346556e-06 2.723909879840883e-06
-2.730418740847407e-05 1.125414448695877e-05 -7.692782063326087e-06 3.851040169547706e-06
-2.525041842767669e-05 1.400711811927457e-05 -7.106799755159776e-06 4.672668773016423e-06
-2.524804626753962e-05 8.040238548866611e-06 -6.995671751377171e-06 2.819403091009457e-06
-2.234018498594804e-05 1.392461036976085e-05 -6.122387227694504e-06 4.623735135437241e-06
-2.288302483603691e-05 1.202105710693194e-05 -6.285384184023555e-06 4.049979552293686e-06
-2.233647704369608e-05 8.104004914950192e-06 -6.162541054542675e-06 2.924135298318893e-06
-2.027124205675545e-05 8.171629236425328e-06 -5.532712619521450e-06 2.894230783758458e-06
3.102916327493309e-06 4.324487748082360e-07 7.818425433060946e-07 4.481596090882428e-07
3.165927866842068e-06 2.809046898761373e-07 8.097591298166171e-07 3.917246882605929e-07
3.165559853674805e-06 -2.838404335937136e-07 8.110952584539266e-07 1.746066354358138e-07
3.102843266327628e-06 -4.333746414178757e-07 7.814108972856780e-07 1.142777706878254e-07
-2.026444942417160e-05 1.386658211978030e-05 -5.514173101505703e-06 4.586468126988455e-06
-1.843213851466468e-05 1.370934676534358e-05 -4.972012416709011e-06 4.531041216852194e-06
-1.983101176386823e-05 1.031127746885954e-05 -5.399658762847420e-06 3.484700070368367e-06
-1.841407317359064e-05 8.082342628311145e-06 -5.021515728137557e-06 2.842601774790510e-06
2.952007304069623e-06 4.951191083958744e-07 7.169104005914513e-07 4.697427630942730e-07
2.799625000399186e-06 -1.241204440438127e-07 6.526267816246575e-07 2.386567997142409e-07
2.953176856441704e-06 -4.957914255453742e-07 7.151251664852833e-07 9.239392786507626e-08
-1.783578187569181e-05 1.196545171823388e-05 -4.792652758846564e-06 4.013198334806765e-06
-1.665493479895783e-05 1.333529676642020e-05 -4.498003328529247e-06 4.371186658848720e-06
-1.496961979518307e-05 1.278699309238093e-05 -4.032083872869250e-06 4.168208908133451e-06
-1.728625148848083e-05 9.610027564186959e-06 -4.658273274952479e-06 3.291584900032088e-06
-1.667006958131783e-05 7.701299854742881e-06 -4.478872310437527e-06 2.709890307120628e-06
1.928391143177627e-06 5.106499138875309e-07 3.443893857660172e-07 4.607674366616233e-07
1.927474521137010e-06 -5.134213965542226e-07 3.547123937954121e-07 1.463828849486465e-07
1.397920225752975e-06 -1.851176366356448e-09 1.611641028299730e-07 3.183807779039217e-07
-1.339955210759777e-05 1.204676949688408e-05 -3.563788819787721e-06 3.941918553217639e-06
-1.473370500171911e-05 1.102135231319734e-05 -3.936807330984732e-06 3.675631348879167e-06
-1.531112772906879e-05 8.840538346857088e-06 -4.100185165736065e-06 3.026888443201835e-06
-1.507250173568919e-05 7.053942037358317e-06 -4.047058171477944e-06 2.539167813485482e-06
8.253274316941510e-07 6.006888872926211e-07 8.380585070353158e-09 4.674309536201966e-07
8.251899133028228e-07 -6.051332613598795e-07 6.486136791761348e-09 1.683395944847729e-07
1.766431359147069e-07 -2.661114317499463e-09 -1.361906212860897e-07 3.437207138802267e-07
-1.194509701329576e-05 1.116214874498040e-05 -3.144257919162723e-06 3.722690315781753e-06
-1.064334479322368e-05 1.014710257886225e-05 -2.753884722438596e-06 3.428968002562653e-06
-1.331077931366131e-05 8.509258094471941e-06 -3.497461273664483e-06 2.945176191595642e-06
-1.366184884145740e-05 6.160336757704007e-06 -3.581404390468861e-06 2.278828614772643e-06
-5.641474145700061e-07 7.964214911651463e-07 -2.901785454949419e-07 5.442029403023557e-07
-5.644892493614406e-07 -8.028477794156942e-07 -2.729777375223510e-07 2.067209668875330e-07
-1.097496688931616e-05 8.611777873356549e-06 -2.828007806981888e-06 2.983004936826174e-06
-9.499945872948562e-06 9.001344257131766e-06 -2.420180984637573e-06 3.097020250620713e-06
-1.152237173476829e-05 6.913048280987615e-06 -2.947859193966276e-06 2.469880332666932e-06
-1.247038725012076e-05 5.084249699091775e-06 -3.160297498392473e-06 1.877071385938123e-06
-1.376478442876273e-06 -3.573569647236699e-09 -4.200666441428618e-07 3.864956243631006e-07
-2.337682675828707e-06 1.078857739754347e-06 -6.150883154949705e-07 6.205091347548703e-07
-2.336651074959475e-06 -1.089664353084668e-06 -6.092577038023703e-07 1.792292489561846e-07
-8.500724466600434e-06 7.764346670971000e-06 -2.133062697915788e-06 2.753806810469224e-06
-7.687161200340543e-06 6.476970310437163e-06 -1.860205869000724e-06 2.332517371706731e-06
-7.049034135048585e-06 5.120296242239456e-06 -1.667167481863195e-06 1.889196148121925e-06
-1.041402999499333e-05 5.408921948178391e-06 -2.654393337821028e-06 1.977946672996194e-06
-1.152019568856842e-05 3.876916226332076e-06 -2.929171506219056e-06 1.583721275178445e-06
-3.109213525422442e-06 -1.606331627194201e-09 -7.744257670558141e-07 4.272304781219177e-07
-4.051353791481861e-06 1.356350119674145e-06 -1.009393230652343e-06 7.719659453774772e-07
-4.052277458846727e-06 -1.381676350866559e-06 -9.547857959000432e-07 1.619517713931830e-07
-8.417121610168126e-06 5.114921860722397e-06 -2.090007050533381e-06 1.887397024734467e-06
-6.567806033942074e-06 3.733451011707564e-06 -1.524044122237494e-06 1.458325137507449e-06
-5.597244948479385e-06 1.590219564241741e-06 -1.361334456174421e-06 8.774908462239374e-07
-6.043729964421260e-06 1.829083560354167e-06 -1.430718074256902e-06 9.325280813145965e-07
-6.278359410808574e-06 2.320578523809323e-06 -1.457003412967638e-06 1.058823607760214e-06
-9.645008837200647e-06 3.702153884487228e-06 -2.428855949253991e-06 1.504890346619126e-06
-1.081411018599948e-05 2.592025386607630e-06 -2.731018653245799e-06 1.195424897119906e-06
-4.897998489733698e-06 1.967630387449936e-07 -1.186576617111202e-06 5.356058282930060e-07
-5.611810831800908e-06 -1.592679846606762e-06 -1.387563618105495e-06 1.243512063588245e-07
-7.516385534352378e-06 2.754599016367093e-06 -1.792257250965487e-06 1.190637552706177e-06
-6.078735683631108e-06 8.696195742950355e-07 -1.459616387185882e-06 7.153997539653372e-07
-6.607322955513912e-06 1.657748875375936e-06 -1.549228593268532e-06 8.907103874541766e-07
-9.098662361582293e-06 2.195158319852536e-06 -2.261917317144710e-06 1.065294853290806e-06
-1.037281500236107e-05 1.284568866840935e-06 -2.596800398211810e-06 8.501076688876489e-07
-6.117463541016448e-06 -6.759292619358199e-07 -1.503363010593380e-06 3.313431324391178e-07
-6.058888071769914e-06 -1.823730299872887e-06 -1.532897680864555e-06 7.126046132412167e-08
-7.807195953018965e-06 5.405153920118492e-07 -1.878024871707865e-06 6.006213922062163e-07
-1.021806163367513e-05 -2.056198715091103e-08 -2.512667382124986e-06 4.498666639444544e-07
-1.033607967797432e-05 -1.301947825917781e-06 -2.425744335607179e-06 1.760044626162871e-07
-7.035072614611436e-06 -1.515276266012720e-06 -1.733168028796832e-06 1.203715523068738e-07
-6.319754296197630e-06 -2.318338939099970e-06 -1.621750361691908e-06 -2.434166872020659e-08
-6.641498669364754e-06 -3.681038023932962e-06 -1.732201202615866e-06 -2.505234920821344e-07
-9.055442452277672e-06 -1.466986645188318e-06 -2.174516642903018e-06 1.096424323580282e-07
-7.121266061085852e-06 -4.999859030366166e-06 -1.857148229418449e-06 -4.245152635504593e-07
-1.072433896018246e-05 -2.595605967208115e-06 -2.397235771941528e-06 -6.570812583788867e-08
-7.869799623903702e-06 -3.729131447446761e-06 -1.922302625074209e-06 -2.840581494127250e-07
-9.679218590928251e-06 -3.833479024066208e-06 -2.224966980865490e-06 -2.757110345219602e-07
-7.759032658024530e-06 -6.258358570523496e-06 -1.995705274642735e-06 -5.768116124456491e-07
-1.135484402487664e-05 -3.836732506145283e-06 -2.381642226539660e-06 -2.476437101170696e-07
-1.082349462353427e-05 -5.059890799272799e-06 -2.311394284773274e-06 -4.376709712599873e-07
-9.574567551045235e-06 -5.824172273418614e-06 -2.217081206963827e-06 -5.556779715216692e-07
-8.542176366929289e-06 -7.456235413050988e-06 -2.127444495783953e-06 -6.360465458479147e-07
-9.477702407345154e-06 -8.572072549015134e-06 -2.224061281426577e-06 -6.756174497026018e-07
-1.221715837513581e-05 -4.983049031282200e-06 -2.384926731409725e-06 -4.308714980743461e-07
-1.159038226327835e-05 -6.433707436071115e-06 -2.347311780121849e-06 -5.855292289047422e-07
-1.085384884054461e-05 -8.129979717761960e-06 -2.334938298032245e-06 -6.518607114128226e-07
-1.053997851664166e-05 -9.588364672935543e-06 -2.316009167997213e-06 -6.774363016706022e-07
-1.328097334412384e-05 -5.990418870285708e-06 -2.374017792440836e-06 -5.437570473035306e-07
-1.295835165099613e-05 -8.121385570017024e-06 -2.347153233111733e-06 -6.411302558904385e-07
-1.172883196002908e-05 -1.047976998693240e-05 -2.352474240239247e-06 -6.620579302324311e-07
-1.303081563803994e-05 -1.124003911921057e-05 -2.330775845114767e-06 -6.443687260456535e-07
-1.442007088240075e-05 -1.185711223184921e-05 -2.303567023761462e-06 -6.485722616879736e-07
-1.453401867088127e-05 -8.579837652265061e-06 -2.358199972338451e-06 -6.237753397463291e-07
-1.452262809989252e-05 -6.821752507880352e-06 -2.378686481562222e-06 -5.752654770112467e-07
-1.422214866727524e-05 -1.033141624918442e-05 -2.318032347100514e-06 -6.461063720670868e-07
-1.588729248692475e-05 -1.230850848901496e-05 -2.260532182696464e-06 -6.567638619909365e-07
-1.740978403780319e-05 -1.259414083535439e-05 -2.295989858881573e-06 -6.593013828361247e-07
-1.579472636691050e-05 -8.973580811614871e-06 -2.361949165348516e-06 -6.070329242852439e-07
-1.591208201405791e-05 -7.434242682036098e-06 -2.392266822637043e-06 -5.930140128602852e-07
-1.896215695224707e-05 -1.270318089404419e-05 -2.349653515071712e-06 -6.608128955691803e-07
-1.722765203511261e-05 -1.040918100290714e-05 -2.303810303960091e-06 -5.815348190140637e-07
-1.740491619274186e-05 -7.804176551724295e-06 -2.358746556437497e-06 -5.961840073297748e-07
-1.930336510197685e-05 -1.064575318504134e-05 -2.321418060205501e-06 -6.043130754170699e-07
-2.069074621933613e-05 -1.272692088804407e-05 -2.413064530329046e-06 -7.162011188346594e-07
-1.895450253263462e-05 -7.921723158291303e-06 -2.308692633112378e-06 -5.751899513364097e-07
-2.308716996520458e-05 -1.275085198119265e-05 -2.521185372241639e-06 -7.320209261658730e-07
-2.118605363543797e-05 -9.472688808803979e-06 -2.373885944450489e-06 -5.719734029245896e-07
-2.068828357509105e-05 -7.900743393133723e-06 -2.362716469465970e-06 -5.347065623012271e-07
-2.642336111036770e-05 -1.278634423573448e-05 -2.735582083581691e-06 -7.283349905029791e-07
-2.476272658206269e-05 -1.012444200937567e-05 -2.585489206728440e-06 -5.521394243003120e-07
-2.308649703031917e-05 -7.874325783768226e-06 -2.486983216502992e-06 -4.581034303038066e-07
-3.088482385032607e-05 -1.282416075923667e-05 -2.994645532604701e-06 -6.504537947514059e-07
-2.864399328843952e-05 -1.031903868124313e-05 -2.827321513491539e-06 -5.599904558072844e-07
-2.642223483557073e-05 -7.845911784206730e-06 -2.650168691016968e-06 -4.132469111214296e-07
-3.558889219634675e-05 -1.285697058466936e-05 -3.168697071903455e-06 -5.147100272872808e-07
-3.322747715126904e-05 -1.032245453135811e-05 -3.073039792909778e-06 -5.072283070725391e-07
-3.088373134119478e-05 -7.816848745023674e-06 -2.945519823141790e-06 -4.409146550300497e-07
-4.034362859377675e-05 -1.288700181057952e-05 -3.128771264395257e-06 -4.522654798150568e-07
-3.795741386927711e-05 -1.032585996353250e-05 -3.120918311120156e-06 -4.709784778549897e-07
-3.558785886775846e-05 -7.791375759871500e-06 -3.119518390930502e-06 -4.749275367040646e-07
-4.514704316909109e-05 -1.291551642097185e-05 -3.116916623333041e-06 -4.808688948292472e-07
-4.273674063423448e-05 -1.032887379921716e-05 -3.066303826750386e-06 -4.426884447923403e-07
-4.034263301706406e-05 -7.767840660654633e-06 -3.108801216834184e-06 -4.754805423268890e-07
-4.999804938333877e-05 -1.294228255497000e-05 -3.184693305927700e-06 -4.877234790220914e-07
-4.756438267014109e-05 -1.033141712700291e-05 -3.054872493302569e-06 -4.572313565956192e-07
-4.514621681678948e-05 -7.744893255571877e-06 -3.012711358187984e-06 -4.916116677838637e-07
-5.489285702749968e-05 -1.296602172320112e-05 -3.199705263769875e-06 -3.429365507371581e-07
-5.243821856818636e-05 -1.033369413340804e-05 -3.126875133074910e-06 -4.577519986938611e-07
-4.999728068051696e-05 -7.722922150194688e-06 -3.041841517236508e-06 -4.784949486190498e-07
-5.982509109302300e-05 -1.298522966034485e-05 -2.810318804241136e-06 -1.027509852947194e-07
-5.735312917357533e-05 -1.033557108839737e-05 -2.990771883299984e-06 -4.402539892944537e-07
-5.489229850036838e-05 -7.703330992286924e-06 -3.053157428046060e-06 -5.399233855319092e-07
-6.478601716522040e-05 -1.299895172313747e-05 -1.925524085156248e-06 7.828472005362090e-08
-6.230138812728788e-05 -1.033678744727695e-05 -2.371736798768508e-06 -4.334818865002424e-07
-5.982474330328633e-05 -7.687246266547490e-06 -2.693788720865078e-06 -7.402335307823098e-07
-6.976566705575867e-05 -1.300722405106175e-05 -8.888797152842169e-07 1.445664531375060e-07
-6.727340797396810e-05 -1.033755474620992e-05 -1.378077172541811e-06 -4.266181869227489e-07
-6.478575380322706e-05 -7.675499797002796e-06 -1.896589502150201e-06 -9.281684407680536e-07
-8.045577233626803e-05 -1.271779126573409e-05 1.375924585100900e-06 1.485786078370068e-08
-7.974687862184307e-05 -1.301141063776517e-05 1.233634196261206e-06 7.446620587351439e-08
-7.199965942791687e-05 -1.033794132075807e-05 -3.335435820154177e-07 -4.486123390093158e-07
-7.475500901444559e-05 -1.301079146366528e-05 2.207470397737885e-07 1.315886519370290e-07
-6.976552926670831e-05 -7.668384308649413e-06 -7.775259192703134e-07 -1.017135788236098e-06
-8.074940825424005e-05 -1.200892025237896e-05 1.437128062538068e-06 -1.272217966256522e-07
-7.907184164364130e-05 -1.033802528065464e-05 1.136208300007532e-06 -4.452906730351399e-07
-7.475502575983440e-05 -7.665242786018376e-06 2.722704139197404e-07 -9.909429901361360e-07
-8.074943163651711e-05 -8.667112125654434e-06 1.506463626592035e-06 -8.024768412587851e-07
-7.974690638952445e-05 -7.664622703048605e-06 1.307953104588181e-06 -1.010293295882914e-06
-8.045579793754362e-05 -7.958241552163423e-06 1.450115637562067e-06 -9.491255899214641e-07
