7.948725225048490e-05 -1.245828115444442e-05 -4.454476957869498e-07 -9.882704646730546e-07
7.976421450820150e-05 -1.178965539979747e-05 -4.281510405603277e-07 -9.613933252548039e-07
7.976418396616646e-05 -8.637708031414867e-06 -2.771021619174316e-07 -8.198288502021939e-07
7.948721277607426e-05 -7.969057381570555e-06 -2.743110093836129e-07 -8.074455606042003e-07
7.881861249566163e-05 -1.273523207743006e-05 -4.787019328495345e-07 -1.000181823841175e-06
7.756450433589549e-05 -1.021366162123410e-05 -4.691852307226194e-07 -9.280033290157479e-07
7.881855242964698e-05 -7.692094599656483e-06 -2.796284308566947e-07 -8.020565227611100e-07
7.411068189254429e-05 -1.273499693105612e-05 -7.765534898042953e-07 -1.040471972078820e-06
7.411062305195307e-05 -7.692208411164567e-06 -5.127767833008993e-07 -8.234801466485638e-07
7.151149745711462e-05 -1.021360634746301e-05 -6.493399211494716e-07 -8.780915655653979e-07
6.940313127446913e-05 -1.273408926663710e-05 -8.609537389146214e-07 -8.597521908780443e-07
6.940313776100040e-05 -7.692986511482752e-06 -5.257200200386176e-07 -8.788092121986839e-07
6.704987656446445e-05 -1.021365800730170e-05 -6.636213272950373e-07 -9.405655754214545e-07
6.469833079912588e-05 -1.273158959410426e-05 -6.879496957659984e-07 -8.432242664005393e-07
6.469838076815097e-05 -7.695638999270264e-06 -5.764346300213609e-07 -9.689130434302279e-07
6.234760239034944e-05 -1.021384854709914e-05 -6.388180109036310e-07 -9.185235266913171e-07
6.000066919815745e-05 -1.272637807392018e-05 -5.253514963751224e-07 -9.321423038565939e-07
6.000046025919321e-05 -7.701235540773295e-06 -4.343680782633913e-07 -8.787232287367928e-07
5.765534381320089e-05 -1.021405584962350e-05 -6.388272380058233e-07 -9.036130848532690e-07
5.531547954280378e-05 -1.271938570370755e-05 -4.393158787441973e-07 -8.852441239045370e-07
5.531508638072611e-05 -7.708828653686296e-06 -2.548287273242629e-07 -1.083774037776112e-06
5.297751022288937e-05 -1.021412680232067e-05 -5.122659289126775e-07 -9.094264236166687e-07
5.064557719884301e-05 -1.271152159837191e-05 -4.265557716437682e-07 -7.877982620477793e-07
5.064532598067954e-05 -7.717208796488721e-06 2.057220871339481e-08 -1.153872597171296e-06
4.831544765759699e-05 -1.021433610839336e-05 -2.578804818553165e-07 -9.071536093079644e-07
4.599050309028452e-05 -1.270416573978794e-05 -1.437246698002147e-07 -6.490070153602336e-07
4.599053854592470e-05 -7.725141742274335e-06 3.993039852264825e-07 -1.154694473404085e-06
4.366752145407483e-05 -1.021452099613021e-05 2.802481336994923e-07 -9.178762348842831e-07
4.134901170297513e-05 -1.269669168528952e-05 6.244174175292709e-07 -4.714069944198791e-07
4.134947671083511e-05 -7.732906013275000e-06 9.051652149412139e-07 -1.154092168439495e-06
3.903346821474369e-05 -1.021476183496343e-05 1.000527295897549e-06 -9.141889169953321e-07
3.672234901969877e-05 -1.268812498058219e-05 1.487881477012525e-06 -4.508501877406584e-07
3.672322517364640e-05 -7.741745004950576e-06 1.382779828610229e-06 -1.115311168168127e-06
3.441529534782539e-05 -1.021522179218301e-05 1.608349169199302e-06 -8.491089688779214e-07
3.211342885924490e-05 -1.267773510577261e-05 2.042870430557623e-06 -6.660067386843579e-07
3.211420192131210e-05 -7.752927089281674e-06 1.770803472615158e-06 -9.676486204816321e-07
2.990889038718027e-05 -1.021569586946139e-05 1.951186450318267e-06 -7.861060101471255e-07
2.771113961274114e-05 -1.266515312423694e-05 2.117775902388590e-06 -7.735186319388369e-07
2.771155447231920e-05 -7.767128901890327e-06 1.937488146032373e-06 -8.114569727056639e-07
2.606612749070936e-05 -1.040681179700682e-05 2.004290238511891e-06 -7.542727907860882e-07
2.439386179259255e-05 -1.265277269696248e-05 2.051784012410008e-06 -7.256303817857570e-07
2.439382623193440e-05 -7.780934924479528e-06 1.965170473901497e-06 -8.224354014276437e-07
2.199194172474593e-05 -1.264125277696658e-05 2.066945965907549e-06 -7.037763878009086e-07
2.245833155647892e-05 -1.104540639228238e-05 2.050491400825679e-06 -7.276858045176579e-07
2.199156952107067e-05 -7.790299302983497e-06 2.081725912456569e-06 -8.344161302044073e-07
2.025240124359816e-05 -7.800600374976957e-06 2.146806216982785e-06 -7.666662071707836e-07
-3.432243409354298e-06 3.107614427187804e-07 -5.798297711419985e-07 3.824550923354278e-07
-3.500383480678136e-06 4.743620625763970e-07 -5.964918606371256e-07 4.214845587546058e-07
-3.500103082318818e-06 1.084819542018810e-06 -5.928165898954540e-07 5.781701439060896e-07
-3.432257737688537e-06 1.246660877298326e-06 -5.742672981453502e-07 6.200032124798955e-07
2.025135638407583e-05 -1.263275209222484e-05 2.128751888914764e-06 -6.976878053389183e-07
1.867748344713130e-05 -1.253524660276672e-05 2.161456789451343e-06 -7.093169215091654e-07
1.989800148118363e-05 -9.613985862224770e-06 2.169974226056372e-06 -7.080407907527678e-07
1.867762293559316e-05 -7.674502652626370e-06 2.239850618139205e-06 -7.055653947763551e-07
-3.269293484503654e-06 2.432857417299028e-07 -5.399305099653180e-07 3.669836942191357e-07
-3.104689903973022e-06 9.130006290048187e-07 -4.909740561933039e-07 5.362573753094114e-07
-3.270320051960282e-06 1.314526273111166e-06 -5.316624670598080e-07 6.381178293388932e-07
1.817674361037543e-05 -1.104650885352133e-05 2.180937331370405e-06 -7.261412578077055e-07
1.712907308192782e-05 -1.225791599061181e-05 2.198878001673563e-06 -7.161888803461863e-07
1.562811873499787e-05 -1.181022757873762e-05 2.226793265252907e-06 -7.180618723588462e-07
1.770410700516730e-05 -8.993029864642977e-06 2.229005032293098e-06 -7.107193569129112e-07
1.715927075894716e-05 -7.282263889814317e-06 2.231874824953995e-06 -6.357889600011752e-07
-2.163746593316654e-06 2.276189599307580e-07 -2.640590454920077e-07 4.053154014084014e-07
-2.162121531778964e-06 1.336454181705109e-06 -2.488445214258333e-07 6.691983555056449e-07
-1.589496283163105e-06 7.833947948849081e-07 -9.933188286516611e-08 5.631414156880278e-07
1.419523192004465e-05 -1.119414399204264e-05 2.205561624910686e-06 -7.393837899054381e-07
1.542971571752942e-05 -1.025555345643035e-05 2.230946065418861e-06 -7.309729453450798e-07
1.594956499847455e-05 -8.293424571567602e-06 2.231331536048418e-06 -6.611538109643844e-07
1.574074428878748e-05 -6.638393253094579e-06 2.250309617533729e-06 -5.732456837049301e-07
-9.678325990771698e-07 1.267613517260949e-07 4.443490062523754e-08 4.511209620157308e-07
-9.673692718074285e-07 1.442095859117082e-06 5.675445951183233e-08 7.166327811496068e-07
-2.593218264472876e-07 7.854330821938360e-07 1.692546839557938e-07 6.186744173255590e-07
1.284515557939623e-05 -1.042392851919145e-05 2.167023457361366e-06 -7.734383611369554e-07
1.159926529822300e-05 -9.510589858723320e-06 1.991577865312137e-06 -7.391358733693883e-07
1.412605608671609e-05 -7.983230600755726e-06 2.202420405236835e-06 -6.549125174439103e-07
1.446418664044183e-05 -5.762455592954695e-06 2.182203959846671e-06 -4.406465041573196e-07
5.536251456400639e-07 -9.466631496502364e-08 3.154739380006905e-07 4.637225905222949e-07
5.542507240383962e-07 1.667597660677951e-06 3.431464142983622e-07 8.151651109650469e-07
1.191428328335477e-05 -8.087765067048202e-06 1.998083065266267e-06 -6.522006347411457e-07
1.047198463515115e-05 -8.463691843257349e-06 1.854816800671803e-06 -6.940887974017437e-07
1.244449432357604e-05 -6.468216140748049e-06 2.016217841661032e-06 -4.707484984587282e-07
1.336665587539351e-05 -4.687759386309380e-06 2.048180003487571e-06 -2.167715245469439e-07
1.450206825217665e-06 7.871669597979843e-07 4.861858068833617e-07 6.549412244837389e-07
2.515957878192761e-06 -4.154935869675603e-07 6.190175403624221e-07 5.020340827952970e-07
2.514902436822561e-06 1.993697126016837e-06 6.258456531904250e-07 8.258508608864884e-07
9.472188664260038e-06 -7.301473858324814e-06 1.730455561993178e-06 -6.369585107883469e-07
8.617690781648417e-06 -6.043739464091728e-06 1.528659123953500e-06 -4.231955335834469e-07
7.913107128657255e-06 -4.697883240776923e-06 1.369890850366052e-06 -1.787726751509360e-07
1.136079497540895e-05 -4.999085489725036e-06 1.912127656468196e-06 -2.390838447992093e-07
1.247916962568320e-05 -3.451086287817039e-06 2.006055127155224e-06 -3.513632946670705e-08
3.372832687708650e-06 7.852883164001242e-07 7.440676876856520e-07 6.957951758910713e-07
4.423849521610931e-06 -7.317662699183493e-07 9.517476888090205e-07 4.496747644612034e-07
4.423976080096676e-06 2.324411404493825e-06 9.047091409824465e-07 9.150929728400308e-07
9.341780852821738e-06 -4.703067703439361e-06 1.649165297025736e-06 -1.856232681804927e-07
7.366088378231042e-06 -3.282197569238569e-06 1.257006413609175e-06 8.522728003226447e-08
6.173539034114288e-06 -1.001477847797054e-06 1.184679249707529e-06 4.255419481358002e-07
6.694884453784410e-06 -1.266083426243303e-06 1.215841205724230e-06 3.954761651560278e-07
6.986376718517263e-06 -1.798663948477679e-06 1.224115294052974e-06 3.188496352320455e-07
1.059816787382858e-05 -3.267913571930541e-06 1.828448238616522e-06 1.408224322521051e-08
1.182570476134943e-05 -2.100242942912973e-06 1.990673938291389e-06 1.673393459834886e-07
5.369660359478767e-06 5.645027942651808e-07 1.086930606005225e-06 6.446421243828190e-07
6.142475422207003e-06 2.560666183098611e-06 1.188741084554911e-06 9.512968425183139e-07
8.351730907873962e-06 -2.272744121745721e-06 1.429513072694789e-06 2.339515345657895e-07
6.712016601857040e-06 -1.997967761258409e-07 1.238359799775768e-06 5.297574748836338e-07
7.329275208981183e-06 -1.079429395606934e-06 1.286380564856526e-06 4.210329789959747e-07
1.003610269289752e-05 -1.679461451031394e-06 1.724294331306868e-06 2.804082758786517e-07
1.143490493413842e-05 -6.843957072521931e-07 1.959125983457444e-06 4.468211832771316e-07
6.715611574445667e-06 1.529146738166011e-06 1.263918067506413e-06 7.960906191230658e-07
6.617451002335757e-06 2.822955768358082e-06 1.253218399006749e-06 9.831423815970624e-07
8.637323633447675e-06 1.302169021567073e-07 1.500355114068845e-06 5.951246590248514e-07
1.132091263974925e-05 7.595130588738299e-07 1.919685034253888e-06 7.084738318091849e-07
1.154461381426621e-05 2.217236144062166e-06 1.838927119761589e-06 9.063718388403777e-07
7.722621050376634e-06 2.461580377646374e-06 1.401752695220192e-06 9.377933337545561e-07
6.885560845025085e-06 3.400799879289004e-06 1.285644292265393e-06 1.033347835142503e-06
7.198480277120637e-06 5.026226081968512e-06 1.327714022089547e-06 1.173371088816136e-06
1.005374592301600e-05 2.380975780194859e-06 1.688717838639081e-06 9.548029151965909e-07
7.702880248048681e-06 6.661338698152994e-06 1.400664184556268e-06 1.304098587800647e-06
1.208507063967111e-05 3.708376020246692e-06 1.790955869666412e-06 1.041820765652822e-06
8.641738106793636e-06 5.064062976716813e-06 1.503122086758225e-06 1.168089229922451e-06
1.083393864783389e-05 5.189750346534500e-06 1.679133262220925e-06 1.154603410402777e-06
8.435941396424745e-06 8.247429470200521e-06 1.497302077595867e-06 1.421712728286504e-06
1.294086228335015e-05 5.192216338649415e-06 1.821329641742946e-06 1.151181939705183e-06
1.229321074243553e-05 6.709101629565992e-06 1.764562154937282e-06 1.269885984742603e-06
1.069616496961334e-05 7.682835369228217e-06 1.675512823908261e-06 1.361171228479975e-06
9.369946306998985e-06 9.817992008636996e-06 1.635308343646450e-06 1.507811629190001e-06
1.054882006536199e-05 1.132428705314172e-05 1.716394792725160e-06 1.526924817486611e-06
1.412739619014635e-05 6.593849925236420e-06 1.878785722287348e-06 1.244518501137813e-06
1.330873034243333e-05 8.475666555783253e-06 1.811582057918693e-06 1.372120987190723e-06
1.233309992536309e-05 1.073765087843695e-05 1.784333264201312e-06 1.501501348104500e-06
1.191393165707908e-05 1.274347221525155e-05 1.780378160437558e-06 1.597965611211493e-06
1.560357724919846e-05 7.859812134611696e-06 1.980761529536625e-06 1.305038265275909e-06
1.517038689659795e-05 1.073694675210546e-05 1.922235947667022e-06 1.491290960119971e-06
1.349553131665166e-05 1.400813999158575e-05 1.814199281520726e-06 1.691036084958863e-06
1.528737223941319e-05 1.512457287971273e-05 1.917820307515280e-06 1.828814269106732e-06
1.723473591372700e-05 1.607373871343384e-05 2.038295335475229e-06 1.952587940529344e-06
1.737908959815870e-05 1.136971776065951e-05 2.107170520992071e-06 1.530977433261886e-06
1.735593473682162e-05 8.934191522198801e-06 2.116322244504714e-06 1.346722118348316e-06
1.693312722707579e-05 1.385423764325305e-05 2.021382218798719e-06 1.744425738931621e-06
1.934515453859101e-05 1.678108704174778e-05 2.202202281294640e-06 2.051946362967093e-06
2.158238613023109e-05 1.726243680917865e-05 2.469580967093402e-06 2.141155589803338e-06
1.918697054451871e-05 1.191766552610246e-05 2.276748208669431e-06 1.565200933692168e-06
1.936306295310268e-05 9.719594329996131e-06 2.311241374498331e-06 1.386238429859562e-06
2.389134490052620e-05 1.747916270571447e-05 2.748795431513817e-06 2.183216385501409e-06
2.127999145500566e-05 1.401129093483610e-05 2.443420976276470e-06 1.747979488735102e-06
2.155652529504586e-05 1.017237731777296e-05 2.492817522758332e-06 1.385416959080837e-06
2.439394915080101e-05 1.437370307177062e-05 2.815055703099512e-06 1.801514476220556e-06
2.652305291718642e-05 1.757835273918699e-05 3.092379255235690e-06 2.206445334882210e-06
2.386381720543572e-05 1.028891633242467e-05 2.720469005349896e-06 1.361145995837080e-06
3.022785402882457e-05 1.767600077498405e-05 3.639287390054550e-06 2.275971150762485e-06
2.726274648853661e-05 1.258231838755452e-05 3.143809250356541e-06 1.600970436379397e-06
2.651838403402648e-05 1.018914418822592e-05 3.051793133069424e-06 1.312950479556079e-06
3.551420761290044e-05 1.782120490773434e-05 4.551270395768168e-06 2.407890114706478e-06
3.285726495941839e-05 1.357527158004783e-05 4.012681498890097e-06 1.659264660878990e-06
3.023130434020142e-05 1.006144577252470e-05 3.567796367945306e-06 1.182997444437839e-06
4.275457338413098e-05 1.796930523722545e-05 5.944601778268315e-06 2.527947083379934e-06
3.909281594061346e-05 1.387459354976397e-05 5.178657714112449e-06 1.689147310412395e-06
3.551609267275059e-05 9.920657431313231e-06 4.482547326677249e-06 9.424264047274196e-07
5.053368677574721e-05 1.808536299936515e-05 7.644730773172676e-06 2.513394307291814e-06
4.660872090370855e-05 1.387237004811081e-05 6.759118023608848e-06 1.632141084071010e-06
4.275546284039911e-05 9.776081189183453e-06 5.935227443102993e-06 7.701268552865713e-07
5.850161861327644e-05 1.817499987319608e-05 9.433015666833554e-06 2.624288322418800e-06
5.448976052961936e-05 1.387126730987125e-05 8.508864682536917e-06 1.599339655764502e-06
5.053408281579650e-05 9.658248147472527e-06 7.651388496055177e-06 6.916142870127942e-07
6.661559990861874e-05 1.824354577093072e-05 1.130977159730328e-05 2.697574755786284e-06
6.253729523679797e-05 1.387027644390008e-05 1.033371457053669e-05 1.606299028689686e-06
5.850184505012772e-05 9.566642221747597e-06 9.447895583602746e-06 6.167376803782693e-07
7.484126706977853e-05 1.829617978906556e-05 1.334464185670362e-05 2.687961439575505e-06
7.071203527001734e-05 1.386944784578042e-05 1.227639230985883e-05 1.607231080178225e-06
6.661571334753961e-05 9.496197470858133e-06 1.131586348296417e-05 5.440345330222516e-07
8.315252714667746e-05 1.833625693727696e-05 1.543034003737459e-05 2.730964865475615e-06
7.898433039665799e-05 1.386877659883706e-05 1.432310219601043e-05 1.628016766521782e-06
7.484125263561842e-05 9.442025846089860e-06 1.328515289012195e-05 5.597073496763751e-07
9.152906652917587e-05 1.836627124688876e-05 1.743981804411313e-05 2.773991881671698e-06
8.733132047968732e-05 1.386832822874100e-05 1.640425900486250e-05 1.656599865831716e-06
8.315249629131347e-05 9.400776600639854e-06 1.537108294241444e-05 5.468434298735973e-07
9.995329195565762e-05 1.838770416726660e-05 1.942102926310197e-05 2.715326949523256e-06
9.573449533926124e-05 1.386807110982139e-05 1.842702782064374e-05 1.658843304412077e-06
9.152901022653465e-05 9.370018127963074e-06 1.741238374442844e-05 5.430416998367971e-07
1.084092919217062e-04 1.840123921322465e-05 2.151337603534685e-05 2.796734274887085e-06
1.041771915338100e-04 1.386798292679095e-05 2.042756378303359e-05 1.662368285552439e-06
9.995330041639102e-05 9.348224957298540e-06 1.941082455775160e-05 6.061947041122227e-07
1.265666359878207e-04 1.791063705058258e-05 2.626579060634624e-05 2.785955679963851e-06
1.253624750781438e-04 1.840937546145730e-05 2.595305081186768e-05 2.917241624838960e-06
1.122031435538312e-04 1.386810592771740e-05 2.243279890787905e-05 1.690389300211945e-06
1.168830265634690e-04 1.840780317153784e-05 2.364817957511241e-05 2.912948468081245e-06
1.084091014819308e-04 9.334861245698030e-06 2.148609818697541e-05 5.566428455226296e-07
1.270654172989508e-04 1.670653434219545e-05 2.639565699106559e-05 2.470787558097425e-06
1.242156418625449e-04 1.386819144620730e-05 2.564876461237843e-05 1.733971054373168e-06
1.168828958642132e-04 9.328424789018459e-06 2.363114990367505e-05 5.018766035743546e-07
1.270652887206293e-04 1.102992348920094e-05 2.639308815934626e-05 1.000929588486537e-06
1.253623254352106e-04 9.327078243903522e-06 2.594570398265763e-05 5.479664851751288e-07
1.265664961711384e-04 9.825819785075823e-06 2.626232304105363e-05 6.820004549336936e-07
