-1.048706760417308e-04 1.475042145746022e-05 -3.781954125132393e-05 5.209503940149490e-06
-1.052825770186670e-04 1.375611352269520e-05 -3.797546242193194e-05 4.817405872135282e-06
-1.052827067947170e-04 9.068756388405364e-06 -3.789103178051270e-05 2.885461379953842e-06
-1.048708185556186e-04 8.074428780410142e-06 -3.772272185948385e-05 2.482733028846683e-06
-1.038762939403376e-04 1.516226415280702e-05 -3.743462326272656e-05 5.372907688875942e-06
-1.020111509040828e-04 1.141243451137285e-05 -3.658766803082613e-05 3.837907835153340e-06
-1.038764439778438e-04 7.662572758118730e-06 -3.731931682601645e-05 2.315269204262299e-06
-9.687448784200038e-05 1.516103267934090e-05 -3.451959434254933e-05 5.412063127622864e-06
-9.687452447645036e-05 7.663191655357032e-06 -3.439224154650728e-05 2.283361273407448e-06
-9.300976227536345e-05 1.141172065492747e-05 -3.287965419772191e-05 3.872539136376731e-06
-8.987665626601841e-05 1.515509461816995e-05 -3.159469518935121e-05 5.408298297492821e-06
-8.987634253220901e-05 7.667325069812185e-06 -3.153024346300746e-05 2.325052409740260e-06
-8.638086822492704e-05 1.141094195691809e-05 -3.020022634327841e-05 3.895783348466349e-06
-8.289257381416630e-05 1.514289097099420e-05 -2.877898917052737e-05 5.275368525753283e-06
-8.289163490498539e-05 7.677528117810139e-06 -2.880205507998373e-05 2.333859825414536e-06
-7.940741607820781e-05 1.140964750942190e-05 -2.752947018457572e-05 3.894155226636019e-06
-7.593518706360252e-05 1.512225115353028e-05 -2.622794343713112e-05 5.237756005833395e-06
-7.593396438438250e-05 7.695292965969035e-06 -2.607680616714032e-05 2.350300394715153e-06
-7.246873561182930e-05 1.140794954193428e-05 -2.487052239943302e-05 3.816606764542081e-06
-6.902187507910879e-05 1.509047122577442e-05 -2.365606492902479e-05 5.233557983510725e-06
-6.902042531112912e-05 7.723419689501517e-06 -2.347991111347818e-05 2.415194950937505e-06
-6.558427060856019e-05 1.140591069631894e-05 -2.217691772745558e-05 3.743855220614634e-06
-6.217462674476986e-05 1.504514066303655e-05 -2.089012488871192e-05 5.251153734546565e-06
-6.217304316267133e-05 7.764369220466150e-06 -2.089366202179389e-05 2.386207911641521e-06
-5.877901962159412e-05 1.140366371128044e-05 -1.940464347975947e-05 3.685338606519984e-06
-5.542153255735060e-05 1.498395831703163e-05 -1.804910998392333e-05 5.185267951741112e-06
-5.541968309632440e-05 7.820870771152066e-06 -1.819715762988274e-05 2.343260662445422e-06
-5.208332287905715e-05 1.140109036723115e-05 -1.671084555784878e-05 3.663346254594100e-06
-4.879388838579087e-05 1.490562070773039e-05 -1.534444237489328e-05 5.063918408925570e-06
-4.879201062593342e-05 7.894004058016851e-06 -1.545211617918593e-05 2.313939984733452e-06
-4.552920774065572e-05 1.139836315162660e-05 -1.419646847248076e-05 3.633854865621732e-06
-4.232354152696426e-05 1.481081299590946e-05 -1.290101814458704e-05 4.864529222263146e-06
-4.232182143290096e-05 7.983332859169585e-06 -1.297568744241097e-05 2.365419703656254e-06
-3.914740503912995e-05 1.139562706915690e-05 -1.184623220755609e-05 3.599918595974127e-06
-3.603888022624709e-05 1.470150013759282e-05 -1.064935742185095e-05 4.725713988040266e-06
-3.603699309583849e-05 8.087653006196087e-06 -1.072590816291580e-05 2.340144934126277e-06
-3.308633702568213e-05 1.139226409381763e-05 -9.671013229259664e-06 3.562205673821914e-06
-3.020569399799022e-05 1.458135669038402e-05 -8.651226059055097e-06 4.650565944856999e-06
-3.020348494172770e-05 8.206658669072650e-06 -8.655273028008142e-06 2.333316373712709e-06
-2.806400695222367e-05 1.163307778764874e-05 -7.858616423392212e-06 3.610951441924293e-06
-2.594497717065016e-05 1.447409528232571e-05 -7.041876313987672e-06 4.644814708714074e-06
-2.594095209595180e-05 8.312899741918551e-06 -7.061137893357939e-06 2.409522548522115e-06
-2.294313139474884e-05 1.438383742925369e-05 -5.957121589182273e-06 4.624673861982685e-06
-2.350190835490215e-05 1.242069442579157e-05 -6.160667961749423e-06 3.912389511330898e-06
-2.293810807356647e-05 8.378581605250902e-06 -5.930844371173162e-06 2.420217338224053e-06
-2.080956474847589e-05 8.447705504524959e-06 -5.172582976768108e-06 2.471993412286078e-06
3.147643710437630e-06 4.489024208939375e-07 3.667630910378829e-07 2.343447153392847e-07
3.211452645077308e-06 2.954003445048322e-07 3.696369519925000e-07 2.254643419211387e-07
3.211098992791227e-06 -2.763726737679340e-07 3.615467988812255e-07 2.011805282913275e-07
3.147620535670901e-06 -4.277245708277244e-07 3.583423543737321e-07 1.964489229519990e-07
-2.080345388513337e-05 1.432155912664094e-05 -5.175075469907457e-06 4.610331697311848e-06
-1.891510325533462e-05 1.415788404650267e-05 -4.500273886655511e-06 4.531846728846372e-06
-2.035603812119731e-05 1.065439583417449e-05 -5.007470727328945e-06 3.284755703996102e-06
-1.889561146040400e-05 8.354113733148132e-06 -4.488329431622227e-06 2.460361783823034e-06
2.994816569242988e-06 5.123931486139665e-07 3.592066605840705e-07 2.382072086738078e-07
2.840718811023621e-06 -1.146262272400632e-07 3.517275460921757e-07 2.021694101238763e-07
2.996141431823411e-06 -4.908682501033025e-07 3.537255048207444e-07 1.922678964857668e-07
-1.830020947814795e-05 1.235899602696726e-05 -4.280541753493522e-06 3.873234586610386e-06
-1.708304516624989e-05 1.377129797081576e-05 -3.847836337973618e-06 4.376343154098642e-06
-1.534543105658475e-05 1.320516533852624e-05 -3.286444115971414e-06 4.160138103692671e-06
-1.773368954868892e-05 9.928886207939393e-06 -4.091017720604915e-06 3.018786112708532e-06
-1.709827086336083e-05 7.958716858859490e-06 -3.890055215850536e-06 2.388527766468744e-06
1.958768457532959e-06 5.291369917069913e-07 2.931207838315855e-07 2.573404216586923e-07
1.958210407378626e-06 -5.082084304818645e-07 2.974196256940761e-07 1.596707271034054e-07
1.421657549422371e-06 1.080092548881136e-08 2.152733853019384e-07 2.271703209204937e-07
-1.372578736425231e-05 1.244122781821619e-05 -2.807520525736014e-06 3.867191942823318e-06
-1.510226509011489e-05 1.138346732857070e-05 -3.216007667394372e-06 3.523798732484116e-06
-1.569731980574764e-05 9.133162052521222e-06 -3.419326865568332e-06 2.797854709277111e-06
-1.545092005027197e-05 7.288104575108939e-06 -3.336957873212271e-06 2.246036758917706e-06
8.404995675619286e-07 6.239483047663875e-07 1.151064818548937e-07 3.340524940778210e-07
8.410426214903246e-07 -6.008209996794961e-07 1.229297256370556e-07 1.639668341806073e-07
1.815563714491339e-07 1.247043699448368e-08 5.836323720516586e-08 2.685340965260785e-07
-1.222490102411316e-05 1.152758226503954e-05 -2.378473336556756e-06 3.549032231425951e-06
-1.088099955150561e-05 1.047879897754454e-05 -1.981723378326041e-06 3.227787935606546e-06
-1.363377506911918e-05 8.789427009035443e-06 -2.805885548173259e-06 2.720353440195672e-06
-1.399527189294637e-05 6.363523774391907e-06 -2.894710032527014e-06 2.008906452740248e-06
-5.729035950069797e-07 8.281349214364769e-07 -8.936242553987940e-09 3.753519562471432e-07
-5.722803191973250e-07 -8.009463845308863e-07 -1.265862104983503e-08 1.995469693188676e-07
-1.122312989257986e-05 8.893403565948615e-06 -2.083169387931465e-06 2.761447912281654e-06
-9.701404143194709e-06 9.294929904660619e-06 -1.665018397366567e-06 2.882333228426750e-06
-1.178736369449258e-05 7.139209158896080e-06 -2.248999174953344e-06 2.255266698759391e-06
-1.276464947099042e-05 5.250885998522086e-06 -2.520276112848402e-06 1.731623734694662e-06
-1.400345571738366e-06 1.496505275842188e-08 -9.176286573453540e-08 3.020440003997734e-07
-2.381620850942886e-06 1.121400039839855e-06 -2.196842601028910e-07 4.899133095999655e-07
-2.379100083073530e-06 -1.091026855496227e-06 -1.875750176778778e-07 1.807136322697903e-07
-8.670879013167523e-06 8.016037497912952e-06 -1.396888838275178e-06 2.534607234840696e-06
-7.833197086900496e-06 6.685833882028555e-06 -1.174392085788560e-06 2.143503555831942e-06
-7.178904425038340e-06 5.285224906681282e-06 -1.009335278936045e-06 1.735689506902288e-06
-1.064319588671055e-05 5.584414955022759e-06 -1.930251015792638e-06 1.821192984746124e-06
-1.178219647752288e-05 4.004318596464571e-06 -2.212714837126274e-06 1.384419439213170e-06
-3.168255490853495e-06 2.069540197270171e-08 -3.068230032146361e-07 3.536799045692854e-07
-4.130781011382706e-06 1.408421017601519e-06 -4.795242180259534e-07 6.200805695375448e-07
-4.130432950905368e-06 -1.386270481091932e-06 -4.519612948413599e-07 1.245949564563065e-07
-8.586159611203410e-06 5.279450875674729e-06 -1.394676616088095e-06 1.728924390486604e-06
-6.687108535266681e-06 3.854658653366318e-06 -8.987486895673764e-07 1.334032695916374e-06
-5.706486482944671e-06 1.649863910731312e-06 -7.386908990531851e-07 7.249363825140253e-07
-6.160062074937775e-06 1.895298210651692e-06 -8.309552749621648e-07 7.998312016940761e-07
-6.396697651791986e-06 2.400338053287060e-06 -8.705235839085947e-07 9.376396679105549e-07
-9.849500062112255e-06 3.822877697815454e-06 -1.713980036293649e-06 1.328699042595050e-06
-1.105052432805398e-05 2.680948580408281e-06 -1.985484229011066e-06 1.071238626088799e-06
-4.994432435072153e-06 2.264963731022733e-07 -6.082910993958287e-07 4.324702677540757e-07
-5.725679518453577e-06 -1.599382269380662e-06 -7.743031559307073e-07 7.565644723626238e-08
-7.663398251683777e-06 2.845902666866144e-06 -1.176527720248716e-06 1.051416102976449e-06
-6.197975046839345e-06 9.139658497951205e-07 -8.477085296763786e-07 5.787326595469904e-07
-6.735281037713588e-06 1.720301945555307e-06 -9.626784916162547e-07 7.677640767364048e-07
-9.286753765283197e-06 2.271768341755298e-06 -1.542276526222667e-06 9.409071539765088e-07
-1.059034743713574e-05 1.338618397739365e-06 -1.812950052596276e-06 7.272605619543322e-07
-6.241452007427533e-06 -6.639111496572870e-07 -8.797890378055434e-07 2.612223486469435e-07
-6.184989858048501e-06 -1.833945014620002e-06 -9.033492940883798e-07 3.142669739269085e-08
-7.963671455261851e-06 5.753972332801858e-07 -1.231242160336867e-06 5.205016653979981e-07
-1.042611163751944e-05 3.619201228539162e-09 -1.729200280738567e-06 4.124273444836447e-07
-1.053722692174263e-05 -1.301516929694329e-06 -1.646034067819489e-06 1.345070275743723e-07
-7.180160070107416e-06 -1.520183603879668e-06 -1.108280887030249e-06 7.985656817210904e-08
-6.453715436113637e-06 -2.335103658831361e-06 -9.851541575122158e-07 -3.406804485399823e-08
-6.786621672536100e-06 -3.713819079268096e-06 -1.085296293257014e-06 -1.823297226980386e-07
-9.235886464490687e-06 -1.472248410509572e-06 -1.453711492706400e-06 7.054841714555936e-08
-7.278559287374182e-06 -5.043917979610049e-06 -1.197048665901489e-06 -3.016853299534598e-07
-1.092334821407953e-05 -2.615456949745531e-06 -1.574625918784623e-06 -9.130725922155023e-08
-8.033239145065911e-06 -3.763908522116465e-06 -1.271259529534189e-06 -2.017410658577406e-07
-9.864443224699690e-06 -3.868129653025426e-06 -1.445968179299151e-06 -2.250095284567522e-07
-7.926170144411454e-06 -6.310840737287953e-06 -1.297374878983461e-06 -3.969145455668207e-07
-1.155396448662253e-05 -3.870501292510235e-06 -1.532279956331463e-06 -2.338416627033020e-07
-1.101651192530176e-05 -5.103793766540409e-06 -1.472427259757072e-06 -3.323013403243494e-07
-9.758296923492917e-06 -5.873891623538887e-06 -1.423436761435884e-06 -3.807567697667666e-07
-8.718938910274761e-06 -7.513719456966288e-06 -1.396064524337993e-06 -4.300851118780769e-07
-9.661339044522552e-06 -8.631681277498285e-06 -1.428649092094531e-06 -4.082583828630696e-07
-1.241683845774773e-05 -5.026314963555706e-06 -1.496098645380004e-06 -3.283233512323607e-07
-1.178608690858118e-05 -6.484514500837401e-06 -1.458458511865655e-06 -3.827665964870206e-07
-1.104540099608172e-05 -8.187255368686133e-06 -1.446422545513058e-06 -4.038886873955575e-07
-1.073012861104040e-05 -9.648868466052419e-06 -1.450825808667280e-06 -4.029718826388313e-07
-1.348209916725952e-05 -6.039150311286099e-06 -1.482252478029413e-06 -3.702117318081846e-07
-1.315732387950470e-05 -8.176465308252035e-06 -1.456791339845313e-06 -3.886195563205940e-07
-1.192346017648648e-05 -1.054043182963420e-05 -1.461094338101179e-06 -4.006520123388210e-07
-1.322850812491428e-05 -1.130000711989482e-05 -1.441153476253487e-06 -3.918158619549451e-07
-1.462052064130495e-05 -1.191621915707746e-05 -1.422060314572607e-06 -4.104521406546760e-07
-1.473583682745003e-05 -8.634443375016379e-06 -1.437978796277917e-06 -3.772518879757703e-07
-1.472530086353300e-05 -6.872927594415478e-06 -1.460302323829622e-06 -3.756541847499365e-07
-1.442284381804787e-05 -1.038900877522421e-05 -1.423755168786994e-06 -3.951467069193035e-07
-1.608936379195992e-05 -1.236689366761446e-05 -1.393193507152047e-06 -4.479399939737903e-07
-1.761378746737925e-05 -1.265200072368869e-05 -1.430435883561527e-06 -4.981511557635565e-07
-1.599796128564797e-05 -9.027777598939866e-06 -1.412411869995287e-06 -3.791627831519120e-07
-1.611603898462195e-05 -7.486237533541397e-06 -1.420528541301722e-06 -3.624141242356943e-07
-1.916784765031137e-05 -1.276048282142351e-05 -1.495298331100020e-06 -5.288068684450565e-07
-1.743191118016582e-05 -1.046416506379061e-05 -1.412071766965559e-06 -4.230671414993894e-07
-1.761021707937409e-05 -7.855559582541849e-06 -1.431870980569336e-06 -3.371936202752612e-07
-1.950983756341755e-05 -1.069950882397079e-05 -1.499499731003416e-06 -4.379613795911153e-07
-2.089880723170312e-05 -1.278393357816420e-05 -1.526707522072567e-06 -5.695699058982374e-07
-1.916129492710709e-05 -7.971666877143704e-06 -1.492891837221503e-06 -3.140972923247800e-07
-2.329955937761600e-05 -1.280751934240039e-05 -1.702369323975477e-06 -6.244323907732073e-07
-2.139519482046814e-05 -9.522710475944052e-06 -1.542869502245016e-06 -3.625524285153650e-07
-2.089739123186449e-05 -7.948447788077328e-06 -1.536038889371080e-06 -2.802807542460037e-07
-2.664631566521785e-05 -1.284375476010616e-05 -2.057729384606737e-06 -6.389710427110825e-07
-2.497990931787940e-05 -1.017255383640837e-05 -1.868540454220848e-06 -3.830417061245745e-07
-2.330015556531039e-05 -7.917981036107077e-06 -1.711565686925393e-06 -2.030601710411514e-07
-3.113116998370625e-05 -1.288218220703681e-05 -2.502326911134263e-06 -5.860340646465624e-07
-2.887769627499372e-05 -1.036433552187532e-05 -2.260810682304189e-06 -3.975083163256916e-07
-2.664641004015211e-05 -7.882933376648108e-06 -2.013081183298541e-06 -1.675374561044398e-07
-3.586750895903016e-05 -1.291297696096432e-05 -2.862455718603356e-06 -4.889112805647478e-07
-3.348981770800836e-05 -1.036365109312223e-05 -2.687670037178955e-06 -3.716876969784117e-07
-3.113132305644367e-05 -7.845376727096426e-06 -2.441812662078888e-06 -1.484813440328714e-07
-4.065488194250668e-05 -1.293650513188429e-05 -3.123386343504273e-06 -3.929247658208182e-07
-3.825377661899124e-05 -1.036304579743303e-05 -3.002905863794753e-06 -3.089341197033571e-07
-3.586766086981697e-05 -7.813652136736720e-06 -2.828952285322315e-06 -1.755247674630566e-07
-4.548121115123146e-05 -1.295355172605809e-05 -3.246154206351614e-06 -3.213005934832659e-07
-4.306261088611162e-05 -1.036232268401708e-05 -3.186251935591657e-06 -2.845071834566186e-07
-4.065509858005931e-05 -7.788823115897597e-06 -3.082579936214899e-06 -1.958503170194187e-07
-5.033480803235877e-05 -1.296429986753302e-05 -3.247290793935632e-06 -1.089187257060498e-07
-4.790446059582946e-05 -1.036161686211788e-05 -3.274291464464454e-06 -2.548797631174247e-07
-4.548130905055185e-05 -7.770450769305424e-06 -3.199886159904038e-06 -2.170522742174699e-07
-5.520384052400898e-05 -1.296915027320071e-05 -2.964649078412510e-06 6.671461448449755e-08
-5.276771785038363e-05 -1.036074500607832e-05 -3.127741042921336e-06 -2.027419248187907e-07
-5.033487079744879e-05 -7.758093075558217e-06 -3.171166293158675e-06 -3.138266385266921e-07
-6.007792102680232e-05 -1.296961486306745e-05 -2.339507614275487e-06 2.473535130940644e-07
-5.764075429607799e-05 -1.035980431629408e-05 -2.659850542010785e-06 -1.775473653831947e-07
-5.520392866110158e-05 -7.751447234661241e-06 -2.826171582783395e-06 -4.213001850499938e-07
-6.495156897337156e-05 -1.296870349641900e-05 -1.384290989078384e-06 4.105016856302587e-07
-6.251505260383553e-05 -1.035890690488044e-05 -1.883121078133739e-06 -1.612457441004642e-07
-6.007808269624571e-05 -7.749013468495225e-06 -2.226905508025859e-06 -5.550536995156843e-07
-6.982503241863511e-05 -1.296835227566122e-05 -3.986044697897118e-07 4.250158642400855e-07
-6.738829395700662e-05 -1.035805945678272e-05 -8.811554778992181e-07 -1.105305901302511e-07
-6.495184652438764e-05 -7.748201820586543e-06 -1.369084277352318e-06 -6.691008812038068e-07
-8.026816731507366e-05 -1.268182216391428e-05 1.911686549015130e-06 3.372710103991590e-07
-7.957562244201068e-05 -1.296867315440498e-05 1.768352019609253e-06 3.972988340902488e-07
-7.200831630193974e-05 -1.035751256158320e-05 1.266210181806731e-07 -1.520106178304689e-07
-7.469955570715907e-05 -1.296854135508856e-05 7.255003513142090e-07 4.276556854765368e-07
-6.982509045030597e-05 -7.747169511779744e-06 -3.144059468172836e-07 -7.189511586616436e-07
-8.055502769578920e-05 -1.198929116513725e-05 1.972564923020842e-06 1.942869579086618e-07
-7.891621863997195e-05 -1.035696653318267e-05 1.660571700065521e-06 -1.328629705197928e-07
-7.469961469881379e-05 -7.745899840836058e-06 7.641003059251234e-07 -6.978334653565521e-07
-8.055493886023158e-05 -8.724673043346649e-06 2.027102949526511e-06 -4.880849519062753e-07
-7.957556551841238e-05 -7.745357006082689e-06 1.826124702467245e-06 -6.977556416927036e-07
-8.026808341564779e-05 -8.032186676091884e-06 1.969571443569372e-06 -6.360531108980275e-07
