5.563160587964888e-05 -6.480281066510990e-06 -2.231430924721792e-05 4.179922728761556e-06
5.586931879924227e-05 -5.906465140467708e-06 -2.238296384270093e-05 4.002884225713631e-06
5.586904763677943e-05 -3.201186570896845e-06 -2.235391599226534e-05 3.221105595033129e-06
5.563130437602741e-05 -2.627371431681460e-06 -2.228103824596971e-05 3.044241457547472e-06
5.505772313966428e-05 -6.717946487981764e-06 -2.214557460153762e-05 4.255072447131448e-06
5.398085427701737e-05 -4.553768839674560e-06 -2.182920852276718e-05 3.612426441139298e-06
5.505738920172517e-05 -2.389707029416390e-06 -2.210720435818321e-05 2.969702044269286e-06
5.101636337078598e-05 -6.716582305445892e-06 -2.096012241637998e-05 4.300981577080372e-06
5.101598387749805e-05 -2.391055590572239e-06 -2.087937931607626e-05 2.954067422107263e-06
4.878625632485007e-05 -4.553945604074330e-06 -2.023175707641955e-05 3.666627922157881e-06
4.698002321315614e-05 -6.710676672065684e-06 -1.973943748684167e-05 4.351946099681943e-06
4.697983088605608e-05 -2.397628376536155e-06 -1.962333081076744e-05 2.954985998245776e-06
4.496641258308170e-05 -4.554132422618302e-06 -1.901148906736561e-05 3.662813562492762e-06
4.296064598004727e-05 -6.697416374913745e-06 -1.843416661381956e-05 4.370778869097308e-06
4.296090873447204e-05 -2.411145294776339e-06 -1.836625666711238e-05 2.866245338165538e-06
4.096071749475477e-05 -4.554324648668454e-06 -1.759707025632210e-05 3.654923166394013e-06
3.897389484893765e-05 -6.675402510212758e-06 -1.707635418127793e-05 4.301250216287890e-06
3.897409786437459e-05 -2.433378606136452e-06 -1.700772043123414e-05 2.877912137472311e-06
3.699615495484022e-05 -4.554361467915500e-06 -1.620602845468720e-05 3.635035547189403e-06
3.503693759253872e-05 -6.644479586579869e-06 -1.588278727596123e-05 4.191228682673033e-06
3.503707034569708e-05 -2.464247914052226e-06 -1.561412819004582e-05 2.962126852409910e-06
3.308946493955673e-05 -4.554185352928957e-06 -1.503286976810400e-05 3.618119811211376e-06
3.116547582548598e-05 -6.605617226177104e-06 -1.486248794166183e-05 4.146941388023575e-06
3.116562984231370e-05 -2.502473165795344e-06 -1.435372297360604e-05 3.071619334308409e-06
2.925509119490368e-05 -4.553715158668496e-06 -1.404252603058937e-05 3.590421143151631e-06
2.737269508649565e-05 -6.559440451237648e-06 -1.388393018749755e-05 4.179171708933786e-06
2.737294431860957e-05 -2.547459764444531e-06 -1.338358035835418e-05 3.202304517749135e-06
2.550545009874763e-05 -4.553025857608084e-06 -1.315861150769313e-05 3.587746348236873e-06
2.367108180125950e-05 -6.505378757363674e-06 -1.279159212661113e-05 4.284624540111594e-06
2.367142268613952e-05 -2.599982215856762e-06 -1.252097041154413e-05 3.139026010721905e-06
2.185424283123307e-05 -4.552208626344076e-06 -1.210129293005445e-05 3.633640430178922e-06
2.007606616385538e-05 -6.441646173009150e-06 -1.155507108844778e-05 4.337139429322212e-06
2.007657613870868e-05 -2.662062147279703e-06 -1.152822172674877e-05 3.054552714479352e-06
1.831886461547511e-05 -4.551332983066723e-06 -1.089628115889233e-05 3.632345496036571e-06
1.660760815457279e-05 -6.364812617639034e-06 -1.024115899798828e-05 4.338704130844571e-06
1.660800946641743e-05 -2.737601883408999e-06 -1.034319055557420e-05 2.947777862042111e-06
1.498885484623336e-05 -4.550026559318909e-06 -9.663031178963064e-06 3.657824507365765e-06
1.342316469695718e-05 -6.273724282116556e-06 -9.041723614725125e-06 4.261089413169205e-06
1.342288809759237e-05 -2.830673106970712e-06 -9.125743752214958e-06 2.952190833923683e-06
1.226444207255392e-05 -4.679046990351282e-06 -8.601150717801872e-06 3.712664008932136e-06
1.113602414384037e-05 -6.186609072752184e-06 -8.175759208723555e-06 4.179963005425381e-06
1.113352970658388e-05 -2.919647217759818e-06 -8.203912886443836e-06 3.011205188772451e-06
9.555383183257369e-06 -6.108856233962779e-06 -7.644812265040309e-06 4.156591438445554e-06
9.839467764228246e-06 -5.090532327732616e-06 -7.744249141619352e-06 3.832097213100757e-06
9.551080664711395e-06 -2.977643156092946e-06 -7.659041058235754e-06 3.022878455969391e-06
8.448900204380981e-06 -3.040478866707775e-06 -7.258018563519622e-06 3.050938540874137e-06
-9.995087572759636e-07 -1.748896945882419e-08 1.251348731502397e-06 2.509096694708087e-07
-1.019897728348538e-06 3.151659874166151e-08 1.283744145703305e-06 1.738944970081664e-07
-1.019807702141242e-06 2.142407281639561e-07 1.271714726018375e-06 -1.180559322390800e-07
-9.995171245516556e-07 2.626587618514128e-07 1.236918416629354e-06 -1.925270166719058e-07
8.443560111222133e-06 -6.053399264483246e-06 -7.276793467469000e-06 4.169389338715541e-06
7.484420966488921e-06 -5.948016629311364e-06 -6.926457735044041e-06 4.183606982211451e-06
8.204555895000899e-06 -4.173696238000414e-06 -7.177129175090427e-06 3.519598190665103e-06
7.463938961957300e-06 -3.023334503287933e-06 -6.883032727943810e-06 3.030828973957003e-06
-9.507087003000508e-07 -3.773148743268776e-08 1.172692559903467e-06 2.820681509124407e-07
-9.014137349015367e-07 1.626913108888866e-07 1.083986572365787e-06 -3.912607373542430e-08
-9.510747586575397e-07 2.829227119970203e-07 1.158791548792330e-06 -2.224721435383657e-07
7.165026799502563e-06 -5.030267254117545e-06 -6.824363304714901e-06 3.852427002505871e-06
6.567951731786733e-06 -5.724722348461864e-06 -6.568465138855448e-06 4.177688608430286e-06
5.718842124802741e-06 -5.422101609958390e-06 -6.203624433832679e-06 4.097687078545123e-06
6.876503059469566e-06 -3.817781014451855e-06 -6.703838753048286e-06 3.339745734337048e-06
6.562551124144681e-06 -2.864627578033049e-06 -6.614987847342608e-06 2.938099452883388e-06
-6.194186571204805e-07 -4.277744025438023e-08 6.733995649651797e-07 2.596986840035754e-07
-6.190569024470001e-07 2.890452505684548e-07 6.739768579508454e-07 -2.292675458217637e-07
-4.474022765487143e-07 1.232435528868943e-07 4.501364232478179e-07 4.839531015797413e-09
4.951573194029006e-06 -5.020533416201312e-06 -5.820300984617383e-06 3.963164252389549e-06
5.591971586989840e-06 -4.522076315949277e-06 -6.179002848125409e-06 3.689914518368356e-06
5.877828638066118e-06 -3.439013838302500e-06 -6.344080075620437e-06 3.184068439974998e-06
5.753683176175154e-06 -2.583332949509381e-06 -6.316470973057099e-06 2.705454609657105e-06
-2.613579268155913e-07 -7.298860454588493e-08 1.788122991863996e-07 3.188497112303862e-07
-2.614388756538993e-07 3.193210008183089e-07 1.559112761383878e-07 -3.475092595096755e-07
-5.006097195707018e-08 1.229980276039058e-07 -1.856098986894574e-07 -3.425567573910386e-08
4.255679759145884e-06 -4.561975690739208e-06 -5.434535502103146e-06 3.751291681760841e-06
3.659557608111237e-06 -4.056012230848025e-06 -5.045079610645099e-06 3.501318761002892e-06
4.897797091790297e-06 -3.280945615769086e-06 -5.854112641486764e-06 3.082746820037894e-06
5.054755415247932e-06 -2.188513205620785e-06 -5.980349152586053e-06 2.372807575651358e-06
1.918109560620455e-07 -1.382772099304953e-07 -5.548146482744764e-07 3.291278703113377e-07
1.916259081831599e-07 3.837171316442876e-07 -5.517659831146111e-07 -4.411697668524002e-07
3.812230089603204e-06 -3.321111170790619e-06 -5.148150060208390e-06 3.093374852667992e-06
3.161234364220318e-06 -3.496147051243205e-06 -4.656447471558422e-06 3.210480689519650e-06
4.056304757737105e-06 -2.541273569904503e-06 -5.341569811761945e-06 2.583463240625771e-06
4.476715089596264e-06 -1.729139736393021e-06 -5.671140594054825e-06 1.963257563502188e-06
4.571224508064179e-07 1.223049867070074e-07 -9.619614531113995e-07 -8.164365948519555e-08
7.716875860527223e-07 -2.317787894412377e-07 -1.430440786920407e-06 3.955120329418351e-07
7.706984111454014e-07 4.764467973030882e-07 -1.461157427742324e-06 -6.439202695636495e-07
2.736747043805996e-06 -2.913949110801024e-06 -4.296381358325573e-06 2.864500929555805e-06
2.422780188630530e-06 -2.344933185457262e-06 -3.949980988615793e-06 2.395330916411244e-06
2.204433872187515e-06 -1.761631142054216e-06 -3.674561428094271e-06 1.890846260275949e-06
3.565495007346309e-06 -1.875496143929684e-06 -4.968579139904057e-06 2.048439169901561e-06
4.023481728890819e-06 -1.239171967089160e-06 -5.384612848575748e-06 1.451564821907085e-06
1.023656981627155e-06 1.201493542167744e-07 -1.825769724017118e-06 -1.372524494901814e-07
1.331339509976744e-06 -3.224810786850106e-07 -2.251740685209805e-06 4.699550507766223e-07
1.331805930605592e-06 5.705896365669793e-07 -2.279644003255130e-06 -8.101711876204915e-07
2.736128138027200e-06 -1.751215051047122e-06 -4.215722320942191e-06 1.900769058502547e-06
2.052342472081856e-06 -1.196675644288702e-06 -3.465111240367414e-06 1.354704899435971e-06
1.818554278541758e-06 -3.969226037122666e-07 -2.992531315208204e-06 5.515162623219134e-07
1.947529004686667e-06 -4.785857911583214e-07 -3.214220757583156e-06 6.352417736995682e-07
2.001619339436453e-06 -6.543956910950917e-07 -3.330942032127681e-06 8.204452881327903e-07
3.232661342611933e-06 -1.170701692202967e-06 -4.687695377128296e-06 1.363438620983551e-06
3.680528728272405e-06 -7.466955634300286e-07 -5.154953120080864e-06 9.158755630328923e-07
1.606655676149468e-06 5.343582660554331e-08 -2.657341168132423e-06 -7.478745759377605e-08
1.859300302793278e-06 6.400934605241246e-07 -2.995148584367326e-06 -9.342066784302333e-07
2.424440045482705e-06 -8.063819205289104e-07 -3.832482373834315e-06 9.815382093590001e-07
1.975887010723046e-06 -1.585326176848843e-07 -3.222358852878437e-06 2.143225389524814e-07
2.129519570625124e-06 -4.191393131274455e-07 -3.458555627097807e-06 5.469925833683307e-07
3.012449262784918e-06 -5.974015547098725e-07 -4.465049188523194e-06 7.418050312843262e-07
3.451488571294879e-06 -2.806628635309667e-07 -4.997240084414113e-06 3.357106738423601e-07
2.018822363753749e-06 3.461367052104568e-07 -3.223526437476658e-06 -5.077072626935451e-07
2.024164213270661e-06 7.124692877432261e-07 -3.189941742771009e-06 -1.048209948120313e-06
2.550341627037252e-06 -2.224494790751200e-08 -3.936673402363726e-06 4.143270329083183e-08
3.352541406110277e-06 1.581388104394728e-07 -4.960458737013238e-06 -2.424845925430218e-07
3.320189290136974e-06 5.564806366494805e-07 -5.064308690456596e-06 -8.207705629096542e-07
2.333774663240451e-06 6.239291777597444e-07 -3.607996454189864e-06 -9.114216970666459e-07
2.127019450740942e-06 8.551367857107995e-07 -3.298164784625983e-06 -1.277898491741359e-06
2.265396566798380e-06 1.223734108055688e-06 -3.440054990190485e-06 -1.890294266327472e-06
2.943976712479339e-06 6.264839841530474e-07 -4.493470285079378e-06 -8.837390549325944e-07
2.443173083254709e-06 1.538149779850521e-06 -3.653193313835552e-06 -2.468714170882615e-06
3.368501283636159e-06 9.429544902475329e-07 -5.282062498545315e-06 -1.376842419007905e-06
2.615578415866851e-06 1.250078694859031e-06 -3.976390757543226e-06 -1.910815598607730e-06
3.085572435916569e-06 1.274672038238964e-06 -4.802708762284376e-06 -1.945858524016464e-06
2.633227086422907e-06 1.819558364284318e-06 -3.933771588540576e-06 -3.026254241124201e-06
3.467243677464653e-06 1.274113697415404e-06 -5.580432930130051e-06 -1.943481336263362e-06
3.331276919488240e-06 1.564730924691473e-06 -5.320803228971174e-06 -2.523086991478702e-06
3.062273465713818e-06 1.731769434944555e-06 -4.743266032199419e-06 -2.857022015252411e-06
2.843881090228096e-06 2.049699418318970e-06 -4.285157938580669e-06 -3.577815230547854e-06
3.053456602265100e-06 2.236711017308619e-06 -4.718630756155758e-06 -4.096941431305100e-06
3.596168322670102e-06 1.556858722402738e-06 -5.947733236787977e-06 -2.502602887786804e-06
3.471250317249715e-06 1.849173294375775e-06 -5.652610001560065e-06 -3.177377624541517e-06
3.332208707947288e-06 2.154384676470503e-06 -5.335730708376408e-06 -3.915462273264778e-06
3.275348502346435e-06 2.380707093824654e-06 -5.209353288443190e-06 -4.525838413511913e-06
3.751351245201503e-06 1.781631445557798e-06 -6.395381319381418e-06 -2.989565843649453e-06
3.692795537847648e-06 2.143157682155597e-06 -6.253665219394220e-06 -3.924121634767739e-06
3.490357711624184e-06 2.495545033880572e-06 -5.757499804553317e-06 -4.886467951966268e-06
3.691908776234413e-06 2.572575350661415e-06 -6.310414924874225e-06 -5.170799493641124e-06
3.888121287840836e-06 2.612670700638953e-06 -6.882275434143226e-06 -5.386780777672471e-06
3.913988192764961e-06 2.210571867721267e-06 -6.929058428406572e-06 -4.092874470523949e-06
3.917807226855424e-06 1.947631130020974e-06 -6.936386813113433e-06 -3.368029803040427e-06
3.873648960448328e-06 2.441593949828926e-06 -6.804246224283102e-06 -4.799457688513437e-06
4.065684224891006e-06 2.635052829541362e-06 -7.465063616956301e-06 -5.537224851675681e-06
4.225498757475567e-06 2.631433674060026e-06 -8.037538126265859e-06 -5.609186340016851e-06
4.068941362068401e-06 2.266194713132948e-06 -7.414979966433294e-06 -4.236835897167073e-06
4.080244164620425e-06 2.071239885992991e-06 -7.464397540165451e-06 -3.627766590127888e-06
4.373951395438562e-06 2.612087635040426e-06 -8.616605862063461e-06 -5.617655407668657e-06
4.225045735215296e-06 2.423461978424801e-06 -7.975902356319522e-06 -4.802448641016978e-06
4.236407450451117e-06 2.155370182003716e-06 -8.020136824161357e-06 -3.787901646937627e-06
4.409862739230758e-06 2.438176116982893e-06 -8.729665749108278e-06 -4.869722694894923e-06
4.508273697237292e-06 2.579616522092038e-06 -9.198825287178654e-06 -5.608570105072807e-06
4.383288310455471e-06 2.194656328071074e-06 -8.602097944348371e-06 -3.853731453778128e-06
4.666080716157472e-06 2.546942524611589e-06 -9.976152108050462e-06 -5.640039962204851e-06
4.555596920290054e-06 2.347451369416750e-06 -9.338730634335051e-06 -4.426036666285831e-06
4.510510229485631e-06 2.225723289369044e-06 -9.177172050809670e-06 -3.835628288188784e-06
4.819032900945957e-06 2.497408954456045e-06 -1.117378225749151e-05 -5.707720783283677e-06
4.757512468042276e-06 2.393448375354249e-06 -1.059855584463667e-05 -4.656596585168341e-06
4.665743989313746e-06 2.265908643698125e-06 -1.003369538956143e-05 -3.771238346236201e-06
4.931803436630946e-06 2.443542845464572e-06 -1.318227671153955e-05 -5.941888258010288e-06
4.890570846540342e-06 2.401865593202730e-06 -1.212640384708693e-05 -4.696589009147097e-06
4.819492577836406e-06 2.310963389959375e-06 -1.126612659033089e-05 -3.718350870969407e-06
4.963755764102894e-06 2.397325576200889e-06 -1.576974873210464e-05 -6.234746511747331e-06
4.961858736883733e-06 2.400178144523104e-06 -1.442030793581936e-05 -4.669004613925825e-06
4.932662182911906e-06 2.359099018386785e-06 -1.328974163652328e-05 -3.486435560453396e-06
4.920440288453346e-06 2.358355421735669e-06 -1.888696415206962e-05 -6.404185048148268e-06
4.954022665948558e-06 2.398255212596250e-06 -1.725438827890787e-05 -4.674612150000797e-06
4.964518655969203e-06 2.401285349847691e-06 -1.585582356256277e-05 -3.218323219395229e-06
4.814915653455941e-06 2.326696375905897e-06 -2.222919806632610e-05 -6.514534939985929e-06
4.877158325426409e-06 2.396386666470332e-06 -2.045791863723232e-05 -4.692175625235747e-06
4.920908366606211e-06 2.436427991063129e-06 -1.885186280191000e-05 -3.033251662503179e-06
4.660482940120868e-06 2.301898324638034e-06 -2.565139578233226e-05 -6.546737380870159e-06
4.745013239855267e-06 2.394718494327026e-06 -2.382645030371309e-05 -4.717373091590292e-06
4.815153890565049e-06 2.464390830765481e-06 -2.210665280220065e-05 -2.920518510938554e-06
4.468484567011878e-06 2.283042071552819e-06 -2.910677879167908e-05 -6.583096274633135e-06
4.570138783408229e-06 2.393396218158557e-06 -2.729302664188267e-05 -4.725901252897403e-06
4.660671216584252e-06 2.485996470574316e-06 -2.551432063468241e-05 -2.857867385905880e-06
4.248310733485194e-06 2.269546982200695e-06 -3.260168626516565e-05 -6.623414053258107e-06
4.362521457231158e-06 2.392435268428061e-06 -3.082975728288371e-05 -4.779832217510577e-06
4.468786164310612e-06 2.502608431770815e-06 -2.903800272526348e-05 -2.833714449037719e-06
4.008751141023404e-06 2.261023444275673e-06 -3.609524601883423e-05 -6.628714541359150e-06
4.131063492964558e-06 2.391864175582080e-06 -3.438422272335641e-05 -4.797317019781609e-06
4.248454482354033e-06 2.514704719118588e-06 -3.264736889460548e-05 -2.888514617920983e-06
3.758509452316643e-06 2.256864861796693e-06 -3.944138829881679e-05 -6.561380654712823e-06
3.884716360759722e-06 2.391632652612553e-06 -3.781513787939026e-05 -4.804144863219979e-06
4.008704763578159e-06 2.522484813790231e-06 -3.617214617221122e-05 -2.983311139560849e-06
3.214471654783904e-06 2.270852311598355e-06 -4.585889099373342e-05 -6.330488246354308e-06
3.250489282081414e-06 2.255924833740503e-06 -4.543489932362645e-05 -6.505263017431738e-06
3.644801790862481e-06 2.391672956488668e-06 -4.081096148576494e-05 -4.853060736338171e-06
3.504347845234356e-06 2.255795592953570e-06 -4.252148969595275e-05 -6.464295420450063e-06
3.758262495020552e-06 2.526442635664720e-06 -3.939138703058478e-05 -3.173165340041901e-06
3.199551345109655e-06 2.306878407935644e-06 -4.603273293849290e-05 -5.905744822811908e-06
3.284738419949217e-06 2.391743758558341e-06 -4.500574545293302e-05 -4.886279198150434e-06
3.504267156282125e-06 2.527539383828469e-06 -4.246419912958838e-05 -3.243687287821296e-06
3.199472989188549e-06 2.476665426016115e-06 -4.597226334078025e-05 -3.903293639195601e-06
3.250397741420892e-06 2.527612914247918e-06 -4.536614488472989e-05 -3.303610174820115e-06
3.214386561071937e-06 2.512689073011505e-06 -4.579342762839078e-05 -3.479172901610361e-06
