7.871679071757097e-05 -1.270875438094712e-05 -2.427050322353989e-06 -3.099333110590598e-07
7.898480060505765e-05 -1.206173638971128e-05 -2.450253795198431e-06 -3.739785597648379e-07
7.898435576673095e-05 -9.011253478595410e-06 -2.413792586486001e-06 -7.505594715762487e-07
7.871628023094111e-05 -8.364154020439064e-06 -2.386155142232901e-06 -8.189837739896566e-07
7.806974134930271e-05 -1.297674460922326e-05 -2.366176929974842e-06 -2.831444766839401e-07
7.685561657151820e-05 -1.053637684303936e-05 -2.185607315456343e-06 -5.621063700604914e-07
7.806912671395290e-05 -8.096124417896924e-06 -2.319467884788281e-06 -8.472109340587704e-07
7.351360452687852e-05 -1.297589743847959e-05 -1.853695032236402e-06 -2.900015913257010e-07
7.351274200668725e-05 -8.096489357222636e-06 -1.795534247911651e-06 -8.308441334655836e-07
7.099857173135304e-05 -1.053616574178623e-05 -1.545475297979970e-06 -5.986406360370830e-07
6.895965530175303e-05 -1.297420834002325e-05 -1.285641534864678e-06 -2.996910065721592e-07
6.895894260709459e-05 -8.098133810984067e-06 -1.345344348528445e-06 -7.640726463250541e-07
6.668387375497736e-05 -1.053580040109055e-05 -1.135352898262390e-06 -6.288821400434177e-07
6.440974122126966e-05 -1.297195992470883e-05 -7.509600656966263e-07 -3.603746393080905e-07
6.440977795133893e-05 -8.099689566883969e-06 -9.650150865280680e-07 -8.047687681538416e-07
6.213597193032148e-05 -1.053578221046970e-05 -7.091346721091621e-07 -6.325634747925888e-07
5.986363689119461e-05 -1.297007839985037e-05 -3.551032843870379e-07 -4.327469358176938e-07
5.986339374207082e-05 -8.101390628070601e-06 -4.508704266134574e-07 -8.607216779456826e-07
5.759109293176291e-05 -1.053583795318822e-05 -2.287881380739041e-07 -6.327349195024971e-07
5.532003818304918e-05 -1.296918002080437e-05 3.489262478500986e-09 -4.438973985443996e-07
5.531937274743757e-05 -8.102216255511640e-06 4.636996810897434e-08 -9.505487018053876e-07
5.304808009554347e-05 -1.053591694711094e-05 2.591792308511694e-07 -6.575610013478169e-07
5.077766536472087e-05 -1.296895485152690e-05 4.088462836664685e-07 -5.372638883099765e-07
5.077652100989757e-05 -8.102887772329140e-06 4.859934835716718e-07 -9.859684161322889e-07
4.850585326101165e-05 -1.053593851582820e-05 6.237097119170230e-07 -6.696765974720138e-07
4.623536844325837e-05 -1.296875657645934e-05 7.557554448576937e-07 -6.163970069261982e-07
4.623442053235837e-05 -8.103444916768072e-06 9.561496299631133e-07 -9.496467877538076e-07
4.396383826426421e-05 -1.053591745472752e-05 8.252993300318702e-07 -7.261412314063817e-07
4.169295777707481e-05 -1.296861173264989e-05 9.842252666878424e-07 -6.960280631973312e-07
4.169270653926478e-05 -8.103802214838009e-06 1.336541144609309e-06 -8.951314821560799e-07
3.942208319160569e-05 -1.053596459908643e-05 9.536012418780511e-07 -7.633291196968084e-07
3.715177127900085e-05 -1.296755960638013e-05 1.232069602515278e-06 -6.538571687962945e-07
3.715222897334315e-05 -8.104850333241973e-06 1.499211455463479e-06 -7.892783427754937e-07
3.488246444971080e-05 -1.053609595264362e-05 1.068085581755574e-06 -7.985008828004764e-07
3.261390488122908e-05 -1.296529842085244e-05 1.312667762324745e-06 -7.387432410259130e-07
3.261458315385025e-05 -8.107156768681604e-06 1.411733296696289e-06 -7.040156723698714e-07
3.043830791900498e-05 -1.053631778727336e-05 1.138501959760155e-06 -8.028184765032216e-07
2.826383031044346e-05 -1.296273294582396e-05 1.276995199937349e-06 -8.127531467748119e-07
2.826422563711410e-05 -8.110255519018078e-06 1.248670694239848e-06 -6.689469223551836e-07
2.663435755697633e-05 -1.072601839065657e-05 1.123124237165425e-06 -8.240009237669310e-07
2.497185016549966e-05 -1.296002925657591e-05 1.061973640476254e-06 -9.100465829607727e-07
2.497205470336363e-05 -8.113623219724152e-06 1.048270773430496e-06 -7.018895784767043e-07
2.257893429254233e-05 -1.295699887949248e-05 8.807278204608527e-07 -9.318106269721570e-07
2.304634061329406e-05 -1.136307824651715e-05 9.074735385505595e-07 -8.562172084294122e-07
2.257869496075544e-05 -8.116115320723545e-06 9.244993900877850e-07 -7.551598504000842e-07
2.084085330145614e-05 -8.119186896413450e-06 8.618011586726376e-07 -7.538929719929616e-07
-3.590498237618969e-06 2.502568803208845e-07 -2.772048123576070e-08 -1.892494299712133e-07
-3.662313911049458e-06 4.227304083298494e-07 -1.963139534986904e-08 -2.059646404866796e-07
-3.662024233648660e-06 1.066195266638778e-06 -1.458964634042161e-08 -2.641676294177105e-07
-3.590529994487215e-06 1.236764723184776e-06 -2.187109021283174e-08 -2.807032019595960e-07
2.084068460356671e-05 -1.295451420035929e-05 7.929470274132184e-07 -9.269629214022152e-07
1.926316058212721e-05 -1.286220585022057e-05 7.395643834831738e-07 -9.353679578495373e-07
2.048926670523558e-05 -9.933294574010497e-06 8.396352099235773e-07 -8.232442193987967e-07
1.926567954090477e-05 -7.985114950319031e-06 7.822743216860050e-07 -7.270949840043727e-07
-3.418723896163745e-06 1.790981006784757e-07 -4.633193287168348e-08 -1.825363473079045e-07
-3.245205741451149e-06 8.849874628834662e-07 -5.638832552098396e-08 -2.456010415160800e-07
-3.419867457331555e-06 1.308253344652224e-06 -3.989744800524133e-08 -2.869107689227443e-07
1.876296196928396e-05 -1.137109076181646e-05 7.340673220681127e-07 -8.875123347920860e-07
1.770785289009485e-05 -1.259068118155387e-05 6.932174646913928e-07 -9.382430509853945e-07
1.619539325762709e-05 -1.214542219436304e-05 6.435471064253576e-07 -9.047106459981497e-07
1.828928295540574e-05 -9.307750523048428e-06 7.203553192044939e-07 -7.821957094909363e-07
1.774093493819601e-05 -7.581674334912469e-06 7.063979123705218e-07 -7.257352993786788e-07
-2.253160724096913e-06 1.623050935795741e-07 -1.262388535650170e-07 -1.756958423633292e-07
-2.251598115645591e-06 1.330867986244946e-06 -1.187756528464317e-07 -2.693915980396138e-07
-1.647850139509944e-06 7.477706766188351e-07 -1.315978012866051e-07 -2.209601946161644e-07
1.474608671281022e-05 -1.153095198971703e-05 6.221894363597376e-07 -8.598225032886304e-07
1.599727580297890e-05 -1.058107473088961e-05 6.329708464556065e-07 -8.398103588206827e-07
1.652208531887740e-05 -8.600256262593840e-06 6.588148340011237e-07 -7.759817641550677e-07
1.631244624131313e-05 -6.922109424648468e-06 6.627199172712156e-07 -7.351349955418409e-07
-9.929410343617293e-07 5.671581933944742e-08 -1.105619919150420e-07 -2.109164861351856e-07
-9.925969283497659e-07 1.440548139623130e-06 -1.405480040796044e-07 -2.678395054620584e-07
-2.477713296361512e-07 7.494640379775308e-07 -1.610017894189684e-07 -2.502793876377684e-07
1.337720295011062e-05 -1.075740541447847e-05 6.154097841209870e-07 -8.463461245256914e-07
1.210821476549780e-05 -9.835457936143695e-06 5.660055271490256e-07 -8.511692957537978e-07
1.467835528509436e-05 -8.285160367134969e-06 6.272867163226814e-07 -7.970627302246495e-07
1.502349707382001e-05 -6.026443663393197e-06 6.302942321732896e-07 -7.225231354001456e-07
6.060902355716761e-07 -1.740323118386814e-07 -1.904049001610963e-07 -2.524678545298040e-07
6.066186304647641e-07 1.674633898742274e-06 -1.622419836835138e-07 -2.324199463262129e-07
1.242893776378033e-05 -8.392681626373783e-06 5.739037561087847e-07 -8.308648958823866e-07
1.095480638305435e-05 -8.776197840686073e-06 5.155684569586156e-07 -8.557883154457129e-07
1.297032271075143e-05 -6.743326685165753e-06 5.941924889192313e-07 -7.670371997436814e-07
1.391234905985332e-05 -4.924354355327557e-06 6.193737155020669e-07 -7.071398046561139e-07
1.546280472841405e-06 7.508102914457191e-07 -1.735109845812271e-07 -2.319366430334552e-07
2.662445511936971e-06 -5.079557105866683e-07 -1.574671760799222e-07 -2.757942888434184e-07
2.661328215576132e-06 2.013256590744368e-06 -1.547761166874735e-07 -1.866412297168387e-07
9.929637551906426e-06 -7.595280567288764e-06 4.677557836747193e-07 -8.478784175531565e-07
9.047337115634721e-06 -6.309733163161925e-06 3.736198143476054e-07 -7.603007078221535e-07
8.314776389423806e-06 -4.930914334431419e-06 2.964519047286589e-07 -6.650945004718653e-07
1.186293294549986e-05 -5.241688346457917e-06 5.603373224489103e-07 -7.079651514229204e-07
1.301196917213326e-05 -3.651324586650742e-06 6.001756227497869e-07 -6.389996158155659e-07
3.559467990040371e-06 7.488031885029860e-07 -1.273945928530036e-07 -2.101321587791079e-07
4.658120286161348e-06 -8.361440816241335e-07 -4.964947305607766e-08 -3.162849626084368e-07
4.658139421502735e-06 2.356452290214117e-06 -7.728817827010698e-08 -1.068476341750361e-07
9.789172135111346e-06 -4.937831924480061e-06 4.249728424387099e-07 -6.694626000690096e-07
7.743941303044459e-06 -3.474347834764962e-06 2.315706837991277e-07 -5.874800722048917e-07
6.487685530519802e-06 -1.115372036824195e-06 6.806414018864211e-08 -3.883212045379473e-07
7.033887926797383e-06 -1.389859568208338e-06 1.307535945551490e-07 -4.299775425885400e-07
7.341199713153320e-06 -1.941997402195301e-06 1.741219094932241e-07 -4.914300669222957e-07
1.108213313323784e-05 -3.462210844271635e-06 5.097157049333340e-07 -6.143587336632655e-07
1.235016028530415e-05 -2.255330741997124e-06 5.836015526193563e-07 -5.668583745695142e-07
5.646717220542043e-06 5.185558931612328e-07 -1.079278673634752e-08 -2.423086639725182e-07
6.450452042570300e-06 2.600780828917823e-06 4.307300878949153e-08 -4.551682808786745e-08
8.760531791648666e-06 -2.434193267270216e-06 3.063249115950425e-07 -5.370649284772035e-07
7.049438658222970e-06 -2.793130750652312e-07 1.196889579879931e-07 -3.211627957397304e-07
7.695244987306652e-06 -1.195413544495218e-06 1.982314756062536e-07 -4.190533946812405e-07
1.050357567460768e-05 -1.819826542181955e-06 4.388937561785203e-07 -5.063021949712888e-07
1.195688895564241e-05 -7.855309556172901e-07 5.574512596002804e-07 -3.951736667091425e-07
7.049165450277386e-06 1.523631376208074e-06 1.045756177743413e-07 -1.489133357416895e-07
6.944024356876669e-06 2.874077142774803e-06 9.387632777804195e-08 1.346515925381591e-09
9.053371955355941e-06 6.107008570497367e-08 3.036436149239805e-07 -3.037880799640553e-07
1.184553973287582e-05 7.181108297197051e-07 5.454730256680435e-07 -2.122939424856879e-07
1.208745139335589e-05 2.240953818624859e-06 5.274943123854342e-07 -3.732283133831883e-08
8.096849624346773e-06 2.495551013155530e-06 2.219085162486431e-07 -2.389405872665180e-08
7.221754074209678e-06 3.478080160957474e-06 1.256026590798734e-07 7.457814818646434e-08
7.545490882856089e-06 5.180093679837967e-06 1.549692837460989e-07 2.298801522458870e-07
1.053004040479199e-05 2.409756194640132e-06 4.225043152286589e-07 -9.556278641262385e-09
8.070441207399417e-06 6.894685947142335e-06 2.132130767544144e-07 3.515221536854912e-07
1.265848834993832e-05 3.800388624293689e-06 4.971913627043763e-07 1.145939932089109e-07
9.054605828082806e-06 5.218988691113570e-06 2.919000262302691e-07 2.356330607170205e-07
1.134979858367952e-05 5.352077575015673e-06 3.945784227134244e-07 2.440227581780470e-07
8.837805060133548e-06 8.559328018772176e-06 2.750187052069532e-07 4.590496080919869e-07
1.355901160021859e-05 5.355868774900941e-06 4.738036474431408e-07 2.464508735903734e-07
1.288109498642625e-05 6.946897054082030e-06 4.070839112433148e-07 3.680706664100272e-07
1.120694467127688e-05 7.967507657087605e-06 3.586354102639567e-07 4.342679596116754e-07
9.816470987727522e-06 1.020783024761408e-05 3.446733018437885e-07 5.300782600056861e-07
1.105339266567062e-05 1.178922407442408e-05 3.810051776233974e-07 5.665214748375007e-07
1.480535295998362e-05 6.827005896334891e-06 4.550670512781277e-07 3.620252099968208e-07
1.394738224874109e-05 8.801499182907067e-06 3.968405208775706e-07 4.854324822009515e-07
1.292504025180443e-05 1.117433827883018e-05 3.948953137689784e-07 5.697442021624842e-07
1.248561623582020e-05 1.327773371277529e-05 4.001284244993646e-07 6.090795511122562e-07
1.635389097055621e-05 8.156993575842280e-06 4.652527396157235e-07 4.448383707723791e-07
1.590043773080822e-05 1.117500718450326e-05 4.047620500462698e-07 5.784314475986039e-07
1.414495764688847e-05 1.460380778870353e-05 3.763748930613165e-07 6.604511636655776e-07
1.602330602095115e-05 1.577338309637710e-05 3.971038086306659e-07 7.353475481040064e-07
1.806361940449231e-05 1.676651979484711e-05 4.321855476957164e-07 8.130194442629295e-07
1.821482052072948e-05 1.183943613172899e-05 4.852957265900055e-07 5.938706668211068e-07
1.819039578505131e-05 9.286064484837067e-06 5.152299964901910e-07 4.879305412936677e-07
1.774816177804850e-05 1.444245801754063e-05 4.238738267962354e-07 7.062674825047301e-07
2.027307304443121e-05 1.750659416352096e-05 4.956481034704447e-07 8.803502805221082e-07
2.261411464127016e-05 1.800995358358843e-05 6.387971317482916e-07 9.624314621544599e-07
2.010777224995728e-05 1.241446342382676e-05 5.357765962018928e-07 6.096582634483567e-07
2.029184697377873e-05 1.011196644095897e-05 5.687721337212904e-07 5.163407727812487e-07
2.502908199681092e-05 1.823689351792041e-05 8.198577454809948e-07 1.026911395876417e-06
2.229814157172249e-05 1.460719645607994e-05 5.946115981876732e-07 7.299602685623176e-07
2.258695987562478e-05 1.058880637503960e-05 6.204789950698736e-07 5.063197540314697e-07
2.555431446677737e-05 1.498722456096868e-05 8.266211235306543e-07 7.938588456394045e-07
2.778102950120655e-05 1.834209941731059e-05 1.034617412542449e-06 1.119616493439769e-06
2.500002073179020e-05 1.071241371530387e-05 7.380851237238926e-07 4.786032700577238e-07
3.165566379098697e-05 1.844771945784346e-05 1.430068787892234e-06 1.241298733048039e-06
2.855345782159037e-05 1.311317699320713e-05 1.047310497333980e-06 6.532804997152774e-07
2.777523289178730e-05 1.060888256629473e-05 9.854120709181558e-07 4.170323667185815e-07
3.719238353925383e-05 1.860983285866050e-05 2.171733668431679e-06 1.395895137566720e-06
3.440668108347919e-05 1.415409903908434e-05 1.740147952390461e-06 7.695009444679791e-07
3.165865287757478e-05 1.047372770873652e-05 1.391274069343036e-06 3.172773754360584e-07
4.480071411058391e-05 1.878522949859799e-05 3.294462474584199e-06 1.507543184360763e-06
4.094721298101370e-05 1.446977099435887e-05 2.709168894642078e-06 8.603911445065543e-07
3.719373402447473e-05 1.031937950211053e-05 2.122731364420635e-06 2.280197577278404e-07
5.301594284759556e-05 1.893522830474484e-05 4.581919992007920e-06 1.622726607833604e-06
4.886265551101978e-05 1.446948437804015e-05 3.928470430476823e-06 8.922837448396887e-07
4.480099906948584e-05 1.015223737793924e-05 3.348351769646592e-06 2.180865748870124e-07
6.148588890117197e-05 1.906475077598130e-05 5.976730341035604e-06 1.679329213354415e-06
5.721057040283252e-05 1.447009387594059e-05 5.243151993613738e-06 9.163303779768390e-07
5.301572579771609e-05 1.000436417745210e-05 4.608132361197287e-06 1.989128389732653e-07
7.017992501358734e-05 1.917735389175801e-05 7.530866840104243e-06 1.754678109936884e-06
6.579762959448923e-05 1.447046889076605e-05 6.665165417955842e-06 9.198296693154368e-07
6.148568934179675e-05 9.875893558765195e-06 5.954146928861767e-06 1.485940665521667e-07
7.906911087761912e-05 1.927401305045403e-05 9.132800867312800e-06 1.753821403082642e-06
7.459408079335523e-05 1.447052276806562e-05 8.236916409616447e-06 9.405127383886539e-07
7.017980580899712e-05 9.763745972727748e-06 7.408297019971382e-06 1.000839838131296e-07
8.812438711260274e-05 1.935360156180874e-05 1.056159192651622e-05 1.717201969110098e-06
8.357159302240798e-05 1.447010755514606e-05 9.789239041025147e-06 9.666553573155851e-07
7.906922373503798e-05 9.666646048103280e-06 8.987800635103156e-06 1.406629952967439e-07
9.731342295938429e-05 1.941521313288166e-05 1.174459938918332e-05 1.592736060305388e-06
9.269945241271360e-05 1.446944943889456e-05 1.113982835100585e-05 9.782138732933676e-07
8.812462386374688e-05 9.585938446136461e-06 1.046328974667417e-05 2.536123289240897e-07
1.066015661270956e-04 1.945873431005218e-05 1.269725147263927e-05 1.504217746141793e-06
1.019438897531521e-04 1.446871196901246e-05 1.222030019405601e-05 1.013146032899374e-06
9.731369791907925e-05 9.522957131257016e-06 1.167975033989482e-05 3.893790593124207e-07
1.159543675617123e-04 1.948520991788933e-05 1.360002029439830e-05 1.473054189841977e-06
1.112699210894786e-04 1.446807511811445e-05 1.311732707282420e-05 1.008729910098745e-06
1.066018376465873e-04 9.478142003279542e-06 1.266568491188557e-05 5.203395204575827e-07
1.360754828998931e-04 1.894755332978872e-05 1.554341795806643e-05 1.438948325139725e-06
1.347409097979010e-04 1.950027840052404e-05 1.541172899632725e-05 1.494124748305726e-06
1.201561354058591e-04 1.446766573159794e-05 1.394392980807472e-05 1.011775708425620e-06
1.253422469073666e-04 1.949761960931388e-05 1.445838856537137e-05 1.467673509774455e-06
1.159544458746257e-04 9.450534093389040e-06 1.352354209492127e-05 5.498259582333067e-07
1.366282887053550e-04 1.761308946841420e-05 1.559610473895415e-05 1.305791592848356e-06
1.334696694657036e-04 1.446736884070758e-05 1.525732729755744e-05 9.820652084404875e-07
1.253422949304716e-04 9.437404629015797e-06 1.442656966130356e-05 4.947954250788534e-07
1.366282346197607e-04 1.132166852547172e-05 1.554420750036635e-05 6.887314829383080e-07
1.347408816941180e-04 9.434525606539727e-06 1.535680518688639e-05 5.063280604580480e-07
1.360754336971025e-04 9.987236150523406e-06 1.548786144278281e-05 5.596557522939608e-07
