-1.933611320775136e-06 1.546406625905812e-06 -4.570004387022455e-05 5.936732163606435e-06
-1.905836398719851e-06 1.613410415321143e-06 -4.593910072062887e-05 5.364760281971043e-06
-1.906256352270062e-06 1.929614500925313e-06 -4.589968896870240e-05 2.722414415056801e-06
-1.934082584194843e-06 1.996638016801625e-06 -4.565644287450696e-05 2.154161745164332e-06
-2.000671473930250e-06 1.518669144853768e-06 -4.512342776590678e-05 6.172413244268470e-06
-2.127087136107154e-06 1.771589791999126e-06 -4.404097310123753e-05 4.035649192129456e-06
-2.001205973282862e-06 2.024383234164969e-06 -4.507692712358615e-05 1.920374106242241e-06
-2.473626663028637e-06 1.519933156124544e-06 -4.112403345170343e-05 6.085293930711603e-06
-2.474273610223366e-06 2.023194344307319e-06 -4.103766173582380e-05 1.935795683205434e-06
-2.734289855397237e-06 1.771481348400243e-06 -3.888992183568899e-05 3.981600861557169e-06
-2.942746063575347e-06 1.525350158937662e-06 -3.722042942743987e-05 5.999428620610705e-06
-2.942963713354802e-06 2.017238180395535e-06 -3.722897686178335e-05 2.013143045006200e-06
-3.173007915396472e-06 1.771543407321099e-06 -3.531942298229651e-05 3.964403714306658e-06
-3.395537780242112e-06 1.538910475323675e-06 -3.348082090841095e-05 5.877681651345970e-06
-3.394990950730195e-06 2.004395015240672e-06 -3.358312978431566e-05 2.111911728408799e-06
-3.612225909775358e-06 1.771738855156369e-06 -3.183245286561518e-05 3.992190478394903e-06
-3.814827391847225e-06 1.561930583394756e-06 -3.005614648014520e-05 5.698412198948179e-06
-3.814732293561952e-06 1.982428337000681e-06 -3.021160633172233e-05 2.302028459228924e-06
-4.009135706503115e-06 1.772329403722498e-06 -2.871502770005912e-05 3.994259251638903e-06
-4.183633995457079e-06 1.592750743342593e-06 -2.699924118383103e-05 5.537502555032046e-06
-4.184206394874826e-06 1.953091623244170e-06 -2.727061906625752e-05 2.532877736229612e-06
-4.348468206086308e-06 1.773193355553444e-06 -2.595759259651980e-05 4.023993612055122e-06
-4.489810624862973e-06 1.628872013622248e-06 -2.443193809343629e-05 5.338630717749999e-06
-4.490956136137006e-06 1.918744487101033e-06 -2.474447629162956e-05 2.730757284688482e-06
-4.621100501396962e-06 1.774302596440732e-06 -2.351079147781709e-05 4.051723591692643e-06
-4.726635986352892e-06 1.668742766673200e-06 -2.225484128721518e-05 5.200719315207435e-06
-4.728149918833363e-06 1.880957230410174e-06 -2.248860979998012e-05 2.825584127839117e-06
-4.821660963747765e-06 1.775479641698245e-06 -2.125224747498903e-05 4.064719001839275e-06
-4.887967018185787e-06 1.712622978337256e-06 -2.024355190442363e-05 5.165717489501572e-06
-4.889567900133375e-06 1.839299832229785e-06 -2.026040655431911e-05 2.844347321122281e-06
-4.942597032445821e-06 1.776807041852903e-06 -1.909968202930216e-05 4.041148262573655e-06
-4.965393487839596e-06 1.761525608637195e-06 -1.825700846211440e-05 5.197918770370741e-06
-4.966504385691202e-06 1.792868232928829e-06 -1.813570325924369e-05 2.824414100234929e-06
-4.974671578439991e-06 1.778129169766877e-06 -1.689902960276198e-05 4.029409302682325e-06
-4.949509252896677e-06 1.816389230122101e-06 -1.594544709101871e-05 5.357128890097013e-06
-4.950067057784871e-06 1.740772013196304e-06 -1.581052769213494e-05 2.719266129548927e-06
-4.910800864396101e-06 1.779948394028301e-06 -1.450565844961543e-05 4.047449582126459e-06
-4.836893661687687e-06 1.875617613272345e-06 -1.336634490011484e-05 5.525163839139445e-06
-4.837466461684462e-06 1.682827656629972e-06 -1.328276501822786e-05 2.609137220175705e-06
-4.772418000237198e-06 1.791620170991003e-06 -1.225089368555506e-05 4.164468375106730e-06
-4.673709080561844e-06 1.927907816711756e-06 -1.119536601532796e-05 5.565496305669607e-06
-4.675470892075534e-06 1.631375851129684e-06 -1.121550896239852e-05 2.560695166382105e-06
-4.506857058513032e-06 1.971790065695858e-06 -9.686660701068673e-06 5.542416253012369e-06
-4.553537749373241e-06 1.841817737686631e-06 -9.970413094256186e-06 4.556262520443380e-06
-4.509357608967984e-06 1.599603607891033e-06 -9.673948613289439e-06 2.551051726105991e-06
-4.362287620135623e-06 1.566073059366416e-06 -8.605463988351992e-06 2.604895877815392e-06
9.896459557413569e-07 -3.658151209792986e-07 1.092787736562966e-06 -4.037882243531369e-07
1.009539588388394e-06 -4.134942479701186e-07 1.108081140214358e-06 -4.418916829791922e-07
1.009523790501242e-06 -5.917978840744146e-07 1.116314090027209e-06 -5.952534562069732e-07
9.897049212000641e-07 -6.391469090338495e-07 1.100925269812867e-06 -6.402741736892945e-07
-4.364946375002957e-06 2.002071830643025e-06 -8.581227013499922e-06 5.500234201425448e-06
-4.208757645558253e-06 2.020433906854289e-06 -7.648034125931104e-06 5.376332745338903e-06
-4.344337022092851e-06 1.728057386426832e-06 -8.365253782230963e-06 3.690469991529345e-06
-4.221301558571327e-06 1.517754153653719e-06 -7.664667770527767e-06 2.586439401271932e-06
9.421404897740595e-07 -3.462110802730816e-07 1.056784277075251e-06 -3.875357451082743e-07
8.940106835148477e-07 -5.418813688057280e-07 1.016207855895819e-06 -5.520671428164824e-07
9.423579678149618e-07 -6.591007409798106e-07 1.059787313053784e-06 -6.621598560546459e-07
-4.167713885421358e-06 1.879614957704944e-06 -7.337681761199730e-06 4.490295568075654e-06
-4.039112382549355e-06 2.025669613338206e-06 -6.756569685208003e-06 5.141646855102654e-06
-3.851268833114298e-06 1.999210407717941e-06 -5.947757596474287e-06 4.873315805225870e-06
-4.121112223617048e-06 1.653573107938344e-06 -7.081507031777456e-06 3.355419406493096e-06
-4.056202312562870e-06 1.431298748557078e-06 -6.768152505545682e-06 2.440360542753107e-06
6.193249241761670e-07 -3.423218576651373e-07 7.557106484975674e-07 -3.809966642544035e-07
6.186407462263729e-07 -6.662188422157781e-07 7.332659366757968e-07 -6.957094499845854e-07
4.512535624889977e-07 -5.050528131559974e-07 5.899229921017394e-07 -5.478833455738557e-07
-3.646451173834635e-06 1.953798518592675e-06 -5.216193669279384e-06 4.518268905765614e-06
-3.835104835272201e-06 1.817237915197440e-06 -5.833184919198452e-06 4.030005188664141e-06
-3.904956659105584e-06 1.556292063799211e-06 -6.085177346917582e-06 3.000949912222636e-06
-3.882254674818956e-06 1.302057681713449e-06 -5.938743343918499e-06 2.180710388108411e-06
2.697450218478065e-07 -3.141021808941810e-07 4.112074109279912e-07 -3.593518761611199e-07
2.693807934566939e-07 -6.974292277925588e-07 4.315126118758588e-07 -7.502517021045467e-07
6.317161004973652e-08 -5.064605083374229e-07 1.924114950511118e-07 -5.574173951537788e-07
-3.437465905065022e-06 1.871197666579956e-06 -4.549972488941101e-06 4.093971528435354e-06
-3.217482901649537e-06 1.750929497121214e-06 -4.005176939693012e-06 3.619707631027681e-06
-3.646254453367532e-06 1.507467590058090e-06 -5.163376144485449e-06 2.847233896146586e-06
-3.708623743284660e-06 1.133456594134549e-06 -5.300148797466950e-06 1.816017065089028e-06
-1.729639804524237e-07 -2.516355660302687e-07 -6.616236298940822e-08 -2.660017516127652e-07
-1.734283261042668e-07 -7.627722589970391e-07 -9.187690662166799e-08 -8.930801498905564e-07
-3.271856968460423e-06 1.531939932375524e-06 -4.157407822435794e-06 2.913384733213868e-06
-2.994153619640726e-06 1.601174731169643e-06 -3.514249321263342e-06 3.088067438433483e-06
-3.370941163525540e-06 1.249210497739364e-06 -4.392891024020407e-06 2.156414713123207e-06
-3.545819730038583e-06 9.117291728294706e-07 -4.796920584696113e-06 1.391641493731028e-06
-4.327988895614047e-07 -5.078761954124367e-07 -3.949756451989919e-07 -5.928028856851683e-07
-7.405769041176057e-07 -1.607941535649175e-07 -7.849183148478836e-07 -1.664851041950535e-07
-7.407573856714058e-07 -8.569499403723552e-07 -7.920367312455273e-07 -1.037884517080701e-06
-2.785710324825509e-06 1.411678143658147e-06 -3.083270732808023e-06 2.523984353746321e-06
-2.578640195520970e-06 1.170650595140701e-06 -2.735897960049423e-06 1.970581657866556e-06
-2.383718577282544e-06 8.975558928825193e-07 -2.470380379592762e-06 1.400798372608238e-06
-3.163076344792806e-06 9.683153698864554e-07 -3.910706945783548e-06 1.520850936727217e-06
-3.405885338648925e-06 6.338496188122941e-07 -4.376109042176640e-06 8.770042068496596e-07
-9.883350560912795e-07 -5.085548987479520e-07 -1.097488463249618e-06 -6.113416876322069e-07
-1.291734801431860e-06 -7.036252681578722e-08 -1.456390781730922e-06 -1.137004641556389e-07
-1.291598157153054e-06 -9.523700032267186e-07 -1.430491317561645e-06 -1.156040253173408e-06
-2.725866383802094e-06 9.060792147475899e-07 -3.052146199834840e-06 1.391155406549678e-06
-2.221914763382567e-06 5.816541366567534e-07 -2.279163836053425e-06 8.467854015113762e-07
-1.810647378654480e-06 8.084286242359744e-09 -1.999371398427783e-06 -3.328156943989940e-08
-1.974501965858596e-06 8.090801838856521e-08 -2.143960892072147e-06 5.934289769897506e-08
-2.076826001961612e-06 2.212596331940221e-07 -2.207755706211959e-06 2.610841394199169e-07
-3.009389125582828e-06 5.903991972638362e-07 -3.593093288433022e-06 8.037653472640442e-07
-3.308450663563752e-06 3.048628780603653e-07 -4.064011668875762e-06 3.777518207807411e-07
-1.565696001597353e-06 -4.464537744591968e-07 -1.750916352764705e-06 -5.391527247952284e-07
-1.772079540850065e-06 -1.018668316614595e-06 -2.007270560939450e-06 -1.222839038555720e-06
-2.454611568933428e-06 3.490024316706770e-07 -2.703537980023362e-06 4.332464905234437e-07
-1.965598913493872e-06 -2.202307635103260e-07 -2.170314906116785e-06 -2.971904388881376e-07
-2.158723782976876e-06 2.993025803142294e-08 -2.352202943501782e-06 -6.612081680473566e-09
-2.881134561758723e-06 1.998665368491049e-07 -3.364273829017950e-06 2.223757170723148e-07
-3.264288112058339e-06 -7.005411156124985e-08 -3.853604919723229e-06 -1.154676182528842e-07
-1.941727649958934e-06 -7.173992609813196e-07 -2.193930624037214e-06 -8.744870243746110e-07
-1.893271831923606e-06 -1.096030947719493e-06 -2.194666177496331e-06 -1.320813066378683e-06
-2.511210739062821e-06 -2.916421335407428e-07 -2.814066656192972e-06 -4.396354755884335e-07
-3.270231754157218e-06 -4.742858972330051e-07 -3.749511852101816e-06 -6.627849327586946e-07
-3.391758491479506e-06 -9.089000912745036e-07 -3.707188635329417e-06 -1.164966531581013e-06
-2.218347021684203e-06 -9.818211036567803e-07 -2.550021522459253e-06 -1.226014017055204e-06
-1.955699602642083e-06 -1.276855664705756e-06 -2.310599349278237e-06 -1.512192797370441e-06
-2.017633154613656e-06 -1.805537601104662e-06 -2.447330627538827e-06 -1.997485764008591e-06
-2.929039332317837e-06 -9.429305736675103e-07 -3.260735225101044e-06 -1.248953173034174e-06
-2.144100329847652e-06 -2.371101169248906e-06 -2.627327025989830e-06 -2.432303579564840e-06
-3.611184320681522e-06 -1.365550738737582e-06 -3.752928353943913e-06 -1.658841987426466e-06
-2.473779215141302e-06 -1.807256906483420e-06 -2.855532111873774e-06 -2.033345507686601e-06
-3.203362393460222e-06 -1.850179928484249e-06 -3.421392463914817e-06 -2.077633669879545e-06
-2.368293054683194e-06 -2.933684200289674e-06 -2.838657782172876e-06 -2.833688732688215e-06
-3.946036230413934e-06 -1.851436545437305e-06 -3.901219088774898e-06 -2.081626332489616e-06
-3.728685562017104e-06 -2.376783968325075e-06 -3.749226407391108e-06 -2.467283943476433e-06
-3.153450737324975e-06 -2.725855950817535e-06 -3.401727354125064e-06 -2.707913690815593e-06
-2.672700744917360e-06 -3.519898140614290e-06 -3.082095205530076e-06 -3.176938801847554e-06
-3.090490935899209e-06 -4.102352552983887e-06 -3.334017832752552e-06 -3.463320971198490e-06
-4.415531436987250e-06 -2.328236155637188e-06 -4.114772238793645e-06 -2.449398918265521e-06
-4.112782907867297e-06 -3.020863739282039e-06 -3.941337038059382e-06 -2.860060765844363e-06
-3.746100294348616e-06 -3.881135372840049e-06 -3.721215127570046e-06 -3.332364465875025e-06
-3.586816387968901e-06 -4.670762871733669e-06 -3.619121388898228e-06 -3.719553940364850e-06
-5.003070691982299e-06 -2.777218679588688e-06 -4.342219792111453e-06 -2.741030544458527e-06
-4.838220700293019e-06 -3.887627331541970e-06 -4.233559350476823e-06 -3.315729181132437e-06
-4.187105402400882e-06 -5.185501939876331e-06 -3.911582670574454e-06 -3.937030689279888e-06
-4.892607965405284e-06 -5.654806815116949e-06 -4.202841102381996e-06 -4.108092480822388e-06
-5.673190081689493e-06 -6.069322527981878e-06 -4.550552911305500e-06 -4.303729256152314e-06
-5.724358491816594e-06 -4.139269208477164e-06 -4.598392026989018e-06 -3.421535617604704e-06
-5.711480345184328e-06 -3.173210455889248e-06 -4.635206657529279e-06 -2.978225018459465e-06
-5.542677379321587e-06 -5.147315167552753e-06 -4.488966156030690e-06 -3.872937046227582e-06
-6.540183134773831e-06 -6.382962336794791e-06 -4.951063153771528e-06 -4.457570719141767e-06
-7.476878844168146e-06 -6.608252378472046e-06 -5.380867721953416e-06 -4.557644154787121e-06
-6.465336492933195e-06 -4.358801278239807e-06 -4.899530737046214e-06 -3.518410696196379e-06
-6.539980850931098e-06 -3.461332816259109e-06 -4.945116491152630e-06 -3.111209277969331e-06
-8.453404275970441e-06 -6.721069065708470e-06 -5.842602023365400e-06 -4.607878221239715e-06
-7.337209341683284e-06 -5.231159692804285e-06 -5.306366709273787e-06 -3.928337896039271e-06
-7.458289684750915e-06 -3.619372251091723e-06 -5.381558931073716e-06 -3.175147764079142e-06
-8.663498014636818e-06 -5.390123927702465e-06 -5.922695673362847e-06 -4.001690872976145e-06
-9.588600691039755e-06 -6.788538690906913e-06 -6.373028886451460e-06 -4.650918377850133e-06
-8.434740896962124e-06 -3.648997291085052e-06 -5.833697108104144e-06 -3.179720034345528e-06
-1.120700644058491e-05 -6.856522772563425e-06 -7.110009813735027e-06 -4.627475074906576e-06
-9.900917510535191e-06 -4.616269541079013e-06 -6.511660430544669e-06 -3.635451895163420e-06
-9.584580659302624e-06 -3.582928411830652e-06 -6.360294663194719e-06 -3.160206562354386e-06
-1.356768874500346e-05 -6.961508419851490e-06 -8.067088718366479e-06 -4.552133618737496e-06
-1.236945925350416e-05 -5.048500212059302e-06 -7.614702829231463e-06 -3.849828856541327e-06
-1.120846332816357e-05 -3.496463053576408e-06 -7.106914242208072e-06 -3.176553443759199e-06
-1.687802514893993e-05 -7.075342495882061e-06 -9.060266555221153e-06 -4.468701190458068e-06
-1.519064409699865e-05 -5.183088015522615e-06 -8.628821228545539e-06 -3.892752069794998e-06
-1.356790355066172e-05 -3.397251530366901e-06 -8.083952453786080e-06 -3.234245937790704e-06
-2.051265849060059e-05 -7.171132117320733e-06 -1.016970732813564e-05 -4.525522659582570e-06
-1.866601632316216e-05 -5.183651390704911e-06 -9.616438413347698e-06 -3.896257685016270e-06
-1.687780362335599e-05 -3.290239589347260e-06 -9.122843174248614e-06 -3.314254574026000e-06
-2.430618297398901e-05 -7.250049028510982e-06 -1.143909278897279e-05 -4.619066107775554e-06
-2.238494007383259e-05 -5.184958497458612e-06 -1.079653919313268e-05 -3.911465675399649e-06
-2.051217260544084e-05 -3.197340252089150e-06 -1.021172010859497e-05 -3.229464660148618e-06
-2.822863742146127e-05 -7.312591505540033e-06 -1.296365565219726e-05 -4.684817003971754e-06
-2.624812502434094e-05 -5.186216709098149e-06 -1.220469742457044e-05 -3.901659515068869e-06
-2.430579204525724e-05 -3.121149899531340e-06 -1.149809659261312e-05 -3.131688692275876e-06
-3.225073709368647e-05 -7.360491459074917e-06 -1.466008600611467e-05 -4.788294537554787e-06
-3.022502101138367e-05 -5.187349229046035e-06 -1.385620465220354e-05 -3.873457776067873e-06
-2.822826686267096e-05 -3.061035127814177e-06 -1.304304232512677e-05 -3.045314154615642e-06
-3.634719249138023e-05 -7.395876382575744e-06 -1.640690556524884e-05 -4.814765505731055e-06
-3.428815619023739e-05 -5.188341113949916e-06 -1.560480229759185e-05 -3.843765008567915e-06
-3.225033862382758e-05 -3.015283051856283e-06 -1.476556425536156e-05 -2.947531512171922e-06
-4.049701827580481e-05 -7.420474277388028e-06 -1.821182375609583e-05 -4.751672749580278e-06
-3.841458987965209e-05 -5.189115845163261e-06 -1.739251686593868e-05 -3.801949230148064e-06
-3.634686866895623e-05 -2.981665172282260e-06 -1.656268606262566e-05 -2.873846925072847e-06
-4.468215724816646e-05 -7.435839969500930e-06 -2.005021296105016e-05 -4.720924116290538e-06
-4.258492788934833e-05 -5.189620437296600e-06 -1.919910655359265e-05 -3.769003420759876e-06
-4.049678487243062e-05 -2.958281341850774e-06 -1.835379871812206e-05 -2.800264798707803e-06
-4.888692405915843e-05 -7.443858253774385e-06 -2.181797407795556e-05 -4.677471232571813e-06
-4.678224864123954e-05 -5.189987324457624e-06 -2.098880152384470e-05 -3.747072506199007e-06
-4.468192508554680e-05 -2.943708960629731e-06 -2.012363882360792e-05 -2.772091227182504e-06
-5.791263640866966e-05 -7.199373405911471e-06 -2.555025290825375e-05 -4.497772533640124e-06
-5.731417731013053e-05 -7.447261888904768e-06 -2.530534045736995e-05 -4.598008925313153e-06
-5.077334055597264e-05 -5.190227063432025e-06 -2.268254515210364e-05 -3.702166283179203e-06
-5.309989673825511e-05 -7.446898947959492e-06 -2.362266601244161e-05 -4.621173170138585e-06
-4.888673511518736e-05 -2.936271163342828e-06 -2.191723739005505e-05 -2.746295853610769e-06
-5.816052672878145e-05 -6.600918179338945e-06 -2.565303289922488e-05 -4.255992940083843e-06
-5.674432087526034e-05 -5.190310637479050e-06 -2.510034559577736e-05 -3.689413876670915e-06
-5.309987667957017e-05 -2.933639461111569e-06 -2.366685821785809e-05 -2.797487801097856e-06
-5.816052251342344e-05 -3.779706875900658e-06 -2.570962599387821e-05 -3.089741710140138e-06
-5.731416632850861e-05 -2.933354536254163e-06 -2.536693269517061e-05 -2.744288066506593e-06
-5.791263022824342e-05 -3.181246040138188e-06 -2.561035644635701e-05 -2.844583526543821e-06
