7.774200479192817e-05 -1.272176776935929e-05 1.479428634981917e-06 5.238339388288631e-07
7.801999078995498e-05 -1.205071028351324e-05 1.544615102245178e-06 6.768184201483696e-07
7.801989615750552e-05 -8.887012125048458e-06 1.617681028957193e-06 1.327406248485972e-06
7.774189594148310e-05 -8.215927240282306e-06 1.562876472404549e-06 1.470195477254436e-06
7.707089589513368e-05 -1.299971629826275e-05 1.326773142098526e-06 4.588888315355852e-07
7.581187037784652e-05 -1.046882814285708e-05 1.128018974195844e-06 9.756004351865262e-07
7.707076212658270e-05 -7.937963657265825e-06 1.426074577940299e-06 1.530032056229358e-06
7.234537566404973e-05 -1.299859174611409e-05 3.105731191587410e-07 3.838958058327210e-07
7.234511017142835e-05 -7.938546910290933e-06 4.231009426583514e-07 1.541826281829906e-06
6.973795930895261e-05 -1.046821868506706e-05 -2.191930623372826e-07 9.726256824935331e-07
6.762401122218605e-05 -1.299488076817409e-05 -6.749386968388994e-07 4.326236729408359e-07
6.762346076791124e-05 -7.940752121825748e-06 -5.892934033559441e-07 1.576423496803868e-06
6.526537020442706e-05 -1.046734137956073e-05 -1.251074492028984e-06 9.101425253529521e-07
6.290931681101586e-05 -1.299007137764005e-05 -1.598508621310022e-06 5.145216933819169e-07
6.290853079333024e-05 -7.943478306017331e-06 -1.773439181331811e-06 1.533126747790408e-06
6.055407492584173e-05 -1.046629540748573e-05 -2.225793199381212e-06 9.243888759434585e-07
5.820173454086140e-05 -1.298501902421439e-05 -2.432914966760152e-06 5.325899441816574e-07
5.820063304239105e-05 -7.946521787346625e-06 -2.818090773878881e-06 1.455782871838710e-06
5.584990973448763e-05 -1.046540897567622e-05 -3.043360460243407e-06 9.660459843634804e-07
5.350225416817987e-05 -1.297816106657028e-05 -3.105498478504865e-06 7.021461967088997e-07
5.350105208230119e-05 -7.951935947271648e-06 -3.502292191150745e-06 1.230803574602548e-06
5.115588788347059e-05 -1.046474818243053e-05 -3.499456900273792e-06 1.040707027677340e-06
4.881597581140680e-05 -1.296789978412110e-05 -3.630029009123812e-06 8.777108484284532e-07
4.881493832391314e-05 -7.961172781618002e-06 -3.710635883101216e-06 9.999383536938318e-07
4.647929656746903e-05 -1.046434996567022e-05 -3.595074043646794e-06 1.060470656595829e-06
4.415215063876898e-05 -1.295332837178157e-05 -3.771611781420921e-06 1.030807876617841e-06
4.415143535206094e-05 -7.975396114011847e-06 -3.602325222756606e-06 8.737464118530129e-07
4.183007078923032e-05 -1.046437116672493e-05 -3.390158502028379e-06 1.066902635320869e-06
3.952037457778458e-05 -1.293462067463268e-05 -3.474960808292205e-06 1.195119544913011e-06
3.951986977046153e-05 -7.994415167992106e-06 -3.276057878691349e-06 7.737585444120730e-07
3.721667105282003e-05 -1.046466731697244e-05 -2.994479095833161e-06 1.068561147281276e-06
3.492714878755991e-05 -1.291328275576825e-05 -3.017178124110827e-06 1.304267114771087e-06
3.492672103492478e-05 -8.016660190668978e-06 -2.854131382837536e-06 8.326733791269766e-07
3.264398229859314e-05 -1.046511800185335e-05 -2.617547277585088e-06 1.060511431841416e-06
3.037620323179485e-05 -1.288943461855450e-05 -2.573464316855893e-06 1.274060544369943e-06
3.037600056753717e-05 -8.041600223027049e-06 -2.473018890379048e-06 9.711287879605945e-07
2.820676187405691e-05 -1.046541480321314e-05 -2.292086779072058e-06 1.079974159502942e-06
2.605394811275285e-05 -1.286196587995629e-05 -2.213651733217554e-06 1.257674330969490e-06
2.605380397472900e-05 -8.071230442011576e-06 -2.205932833269974e-06 1.107801521471428e-06
2.444419470575299e-05 -1.065157509870210e-05 -2.140109204791203e-06 1.133750003946086e-06
2.281737532675714e-05 -1.283521155851781e-05 -2.084621103033790e-06 1.249244222769992e-06
2.281669172933904e-05 -8.099751918101122e-06 -2.162878767655126e-06 1.084779503583831e-06
2.048822530550352e-05 -1.281085065658925e-05 -2.059600716974729e-06 1.228160118915168e-06
2.093610718541047e-05 -1.126934671575399e-05 -2.056082191575431e-06 1.203381340466253e-06
2.048694703077035e-05 -8.118750424624326e-06 -2.062654755608618e-06 1.114225324168862e-06
1.880896046725452e-05 -8.139371038167490e-06 -2.064990646576300e-06 1.174038355912778e-06
-3.135690763166125e-06 -6.564521868646003e-07 4.536732276277132e-07 6.304712631845379e-07
-3.198159230628634e-06 -5.061296941031001e-07 4.602342614275428e-07 6.144344950648685e-07
-3.197742541984334e-06 5.350091831349021e-08 4.683173061219092e-07 5.534600973159623e-07
-3.135596930869009e-06 2.015857550867322e-07 4.628452685072737e-07 5.358573989135903e-07
1.880700019860476e-05 -1.279328511505549e-05 -2.063440045314504e-06 1.222426545157631e-06
1.729571363782490e-05 -1.269094462033379e-05 -2.074882535142384e-06 1.215981591545077e-06
1.846330702894143e-05 -9.886155704537117e-06 -2.047980425332963e-06 1.195011898514558e-06
1.729228696633553e-05 -8.029379432259404e-06 -2.084169741569186e-06 1.221000069761538e-06
-2.986041655516224e-06 -7.186694362727956e-07 4.382914787267081e-07 6.375084398595726e-07
-2.835304542646035e-06 -1.049847069191870e-07 4.294719303347968e-07 5.730427693250184e-07
-2.987360062590230e-06 2.633120046554690e-07 4.472430005221803e-07 5.285760180449017e-07
1.681224419939081e-05 -1.125914146973579e-05 -2.072688231033507e-06 1.219757287687855e-06
1.581395660881791e-05 -1.241442692746772e-05 -2.074636552638026e-06 1.220868975384052e-06
1.438503378447892e-05 -1.197913713385483e-05 -2.055574332179451e-06 1.261357625325734e-06
1.635869901331129e-05 -9.293948618329466e-06 -2.085864954619206e-06 1.235287806476900e-06
1.583926950406010e-05 -7.667235523316214e-06 -2.087437243276890e-06 1.229486550830457e-06
-1.972064610532277e-06 -7.353611530163077e-07 3.286102047990236e-07 6.593658845343622e-07
-1.971503816861429e-06 2.803427413497798e-07 3.343651148417780e-07 5.303900887492896e-07
-1.446432746815739e-06 -2.277258956831321e-07 2.637824268700878e-07 6.037468572238531e-07
1.302832040695347e-05 -1.138305485400201e-05 -1.999622489283955e-06 1.310617584812463e-06
1.419362884890467e-05 -1.049487306894556e-05 -2.060747622588921e-06 1.271229622797915e-06
1.468753084834835e-05 -8.630771989478030e-06 -2.068843634781068e-06 1.237282317463020e-06
1.448818074704341e-05 -7.068364847187637e-06 -2.057009761809119e-06 1.200039982272036e-06
-8.772245707936010e-07 -8.291112430550460e-07 1.952042613276481e-07 7.013426104597807e-07
-8.775847442644957e-07 3.726754218294445e-07 1.838348371835218e-07 5.018418143280649e-07
-2.306632677772095e-07 -2.287087168026944e-07 9.977765362410166e-08 6.059091135026763e-07
1.175488200713089e-05 -1.064596107669687e-05 -1.936102093223740e-06 1.327072958435517e-06
1.058729539938665e-05 -9.778322802016757e-06 -1.924085028786115e-06 1.321095605621880e-06
1.296067921297048e-05 -8.338645524084277e-06 -2.008130572255730e-06 1.225805498767816e-06
1.327745478210697e-05 -6.250972267237227e-06 -2.034601290938837e-06 1.179273267766629e-06
5.110881791914711e-07 -1.032070148454462e-06 -1.895940089003047e-08 7.690433699529159e-07
5.108782814912763e-07 5.737401300959075e-07 -1.561142307701155e-08 4.424226619726050e-07
1.088310220226238e-05 -8.435367381913602e-06 -1.946085139096383e-06 1.270106850913296e-06
9.537139634368714e-06 -8.787147173623683e-06 -1.833985770000111e-06 1.296341640641851e-06
1.137897875970579e-05 -6.915520994920236e-06 -1.979609347237997e-06 1.209542747802071e-06
1.224066460935337e-05 -5.251732829959799e-06 -2.037747028416143e-06 1.147909657005758e-06
1.327160271511905e-06 -2.297495981168598e-07 -2.069906736018167e-07 5.974058157327233e-07
2.296988722312059e-06 -1.324829073976572e-06 -4.032324694881963e-07 7.784718255864325e-07
2.295308025790945e-06 8.665513361514163e-07 -4.323531756226965e-07 3.411608406368901e-07
8.608492334922706e-06 -7.693252411352769e-06 -1.733648552596111e-06 1.244212564167993e-06
7.822130557341336e-06 -6.518810104170436e-06 -1.653453315443603e-06 1.198030030686737e-06
7.179732374602619e-06 -5.265893836450632e-06 -1.558585608159038e-06 1.137769545861020e-06
1.036785657357653e-05 -5.543503420020452e-06 -1.890553604828197e-06 1.160995222742990e-06
1.140489305436276e-05 -4.107580116652030e-06 -1.999924117882886e-06 1.043169590822553e-06
3.075860264243117e-06 -2.335400351315842e-07 -5.722947102786789e-07 5.492157580384973e-07
4.031653974559398e-06 -1.613536944077730e-06 -7.756157307446884e-07 8.260478185326794e-07
4.031141967213157e-06 1.165029410999231e-06 -8.061447534368384e-07 2.020839062865305e-07
8.496227004735570e-06 -5.268774383764890e-06 -1.693282176965924e-06 1.143212607096485e-06
6.683764381468259e-06 -3.955164706026633e-06 -1.462056605570823e-06 1.052170758328424e-06
5.618151655767258e-06 -1.859349178064211e-06 -1.141477833071918e-06 8.050662291781740e-07
6.088245690106948e-06 -2.101071092535457e-06 -1.238137555261312e-06 8.233326490522322e-07
6.348211956944076e-06 -2.588900696274274e-06 -1.317403032728330e-06 8.837178084074297e-07
9.658536721394520e-06 -3.938877966696286e-06 -1.820505632652560e-06 1.020289374490521e-06
1.078850656557385e-05 -2.864260364541607e-06 -1.966190767381637e-06 8.750268913933301e-07
4.890900033556740e-06 -4.361475024299842e-07 -9.922056307174436e-07 5.438330706793681e-07
5.597327476983019e-06 1.378875884199463e-06 -1.095827633138395e-06 1.848969567532435e-07
7.593144902579137e-06 -3.022349561386319e-06 -1.567646504699416e-06 9.510354531919985e-07
6.107486560935602e-06 -1.130034351050506e-06 -1.223979213738569e-06 6.650923624186178e-07
6.664417268759399e-06 -1.930817896427018e-06 -1.354059588906936e-06 7.882199896859309e-07
9.139423130662395e-06 -2.477523410989227e-06 -1.789248526842453e-06 8.587109703582163e-07
1.041642409349983e-05 -1.568457833939620e-06 -1.992096456438521e-06 7.347945116428601e-07
6.117230369257446e-06 4.419531836034182e-07 -1.190131599271300e-06 3.710178207515593e-07
6.033104214120344e-06 1.616450978293438e-06 -1.149853079801724e-06 1.396764125195944e-07
7.859812230201278e-06 -8.243913679124860e-07 -1.578788789116531e-06 6.184553447772154e-07
1.030326524989877e-05 -2.527877874038910e-07 -2.017773799171123e-06 5.220685066559195e-07
1.049243265416473e-05 1.068509316613343e-06 -2.137227025890816e-06 2.595199557631683e-07
7.036020366534206e-06 1.290233921711997e-06 -1.346822137492590e-06 2.146114442563177e-07
6.280556831779706e-06 2.137625693757117e-06 -1.183110645782531e-06 8.029706479514360e-09
6.572297144206291e-06 3.599364670112382e-06 -1.218693460047220e-06 -3.850090489569801e-07
9.145490174584085e-06 1.220656411730383e-06 -1.819843559569217e-06 2.510795351542482e-07
7.035588111807763e-06 5.061956685277061e-06 -1.293164813867587e-06 -8.085907384135764e-07
1.096801751587203e-05 2.416612635734382e-06 -2.340365052793220e-06 -7.231859580397109e-08
7.874243199153302e-06 3.635934629947939e-06 -1.516090747508085e-06 -3.937223605342355e-07
9.842725401000513e-06 3.748282226883676e-06 -2.065336491177701e-06 -4.370393196433444e-07
7.698793307077823e-06 6.477282484667865e-06 -1.446512703038671e-06 -1.236761570442386e-06
1.172449282922298e-05 3.750272137459407e-06 -2.639636234190972e-06 -4.374535119809019e-07
1.114357336478211e-05 5.106925679557248e-06 -2.501561919359180e-06 -8.208241472262965e-07
9.720251883055339e-06 5.975113525357284e-06 -2.064741615976635e-06 -1.086813157515398e-06
8.539175363560899e-06 7.871912925633703e-06 -1.675860408405253e-06 -1.713801738073732e-06
9.591637755786800e-06 9.204608741562182e-06 -2.004475438464572e-06 -2.173927626711150e-06
1.277218755171032e-05 5.005767055094271e-06 -3.037917077295251e-06 -7.835225606647341e-07
1.204449764457953e-05 6.679203496353982e-06 -2.819268287420283e-06 -1.322601297563811e-06
1.117881425322534e-05 8.684134477890099e-06 -2.529153720018825e-06 -2.003683368296401e-06
1.080733231982393e-05 1.045573296509003e-05 -2.400793672916104e-06 -2.596792832413937e-06
1.407494081094956e-05 6.135471439507244e-06 -3.499717160549172e-06 -1.166348496430797e-06
1.369113551335825e-05 8.681935080702843e-06 -3.393716994355817e-06 -2.058071048162355e-06
1.220985043420529e-05 1.156873523217245e-05 -2.895419122634414e-06 -2.973318957275560e-06
1.379279628810383e-05 1.254783306403965e-05 -3.458309459546339e-06 -3.305761152196584e-06
1.550962045024663e-05 1.337625108651211e-05 -4.046533900055302e-06 -3.551673678010045e-06
1.563852362992600e-05 9.240319919085601e-06 -4.055800276805412e-06 -2.290852516900613e-06
1.561878264690881e-05 7.090826155579399e-06 -4.047740008439606e-06 -1.565790374002253e-06
1.524609501669488e-05 1.142755241888546e-05 -3.954442817776060e-06 -2.955009561602700e-06
1.736506617475124e-05 1.399237034673547e-05 -4.649310468609196e-06 -3.724772972173968e-06
1.932754378983069e-05 1.440848697822432e-05 -5.212527126472316e-06 -3.820018972814959e-06
1.722862853905911e-05 9.723475864514407e-06 -4.538750997887367e-06 -2.467260206158731e-06
1.738278338353283e-05 7.789857808426392e-06 -4.579265625694427e-06 -1.857752212890836e-06
2.135038581503827e-05 1.459282350927770e-05 -5.770989083120401e-06 -3.866440211779431e-06
1.906574374301005e-05 1.156083464646102e-05 -5.126852147351643e-06 -3.043300958198441e-06
1.930686679035907e-05 8.195141332577979e-06 -5.172605860940528e-06 -2.030305903618214e-06
2.179134067659906e-05 1.187701354184193e-05 -5.861470084664351e-06 -3.144012041100227e-06
2.365006720638007e-05 1.467295454840695e-05 -6.361399809999280e-06 -3.922472502930877e-06
2.132793793283106e-05 8.302481310997945e-06 -5.750552241898711e-06 -2.102631827256977e-06
2.688181583188555e-05 1.475174442041568e-05 -7.246922763029896e-06 -3.961543949272861e-06
2.429796137204510e-05 1.031241212212957e-05 -6.512665810226471e-06 -2.713117734948303e-06
2.364620107148636e-05 8.221653833718046e-06 -6.339384565885210e-06 -2.116107262766254e-06
3.147963866108543e-05 1.486845748731408e-05 -8.481727014827475e-06 -4.054459450988146e-06
2.917142180945094e-05 1.117952063598275e-05 -7.825906703168303e-06 -3.008755163307163e-06
2.688431841409343e-05 8.118757066226298e-06 -7.199016659234891e-06 -2.098255665981019e-06
3.775714338683061e-05 1.498657952219563e-05 -1.050483130879517e-05 -4.229995767939533e-06
3.458531033345942e-05 1.144063736653923e-05 -9.485277601183832e-06 -3.049327374383398e-06
3.148069238659572e-05 8.006164246363263e-06 -8.560232563106820e-06 -1.995674578053478e-06
4.448291732584367e-05 1.507838632110247e-05 -1.280816369671612e-05 -4.386791614699481e-06
4.109214701061076e-05 1.143953783469916e-05 -1.165360688351665e-05 -3.057826834349382e-06
3.775747195469234e-05 7.892104015494685e-06 -1.061849311648063e-05 -1.888373598636031e-06
5.135599851534932e-05 1.514922731151934e-05 -1.526697430157213e-05 -4.439009000060776e-06
4.789758501862611e-05 1.143946147078509e-05 -1.400758568592609e-05 -3.087796713217299e-06
4.448283850002644e-05 7.800463520982247e-06 -1.289425841599465e-05 -1.806988733805211e-06
5.834310144524535e-05 1.520338755338339e-05 -1.772494793451174e-05 -4.382401427711333e-06
5.483282393076935e-05 1.143941047976656e-05 -1.647375709129151e-05 -3.123929349333617e-06
5.135596560930462e-05 7.729684755803422e-06 -1.528535213959633e-05 -1.828842594694367e-06
6.541722090132729e-05 1.524428148186166e-05 -2.006634931553739e-05 -4.429746750615179e-06
6.186747232109162e-05 1.143912643919786e-05 -1.889743638535903e-05 -3.156561329706289e-06
5.834313004724315e-05 7.675176423493209e-06 -1.771190163373575e-05 -1.837320864008194e-06
7.255774246294970e-05 1.527493962144814e-05 -2.242922204312024e-05 -4.435544436658556e-06
6.897794527169935e-05 1.143851056649569e-05 -2.128932651778950e-05 -3.191741790894908e-06
6.541747105857127e-05 7.633314092852177e-06 -2.016951396940617e-05 -1.847950404734038e-06
7.974821107160000e-05 1.529719163084207e-05 -2.483848922230014e-05 -4.439342559710319e-06
7.614596790722485e-05 1.143762784646501e-05 -2.369405438832439e-05 -3.192314980130877e-06
7.255806165467306e-05 7.601212092381802e-06 -2.260372189945222e-05 -1.877623078303392e-06
8.697454637009904e-05 1.531208821851180e-05 -2.728310669716796e-05 -4.469654029872316e-06
8.335658744829086e-05 1.143658140516169e-05 -2.610309135106524e-05 -3.152518319303214e-06
7.974850196727448e-05 7.577074118471609e-06 -2.502786069438482e-05 -1.914642530257435e-06
9.422428383106447e-05 1.532115335677342e-05 -2.949728782230630e-05 -4.431860384221553e-06
9.059652106309160e-05 1.143560291949280e-05 -2.844409398728515e-05 -3.195823826715671e-06
8.697474894295187e-05 7.560098323310237e-06 -2.733407466199814e-05 -1.914216679437408e-06
1.097863673843045e-04 1.489887187750767e-05 -3.459278373913867e-05 -4.370163170460599e-06
1.087542991956698e-04 1.532633998262155e-05 -3.425873691491736e-05 -4.508423760379865e-06
9.747626476156480e-05 1.143491051029722e-05 -3.057776694629459e-05 -3.182058148301753e-06
1.014869529649742e-04 1.532555142101385e-05 -3.186472854151594e-05 -4.475974623431052e-06
9.422445718857793e-05 7.549243713012370e-06 -2.961508206181811e-05 -1.971251900130869e-06
1.102138686419700e-04 1.386685025986395e-05 -3.473187443556557e-05 -4.037768695998525e-06
1.077715352242404e-04 1.143429379019121e-05 -3.395408547894018e-05 -3.247678608845362e-06
1.014871318627497e-04 7.543681424641988e-06 -3.189310451036106e-05 -1.975080010492096e-06
1.102138844225096e-04 9.001706183669925e-06 -3.478145924193026e-05 -2.433557449301968e-06
1.087543698616117e-04 7.542292404742490e-06 -3.430944960319188e-05 -1.953659266581069e-06
1.097863988233100e-04 7.969734563671726e-06 -3.464426865526090e-05 -2.093952148310404e-06
