1.547146818893110e-05 -8.968359771981506e-07 3.909401088272110e-05 -6.075375871269384e-06
1.557006298984989e-05 -6.589654527626410e-07 3.920037596926439e-05 -5.803548541359389e-06
1.556999323223644e-05 4.627777766691841e-07 3.907479806172945e-05 -4.527428990491431e-06
1.547139010792041e-05 7.006602481196495e-07 3.895320005734096e-05 -4.248620467400303e-06
1.523347576397264e-05 -9.953377063070874e-07 3.882901707311498e-05 -6.187733559625260e-06
1.478662957871388e-05 -9.805271739925964e-08 3.826991744008425e-05 -5.142059663169140e-06
1.523338527894290e-05 7.991701849180733e-07 3.866932416791941e-05 -4.133343124554420e-06
1.355703267817481e-05 -9.932357954386669e-07 3.701253426113469e-05 -6.187536127015678e-06
1.355687662957774e-05 7.974578593880793e-07 3.681602564017296e-05 -4.135039957271232e-06
1.263299754182358e-05 -9.767673175325760e-08 3.579832536549592e-05 -5.218595084255340e-06
1.188767844396632e-05 -9.845074036177906e-07 3.493994307734060e-05 -6.413912324791534e-06
1.188749614295652e-05 7.893222400629302e-07 3.476426918092052e-05 -4.124628641938984e-06
1.105910461728844e-05 -9.707625248053545e-08 3.379146132135957e-05 -5.225910884795366e-06
1.024144622497300e-05 -9.662840564868347e-07 3.257376529375101e-05 -6.595930731895614e-06
1.024189335656857e-05 7.719250957785395e-07 3.253600441067156e-05 -3.989382290144459e-06
9.430921241359413e-06 -9.662368809285948e-08 3.141944468979027e-05 -5.311842144023781e-06
8.637812168800832e-06 -9.372808511924459e-07 3.013579600700428e-05 -6.657528793089663e-06
8.638822716734228e-06 7.440665273640070e-07 2.997725672665589e-05 -3.922117666317420e-06
7.855813925068906e-06 -9.626561864752463e-08 2.877140316696078e-05 -5.324948664705584e-06
7.097401601745044e-06 -8.981683409553237e-07 2.750820410592041e-05 -6.779250856703061e-06
7.098484794396549e-06 7.063077383515818e-07 2.723205822758583e-05 -3.791704536879022e-06
6.353235040979896e-06 -9.586334646440880e-08 2.588192016524254e-05 -5.333745727960270e-06
5.638494471848597e-06 -8.504264267485364e-07 2.469263905488201e-05 -6.826508536632953e-06
5.638866354419282e-06 6.597853918616949e-07 2.432308216809806e-05 -3.770956891075486e-06
4.939761065070201e-06 -9.540731411647353e-08 2.305939687688006e-05 -5.316894193516214e-06
4.274925768238369e-06 -7.964373130653819e-07 2.169800168699553e-05 -6.846776860042211e-06
4.274745946247054e-06 6.064458997923217e-07 2.140770017122458e-05 -3.847516615525937e-06
3.627203372649507e-06 -9.498493741115878e-08 2.036069426680555e-05 -5.337958658394550e-06
3.016449200487534e-06 -7.375681073398720e-07 1.878041163263688e-05 -6.813090740724765e-06
3.016143835608518e-06 5.482003579799550e-07 1.860797030285726e-05 -3.907541708384889e-06
2.423972400659718e-06 -9.455998617505460e-08 1.772480737528722e-05 -5.320401216196480e-06
1.871553615226813e-06 -6.736306294066541e-07 1.603884475953011e-05 -6.781443371886045e-06
1.871224654283214e-06 4.848432413110699e-07 1.605533111316945e-05 -3.925238983942930e-06
1.338783227972908e-06 -9.409208443332610e-08 1.508665845677928e-05 -5.308688327994600e-06
8.501014345043229e-07 -6.026118739526525e-07 1.356874991792481e-05 -6.593268789562195e-06
8.495723458119444e-07 4.144152306461648e-07 1.370848547249110e-05 -4.056401116403401e-06
4.010360258678372e-07 -9.318514794664082e-08 1.263422137377429e-05 -5.287801924414744e-06
-1.283136362203253e-09 -5.249148746492834e-07 1.141918394004013e-05 -6.352009763459555e-06
-2.215697177251559e-09 3.349777182401025e-07 1.162145181649683e-05 -4.156290451218269e-06
-2.908666936178143e-07 -1.222392997378357e-07 1.083879152791679e-05 -5.328542430069463e-06
-5.421693713235070e-07 -4.547516316713885e-07 1.008469892516280e-05 -6.217350951269758e-06
-5.442688867548621e-07 2.639693057057516e-07 1.018393380214668e-05 -4.199659286773402e-06
-8.697812684773384e-07 -3.945816864998190e-07 9.188361315235619e-06 -6.164649165623009e-06
-8.250202756999157e-07 -2.023746470703240e-07 9.370829958476989e-06 -5.536283437369287e-06
-8.729275111813652e-07 2.193614657401018e-07 9.160104625779705e-06 -4.159507587459793e-06
-1.075042979209829e-06 1.720304339136841e-07 8.478301949461861e-06 -4.221268858508413e-06
5.073162208288525e-07 -5.394342937151433e-07 -1.282448530997084e-06 -1.046316839364757e-06
5.170551892805181e-07 -5.626481005968623e-07 -1.307554687170432e-06 -9.841989451202477e-07
5.170983181464708e-07 -6.499050329989934e-07 -1.297225377844781e-06 -7.585392026499571e-07
5.073812492291729e-07 -6.731789854732302e-07 -1.272385373109602e-06 -7.005301891256791e-07
-1.079340964048256e-06 -3.526061372402334e-07 8.519084975927059e-06 -6.184379911563077e-06
-1.231387223879392e-06 -3.058146240693700e-07 7.901545740807067e-06 -6.146159948721379e-06
-1.132407340276380e-06 -2.697842848821737e-08 8.338637279483806e-06 -4.996168925772830e-06
-1.247532948797287e-06 1.361416185675670e-07 7.826077948462026e-06 -4.194509274973867e-06
4.841659971188095e-07 -5.299723937528262e-07 -1.221107193192012e-06 -1.072558341385187e-06
4.605600899497149e-07 -6.258437679845338e-07 -1.146482832421140e-06 -8.202169061049054e-07
4.841353913503067e-07 -6.831238897992951e-07 -1.212794514800311e-06 -6.748514496574916e-07
-1.291224397868567e-06 -1.529148347607615e-07 7.701200473007658e-06 -5.531180962762855e-06
-1.359403472120252e-06 -2.352623002544961e-07 7.230168078369710e-06 -6.069068174577936e-06
-1.451956443906310e-06 -1.682953210639239e-07 6.547848116248894e-06 -5.920005957113631e-06
-1.336885150384802e-06 1.541643206736921e-08 7.465136527007464e-06 -4.722283532123563e-06
-1.374800011838507e-06 1.102241403644482e-07 7.213630032702204e-06 -4.019446567322687e-06
3.262693605682573e-07 -5.288289334557740e-07 -7.431117254326413e-07 -1.067288033148878e-06
3.256339896882858e-07 -6.876420818516810e-07 -7.404570872068652e-07 -6.470450115282678e-07
2.439356496769120e-07 -6.090244044479464e-07 -5.418179405266218e-07 -8.492038577299530e-07
-1.506512505314320e-06 -8.825117657602213e-08 5.875414592361544e-06 -5.687125085999761e-06
-1.475658951038880e-06 -5.549287201379929e-08 6.487469345389588e-06 -5.219309054797316e-06
-1.449785863115945e-06 4.541967515920573e-08 6.693957212656174e-06 -4.435138424609925e-06
-1.467090864455064e-06 8.488733300949081e-08 6.578772353748920e-06 -3.716109164619910e-06
1.548257594014031e-07 -5.148490396573094e-07 -2.913092613878135e-07 -1.111294939908255e-06
1.544709928735178e-07 -7.045485364168302e-07 -2.903996990535323e-07 -5.892722887143261e-07
5.243477670592632e-08 -6.103391282064242e-07 -1.132485878515589e-08 -8.310747085035578e-07
-1.536576512307293e-06 -2.275308284957397e-08 5.236787845925560e-06 -5.348854449461065e-06
-1.528345473893124e-06 2.521797955086259e-08 4.719562309732643e-06 -4.934281949651017e-06
-1.521629009868903e-06 5.079939029229751e-08 5.925486757263393e-06 -4.271421084727681e-06
-1.527058901692407e-06 6.036317790903276e-08 6.058793929594813e-06 -3.313896001303044e-06
-6.543030724239675e-08 -4.823721561021849e-07 3.014190515155456e-07 -1.124875119964059e-06
-6.575166742540206e-08 -7.394335262960447e-07 3.133045437291505e-07 -4.944783858328483e-07
-1.528590379396830e-06 5.862559582021734e-08 4.892055007866313e-06 -4.291328515043111e-06
-1.489430496868541e-06 6.453725897931527e-08 4.245565874275487e-06 -4.440336977360397e-06
-1.538934743203922e-06 5.274466182395543e-08 5.165516566415285e-06 -3.585824081016934e-06
-1.560416494703939e-06 1.115088335525404e-08 5.592038115053764e-06 -2.869193005809141e-06
-1.963619388694273e-07 -6.113606859025174e-07 6.501626659779857e-07 -7.736761063985849e-07
-3.527331761906016e-07 -4.341060463855387e-07 1.027224230044758e-06 -1.200620912920486e-06
-3.530027007049655e-07 -7.896509518165406e-07 1.066031858896098e-06 -2.575980286108392e-07
-1.441420581163595e-06 7.749743687538142e-08 3.813242042285012e-06 -3.852752490639900e-06
-1.362883098310956e-06 4.446119414610241e-08 3.475625370016006e-06 -3.367996404992521e-06
-1.267255812587600e-06 -1.044947587039783e-08 3.175694291268604e-06 -2.858239314346922e-06
-1.510301588075264e-06 1.489366390452125e-08 4.644473598706698e-06 -2.966788958531648e-06
-1.576154601948535e-06 -7.472845293747505e-08 5.136422581988983e-06 -2.257342878330648e-06
-4.792392685405858e-07 -6.120413023278311e-07 1.376189762772619e-06 -7.174042502485729e-07
-6.357421747427110e-07 -3.854692497683112e-07 1.794135902777788e-06 -1.325609617104495e-06
-6.352490835853406e-07 -8.404125431606470e-07 1.815148347409343e-06 -1.091803079980620e-07
-1.392610137934933e-06 -4.921093202173985e-10 3.756944241987537e-06 -2.854519305062453e-06
-1.179682068149201e-06 -1.055337682251654e-07 2.940747480177264e-06 -2.294486092268056e-06
-9.147679870947672e-07 -3.424367681937343e-07 2.476561780053109e-06 -1.384371627071991e-06
-1.010080030349794e-06 -3.066135266025744e-07 2.696971965173884e-06 -1.479737744909508e-06
-1.077109834468917e-06 -2.429759261655321e-07 2.812138481639725e-06 -1.691218512135602e-06
-1.480174645809725e-06 -9.078810061415696e-08 4.302448957907859e-06 -2.210938710397398e-06
-1.594219099186525e-06 -2.011122116028735e-07 4.821557810575260e-06 -1.730141465137947e-06
-7.776978275177436e-07 -5.806179965213686e-07 2.184642173697116e-06 -7.950427860876190e-07
-8.724963330852935e-07 -8.742835279915987e-07 2.501872928318944e-06 2.857828117307902e-08
-1.261839389365083e-06 -1.828080873865149e-07 3.343144189575013e-06 -1.860569877004551e-06
-9.949200377977214e-07 -4.585353389990693e-07 2.712136479918812e-06 -1.044862586051242e-06
-1.106869544479329e-06 -3.307102786484793e-07 2.952127327881891e-06 -1.392330934182013e-06
-1.438725634122378e-06 -2.438165283104138e-07 4.034320471416930e-06 -1.572075277961262e-06
-1.622574789362965e-06 -3.716404969925125e-07 4.577819797874939e-06 -1.149858137464856e-06
-9.637718475434684e-07 -7.154460838875220e-07 2.723400262758822e-06 -3.724211219036550e-07
-9.236525943205753e-07 -9.159470266524947e-07 2.659721344790008e-06 1.335041277971273e-07
-1.271364807104184e-06 -4.774194535476060e-07 3.437820999851037e-06 -8.729475010932721e-07
-1.654479092079303e-06 -5.729975755314302e-07 4.461815256936075e-06 -6.549619224904105e-07
-1.760050368731308e-06 -8.094764461246667e-07 4.521428138486005e-06 -9.259601090062250e-08
-1.097317555909562e-06 -8.493550579966586e-07 3.094903563172473e-06 -1.197569228510698e-08
-9.450304214076364e-07 -1.020615635791997e-06 2.750602912586901e-06 3.595678293823281e-07
-9.560737958391580e-07 -1.339904460138993e-06 2.914730435772334e-06 9.868337434136406e-07
-1.495245065259233e-06 -8.173695735966460e-07 3.945266720382631e-06 -2.268952952013972e-08
-1.007591989113237e-06 -1.703487301201769e-06 3.179952605904212e-06 1.515428637153689e-06
-1.921303679092258e-06 -1.066564699438511e-06 4.725391758884986e-06 4.892771545095320e-07
-1.222740454160508e-06 -1.333937654672440e-06 3.511534293923126e-06 9.967205572290318e-07
-1.674299192295490e-06 -1.361096688234366e-06 4.257052742683545e-06 1.034494737974623e-06
-1.133367241513207e-06 -2.073757612192433e-06 3.453218301733317e-06 1.992452830998591e-06
-2.160628164594744e-06 -1.362066302291449e-06 5.013838547981046e-06 1.059095647382724e-06
-2.024819667042934e-06 -1.700113032985313e-06 4.743132477097915e-06 1.550125612521002e-06
-1.640434788144335e-06 -1.932241560945807e-06 4.176876494168608e-06 1.812890783575800e-06
-1.317387889350185e-06 -2.477401635598831e-06 3.771308669584096e-06 2.485565423136509e-06
-1.592049430901033e-06 -2.890191097616015e-06 4.153896588725962e-06 2.957700221240941e-06
-2.499176902555621e-06 -1.663248605047845e-06 5.291547494240633e-06 1.548708558909433e-06
-2.292069110226031e-06 -2.134404654481570e-06 5.011894083125260e-06 2.117176741670244e-06
-2.037595043662739e-06 -2.736341342681845e-06 4.686259786742754e-06 2.803056592208719e-06
-1.926096059161813e-06 -3.304408909501859e-06 4.578599296538394e-06 3.358254395890016e-06
-2.925233902244205e-06 -1.958119233216392e-06 5.659433332581756e-06 2.012128885046023e-06
-2.809548195709622e-06 -2.744166924803677e-06 5.553281400671187e-06 2.813913820582802e-06
-2.345291619902783e-06 -3.684044231363042e-06 5.079033533926593e-06 3.694109699835717e-06
-2.853026982476572e-06 -4.038342196325424e-06 5.563806672270511e-06 3.899468426392469e-06
-3.422973954482795e-06 -4.359885826361472e-06 6.064228233343526e-06 4.045418206833466e-06
-3.456624493508953e-06 -2.926082837441489e-06 6.058352647349571e-06 2.991094937192687e-06
-3.445360371299373e-06 -2.227084486050866e-06 6.035264244818045e-06 2.386138824067911e-06
-3.322226589872863e-06 -3.668652487757072e-06 6.007197942086385e-06 3.566134525302106e-06
-4.068182784812921e-06 -4.605538885368702e-06 6.551913506303004e-06 4.152184378491881e-06
-4.774935537662117e-06 -4.787917852544956e-06 6.957228234517019e-06 4.210536191398921e-06
-4.006898582952366e-06 -3.085815211559442e-06 6.461076467939732e-06 3.142282425950690e-06
-4.063755471076114e-06 -2.421497315575217e-06 6.466148984182178e-06 2.649681636818539e-06
-5.517399186809408e-06 -4.884312798728213e-06 7.338110561179680e-06 4.224602406365036e-06
-4.662539008654123e-06 -3.741054195832027e-06 6.920936019398644e-06 3.612260555497615e-06
-4.756833758233396e-06 -2.522852432028698e-06 6.906418947096499e-06 2.801629649099899e-06
-5.676221128285708e-06 -3.864186939115570e-06 7.460554960081797e-06 3.661529566786330e-06
-6.392030665531354e-06 -4.947702786614191e-06 7.760755811568807e-06 4.184276853695530e-06
-5.499942726755819e-06 -2.534409009223131e-06 7.346970096048826e-06 2.852568030422080e-06
-7.649135413382966e-06 -5.010928363204599e-06 8.341365639820908e-06 4.207285347609120e-06
-6.630279120393938e-06 -3.267456585030982e-06 7.947655877320300e-06 3.327079454384783e-06
-6.388841916954241e-06 -2.471448049148133e-06 7.817279578994280e-06 2.860964618889075e-06
-9.503722721008995e-06 -5.106917611377821e-06 9.171809503334203e-06 4.244993648370005e-06
-8.558674512041585e-06 -3.600778387547257e-06 8.809866007703845e-06 3.522243309296564e-06
-7.651105508941795e-06 -2.389863370364693e-06 8.408183550323479e-06 2.878966366819653e-06
-1.212793796392358e-05 -5.208437393295671e-06 1.050487998146236e-05 4.315188471282238e-06
-1.078713926744831e-05 -3.705092827411851e-06 9.874600048261698e-06 3.567243949021049e-06
-9.504482666325836e-06 -2.297760774515463e-06 9.320590038631305e-06 2.896636869863508e-06
-1.502646624209445e-05 -5.292474627037988e-06 1.193883229274852e-05 4.439287738490877e-06
-1.355140894647348e-05 -3.704394919899633e-06 1.121965621025740e-05 3.558733241854169e-06
-1.212793110921965e-05 -2.199938024942173e-06 1.058300082384429e-05 2.833403593854886e-06
-1.806611071995030e-05 -5.362425167765083e-06 1.357331428697046e-05 4.476369575252836e-06
-1.652444858837244e-05 -3.704273314077291e-06 1.277172853432650e-05 3.561104972208230e-06
-1.502628599133099e-05 -2.116022581968498e-06 1.198628819844616e-05 2.729409711578296e-06
-2.122427515726239e-05 -5.420216023510372e-06 1.535299442231246e-05 4.560026216741627e-06
-1.962722152171486e-05 -3.704220422015594e-06 1.444191308227288e-05 3.561755406505801e-06
-1.806615954040079e-05 -2.045978261735054e-06 1.359465702428596e-05 2.692944728607551e-06
-2.447894178831887e-05 -5.466358560605105e-06 1.737609998964915e-05 4.688968914973241e-06
-2.283727220371867e-05 -3.704189312920691e-06 1.632363520935904e-05 3.575104721560242e-06
-2.122443146808140e-05 -1.988263424999722e-06 1.535801302055811e-05 2.572774688369083e-06
-2.780907969447326e-05 -5.502492228129937e-06 1.948242392269554e-05 4.718110976820343e-06
-2.613280998238008e-05 -3.704284317318210e-06 1.843108588845149e-05 3.622054664887124e-06
-2.447885271985001e-05 -1.942179080171640e-06 1.737345675305377e-05 2.469677724743053e-06
-3.119689577294746e-05 -5.530440324317107e-06 2.163413117622090e-05 4.732644411438576e-06
-2.949433988642273e-05 -3.704587862059916e-06 2.062429778922702e-05 3.654049910998289e-06
-2.780872872359155e-05 -1.906453374072545e-06 1.954036357918150e-05 2.458032779955221e-06
-3.462948633102533e-05 -5.552105269319446e-06 2.362469990334664e-05 4.775464202781703e-06
-3.290641259564486e-05 -3.705006099376109e-06 2.270600818932726e-05 3.692790072895199e-06
-3.119653260017513e-05 -1.879137123683674e-06 2.173308469715334e-05 2.563203987410686e-06
-3.809633374378369e-05 -5.567859073269821e-06 2.554270770328736e-05 4.794779393661432e-06
-3.635803459293229e-05 -3.705369367368903e-06 2.461752375869399e-05 3.716867699943819e-06
-3.462926972834973e-05 -1.858269630559027e-06 2.370929566829283e-05 2.676903027419352e-06
-4.558078660028341e-05 -5.373398620540935e-06 2.967808604914945e-05 4.714607919883770e-06
-4.508412472574245e-05 -5.579063775815742e-06 2.939391681083695e-05 4.829938407325310e-06
-3.965673852949978e-05 -3.705756307556727e-06 2.641179927451052e-05 3.756259863261667e-06
-4.158559196151000e-05 -5.576859675737120e-06 2.746928161499469e-05 4.792798579692805e-06
-3.809610910372747e-05 -1.843331854401217e-06 2.557957826051850e-05 2.766262766025754e-06
-4.578651700656560e-05 -4.876825164973020e-06 2.979582273914402e-05 4.432940454835384e-06
-4.461073114316357e-05 -3.706085591682242e-06 2.912052076290798e-05 3.760207193541186e-06
-4.158545385954005e-05 -1.834947124568534e-06 2.747147529429767e-05 2.747291813049295e-06
-4.578644473887246e-05 -2.535397622689544e-06 2.979323050621141e-05 3.085765693603373e-06
-4.508402055312888e-05 -1.833126467260385e-06 2.939390978945469e-05 2.692854508333135e-06
-4.558070265692754e-05 -2.038803857929285e-06 2.967611554596778e-05 2.806888729546021e-06
