6.494996294427066e-05 -8.334174611043164e-06 -1.595921159497175e-05 3.634776590425300e-06
6.521232351394538e-05 -7.700799516608220e-06 -1.599672572232125e-05 3.545998518156284e-06
6.521192679360654e-05 -4.714991368623130e-06 -1.605214659622888e-05 3.196196892016646e-06
6.494952208669678e-05 -4.081608613698878e-06 -1.602510004924601e-05 3.125960478548031e-06
6.431655814107172e-05 -8.596515870475828e-06 -1.587152217689074e-05 3.672794969661014e-06
6.312825368377271e-05 -6.207828141954330e-06 -1.577404667474931e-05 3.377810313329434e-06
6.431606875623520e-05 -3.819264287171611e-06 -1.595708932222405e-05 3.096116812339306e-06
5.985685088716233e-05 -8.595754519249670e-06 -1.525584884846950e-05 3.744264385991053e-06
5.985623225826195e-05 -3.819850418118132e-06 -1.538517241270270e-05 3.033784535505730e-06
5.739485577703898e-05 -6.207770648589843e-06 -1.493938027938418e-05 3.374394507529766e-06
5.539920541620572e-05 -8.593239541565415e-06 -1.464491131032209e-05 3.759128441990121e-06
5.539854219923288e-05 -3.822247583915603e-06 -1.465206007177472e-05 2.929762517915451e-06
5.317150539220990e-05 -6.207392619511944e-06 -1.420720779953228e-05 3.371400890001089e-06
5.094787223577612e-05 -8.587215090949640e-06 -1.392672343583642e-05 3.839667133013970e-06
5.094765425589506e-05 -3.827228187078142e-06 -1.371418931837390e-05 2.956143440913914e-06
4.872553940525154e-05 -6.207044863813160e-06 -1.342139288422283e-05 3.354743507988373e-06
4.651002770537035e-05 -8.576791973668795e-06 -1.306314401926735e-05 3.853506992255998e-06
4.650940667841175e-05 -3.836604832330537e-06 -1.289088346764644e-05 2.913309962752450e-06
4.429697024305205e-05 -6.206543890420629e-06 -1.263984686752142e-05 3.341985665708765e-06
4.209490788079291e-05 -8.560269585213886e-06 -1.228599876395280e-05 3.789663069746895e-06
4.209404643885463e-05 -3.852112742701220e-06 -1.217443176556491e-05 2.936907217592566e-06
3.989720880736775e-05 -6.206036540076739e-06 -1.185901292928144e-05 3.343143282435554e-06
3.771603970100870e-05 -8.535304767435886e-06 -1.151073796862476e-05 3.807941681628222e-06
3.771504712460023e-05 -3.876102263457791e-06 -1.128502789153864e-05 2.763633430245603e-06
3.554219836553014e-05 -6.205442471193784e-06 -1.074839706564552e-05 3.324565402227350e-06
3.339153249365763e-05 -8.499506227035533e-06 -1.049776385987279e-05 3.884121835279801e-06
3.339066876260031e-05 -3.910780821698348e-06 -1.018388851659482e-05 2.621912074282395e-06
3.125208913017734e-05 -6.204812511729385e-06 -9.498083249037426e-06 3.289674209315390e-06
2.914307622795994e-05 -8.451422968639931e-06 -9.272555684138191e-06 3.844217144933811e-06
2.914242024946832e-05 -3.957583460188477e-06 -8.929656637494433e-06 2.561347269121744e-06
2.704987168483315e-05 -6.203902879004966e-06 -8.299853364716230e-06 3.222475653007761e-06
2.499521459753810e-05 -8.389487861604121e-06 -8.174468729352278e-06 3.665986656602655e-06
2.499492170302771e-05 -4.017630540552148e-06 -7.782183874553024e-06 2.713445741846885e-06
2.296084931344611e-05 -6.202846485603298e-06 -7.489081287497682e-06 3.150804443659141e-06
2.097306491822056e-05 -8.313179346888162e-06 -7.373453271379732e-06 3.538745836047889e-06
2.097270809700370e-05 -4.091981751551420e-06 -6.984777099140882e-06 2.812365319963533e-06
1.908804158785407e-05 -6.201207337682893e-06 -6.881185821892644e-06 3.084839564565076e-06
1.725604362846936e-05 -8.223346169805641e-06 -6.752383005185841e-06 3.532256224122149e-06
1.725517544882664e-05 -4.182941874570390e-06 -6.422097295443921e-06 2.788389254454767e-06
1.589678689215799e-05 -6.353333933042864e-06 -6.387393700047783e-06 3.049795940665832e-06
1.456251738330164e-05 -8.138254909357337e-06 -6.179994133446940e-06 3.526764476629436e-06
1.455969219672019e-05 -4.269082153513048e-06 -6.080475425653252e-06 2.682152666551575e-06
1.268365335898464e-05 -8.062646245403741e-06 -5.658640147718582e-06 3.589150928631680e-06
1.302687246348075e-05 -6.844122330123189e-06 -5.774139994440478e-06 3.185978173364282e-06
1.267935885839859e-05 -4.324993713676833e-06 -5.626567996723418e-06 2.622259038974676e-06
1.135920811706831e-05 -4.385372041600163e-06 -5.241212141923536e-06 2.497441449738857e-06
-1.536571135772202e-06 -1.305579118636019e-07 7.954614326990169e-07 -4.374326354888041e-07
-1.567044422178461e-06 -5.727999567864620e-08 8.073449802558796e-07 -4.712925246651985e-07
-1.566894094866246e-06 2.157130894086542e-07 8.171660144411908e-07 -5.892684154303697e-07
-1.536577138413462e-06 2.880059920582260e-07 8.077126499177502e-07 -6.195686309428883e-07
1.135394079250225e-05 -8.008919825808456e-06 -5.267300540856427e-06 3.643001809639338e-06
1.019511647046404e-05 -7.893862407437512e-06 -4.826480211191345e-06 3.648557428352396e-06
1.107173564626036e-05 -5.747472822148594e-06 -5.203037257388438e-06 2.863699420703750e-06
1.017639838064953e-05 -4.347789105952517e-06 -4.880243782203399e-06 2.355400765422191e-06
-1.463622116601024e-06 -1.608473995022008e-07 7.666038698461902e-07 -4.224893569928423e-07
-1.390127899713304e-06 1.385926468167595e-07 7.510491497079918e-07 -5.479193107232468e-07
-1.464233878512472e-06 3.182204058014540e-07 7.816812388815378e-07 -6.293129077387622e-07
9.813156002632422e-06 -6.787389116802832e-06 -4.699224206440471e-06 3.251266923999615e-06
9.080242570851807e-06 -7.638919166451486e-06 -4.427269071184003e-06 3.561330687626980e-06
8.036216893094074e-06 -7.281813693881848e-06 -4.030788875702689e-06 3.417671733124541e-06
9.465238006482141e-06 -5.310553817610189e-06 -4.592562751782817e-06 2.688676782677482e-06
9.081297141448303e-06 -4.132590286604518e-06 -4.448580150162706e-06 2.177412477663080e-06
-9.691381587442291e-07 -1.687805486097523e-07 6.018212264908939e-07 -3.779450016408785e-07
-9.686658731376381e-07 3.273538233688669e-07 6.048421865729507e-07 -6.023453776323001e-07
-7.122508792415089e-07 7.953333125449593e-08 4.796498270833914e-07 -4.871691491968903e-07
7.078687769947724e-06 -6.804464900995346e-06 -3.611613746582966e-06 3.246002781158231e-06
7.884951144772463e-06 -6.180669843650271e-06 -3.961293615118205e-06 3.001902104185089e-06
8.239489789014202e-06 -4.838824960133544e-06 -4.094149876904407e-06 2.463504101615479e-06
8.089361114642234e-06 -3.759442630063517e-06 -4.007723209027202e-06 1.938074670246022e-06
-4.337176599820064e-07 -2.149511369895739e-07 3.545968202278041e-07 -3.727022317810838e-07
-4.336363856642508e-07 3.743576628938366e-07 3.432720993699844e-07 -5.847424388782630e-07
-1.163284381295880e-07 7.985675151289445e-08 2.081595353917062e-07 -4.586320457277632e-07
6.201225922474305e-06 -6.247832225478565e-06 -3.209514301639231e-06 3.039141090755423e-06
5.432688632137896e-06 -5.621949033425240e-06 -2.907290124474434e-06 2.815298213084022e-06
7.018294886460598e-06 -4.638748412304577e-06 -3.508171893272455e-06 2.365683972155312e-06
7.223484501567649e-06 -3.240202349562186e-06 -3.564463201536715e-06 1.685152604230058e-06
2.481768980208423e-07 -3.153126474212492e-07 -1.124470081476046e-08 -1.988781558127764e-07
2.482195708941896e-07 4.751666521513915e-07 2.064911156743493e-08 -6.216915002971991e-07
5.629176179398701e-06 -4.694730562526136e-06 -2.977438120356059e-06 2.435038449488903e-06
4.773528145260303e-06 -4.922635892051523e-06 -2.570989162781071e-06 2.537759608095245e-06
5.948502183752930e-06 -3.689740474388066e-06 -3.067255010813357e-06 1.930632710565976e-06
6.499912300831989e-06 -2.624900175081174e-06 -3.282970756320535e-06 1.437941121850531e-06
6.502048048920956e-07 7.981323391840365e-08 -1.851262948817671e-07 -3.740908423202781e-07
1.129073533753654e-06 -4.610749037315484e-07 -4.178022947104976e-07 -4.028081635836988e-08
1.128080792494016e-06 6.218242235463349e-07 -3.861552568247945e-07 -6.342737155086864e-07
4.204463442763289e-06 -4.181647947109712e-06 -2.256034795847687e-06 2.164994702813208e-06
3.761047026083444e-06 -3.433497344619690e-06 -1.992071767340971e-06 1.815219879469113e-06
3.431015695529463e-06 -2.655364804064786e-06 -1.796712542239968e-06 1.444750763658858e-06
5.304769241781135e-06 -2.814928138241100e-06 -2.755484487361497e-06 1.529583963438463e-06
5.927654001798010e-06 -1.950404778542692e-06 -3.054800321989094e-06 1.095148335350090e-06
1.513848740633884e-06 7.777960990894635e-08 -5.979239543531236e-07 -2.862446223797875e-07
1.986582055157086e-06 -6.043515261927144e-07 -8.826103365204338e-07 1.447265988731437e-07
1.987195234668422e-06 7.717745144480190e-07 -8.657617931912342e-07 -6.233454093804411e-07
4.179318266535304e-06 -2.647274097396395e-06 -2.191746614696670e-06 1.446984384337240e-06
3.190352344894606e-06 -1.879322921598347e-06 -1.652521944969361e-06 1.026286908862491e-06
2.753480384234745e-06 -7.249469227670292e-07 -1.309310022133576e-06 2.678887046239460e-07
2.968168320982309e-06 -8.495362763291934e-07 -1.440383116025554e-06 3.660121026722281e-07
3.072213149663789e-06 -1.109615927224345e-06 -1.523813395184824e-06 5.474696705174758e-07
4.863111699140125e-06 -1.854037326325350e-06 -2.554230793587645e-06 1.034337748232732e-06
5.498489638187818e-06 -1.251182717236499e-06 -2.910060630314345e-06 7.134383788564385e-07
2.410910412756628e-06 -2.349142828949079e-08 -1.118732024568355e-06 -1.474069494182489e-07
2.783907042898485e-06 8.819775203039299e-07 -1.316227038226173e-06 -6.504515392426048e-07
3.711687132516041e-06 -1.337002357244386e-06 -1.940808753735257e-06 7.219691312555598e-07
2.996630674815705e-06 -3.592747324816721e-07 -1.445990873966532e-06 7.150913588570800e-08
3.252206641823651e-06 -7.611617351382345e-07 -1.622541898786760e-06 3.307978791648410e-07
4.559531466469392e-06 -1.036838478238843e-06 -2.423528694689937e-06 5.879406724232305e-07
5.220788021792826e-06 -5.623345828691899e-07 -2.856142187149025e-06 3.044004018549429e-07
3.035565587860706e-06 4.226510685778234e-07 -1.462560743970458e-06 -3.765309073240774e-07
3.021536784965682e-06 9.981279881768449e-07 -1.426309189374265e-06 -7.141818795238165e-07
3.878929731674483e-06 -1.748143285921502e-07 -2.016921448630964e-06 1.831454894735404e-08
5.111658283533084e-06 1.076591636151953e-07 -2.823143217605728e-06 -1.169995314342125e-07
5.127047637247250e-06 7.445412690052911e-07 -2.852530078433292e-06 -5.228088335875643e-07
3.510373004811497e-06 8.504344814405699e-07 -1.750513263032714e-06 -6.076674681833072e-07
3.164757167474927e-06 1.238048194934557e-06 -1.488470265247171e-06 -8.684064077595064e-07
3.348536708040547e-06 1.882253550392321e-06 -1.547401891985417e-06 -1.332972352132855e-06
4.503785197015028e-06 8.382106492975120e-07 -2.422641450661934e-06 -5.801469376515893e-07
3.605101745614876e-06 2.478682093204795e-06 -1.671974113213266e-06 -1.834078524945104e-06
5.274949195517234e-06 1.378290069245376e-06 -2.992759738800807e-06 -9.240826252444705e-07
3.939765406180146e-06 1.913395698694291e-06 -1.993299348733867e-06 -1.321437797604009e-06
4.781520562264307e-06 1.960711355562164e-06 -2.622356038361502e-06 -1.343230196357123e-06
3.917252541844451e-06 3.036087953667162e-06 -1.879785327369560e-06 -2.325530049924780e-06
5.527576447095971e-06 1.961544833787291e-06 -3.311472581596807e-06 -1.350284810985682e-06
5.281590953120677e-06 2.513822615206477e-06 -3.109454709079158e-06 -1.794316162863749e-06
4.735336297099631e-06 2.849707348354274e-06 -2.582011853768205e-06 -2.116327461051273e-06
4.286221753746066e-06 3.542579140845080e-06 -2.190758114549946e-06 -2.851711870745223e-06
4.700297300923330e-06 3.996968867780110e-06 -2.577119840248693e-06 -3.335380084482561e-06
5.868800456207535e-06 2.485690167518671e-06 -3.737951282532015e-06 -1.726990333438303e-06
5.600896214817510e-06 3.107508974622600e-06 -3.453209382608399e-06 -2.345130015024065e-06
5.290933314136946e-06 3.811684886534683e-06 -3.137271171884104e-06 -3.140298491327102e-06
5.160338548746560e-06 4.394436403323375e-06 -3.012939049784352e-06 -3.839594670001687e-06
6.287168990972167e-06 2.931065885864602e-06 -4.300797803878945e-06 -2.098025557294079e-06
6.152635246527455e-06 3.801786672312036e-06 -4.131310836042713e-06 -3.115552569977437e-06
5.654069190200851e-06 4.735934054068233e-06 -3.515167875261790e-06 -4.316611613363535e-06
6.173496914970425e-06 5.014212571007906e-06 -4.154001080581214e-06 -4.781074195769343e-06
6.716248959046092e-06 5.226621286515593e-06 -4.871356531627618e-06 -5.177871731821248e-06
6.767119967284762e-06 3.982416497896721e-06 -4.954211454182148e-06 -3.351291834506559e-06
6.766357839421700e-06 3.286115389047762e-06 -4.945931330929961e-06 -2.438464260918016e-06
6.647284284265369e-06 4.657307632014939e-06 -4.759475223392824e-06 -4.305611354706678e-06
7.270972571599802e-06 5.378012424532637e-06 -5.714670863108061e-06 -5.459210359113817e-06
7.832454170187470e-06 5.463633004038882e-06 -6.597965497528351e-06 -5.654856551516372e-06
7.245156930758135e-06 4.136133020803345e-06 -5.675974824392456e-06 -3.572754223467027e-06
7.288080345362530e-06 3.548084346435821e-06 -5.744963920801167e-06 -2.724990829405675e-06
8.396328229357170e-06 5.485985616286909e-06 -7.495529715696566e-06 -5.755752040030258e-06
7.776340147385942e-06 4.669709578832505e-06 -6.487118895991082e-06 -4.378693367344451e-06
7.837747747065758e-06 3.711390229232360e-06 -6.598571910928194e-06 -2.899409708416452e-06
8.522197478204768e-06 4.750945777989375e-06 -7.716024430966724e-06 -4.519444685183082e-06
9.006540910586367e-06 5.474946288597542e-06 -8.581754862296378e-06 -5.807521539706417e-06
8.399596622688622e-06 3.770231017241482e-06 -7.487329572010722e-06 -2.917176751982101e-06
9.836861499894924e-06 5.464267027245105e-06 -1.010639472146587e-05 -5.864964277394789e-06
9.186395444058561e-06 4.336388360212507e-06 -8.888434056018440e-06 -3.799603632089844e-06
9.007167187102690e-06 3.781248968089485e-06 -8.587534776245184e-06 -2.844329137199161e-06
1.095699308085786e-05 5.448781029428312e-06 -1.231438736516231e-05 -5.944355617498626e-06
1.040724568352010e-05 4.563811324940798e-06 -1.115695766271614e-05 -4.152366448576877e-06
9.836655652109265e-06 3.794924352702538e-06 -1.005777237230390e-05 -2.745791773321082e-06
1.240861900076625e-05 5.433200957696251e-06 -1.544679055111124e-05 -6.027572819528581e-06
1.168716025169662e-05 4.628733973581095e-06 -1.380978038070868e-05 -4.269226532452784e-06
1.095709509158533e-05 3.809614706672234e-06 -1.224107129656707e-05 -2.587649463837437e-06
1.389728824072616e-05 5.420397919988389e-06 -1.894742180911038e-05 -6.049404604098006e-06
1.315685028477379e-05 4.628846170171626e-06 -1.714019105516505e-05 -4.220623319748724e-06
1.240881673864671e-05 3.824501772038796e-06 -1.540266481389659e-05 -2.466718941995562e-06
1.536313750012802e-05 5.407724256237773e-06 -2.242018181128325e-05 -5.982775205277099e-06
1.463402029079494e-05 4.629226465647961e-06 -2.068697089001473e-05 -4.161933950775204e-06
1.389721170282046e-05 3.837789456312407e-06 -1.886347444584432e-05 -2.315645079227339e-06
1.680387924774071e-05 5.393006574811200e-06 -2.578422740415137e-05 -5.868245295028856e-06
1.608797031578130e-05 4.629592528362400e-06 -2.417037808106748e-05 -4.122279847249036e-06
1.536287266168809e-05 3.851239732478078e-06 -2.241410900802222e-05 -2.227958006487121e-06
1.821432282011814e-05 5.375650927037856e-06 -2.906314263316723e-05 -5.773713810506249e-06
1.751447265741526e-05 4.629804337286348e-06 -2.752325837809399e-05 -4.083995397795905e-06
1.680359577619670e-05 3.866477880416705e-06 -2.589975141390725e-05 -2.263545638743970e-06
1.958904176275423e-05 5.356400591906562e-06 -3.227843949459383e-05 -5.703623791993247e-06
1.890778799755774e-05 4.629939728479191e-06 -3.075367863134777e-05 -4.049145971539213e-06
1.821400015288320e-05 3.884029485427197e-06 -2.923332196952751e-05 -2.328433073817091e-06
2.092640340512411e-05 5.337914838962563e-06 -3.528532599887214e-05 -5.547453626178302e-06
2.026372162997086e-05 4.629981702212999e-06 -3.384213243423112e-05 -4.023062221633588e-06
1.958889624434116e-05 3.903423381976484e-06 -3.235910748436653e-05 -2.398936115209796e-06
2.223105913876713e-05 5.323491374972473e-06 -3.805960959232848e-05 -5.396099962073868e-06
2.158342796321656e-05 4.630024383912178e-06 -3.666684806189332e-05 -4.002714336377231e-06
2.092635476835994e-05 3.922044862942659e-06 -3.523841779916988e-05 -2.506347798995520e-06
2.351348453777453e-05 5.314466033985988e-06 -4.045171417477410e-05 -5.226527144508232e-06
2.287500535065914e-05 4.630017798066982e-06 -3.928012936347772e-05 -4.008951986271644e-06
2.223114698222725e-05 3.936613982889135e-06 -3.793571494848503e-05 -2.589603523449843e-06
2.623204461918142e-05 5.235271656445471e-06 -4.506848700749632e-05 -4.981320821174334e-06
2.605190899035875e-05 5.309901076351427e-06 -4.477199989720449e-05 -5.103694888887569e-06
2.408374674572975e-05 4.630156569117165e-06 -4.151423743931894e-05 -3.984468285436202e-06
2.478436744741740e-05 5.310409473931791e-06 -4.269615273502226e-05 -5.161843546797983e-06
2.351330535820928e-05 3.945796419566875e-06 -4.050425940221401e-05 -2.698241765119289e-06
2.630665274184216e-05 5.055106236755964e-06 -4.519412587272021e-05 -4.686923556170217e-06
2.588051183637508e-05 4.630463240757823e-06 -4.453881591282410e-05 -4.011266290689256e-06
2.478416385746843e-05 3.950084246346976e-06 -4.275388682957726e-05 -2.864925916656631e-06
2.630650250756665e-05 4.205925039730301e-06 -4.527656848618746e-05 -3.290937618594020e-06
2.605171756709599e-05 3.951098230866940e-06 -4.485958319048638e-05 -2.864827240701257e-06
2.623187679383387e-05 4.025740873214242e-06 -4.515643825364092e-05 -2.989783678649801e-06
