-1.412778435148096e-04 1.984253378169401e-05 8.779923201252935e-07 -2.297455080432728e-07
-1.418512026026398e-04 1.845856789653531e-05 9.052891455451300e-07 -1.635874216873232e-07
-1.418510177826888e-04 1.193373446025230e-05 7.664705976869160e-07 3.520945101678117e-08
-1.412776318435120e-04 1.054971262970015e-05 7.203119141887295e-07 1.170850865524945e-07
-1.398936841411694e-04 2.041574518350394e-05 8.090386837306894e-07 -2.559959981432998e-07
-1.372968274751698e-04 1.519605245570332e-05 6.482042565979715e-07 -3.650993479539348e-08
-1.398934244134598e-04 9.976468286985177e-06 6.249366026126635e-07 1.508144553333453e-07
-1.301469844042028e-04 2.041237018709973e-05 4.456090102960743e-07 -2.060713475756649e-07
-1.301464766635390e-04 9.978749265600451e-06 1.700883328878877e-07 1.745694563236991e-07
-1.247680704744295e-04 1.519504393087619e-05 8.744772735706839e-08 -4.278526473830733e-08
-1.204101972466013e-04 2.039916038753561e-05 1.836658420928929e-07 -2.144252778693585e-07
-1.204095870583484e-04 9.989664033760872e-06 -6.504676895268699e-08 1.056779190486553e-07
-1.155503082078081e-04 1.519362876083128e-05 -1.379690210640101e-07 -7.112655296124369e-09
-1.107068365270270e-04 2.037139829794426e-05 -2.264610018271807e-07 -1.089586220942391e-07
-1.107064769559063e-04 1.001391987532135e-05 -2.979966833404325e-07 1.405933085601358e-07
-1.058727686208712e-04 1.519172351820754e-05 -2.480029612607061e-07 -1.692180068456346e-08
-1.010658687601314e-04 2.032678796672958e-05 -4.932002592739303e-07 -1.642743416883973e-07
-1.010653715231665e-04 1.005427617176615e-05 -6.225956805113642e-07 1.513238671901883e-07
-9.627360929366869e-05 1.518950071709512e-05 -4.261582727561586e-07 1.628603472140240e-08
-9.152014345490108e-05 2.026428745025755e-05 -7.264360186316482e-07 -1.163952668094329e-07
-9.151918264783731e-05 1.011191221558035e-05 -8.914580661448428e-07 1.706259684498717e-07
-8.678628264038312e-05 1.518685869155933e-05 -8.122842040383378e-07 1.050529002001599e-08
-8.210345281858898e-05 2.018314505453042e-05 -9.953995806907700e-07 -1.107766530307219e-07
-8.210183991052468e-05 1.018754175164275e-05 -1.254325116635069e-06 2.288331812200499e-07
-7.744527390559539e-05 1.518386613905194e-05 -1.232487924141880e-06 4.939972482836959e-08
-7.285011787378449e-05 2.008332100939517e-05 -1.295851201944693e-06 -1.354264315520951e-07
-7.284820180674311e-05 1.028147759930946e-05 -1.645277852138717e-06 3.017831795620558e-07
-6.828515630460327e-05 1.518071894036918e-05 -1.622112237734012e-06 6.179990551141919e-08
-6.379417288789820e-05 1.996521986057551e-05 -1.587571437676866e-06 -4.960482335031037e-08
-6.379253950870774e-05 1.039340273946679e-05 -2.108273542759959e-06 2.413970619882743e-07
-5.933957703720995e-05 1.517740058307670e-05 -1.859180646006355e-06 1.041226773065961e-07
-5.496980084772040e-05 1.982785145383109e-05 -1.725181708428458e-06 1.213346559207537e-07
-5.496870070681669e-05 1.052380827642964e-05 -2.190705501536808e-06 3.428087105681736e-08
-5.064268489216022e-05 1.517382422263471e-05 -1.775998498129287e-06 1.700950337553712e-07
-4.641199378595220e-05 1.966896147310009e-05 -1.622623753829944e-06 2.172073557278426e-07
-4.641058509047024e-05 1.067548870606340e-05 -1.857091240889054e-06 -6.531504762530622e-08
-4.239700113386813e-05 1.516879644961800e-05 -1.471317086882858e-06 1.573670400117171e-07
-3.848710775830059e-05 1.949007083484953e-05 -1.202395018254778e-06 3.796176860404632e-07
-3.848467434115259e-05 1.085261649832546e-05 -1.308888190330050e-06 -2.039181289996123e-07
-3.558302201810738e-05 1.549344610992126e-05 -1.034673901214988e-06 1.778023382544203e-07
-3.272134486066202e-05 1.932485922276930e-05 -8.027812661850458e-07 4.481273862864268e-07
-3.271528922774724e-05 1.101638142393156e-05 -8.434207412758781e-07 -2.147464633277454e-07
-2.867999492336889e-05 1.918068908568711e-05 -4.984989944375242e-07 4.038049472574828e-07
-2.942461841069202e-05 1.654998352940595e-05 -5.458156648569359e-07 2.370465535603685e-07
-2.867131615541237e-05 1.112081065014597e-05 -5.402315736323774e-07 -1.670550099400894e-07
-2.581930752884719e-05 1.123321580235204e-05 -3.450197902692793e-07 -1.318445072920879e-07
3.670396821256021e-06 1.406176702833045e-06 1.986919581501088e-08 -3.192050098406171e-09
3.743489063029623e-06 1.230041763002176e-06 2.373526566346306e-08 2.579616150115499e-09
3.742972228333435e-06 5.753895811944467e-07 3.184738152942421e-08 1.922423141885084e-08
3.670319819382368e-06 4.023443954116279e-07 2.705224440889483e-08 1.614554470121576e-08
-2.581013410927067e-05 1.907900712829245e-05 -3.156089574497993e-07 3.749772272943601e-07
-2.329455122852324e-05 1.884314627492758e-05 -1.091728527371792e-07 3.554567759022385e-07
-2.520459769013688e-05 1.418158209694648e-05 -2.802745259122164e-07 6.029565839291069e-08
-2.325961352235465e-05 1.113160919633422e-05 -1.493401703976601e-07 -1.017864873067716e-07
3.495125420153672e-06 1.479233655122295e-06 1.476027589033804e-08 -7.477602766104564e-09
3.319107154418309e-06 7.614669767318711e-07 1.432017940400841e-08 1.624718340962881e-08
3.497066468898900e-06 3.304538410752036e-07 1.671313741246183e-08 1.423921529022461e-08
-2.246973078136019e-05 1.644382526309396e-05 -4.357325290133861e-08 2.056779778585099e-07
-2.086543244287504e-05 1.830637651841008e-05 1.919199027418916e-08 2.787429992999697e-07
-1.857760022572519e-05 1.753962861745989e-05 1.060711580976605e-07 2.170801615696509e-07
-2.171406994735652e-05 1.322440293187024e-05 -2.382698796876501e-09 4.057933044494099e-08
-2.087433326304492e-05 1.063788720057856e-05 7.143491332427056e-08 -6.559977920074065e-08
2.308913059784408e-06 1.501205832293616e-06 2.729351868719305e-08 -1.095100943211615e-08
2.308904544387699e-06 3.123225681912395e-07 1.914668076421753e-08 3.474495934965624e-08
1.693980328563704e-06 9.082062088163098e-07 3.407288243993329e-08 2.308222285132666e-08
-1.646519245200235e-05 1.651045019959866e-05 1.888904744673949e-07 1.639862209831559e-07
-1.825081949292977e-05 1.513316492071292e-05 1.307696239739232e-07 1.051075020113218e-07
-1.902996050304894e-05 1.218405388664007e-05 1.331148202707594e-07 -1.258927115069474e-08
-1.870241537153475e-05 9.792014839231961e-06 1.460387218438740e-07 1.391900333689917e-08
1.026682297000944e-06 1.614659592905977e-06 5.831800641204367e-08 2.270762038910979e-08
1.027850328700535e-06 2.054228059574107e-07 7.641612414002836e-08 3.413283352870328e-08
2.684124103396427e-07 9.119261132347148e-07 5.990298856082909e-08 4.567368410652038e-08
-1.452008945216163e-05 1.529721062454644e-05 2.431073719308549e-07 1.375993588891423e-07
-1.280069365806705e-05 1.392123058954007e-05 2.726049990071565e-07 1.073864706626203e-07
-1.633677247651261e-05 1.173878330452037e-05 1.568331506461136e-07 -1.776525079949359e-09
-1.679653318624672e-05 8.620754913285724e-06 1.330007993488003e-07 8.257901123083179e-08
-6.027793926940122e-07 1.856555559069304e-06 9.505194964638366e-08 -1.982239716547493e-08
-6.017704941990492e-07 -2.883390876826465e-08 9.315031760936304e-08 9.897461994163673e-08
-1.323927385745543e-05 1.186627189004263e-05 2.495338247951184e-07 4.892153949904150e-08
-1.131221824903521e-05 1.237733640512852e-05 2.884041221213453e-07 7.319265874391002e-08
-1.395617819596299e-05 9.619969850263619e-06 2.073992044184026e-07 5.622943931586939e-08
-1.519576205005068e-05 7.224424717914029e-06 1.939537083501609e-07 5.020680077541558e-08
-1.560924304446084e-06 9.159861333407776e-07 1.732580061281882e-07 3.194478317141696e-08
-2.701131676916194e-06 2.203831033148113e-06 2.026798085146015e-07 -8.694678612300063e-09
-2.697752022419017e-06 -3.706885115474100e-07 2.002555397776255e-07 5.624843761998007e-08
-1.002092179564433e-05 1.072801962224071e-05 2.916612111795259e-07 5.819425332964198e-08
-8.997241373859638e-06 9.042699777792156e-06 2.543203512672435e-07 4.280573374823075e-08
-8.220447928554282e-06 7.281414441375420e-06 2.618724890829899e-07 1.432553441656709e-08
-1.250630385409244e-05 7.649370683849263e-06 2.292746467487096e-07 3.736215770264918e-08
-1.392438096655542e-05 5.680651955982819e-06 2.133706249594300e-07 7.012602396798321e-08
-3.615569030850994e-06 9.237663905519957e-07 2.299022398594826e-07 1.981719053724461e-08
-4.738018719234249e-06 2.543917746272310e-06 3.016954350695644e-07 -4.160156722035284e-08
-4.737920593354374e-06 -7.203519853785060e-07 2.937392447672598e-07 1.527799195361175e-08
-9.943783461978373e-06 7.267593062637643e-06 2.390124575476461e-07 2.354709973657118e-08
-7.647005157635835e-06 5.507743161461934e-06 2.850819978743931e-07 -3.759866880441089e-09
-6.565318343314359e-06 2.830805403822893e-06 3.227964285502960e-07 -8.232977295577233e-09
-7.083110320971971e-06 3.123866113711779e-06 3.161384304315769e-07 -6.980014515577477e-09
-7.342210244446315e-06 3.731144666641167e-06 3.105530004904848e-07 -8.381032625207358e-09
-1.150692272480033e-05 5.457880778948733e-06 2.457465618829966e-07 4.382780782554519e-08
-1.297276584268806e-05 4.065435879769657e-06 2.425107312997917e-07 4.828347975067227e-09
-5.744545874250245e-06 1.165799896336005e-06 3.498685058771950e-07 -3.213914481709839e-08
-6.616274617988994e-06 -9.760116928519675e-07 3.327838293528618e-07 -4.898126735023774e-08
-8.845637824609785e-06 4.263904209181572e-06 2.770117147006369e-07 -3.764447048551479e-09
-7.140937245739563e-06 1.966487935987951e-06 3.195095590335475e-07 -1.434286388016923e-08
-7.756733597990228e-06 2.916640464959560e-06 3.065244619963757e-07 -1.050637292372534e-08
-1.081157031673031e-05 3.568468700783667e-06 2.570239725997131e-07 -1.635001102370413e-08
-1.236311687323048e-05 2.456243409812017e-06 2.718649416157307e-07 -8.696124333750596e-09
-7.215795178712079e-06 1.153896079929840e-07 3.263700312379848e-07 -5.644063502348672e-08
-7.168479812392829e-06 -1.250924704745623e-06 2.946391395915449e-07 -7.119277768808095e-08
-9.223474507648253e-06 1.546948374466949e-06 2.674637184049285e-07 -3.371270615314694e-08
-1.213157950421979e-05 8.778652428127072e-07 2.820205804957958e-07 -4.807056528862745e-08
-1.220777559790451e-05 -6.394502627106733e-07 3.093426985515100e-07 -6.847371834135914e-08
-8.330310265355969e-06 -8.933216720981870e-07 2.986794682620911e-07 -9.175766457660232e-08
-7.497260534478843e-06 -1.827286184092365e-06 2.655720751792077e-07 -8.920461808564457e-08
-7.912670914326395e-06 -3.391882090677248e-06 2.571499654042040e-07 -7.299898662814177e-08
-1.070941836142518e-05 -8.521351418250395e-07 2.966764363987517e-07 -7.921771902461143e-08
-8.506121800569233e-06 -4.868952582186592e-06 2.787541304606284e-07 -4.427124703472782e-08
-1.260275774739875e-05 -2.156464429959585e-06 3.554334757587143e-07 -9.356357674164110e-08
-9.339818395126991e-06 -3.458727832591786e-06 3.319972425064241e-07 -9.904465601422094e-08
-1.140160524810387e-05 -3.574278906647428e-06 3.457062021727421e-07 -1.015286323977672e-07
-9.253036645840240e-06 -6.261696270006825e-06 3.139355706515243e-07 -1.569704175092903e-08
-1.326415461991278e-05 -3.575774511476879e-06 4.316932994838862e-07 -8.275123308770171e-08
-1.266034467909950e-05 -4.944096830118077e-06 4.119411231508120e-07 -6.506895366590602e-08
-1.128443973154250e-05 -5.787997544102075e-06 3.665260733801589e-07 -5.905771056952197e-08
-1.015062804429590e-05 -7.556241144826274e-06 3.728031407909143e-07 5.779296546771102e-08
-1.118652596585683e-05 -8.739153954936351e-06 4.378730887205196e-07 1.054296193832110e-07
-1.416524068092505e-05 -4.865477895576576e-06 4.971822979176054e-07 -6.319709498558450e-08
-1.348273409220389e-05 -6.444731169604462e-06 4.693197027041157e-07 1.497784049038933e-09
-1.268672195158354e-05 -8.262486037778136e-06 4.721075356255257e-07 9.921497768562371e-08
-1.234967180822597e-05 -9.796659707563618e-06 4.863569730890774e-07 1.373854485220101e-07
-1.527548982465414e-05 -5.977731988304586e-06 6.128849637991694e-07 -2.036081216195827e-09
-1.492793362508017e-05 -8.243226536267627e-06 6.088262825204838e-07 9.351343597385457e-08
-1.362391268076143e-05 -1.071530487783791e-05 5.312882789223340e-07 1.750893763968613e-07
-1.499334692054983e-05 -1.148307775189285e-05 5.970227754833569e-07 2.072815290205705e-07
-1.644098174475430e-05 -1.209038451832179e-05 6.459544036232244e-07 1.921956773436340e-07
-1.656803251408987e-05 -8.720758034287636e-06 6.906493854669460e-07 1.004136762555325e-07
-1.656122967816001e-05 -6.878874334211733e-06 6.891697804217109e-07 4.652998836212274e-08
-1.624492775651707e-05 -1.053365735411906e-05 6.622057114566040e-07 1.660440697069584e-07
-1.794785100417709e-05 -1.252956052920337e-05 6.859453193481897e-07 1.684289585551518e-07
-1.949455076526985e-05 -1.279469512792837e-05 6.822290106459429e-07 1.433860879775552e-07
-1.786425432307128e-05 -9.129387949053497e-06 7.293325336917516e-07 1.119580743437812e-07
-1.798341025189420e-05 -7.542257268386242e-06 7.279909084818571e-07 8.839264865643968e-08
-2.106141616789675e-05 -1.288243841070980e-05 6.260206435950392e-07 1.191620232917069e-07
-1.932325377070066e-05 -1.059072471160040e-05 7.248478883900965e-07 1.414667827452143e-07
-1.949911527536184e-05 -7.948293490566010e-06 6.926158356893599e-07 1.224667688715180e-07
-2.140882204657212e-05 -1.082188640045642e-05 6.724690079918805e-07 1.188636974849111e-07
-2.278431642140783e-05 -1.288029340175953e-05 6.233692292646671e-07 3.984707664999897e-08
-2.106225609720870e-05 -8.084915975627762e-06 6.596084220173693e-07 1.443019531263797e-07
-2.515302656702305e-05 -1.287733319616613e-05 5.388120216126346e-07 3.719643415608090e-08
-2.328540799756913e-05 -9.651308437063446e-06 6.178013384402017e-07 1.428132290760330e-07
-2.278516226882746e-05 -8.085361987998446e-06 6.197850403639061e-07 1.714355463768899e-07
-2.840225407913854e-05 -1.287133392231462e-05 4.129137354482085e-07 8.042330832764450e-08
-2.679652680152639e-05 -1.029413023838854e-05 4.436531356304404e-07 1.147293093483801e-07
-2.515368228656763e-05 -8.086839187008731e-06 4.896492276032133e-07 1.808426580930915e-07
-3.267945617043479e-05 -1.286271790736588e-05 4.050131457042766e-07 1.465092787676026e-07
-3.054328849778484e-05 -1.047958573697666e-05 3.717231304515393e-07 1.107584965911304e-07
-2.840303717785316e-05 -8.090010982427702e-06 3.700821616709006e-07 1.316131695430158e-07
-3.712371060764809e-05 -1.285425351727929e-05 5.667629037791423e-07 2.099578413750213e-07
-3.490407115627718e-05 -1.047780988755857e-05 4.429485794275719e-07 1.211488153909199e-07
-3.268012839674597e-05 -8.094844343962985e-06 3.485239777640088e-07 7.067227931397515e-08
-4.155518964336348e-05 -1.284615260953617e-05 7.541453919684706e-07 1.459324285383871e-07
-3.934175960051828e-05 -1.047613721848770e-05 7.011221558493515e-07 1.267149954867582e-07
-3.712426056126794e-05 -8.099898316226583e-06 4.734290024767546e-07 2.274331022324526e-08
-4.597559235989566e-05 -1.283923469508147e-05 8.081099459882055e-07 1.155981676328162e-07
-4.376726095117918e-05 -1.047444026475424e-05 8.410332626532900e-07 1.031726372269288e-07
-4.155564069171487e-05 -8.104613059259873e-06 7.341463541478791e-07 3.504758199055216e-08
-5.038765015881251e-05 -1.283446149513731e-05 8.481014367624122e-07 8.877309284328851e-08
-4.818277682264986e-05 -1.047279793720130e-05 8.731581318942848e-07 5.888395603689895e-08
-4.597586363335024e-05 -8.108117816466167e-06 8.529904724827692e-07 1.417938884484622e-08
-5.479588213414337e-05 -1.283237298313010e-05 1.051974906099158e-06 1.365653321814552e-07
-5.259205911319704e-05 -1.047124732632882e-05 9.601412592102558e-07 3.114643032188240e-08
-5.038785800038610e-05 -8.109477798751010e-06 9.136699122140077e-07 1.391746443652018e-08
-5.920602532339712e-05 -1.283308852612059e-05 1.332390475060672e-06 9.628246912448601e-08
-5.700032578917677e-05 -1.046984303975093e-05 1.195471210791820e-06 -2.549528648623744e-08
-5.479611261207248e-05 -8.108547382526791e-06 1.064009954088857e-06 -6.461644575137324e-08
-6.362250450153946e-05 -1.283545378409604e-05 1.519033221544113e-06 -1.928807664918467e-08
-6.141325282700970e-05 -1.046854512224258e-05 1.413646490422714e-06 -5.411352682084347e-08
-5.920636366361807e-05 -8.105154161964772e-06 1.226363846046107e-06 -1.462087023823386e-07
-6.804596276421098e-05 -1.283748535009446e-05 1.444530078164780e-06 -1.401414549242310e-07
-6.583338122381328e-05 -1.046744804918997e-05 1.473139200384477e-06 -4.358650175054439e-08
-6.362294420836431e-05 -8.100538617747648e-06 1.356179121065211e-06 -8.644467445432040e-08
-7.753227631373866e-05 -1.257791749414849e-05 8.162783679853816e-07 -2.347479815899144e-07
-7.690322832492126e-05 -1.283846651401745e-05 8.606103556910999e-07 -2.507351442707247e-07
-7.002906639815735e-05 -1.046665668049648e-05 1.353936680801272e-06 -6.544550022025983e-08
-7.247404391808890e-05 -1.283815548210891e-05 1.204931317197280e-06 -1.785076319324765e-07
-6.804610979954649e-05 -8.096669432386010e-06 1.417924886028498e-06 -1.779886932270621e-08
-7.779283180917200e-05 -1.194888029248410e-05 7.984614011696004e-07 -1.928521420631074e-07
-7.630418572093031e-05 -1.046615289500268e-05 9.345148206803216e-07 -7.204661238813087e-08
-7.247400457182775e-05 -8.094504615586805e-06 1.231445097104947e-06 4.650732516216472e-08
-7.779262773747562e-05 -8.983536459136716e-06 8.207713934510496e-07 3.781158873223719e-08
-7.690304192376732e-05 -8.094015306036707e-06 8.875738183844322e-07 9.686794203214059e-08
-7.753206825507503e-05 -8.354545148478224e-06 8.406840492803331e-07 8.017833684199026e-08
