-1.287056028741257e-04 1.753508496545938e-05 2.517614943838839e-05 -2.367815960672896e-06
-1.292157896961608e-04 1.630345316948889e-05 2.530148733918999e-05 -2.054237065087084e-06
-1.292154716938252e-04 1.049729157022429e-05 2.521935590310395e-05 -6.584706040420374e-07
-1.287052458252688e-04 9.265646711466831e-06 2.508548535970465e-05 -3.478464915478094e-07
-1.274739074825371e-04 1.804522792058709e-05 2.486842230041309e-05 -2.498161873739421e-06
-1.251633528765776e-04 1.340034098881684e-05 2.428066183369629e-05 -1.334199197768234e-06
-1.274735028684924e-04 8.755500577756763e-06 2.477018359255357e-05 -2.182401054194790e-07
-1.188013182254150e-04 1.804411529852598e-05 2.277240360117263e-05 -2.511436650519085e-06
-1.188008067406379e-04 8.756716425948230e-06 2.262994236154805e-05 -1.246053928357465e-07
-1.140142176999055e-04 1.340046184924273e-05 2.142180980669493e-05 -1.328321799302411e-06
-1.101330514662738e-04 1.803912597229573e-05 2.063373965692837e-05 -2.532570149097449e-06
-1.101326122585042e-04 8.761960261005490e-06 2.043800901489421e-05 -1.326515948795716e-07
-1.058021513777439e-04 1.340041915866162e-05 1.926820701925079e-05 -1.333815596614726e-06
-1.014782867398940e-04 1.802802779561171e-05 1.823387020984024e-05 -2.527461215838539e-06
-1.014778247659935e-04 8.772753125370036e-06 1.813750894455229e-05 -1.568761090596351e-07
-9.715788684109777e-05 1.340050339585089e-05 1.707584013481681e-05 -1.347608652449849e-06
-9.284976105843491e-05 1.800908869588507e-05 1.596454996744573e-05 -2.495427191422941e-06
-9.284847089591700e-05 8.791686831856188e-06 1.585104001453411e-05 -2.479735361168832e-07
-8.854723714006178e-05 1.340049738997173e-05 1.501349205370605e-05 -1.315592757702389e-06
-8.426456785245759e-05 1.797899935549536e-05 1.392225075489775e-05 -2.330285183077969e-06
-8.426311173404524e-05 8.822259290164842e-06 1.395124934401790e-05 -3.742500801864633e-07
-7.999128002688144e-05 1.340065826607635e-05 1.321752426529899e-05 -1.357051565131525e-06
-7.574701110112896e-05 1.793423095939406e-05 1.222316581138843e-05 -2.243468198951436e-06
-7.574611949873913e-05 8.867711615421693e-06 1.237338288751562e-05 -5.462754623244617e-07
-7.151771837339136e-05 1.340099649981612e-05 1.167562594177242e-05 -1.415648857523296e-06
-6.732813369382080e-05 1.787147715305253e-05 1.068551032444257e-05 -2.191228411337699e-06
-6.732808037356755e-05 8.931256895170829e-06 1.087939037159340e-05 -6.330186626859766e-07
-6.316068634125848e-05 1.340151465858121e-05 1.032842822328363e-05 -1.494583497863470e-06
-5.904504954737854e-05 1.778800129671219e-05 9.361822562086455e-06 -2.226721309084488e-06
-5.904537366926492e-05 9.015729530511958e-06 9.404171589925454e-06 -6.623962803751335e-07
-5.495909663714610e-05 1.340202114650924e-05 8.874304250001678e-06 -1.540963717245533e-06
-5.093906143527755e-05 1.768125062570879e-05 8.053211299281587e-06 -2.240315364882872e-06
-5.093943771314970e-05 9.123361440074306e-06 7.857260830908836e-06 -7.500980060281786e-07
-4.695618110562848e-05 1.340228805196294e-05 7.319617774395530e-06 -1.536503105622716e-06
-4.305421542614696e-05 1.754917225654889e-05 6.696705081073217e-06 -2.330888881080353e-06
-4.305418839467843e-05 9.256546282150764e-06 6.434903627585385e-06 -7.745198047434866e-07
-3.935049971855667e-05 1.340158195486483e-05 5.819590737199677e-06 -1.532786500453091e-06
-3.573940518537657e-05 1.739352411702555e-05 5.264886496932272e-06 -2.346212976699157e-06
-3.573842338278314e-05 9.418702588431956e-06 5.092170532362939e-06 -8.294665054522178e-07
-3.305778337544021e-05 1.370512603033940e-05 4.641004520854394e-06 -1.590718212928262e-06
-3.041281498268798e-05 1.724650583386643e-05 4.127132672222441e-06 -2.326589925694254e-06
-3.040872317563919e-05 9.571391199076429e-06 4.107987658727037e-06 -8.794797887013773e-07
-2.667826472629644e-05 1.711629548310709e-05 3.459620832036956e-06 -2.273704719787429e-06
-2.736687633881705e-05 1.468523927594344e-05 3.586317310338301e-06 -1.785028800121534e-06
-2.667160165067856e-05 9.670212292718221e-06 3.443020737236774e-06 -8.508850194276798e-07
-2.403612803404967e-05 9.776372743453049e-06 2.947188040405110e-06 -8.637991577858557e-07
3.461640284665183e-06 6.786850614568029e-07 1.412516352755186e-07 3.803426537947413e-07
3.530492393748171e-06 5.130050748205879e-07 1.601037308854970e-07 3.417468324257575e-07
3.530093974966115e-06 -1.036856224139717e-07 1.748021788486343e-07 1.892241343131580e-07
3.461620378421813e-06 -2.668819459730942e-07 1.579305344103236e-07 1.439281938269531e-07
-2.402612740015295e-05 1.702395931700020e-05 2.919916811495756e-06 -2.241955507023642e-06
-2.170184697722770e-05 1.680717909254333e-05 2.476818136639270e-06 -2.186249578602564e-06
-2.346735003208047e-05 1.250018956914411e-05 2.841234672829842e-06 -1.396515037627355e-06
-2.167084354725435e-05 9.685118101924146e-06 2.475840238552942e-06 -8.286364935841067e-07
3.296714537060403e-06 7.472553726582706e-07 9.846050532042955e-08 3.959262271107499e-07
3.130725229373357e-06 7.094167523302799e-08 5.725501566323925e-08 2.363120471830665e-07
3.298270141705232e-06 -3.349196553074624e-07 1.118296380440539e-07 1.247550334718240e-07
-2.094001188302776e-05 1.459138132521596e-05 2.339568859583489e-06 -1.759336630897566e-06
-1.945795073912944e-05 1.631207034231104e-05 2.050382730478976e-06 -2.094808607159335e-06
-1.734528042235242e-05 1.560499512879387e-05 1.670220896329178e-06 -1.971061065139443e-06
-2.024252852245870e-05 1.161890421735540e-05 2.212993882849374e-06 -1.196470543712609e-06
-1.946755838672177e-05 9.232172767681249e-06 2.072266094702899e-06 -7.411235880416041e-07
2.179365611623623e-06 7.662595683207570e-07 -2.242747390414095e-07 3.866623139649497e-07
2.178860837225840e-06 -3.536493561083167e-07 -2.187191347078217e-07 1.482451476836650e-07
1.599891649339252e-06 2.068866989673370e-07 -3.393806902519225e-07 2.796627158242138e-07
-1.539461340474833e-05 1.465574204035837e-05 1.304479164359921e-06 -1.792832693899806e-06
-1.704370387433490e-05 1.338345230034383e-05 1.629185500033235e-06 -1.534301063885934e-06
-1.776398915745176e-05 1.066083687048523e-05 1.745095931744263e-06 -1.029796549321577e-06
-1.746219214560879e-05 8.453817966698301e-06 1.657817487747746e-06 -5.858003658372542e-07
9.716555133121753e-07 8.715101950997177e-07 -4.069472154110692e-07 3.462662456320176e-07
9.723187514636664e-07 -4.558175976761352e-07 -3.940524309849314e-07 2.498830751647568e-07
2.573414535083128e-07 2.088334251302793e-07 -4.300461363788467e-07 3.290334885886825e-07
-1.359866979365056e-05 1.353737543966809e-05 9.433269483839206e-07 -1.542492451600836e-06
-1.201091522318508e-05 1.226917620493220e-05 6.344632415707588e-07 -1.300581769338820e-06
-1.527730822821586e-05 1.025225048237600e-05 1.257376699193681e-06 -9.513723581844700e-07
-1.570325743205233e-05 7.374372934939876e-06 1.282719012009453e-06 -3.797072745968988e-07
-5.630662010346025e-07 1.098029716502561e-06 -3.920820927085040e-07 3.045787064186063e-07
-5.625738971768054e-07 -6.784258309107055e-07 -4.032548772088755e-07 3.677722592930053e-07
-1.241628294451585e-05 1.037291268891257e-05 6.968164565121184e-07 -9.629018939981825e-07
-1.063440814800970e-05 1.084594018949434e-05 3.992980970380686e-07 -1.041362890367356e-06
-1.307985327804709e-05 8.298880354385676e-06 7.817508029351286e-07 -5.742376973540469e-07
-1.422698791441299e-05 6.085868937998803e-06 9.500490269955417e-07 -1.678965887495194e-07
-1.466167566263872e-06 2.109514375955771e-07 -3.250118044384851e-07 3.499592049196028e-07
-2.540364731819590e-06 1.423497410181719e-06 -2.835411447625657e-07 3.186640420057690e-07
-2.537956120108917e-06 -1.002490887209449e-06 -2.562358586002199e-07 4.250059341313590e-07
-9.439399340087725e-06 9.325818253577128e-06 1.969339244744800e-07 -7.632172323861042e-07
-8.488925455941956e-06 7.770026876626836e-06 5.497225365756343e-08 -4.772148951243014e-07
-7.762747825496206e-06 6.141901797674059e-06 -4.481571666615803e-08 -1.827984518020591e-07
-1.174034098480283e-05 6.480611213103976e-06 5.120406945102315e-07 -2.232302759048539e-07
-1.305571516283417e-05 4.657856840768657e-06 6.827134869929048e-07 7.046131667406546e-08
-3.402694914376297e-06 2.163131469295801e-07 -2.179373695849028e-07 4.002635594365217e-07
-4.460394064247731e-06 1.741926693490357e-06 -1.231398234579973e-07 3.032446053071287e-07
-4.460831974212450e-06 -1.333154811349959e-06 -1.214989032859531e-07 4.956518291228812e-07
-9.364855918905100e-06 6.129679658052086e-06 2.066340938069598e-07 -1.760957760419863e-07
-7.223901165819594e-06 4.499754410808113e-06 -9.775803242269107e-08 8.191712129659902e-08
-6.186830405433764e-06 2.009874192593942e-06 -3.299619159036737e-08 3.301236198663061e-07
-6.678681078122546e-06 2.283490101562962e-06 -1.646301399543027e-08 3.171892987333304e-07
-6.927954381668912e-06 2.849435003791220e-06 -3.341366533937585e-08 2.709409952852945e-07
-1.081689767408257e-05 4.453221011519391e-06 4.131059360944655e-07 6.141422518079082e-08
-1.218192058305408e-05 3.158674333728247e-06 5.816540326937669e-07 1.792980198099258e-07
-5.409753546574739e-06 4.423251994652231e-07 -4.955342201754660e-08 3.955888283833719e-07
-6.225745615501750e-06 -1.573615508986601e-06 1.015175325895320e-08 5.540772528189598e-07
-8.337557157018604e-06 3.346438864066613e-06 7.471481203417084e-08 2.345699122034201e-07
-6.728983419633738e-06 1.196878203118821e-06 9.576785574684367e-09 3.888894897142887e-07
-7.313183661867282e-06 2.088858910492082e-06 2.412235148033486e-08 3.374716914668285e-07
-1.017222708225382e-05 2.697893500713778e-06 3.054082252393771e-07 2.680667528902529e-07
-1.162688929690124e-05 1.657786609382958e-06 4.749353334415609e-07 3.828655308475725e-07
-6.791831826553987e-06 -5.448860139105030e-07 3.604622565860372e-08 4.951563963592015e-07
-6.740645265899950e-06 -1.832855846452315e-06 2.050620319260733e-08 5.779297480756779e-07
-8.687323787275491e-06 8.084891458571643e-07 1.415817115291918e-07 4.387946084217273e-07
-1.142103947098036e-05 1.784057720624303e-07 4.090984622082460e-07 4.563468641625332e-07
-1.151162597482926e-05 -1.253220837930017e-06 3.416603729839885e-07 5.460894236792806e-07
-7.836823971822050e-06 -1.492797127066015e-06 9.725991621308517e-08 5.610393592521357e-07
-7.045336946619134e-06 -2.379934998263583e-06 2.615407533422720e-08 6.081413627044715e-07
-7.426982785642480e-06 -3.872501766770793e-06 5.256873920307684e-08 6.884486640929369e-07
-1.009001631800171e-05 -1.448835968283811e-06 2.467984774864992e-07 5.789530255725110e-07
-7.979197124937221e-06 -5.295065441407522e-06 1.084609301601725e-07 7.626767539370214e-07
-1.190538018940030e-05 -2.689470050443000e-06 3.099569787588399e-07 6.245512346347251e-07
-8.784139806357984e-06 -3.932221891803918e-06 1.759093338918389e-07 6.793092931636731e-07
-1.075876425279689e-05 -4.043229442470249e-06 2.472056992689108e-07 6.688895484938761e-07
-8.686924330696877e-06 -6.642226801035820e-06 1.664876321218676e-07 8.247444534504514e-07
-1.255877009873804e-05 -4.044858169664825e-06 3.235830000926482e-07 6.702852829062568e-07
-1.198014425405375e-05 -5.363152846865956e-06 2.783387542549833e-07 7.253062193581979e-07
-1.064537703553662e-05 -6.180931970230178e-06 2.237766611368766e-07 7.814508932979232e-07
-9.544302645926556e-06 -7.906824487732194e-06 2.269808757237096e-07 8.526457906319962e-07
-1.054707219744804e-05 -9.071530832382257e-06 2.479272364137392e-07 8.352661650984838e-07
-1.345170201530018e-05 -5.284111947495732e-06 3.346885393228512e-07 7.004806617631015e-07
-1.278659671264411e-05 -6.822594984366099e-06 2.742512996761209e-07 7.632898789178994e-07
-1.200839941028217e-05 -8.605050592200742e-06 2.493499763729019e-07 8.272081430772072e-07
-1.167816461668705e-05 -1.012119142209642e-05 2.629635047239120e-07 8.813608099156415e-07
-1.455325775657239e-05 -6.360952149961236e-06 4.010525160042512e-07 7.118314769445730e-07
-1.421324406573549e-05 -8.589846980023882e-06 3.603567824790301e-07 8.011870831315263e-07
-1.292839802628651e-05 -1.103673039502618e-05 2.950397615016932e-07 9.474995835304720e-07
-1.428286698157396e-05 -1.180852351544593e-05 3.935947812420934e-07 1.042180832519257e-06
-1.572000816406396e-05 -1.242521966430533e-05 4.865383982634437e-07 1.109355820488303e-06
-1.584251734729140e-05 -9.063503769988921e-06 5.249539582766749e-07 8.206105521732536e-07
-1.583337597196909e-05 -7.240114586935391e-06 5.146043835147024e-07 7.091422384897346e-07
-1.552121431789232e-05 -1.086727313585883e-05 4.788354842371945e-07 9.744928521169736e-07
-1.722514244303273e-05 -1.287294004923333e-05 5.902112469599540e-07 1.160303052302839e-06
-1.877620892752158e-05 -1.314774696410952e-05 7.416535639646140e-07 1.174128638862929e-06
-1.713680458881150e-05 -9.469461437676301e-06 6.558749346823846e-07 8.521242312643767e-07
-1.725614248229977e-05 -7.887790315343538e-06 6.676923572898065e-07 7.388958507659712e-07
-2.035167220925825e-05 -1.324357551923037e-05 9.277506572533211e-07 1.147085730615004e-06
-1.859933432512688e-05 -1.093280501883358e-05 7.568267572472538e-07 9.655046907562439e-07
-1.877721362315815e-05 -8.282598736048389e-06 7.797976267290651e-07 7.715444621194647e-07
-2.070013422506608e-05 -1.116747059468944e-05 9.829675766552154e-07 9.800041343708599e-07
-2.209161866897923e-05 -1.324949722040085e-05 1.089791558314188e-06 1.088490499013107e-06
-2.034959913714252e-05 -8.412959509142186e-06 9.201746699140857e-07 7.814952175286579e-07
-2.449015318608916e-05 -1.325374038628772e-05 1.272763555867618e-06 1.061804332151227e-06
-2.259570237449344e-05 -9.986513253710907e-06 1.132237128030755e-06 9.047260523726327e-07
-2.209176360990503e-05 -8.405835999130223e-06 1.080444308527429e-06 7.818218458115101e-07
-2.779205089469122e-05 -1.325630015469668e-05 1.430193371564409e-06 1.038884263285024e-06
-2.615788287420009e-05 -1.063676088604458e-05 1.341743421662447e-06 9.030483145340799e-07
-2.449058318609831e-05 -8.399088034193535e-06 1.244440476890355e-06 7.795972574778917e-07
-3.214792081047404e-05 -1.325289511789634e-05 1.726884539565077e-06 1.083782008846709e-06
-2.997126453003719e-05 -1.082571061431624e-05 1.520664817366460e-06 9.353963256910410e-07
-2.779239838395309e-05 -8.395677334430290e-06 1.360946207914482e-06 7.918224554872469e-07
-3.667517213429307e-05 -1.324454702557887e-05 2.047312787859791e-06 1.100501903911967e-06
-3.441429212635818e-05 -1.082488972898772e-05 1.873722832482073e-06 9.232113518417211e-07
-3.214816641906053e-05 -8.397713988306804e-06 1.667721616898091e-06 7.423694920532971e-07
-4.118514247496723e-05 -1.323519940062317e-05 2.431509711992025e-06 1.054331453513540e-06
-3.893318972888674e-05 -1.082420505717200e-05 2.258299923934890e-06 9.061456466165362e-07
-3.667536156182211e-05 -8.404515027157196e-06 2.037218672943848e-06 7.370595925009356e-07
-4.567839241702502e-05 -1.322684498128634e-05 2.554325163283727e-06 8.758705327163721e-07
-4.343440694797415e-05 -1.082342305999776e-05 2.582208199072380e-06 8.862453510323955e-07
-4.118537880405504e-05 -8.412491254787499e-06 2.468244381972738e-06 7.567609851946513e-07
-5.015975179046937e-05 -1.322147314404489e-05 2.281695986058534e-06 5.828169901195522e-07
-4.792066459780607e-05 -1.082249596022295e-05 2.502420324602837e-06 8.752171943858451e-07
-4.567870460217931e-05 -8.419079379139011e-06 2.597720419703763e-06 8.965392305940239e-07
-5.463679439374103e-05 -1.322002340644112e-05 1.547798336636693e-06 4.498317389971051e-07
-5.239856670864674e-05 -1.082134539794539e-05 1.947973332738534e-06 8.976452397336800e-07
-5.016018370262524e-05 -8.422422248534294e-06 2.249346840514621e-06 1.183235355497580e-06
-5.911728779743377e-05 -1.322232322733925e-05 6.318176191957935e-07 4.747661176014784e-07
-5.687603277357611e-05 -1.082009960841315e-05 1.082263471067399e-06 9.070407763941934e-07
-5.463722190386913e-05 -8.421484332033526e-06 1.507092976090934e-06 1.307800536152572e-06
-6.360772716241466e-05 -1.322681973227723e-05 -2.573006436378554e-07 4.736708838318393e-07
-6.136070362676195e-05 -1.081882777647935e-05 1.849536306097133e-07 9.283587910654356e-07
-5.911768066189012e-05 -8.416607860671935e-06 6.139071118979531e-07 1.377356489964849e-06
-6.811074126597025e-05 -1.323200638487527e-05 -1.045651247600625e-06 4.474328308498968e-07
-6.585732330971758e-05 -1.081769452473731e-05 -6.301793720455786e-07 9.202487649015886e-07
-6.360806883678093e-05 -8.409604938669860e-06 -2.146082047704912e-07 1.408527432785235e-06
-7.778706193042369e-05 -1.297105308020720e-05 -3.048247337286272e-06 4.268148225403208e-07
-7.714518656053806e-05 -1.323689724296840e-05 -2.910305829012722e-06 3.725220349733004e-07
-7.013156499028761e-05 -1.081687568963113e-05 -1.443136557409752e-06 9.124106202153390e-07
-7.262500992429574e-05 -1.323597693103254e-05 -1.971598182343257e-06 4.090281464208698e-07
-6.811101547406220e-05 -8.402410379057434e-06 -1.029335675186805e-06 1.426626928315584e-06
-7.805294026917221e-05 -1.232922553964058e-05 -3.105743729008070e-06 5.604821690223822e-07
-7.653385722980917e-05 -1.081632877561279e-05 -2.777997592160908e-06 8.833261797100316e-07
-7.262513798698014e-05 -8.397178177682433e-06 -1.970625028250435e-06 1.392579649369870e-06
-7.805296303920382e-05 -9.303410151398188e-06 -3.108708407652829e-06 1.205245140642966e-06
-7.714524326508088e-05 -8.395785052601729e-06 -2.911729930121005e-06 1.396559686726960e-06
-7.778709490393147e-05 -8.661612836827210e-06 -3.050807124363674e-06 1.341214970829048e-06
