-1.361954704308921e-04 1.896482040225205e-05 -1.552179780961051e-05 2.049934683742384e-06
-1.367394643709802e-04 1.765160814772658e-05 -1.558358066751430e-05 1.887925361856730e-06
-1.367393373774663e-04 1.146067149147268e-05 -1.547740305077732e-05 1.140317711355641e-06
-1.361953284477690e-04 1.014745732541774e-05 -1.540185264180647e-05 9.734470830380225e-07
-1.348821704215794e-04 1.950875310462297e-05 -1.536558381399410e-05 2.117529308463299e-06
-1.324184692324421e-04 1.455613201533474e-05 -1.500824514744113e-05 1.496820043710793e-06
-1.348820114142567e-04 9.603525505092042e-06 -1.522798348604050e-05 9.044401165010802e-07
-1.256344260344766e-04 1.950753397359671e-05 -1.428030167120724e-05 2.157393902459420e-06
-1.256342447827944e-04 9.604914153169170e-06 -1.410019007728460e-05 8.641036393597405e-07
-1.205304009762929e-04 1.455634390529173e-05 -1.354395632980213e-05 1.537199761476658e-06
-1.163918605963761e-04 1.950176693509743e-05 -1.311325652320079e-05 2.233872113708683e-06
-1.163916426937030e-04 9.611261599557358e-06 -1.301192395122074e-05 9.022903669978035e-07
-1.117749286258253e-04 1.455657199111279e-05 -1.235062392352137e-05 1.516341782931495e-06
-1.071655878209982e-04 1.948878755407351e-05 -1.179136645789210e-05 2.222486092283534e-06
-1.071654499329505e-04 9.624811309071938e-06 -1.174763179944338e-05 8.528382720747327e-07
-1.025615544741779e-04 1.455681021424988e-05 -1.097257562253795e-05 1.542793898966129e-06
-9.797087584247144e-05 1.946641209017333e-05 -1.053323748544616e-05 2.269228089083895e-06
-9.797094017599470e-05 9.647701161362680e-06 -1.026747789187929e-05 7.451256528171321e-07
-9.338878274360372e-05 1.455692731855658e-05 -9.499454118222371e-06 1.514906039276844e-06
-8.882779250491490e-05 1.943079425132009e-05 -9.219712436559983e-06 2.194751562023387e-06
-8.882812298408240e-05 9.683362005408231e-06 -8.856442076572467e-06 8.298237368435689e-07
-8.428013783336729e-05 1.455694478909663e-05 -8.154350533669986e-06 1.522923515518224e-06
-7.976419120610317e-05 1.937790279843752e-05 -7.939315453050454e-06 2.080113693507824e-06
-7.976454228611166e-05 9.735747107901087e-06 -7.667543555151818e-06 9.049085450778683e-07
-7.526769998948528e-05 1.455672949390719e-05 -7.070025569316121e-06 1.525037635239911e-06
-7.081619763347062e-05 1.930428031174041e-05 -6.974737423296790e-06 1.984709154074163e-06
-7.081643871761112e-05 9.808687986723852e-06 -6.607507695924376e-06 9.193715126260767e-07
-6.639094083811393e-05 1.455637994397853e-05 -6.211182572782588e-06 1.510146661646446e-06
-6.202585769277412e-05 1.920717626503044e-05 -6.115094410250906e-06 1.972259491960833e-06
-6.202584156208599e-05 9.904749595621806e-06 -5.595801847437061e-06 9.550143368165218e-07
-5.769388570665984e-05 1.455579392963735e-05 -5.322575689162837e-06 1.474392105266877e-06
-5.343793021690133e-05 1.908562189536468e-05 -5.099895147869804e-06 2.018620193281759e-06
-5.343763564268382e-05 1.002509820572206e-05 -4.573783693498124e-06 9.430656389001302e-07
-4.922177905528281e-05 1.455491271829820e-05 -4.282421138377756e-06 1.399342950243500e-06
-4.509672806007721e-05 1.893872181584445e-05 -3.914943887479488e-06 2.058695592912734e-06
-4.509568683135722e-05 1.017090730298721e-05 -3.622538281014704e-06 9.515418379091382e-07
-4.118094171178964e-05 1.455284277025455e-05 -3.267049152186580e-06 1.364912041695666e-06
-3.736724043276238e-05 1.876826316872256e-05 -2.873640511141377e-06 1.958177524749522e-06
-3.736520978392037e-05 1.034596713580507e-05 -2.733144111150223e-06 9.646564020713207e-07
-3.453454557279066e-05 1.487191202844876e-05 -2.495582256979217e-06 1.411300895459379e-06
-3.174381765066999e-05 1.860790980294515e-05 -2.250817043004966e-06 1.887880007292418e-06
-3.173878543109121e-05 1.051012503107350e-05 -2.156719937142209e-06 1.060576638984017e-06
-2.780484156162018e-05 1.846620245418063e-05 -1.848544090206413e-06 1.822662528689988e-06
-2.852981718491275e-05 1.590392765873149e-05 -1.890865967557640e-06 1.555439934547070e-06
-2.779721736376343e-05 1.061626990889598e-05 -1.784425222361185e-06 1.143895498452706e-06
-2.501981391368007e-05 1.073062035419105e-05 -1.605371528566254e-06 1.171590127814398e-06
3.541834987460083e-06 1.257224644470520e-06 1.823413017538337e-07 6.703924153668497e-07
3.612379902429868e-06 1.087263300834873e-06 1.932515194912906e-07 6.449678739565273e-07
3.611908089087384e-06 4.554451494039165e-07 1.925317977073849e-07 5.430455340436405e-07
3.541789950742138e-06 2.884108236027432e-07 1.808937169622534e-07 5.167708857594047e-07
-2.500924418145635e-05 1.836565749023625e-05 -1.618328788959890e-06 1.791866673293227e-06
-2.256194842022017e-05 1.813438333217843e-05 -1.408906579584520e-06 1.770441651043170e-06
-2.441947155435402e-05 1.360005229629790e-05 -1.568415238933617e-06 1.355605540480478e-06
-2.252802302537543e-05 1.063737953686341e-05 -1.425708645013296e-06 1.166220372990886e-06
3.372698871888568e-06 1.327699060056502e-06 1.558868396282993e-07 6.806465421085378e-07
3.202794401383426e-06 6.349536756005051e-07 1.225423312370081e-07 5.746556209230183e-07
3.374562460061061e-06 2.189939891255938e-07 1.538718742856657e-07 5.087634155162348e-07
-2.175891525670995e-05 1.580056970387119e-05 -1.342199264371672e-06 1.566312205651936e-06
-2.020092904850918e-05 1.760959032885786e-05 -1.240612239296194e-06 1.703008261243671e-06
-1.798035599748143e-05 1.686317019280034e-05 -1.104126295501912e-06 1.622235877085067e-06
-2.102452842790329e-05 1.267284926106217e-05 -1.299681705776657e-06 1.309172025697144e-06
-2.020955914242815e-05 1.016452493848947e-05 -1.244712521205524e-06 1.149981874981256e-06
2.227783811759295e-06 1.348761733172089e-06 -2.170819593511361e-08 6.708049699665233e-07
2.227782075083572e-06 2.014934460588730e-07 -1.199156517918463e-08 5.643768480391391e-07
1.634417655839620e-06 7.765060075202028e-07 -6.213638749760202e-08 6.366391374857230e-07
-1.593255231622949e-05 1.586202559407989e-05 -9.633431451061697e-07 1.535122861523240e-06
-1.766245532062651e-05 1.452671964220871e-05 -1.072081952040643e-06 1.451417072983633e-06
-1.841890204606219e-05 1.166631209173005e-05 -1.125466690113763e-06 1.256388459361710e-06
-1.810113566554477e-05 9.350760501213528e-06 -1.109247753122375e-06 1.125519347953863e-06
9.905575457496514e-07 1.458243424002963e-06 -7.808549955784768e-08 6.475449224766604e-07
9.916829696033381e-07 9.827668174485840e-08 -7.102583784317806e-08 6.514251644478747e-07
2.589763205420294e-07 7.800499299007698e-07 -6.261921475256921e-08 6.604046785025911e-07
-1.404875896982619e-05 1.468478441452238e-05 -8.382439290626037e-07 1.466227033399826e-06
-1.238612806928482e-05 1.335187410575037e-05 -7.236099862676257e-07 1.406670231493343e-06
-1.580799770536654e-05 1.123737338590693e-05 -9.357778855289266e-07 1.262483157205892e-06
-1.625322231764406e-05 8.221593391679956e-06 -9.574125560243388e-07 1.073031201747574e-06
-5.821023331436498e-07 1.692672864311441e-06 -6.347658831715041e-08 6.924913281254084e-07
-5.810982451944197e-07 -1.289021197167213e-07 -5.826190997966824e-08 6.454208076987765e-07
-1.281060308803898e-05 1.136248554199451e-05 -7.380982054173806e-07 1.299425451813815e-06
-1.094787860567688e-05 1.185725884474058e-05 -6.280678918164690e-07 1.334649001917585e-06
-1.350433607500615e-05 9.190299954848860e-06 -7.515606092420006e-07 1.150836503111316e-06
-1.470346680659540e-05 6.875833588965163e-06 -8.023247728583847e-07 9.849199160623439e-07
-1.507800963997103e-06 7.838399839090682e-07 -7.390303745100018e-08 6.854642453576343e-07
-2.610064532069921e-06 2.029376696702049e-06 -1.145501824485131e-07 7.672943283081510e-07
-2.607018372868931e-06 -4.611134910054257e-07 -1.044700648002211e-07 6.500790866614342e-07
-9.700623130591770e-06 1.026319897391181e-05 -5.418121482078634e-07 1.233934295979527e-06
-8.712326206553920e-06 8.635938580875605e-06 -4.617290930343928e-07 1.131841624737420e-06
-7.961418766301563e-06 6.935184583156259e-06 -3.989675967253496e-07 1.023681306741754e-06
-1.210352732094904e-05 7.288407518204183e-06 -6.397301874742623e-07 1.024546925605127e-06
-1.347431370919550e-05 5.387510932794164e-06 -6.953370707969715e-07 9.158668956397285e-07
-3.494609455509792e-06 7.908406580029261e-07 -1.483331649287691e-07 6.998422425106617e-07
-4.581273164340641e-06 2.359374872670563e-06 -2.210032395832966e-07 7.835361101754067e-07
-4.581382385655748e-06 -8.014891514450490e-07 -2.023093279675864e-07 6.109413114956429e-07
-9.626953597590575e-06 6.921501124801308e-06 -5.109620085200526e-07 1.019807498598619e-06
-7.406362045098049e-06 5.223382425141108e-06 -3.574757624680109e-07 9.116516221165588e-07
-6.352912520766186e-06 2.637602124643012e-06 -3.233263785742302e-07 7.859947414984991e-07
-6.856081637102061e-06 2.921093493266318e-06 -3.418577465342218e-07 7.953487322755441e-07
-7.108787355595703e-06 3.507855469558972e-06 -3.489653003910572e-07 8.166634166211780e-07
-1.113843966631443e-05 5.173997846253925e-06 -5.796048854360257e-07 9.090654448868447e-07
-1.255579557704391e-05 3.829410916806123e-06 -6.396273510915194e-07 8.358992461882999e-07
-5.556223888189241e-06 1.024561338389717e-06 -2.734808436616266e-07 6.979861697543684e-07
-6.398979042949738e-06 -1.050282396533796e-06 -3.115382280723603e-07 5.973160131562254e-07
-8.564530775429853e-06 4.022582285552134e-06 -4.348160722367366e-07 8.401389854942574e-07
-6.910673859665715e-06 1.800609748151384e-06 -3.442161253613645e-07 7.449972646670162e-07
-7.509155333372566e-06 2.720535581644697e-06 -3.743383762657844e-07 7.847453255501355e-07
-1.046663140630571e-05 3.350416886170251e-06 -5.524890867478879e-07 8.176662144881008e-07
-1.196921825603335e-05 2.275137721802714e-06 -6.259044758036199e-07 7.927961544083951e-07
-6.980375008269593e-06 7.311099566110283e-09 -3.409718125293893e-07 6.471878404616527e-07
-6.931789013598178e-06 -1.317238383042194e-06 -3.400332462067339e-07 5.849993159611331e-07
-8.929109827298030e-06 1.396332560845381e-06 -4.622934169865494e-07 7.295328900998311e-07
-1.174806234915643e-05 7.481582901219668e-07 -6.121682252426301e-07 7.009003634206840e-07
-1.182821961769934e-05 -7.232245315090207e-07 -6.000057309120301e-07 6.129567563145866e-07
-8.058892653437458e-06 -9.695950820812687e-07 -3.929391626334830e-07 5.989866193662898e-07
-7.248308518020305e-06 -1.878032429069214e-06 -3.521923856940581e-07 5.623949087838734e-07
-7.646385657531125e-06 -3.403001368605104e-06 -3.446881431231020e-07 4.836938368582717e-07
-1.037106308701713e-05 -9.277287562793321e-07 -5.164486674425276e-07 6.008937764076368e-07
-8.218257242414503e-06 -4.848698917121204e-06 -3.416945172888121e-07 3.572573097679135e-07
-1.221940491663533e-05 -2.196675095777589e-06 -6.088149532664800e-07 5.237595681282225e-07
-9.035452247349086e-06 -3.466272816606953e-06 -4.131129211199182e-07 4.829502462791272e-07
-1.104801806433180e-05 -3.578847952922947e-06 -5.492539253339456e-07 4.561528004066596e-07
-8.943456711792143e-06 -6.214361405930722e-06 -3.833754160078242e-07 2.235560015179820e-07
-1.287313656666904e-05 -3.580108228401929e-06 -6.481687926309728e-07 4.419520947044173e-07
-1.228315468799566e-05 -4.919528997364457e-06 -6.255613988904998e-07 3.419533306695791e-07
-1.093212981233119e-05 -5.748134688343187e-06 -5.410889428582540e-07 2.695266043887841e-07
-9.818092001374892e-06 -7.489724686794011e-06 -4.369599910565901e-07 1.382883807243582e-07
-1.083342022386282e-05 -8.659453098237037e-06 -5.188376955961170e-07 7.054089803355828e-08
-1.376588574648805e-05 -4.840717174017214e-06 -7.140559423472121e-07 3.428108478340300e-07
-1.309384528880037e-05 -6.394682732267488e-06 -6.842341449025800e-07 2.330039676343678e-07
-1.230887663037500e-05 -8.189291223932618e-06 -6.378358971593040e-07 1.065087226060733e-07
-1.197609888994262e-05 -9.710184278767940e-06 -6.146584225164140e-07 3.052014017497088e-08
-1.486728369703191e-05 -5.931299998083083e-06 -7.821444384344153e-07 2.567685165709255e-07
-1.452375484213284e-05 -8.171762937461354e-06 -7.790610508436455e-07 9.438795522864525e-08
-1.323320719510982e-05 -1.062515655772996e-05 -7.196764186652562e-07 1.713951815299755e-09
-1.459017465292592e-05 -1.139409662075059e-05 -7.955429086941386e-07 -1.711080624475138e-08
-1.602838440768545e-05 -1.200736714671248e-05 -8.357950834030861e-07 1.472738315993119e-08
-1.615321451233555e-05 -8.645820754968049e-06 -8.476829712759483e-07 4.740936065354915e-08
-1.614587671421978e-05 -6.817885239232988e-06 -8.418929973095599e-07 1.622614431819034e-07
-1.583105859964846e-05 -1.045106311173644e-05 -8.478674191856940e-07 2.010434449982143e-09
-1.753078890911849e-05 -1.245280465107378e-05 -8.272448793735362e-07 4.692417145773844e-08
-1.907890388054396e-05 -1.272663268222611e-05 -8.226614192804236e-07 8.173404299851823e-08
-1.744502111984969e-05 -9.051942867971617e-06 -8.714566449293654e-07 2.757995956649415e-08
-1.756484177564923e-05 -7.470031035601528e-06 -8.784428228389363e-07 7.504590186944739e-08
-2.065022817578521e-05 -1.282263503283405e-05 -8.050253197037621e-07 1.082026558618855e-07
-1.890306101970292e-05 -1.051406852030024e-05 -8.461219902478916e-07 4.916451919547329e-08
-1.908105226491422e-05 -7.866692997148187e-06 -8.701856042907711e-07 3.162379570689892e-08
-2.099756037824244e-05 -1.074841984978908e-05 -8.054950063469199e-07 5.910167914200897e-08
-2.238659110313037e-05 -1.283082963959598e-05 -7.572099557660466e-07 1.153961015428556e-07
-2.064839578531930e-05 -7.997055491338205e-06 -8.353974698345909e-07 2.250946710052722e-08
-2.478254782255336e-05 -1.283946384071150e-05 -7.280766477403126e-07 1.186862855800856e-07
-2.288838524417874e-05 -9.567870649833528e-06 -7.688415092859302e-07 2.864441931317297e-08
-2.238619283237311e-05 -7.988632458136354e-06 -7.821981786029991e-07 -1.838209422447155e-09
-2.809397261863242e-05 -1.285317621781422e-05 -7.556566170425415e-07 8.573631793707458e-08
-2.645138303993516e-05 -1.021812210452103e-05 -7.039155505985478e-07 7.097294248716655e-08
-2.478289444745285e-05 -7.976813141277403e-06 -7.431202294153319e-07 3.020868515255496e-09
-3.249116720857816e-05 -1.286663677628922e-05 -7.386286805700784e-07 7.661745057395350e-08
-3.028852190379109e-05 -1.040801858190009e-05 -6.885732935473839e-07 7.043708532815178e-08
-2.809410748730757e-05 -7.962609667207029e-06 -6.520578372899844e-07 7.972074413980622e-08
-3.709429896148440e-05 -1.287432471703907e-05 -7.590500099923063e-07 9.013648430687211e-08
-3.479025798272319e-05 -1.040740216429597e-05 -6.837390721875392e-07 8.172855646481160e-08
-3.249133982307784e-05 -7.948559127672571e-06 -6.139693431641063e-07 9.655955106140507e-08
-4.170674913486509e-05 -1.287567189020114e-05 -7.614611392169612e-07 2.957324849986061e-08
-3.940017735279318e-05 -1.040704659174749e-05 -7.074620414724439e-07 1.025019971221821e-07
-3.709448850310727e-05 -7.939908279996804e-06 -6.347350820454275e-07 1.508334659291529e-07
-4.631596298637482e-05 -1.287024232708283e-05 -8.830279191371965e-07 6.616599716772675e-08
-4.401318998863861e-05 -1.040659205717413e-05 -8.419880383813122e-07 1.289216726679070e-07
-4.170711830601637e-05 -7.937832032357248e-06 -7.975500667177149e-07 2.179034936190316e-07
-5.090971120933368e-05 -1.285899021291786e-05 -9.838118842555292e-07 1.907878144791535e-07
-4.861652949510342e-05 -1.040613081688343e-05 -9.625825444011439e-07 1.468510582413000e-07
-4.631628407164991e-05 -7.942395613198267e-06 -9.479751045603881e-07 1.884442605733708e-07
-5.547740924666937e-05 -1.284339748976012e-05 -9.035766460770399e-07 3.272047620913749e-07
-5.319877704306002e-05 -1.040576361715517e-05 -9.316259175961080e-07 1.528045049370599e-07
-5.090997949732668e-05 -7.952954795868067e-06 -9.602172961475646e-07 8.779036004202520e-08
-6.001294629596787e-05 -1.282666823660501e-05 -4.266310329691971e-07 5.065782954852947e-07
-5.775084197196464e-05 -1.040541592090494e-05 -6.512549719428866e-07 1.449744385343262e-07
-5.547773421894281e-05 -7.967781169061505e-06 -7.774986493608522e-07 -3.362585185241704e-08
-6.451771706769197e-05 -1.281245388191147e-05 5.525748108905893e-07 7.401305662407260e-07
-6.227007237064774e-05 -1.040528113528027e-05 3.905268369698460e-08 1.140113391146399e-07
-6.001319143521590e-05 -7.983946955637126e-06 -2.946627114444450e-07 -2.396753908915965e-07
-6.900016875127705e-05 -1.280346229054975e-05 1.974219285574393e-06 8.859077545935839e-07
-6.676178007046759e-05 -1.040522558141015e-05 1.240398599046336e-06 1.020297368254927e-07
-6.451782878136674e-05 -7.997943644849689e-06 6.252380018329688e-07 -5.547438440318334e-07
-7.857479707721402e-05 -1.253620457827169e-05 5.411177422412938e-06 8.205981235678607e-07
-7.794004330081270e-05 -1.279914469092559e-05 5.185354849659473e-06 9.140373293977799e-07
-7.100408439560152e-05 -1.040511196021483e-05 2.708155930387464e-06 8.832020312116632e-08
-7.347146948174186e-05 -1.279980021072237e-05 3.610225147811178e-06 9.361265883424819e-07
-6.900038943079308e-05 -8.006739061277090e-06 2.004206745633864e-06 -7.372242389014751e-07
-7.883772153695198e-05 -1.190142756007457e-05 5.506244504752214e-06 5.936515484786625e-07
-7.733595977178741e-05 -1.040532759423947e-05 4.984857160622152e-06 6.378700434872253e-08
-7.347146866473932e-05 -8.010610761379280e-06 3.631880431689380e-06 -7.748588151311470e-07
-7.883782114946378e-05 -8.909188212869708e-06 5.532511132921322e-06 -4.823679588092932e-07
-7.794012357954482e-05 -8.011423953918536e-06 5.213810283631574e-06 -8.039800578109958e-07
-7.857489572185764e-05 -8.274378607557000e-06 5.440356586443466e-06 -7.094717967400172e-07
