7.784932479075934e-05 -1.322219610838158e-05 -3.314563035072588e-06 5.069274732266745e-07
7.811300231411048e-05 -1.258561051994926e-05 -3.379964859879099e-06 3.391485788872371e-07
7.811282644191924e-05 -9.584804660703023e-06 -3.325210358103504e-06 -5.481060189445820e-07
7.784912470260811e-05 -8.948191357108298e-06 -3.255771223191349e-06 -7.069224995949046e-07
7.721274271099961e-05 -1.348587643969694e-05 -3.149641143380064e-06 5.758246635397440e-07
7.601879558612670e-05 -1.108515615684936e-05 -2.743120124245942e-06 -1.136638460804101e-07
7.721250609913748e-05 -8.684496140473549e-06 -3.090624002140409e-06 -7.709868238963050e-07
7.273101770815702e-05 -1.348585298625906e-05 -1.881832905234146e-06 5.048840582631471e-07
7.273060675395538e-05 -8.684153878790529e-06 -1.843336396316873e-06 -7.155457114136521e-07
7.025634723375068e-05 -1.108493408384388e-05 -1.277970194136995e-06 -1.347004782156096e-07
6.824867178862743e-05 -1.348660684260267e-05 -7.919184974798660e-07 3.697130045152779e-07
6.824776689249097e-05 -8.682480337381596e-06 -8.359458545199538e-07 -5.233731788681622e-07
6.600573436354685e-05 -1.108433141754656e-05 -5.074689237205197e-07 -1.256298076976096e-07
6.376256022526866e-05 -1.348833898330166e-05 -8.068627465406378e-08 1.866009139984039e-07
6.376142865173741e-05 -8.679128277857443e-06 -2.094396142765524e-07 -4.123481331649841e-07
6.151673770558840e-05 -1.108345018474187e-05 5.319212274346096e-08 -8.357803423221162e-08
5.926996656737983e-05 -1.349092238766003e-05 2.436071297040595e-07 2.818662200123863e-08
5.926872672975806e-05 -8.674897512804618e-06 3.400807057794143e-07 -3.518390346029206e-07
5.702034329909440e-05 -1.108227943615494e-05 4.523899706875324e-07 -7.660120750594158e-08
5.477014852645619e-05 -1.349231600510195e-05 4.034282096021823e-07 -1.533922806200924e-08
5.476917945307916e-05 -8.671157517338630e-06 8.047219121007218e-07 -3.404185613261892e-07
5.251806943672754e-05 -1.108089640535637e-05 7.679740823317869e-07 -9.965728100041259e-08
5.026715141573756e-05 -1.349041082464873e-05 4.472215740870205e-07 -1.376948870580050e-07
5.026656155665119e-05 -8.670314573409634e-06 9.570568930342525e-07 -2.014628396849602e-07
4.801606189575453e-05 -1.107937419632987e-05 8.697238613137079e-07 -1.259845320290313e-07
4.576912775722175e-05 -1.348329355176635e-05 3.134921570104701e-07 -2.697466893916168e-07
4.576870435301880e-05 -8.673978779999949e-06 8.035028457998423e-07 -4.023043914477202e-08
4.352421412195676e-05 -1.107764863901379e-05 7.167880169108926e-07 -1.737540698966560e-07
4.128623750759670e-05 -1.347157513559601e-05 2.652968799792551e-08 -3.728962225930934e-07
4.128604276945142e-05 -8.682037110106823e-06 3.144668281854941e-07 7.737312485889856e-08
3.905194078811484e-05 -1.107589718478232e-05 2.825324648986979e-07 -2.275280707531944e-07
3.682600145679728e-05 -1.345721232328452e-05 -1.948668541289722e-07 -3.075687466747796e-07
3.682577807299879e-05 -8.692544990232883e-06 -1.051687955433140e-07 1.245064254452684e-08
3.460419822322512e-05 -1.107397047094503e-05 -8.695016711966298e-08 -2.563386699179403e-07
3.239089055804356e-05 -1.344277020016287e-05 -2.970648497812283e-07 -3.407226124123950e-07
3.239017886095575e-05 -8.702755575136406e-06 -3.673140573253874e-07 -6.795778968145752e-08
3.026988155411453e-05 -1.107170487083130e-05 -3.730720757309997e-07 -2.836810124770450e-07
2.815582099115550e-05 -1.343094331862026e-05 -4.467524795094503e-07 -3.860868137906624e-07
2.815491411749288e-05 -8.710196171332411e-06 -5.565549895612808e-07 -1.191893763005292e-07
2.657180569309465e-05 -1.125398877961846e-05 -5.481148609102318e-07 -2.816102506629469e-07
2.495841133589475e-05 -1.342426914536925e-05 -6.462813371247091e-07 -3.844883344266665e-07
2.495751106074329e-05 -8.713148787712097e-06 -6.761590479020594e-07 -1.998894906056494e-07
2.263441683143973e-05 -1.342232886173324e-05 -7.856137599994793e-07 -3.766543897507775e-07
2.308919981692665e-05 -1.187137008895550e-05 -7.516351103867337e-07 -3.035977861633756e-07
2.263416041741894e-05 -8.712494716416274e-06 -7.515384971639907e-07 -2.189371980368307e-07
2.094493531108220e-05 -8.710294987361127e-06 -8.571034372046582e-07 -2.227982916172044e-07
-3.662593289201293e-06 -2.464608008563834e-07 1.581121193365814e-07 -7.632100320362928e-07
-3.736455243739660e-06 -6.887112900082343e-08 1.628683453157824e-07 -7.709619052645902e-07
-3.736095624891330e-06 5.930712303562342e-07 1.664620513252721e-07 -8.034282272443025e-07
-3.662586478501531e-06 7.684111204849706e-07 1.610121889684630e-07 -8.140358651595129e-07
2.094534041085366e-05 -1.342258930634931e-05 -9.052631440635928e-07 -3.675149053800748e-07
1.940843293237216e-05 -1.333607203464976e-05 -9.644047421282576e-07 -3.539029766485434e-07
2.060503304306974e-05 -1.047799754595930e-05 -8.865016109473830e-07 -2.967961541837061e-07
1.941314716266880e-05 -8.572310950753107e-06 -9.352788352642243e-07 -2.353304495655518e-07
-3.485772477904119e-06 -3.198522559555556e-07 1.480178712881423e-07 -7.606784282936717e-07
-3.307327331872351e-06 4.061407384871398e-07 1.436784559026306e-07 -7.972606303561032e-07
-3.487135447535187e-06 8.417263388935946e-07 1.494122605982330e-07 -8.193688286405984e-07
1.892242749410906e-05 -1.188223239431117e-05 -9.769251192649325e-07 -3.178969764691440e-07
1.788917041562761e-05 -1.307684224161064e-05 -9.969110545999418e-07 -3.311674843947952e-07
1.640704418912322e-05 -1.264621227910724e-05 -9.661159258416439e-07 -3.212762615591115e-07
1.846159003761802e-05 -9.863510220384592e-06 -9.607665552084854e-07 -2.869811450422728e-07
1.792561566757844e-05 -8.167111258363755e-06 -9.263575952668609e-07 -2.780993785302847e-07
-2.286354067749881e-06 -3.381735271696935e-07 1.101485860759431e-07 -7.447896817022963e-07
-2.284971706554567e-06 8.639185677680482e-07 1.167867242580310e-07 -8.163322058437847e-07
-1.663489545016871e-06 2.638198962584296e-07 7.660904860616813e-08 -7.582382621395950e-07
1.497960127744736e-05 -1.205070236322525e-05 -9.265198122150739e-07 -3.029720627339497e-07
1.621510650826878e-05 -1.111418540910988e-05 -9.651990567091316e-07 -3.330842224221929e-07
1.673123180064364e-05 -9.166029643741556e-06 -9.539551769908938e-07 -3.334846397574424e-07
1.652735801104137e-05 -7.506205356155745e-06 -9.699852233103454e-07 -2.955422766517954e-07
-9.898829221259313e-07 -4.463309798807463e-07 1.846443611057253e-08 -6.705374944172704e-07
-9.895511393565193e-07 9.754721037690540e-07 4.798854545119151e-08 -8.253320808192182e-07
-2.242414735756214e-07 2.653823626931905e-07 -3.303146322174250e-08 -7.305205922453741e-07
1.362735851396227e-05 -1.129517457223179e-05 -9.085922267184042e-07 -2.651982758000514e-07
1.236551948162104e-05 -1.038846606700852e-05 -8.745372552728142e-07 -2.813002636823074e-07
1.491631946561534e-05 -8.853599451087615e-06 -1.006199967984785e-06 -3.566143539621942e-07
1.526084270458139e-05 -6.609960483357436e-06 -1.055778452895997e-06 -3.080676165239885e-07
6.520890447231333e-07 -6.812948777255669e-07 -6.842922563986218e-08 -6.663564550736863e-07
6.525982923406521e-07 1.213679435109372e-06 -7.610035513462258e-08 -8.096414496157057e-07
1.268432901928660e-05 -8.961419796877960e-06 -9.044177843118263e-07 -3.401088528134516e-07
1.121173781382542e-05 -9.343526759165958e-06 -8.192815894720900e-07 -3.221416469283298e-07
1.322443764528595e-05 -7.320410906529356e-06 -9.537816294923248e-07 -3.583686794334417e-07
1.416494813197687e-05 -5.502705728336126e-06 -9.993298267827784e-07 -4.500953790182090e-07
1.615381229289193e-06 2.666554030754270e-07 -1.743037782502842e-07 -7.373955003042557e-07
2.757225336894217e-06 -1.020599197863999e-06 -3.067771569837532e-07 -6.500901038822603e-07
2.756002963473857e-06 1.557342590275063e-06 -3.213909016280570e-07 -8.568094593045422e-07
1.018344825939110e-05 -8.171887024132912e-06 -7.658808145163530e-07 -3.853220847253065e-07
9.290312158730518e-06 -6.885679061680877e-06 -7.520541400539554e-07 -4.198341271792619e-07
8.543506035564235e-06 -5.502412175658499e-06 -6.918203210393898e-07 -4.716274859314983e-07
1.211852860012324e-05 -5.818125082948153e-06 -8.717638784139222e-07 -4.603236326632446e-07
1.327387683775307e-05 -4.217471679098978e-06 -9.416113841411512e-07 -5.437994933613221e-07
3.674306211130969e-06 2.643290830716206e-07 -3.934768284791113e-07 -7.678059797920895e-07
4.796468975954729e-06 -1.354742440370438e-06 -4.449443670560529e-07 -6.838571070917674e-07
4.796165225597985e-06 1.905569140535964e-06 -4.520707510933595e-07 -9.242958515553751e-07
1.003412504412620e-05 -5.511493689494305e-06 -7.776862435391685e-07 -4.665223899649673e-07
7.959699084571539e-06 -4.033144782548315e-06 -6.300248455288498e-07 -5.564806734289417e-07
6.666038756777837e-06 -1.639524765663852e-06 -5.852102611687479e-07 -6.548015179971818e-07
7.225385769214377e-06 -1.919185326531139e-06 -6.020052475482981e-07 -6.486791524693745e-07
7.541959035913390e-06 -2.480889517171376e-06 -6.068746940436599e-07 -6.339277730373842e-07
1.133643389009096e-05 -4.024983296979044e-06 -8.225826642435553e-07 -5.599714451881414e-07
1.261917235945232e-05 -2.802243443739269e-06 -8.767015578404656e-07 -6.663972816610718e-07
5.805996984422691e-06 2.875289100630023e-08 -5.059416078335478e-07 -7.882054483868532e-07
6.623869002575262e-06 2.153171310565146e-06 -5.497768827415728e-07 -9.112109152641653e-07
8.987082309517411e-06 -2.982389833402875e-06 -6.802458793220379e-07 -6.217505084497446e-07
7.239197651677979e-06 -7.866497268616452e-07 -6.031914547843478e-07 -7.078331108806425e-07
7.900179161092368e-06 -1.721274493950179e-06 -6.269556956795699e-07 -6.657286696472538e-07
1.075322855500438e-05 -2.359622810349851e-06 -7.751555303943020e-07 -6.904332649776458e-07
1.223192839516434e-05 -1.306153103098863e-06 -8.124197525322164e-07 -7.313291399772217e-07
7.235430801793510e-06 1.053071104750436e-06 -5.939296117724911e-07 -8.377730562253260e-07
7.125649098629698e-06 2.431833192866682e-06 -6.130172644068023e-07 -9.207356911015521e-07
9.280903531051443e-06 -4.432416586803856e-07 -7.052845256966156e-07 -7.576185835534730e-07
1.212517200152842e-05 2.276372728805032e-07 -8.009343953403671e-07 -8.282265243006381e-07
1.238002246096420e-05 1.783923620506478e-06 -8.190390408775494e-07 -8.908291618353069e-07
8.302206644596177e-06 2.044127124680697e-06 -6.592544570827942e-07 -9.040434188759003e-07
7.407141546413374e-06 3.049291710006685e-06 -6.544694891681535e-07 -9.481375688289800e-07
7.734278547312285e-06 4.792134512082320e-06 -7.021235148505482e-07 -1.004818510834351e-06
1.078793748076848e-05 1.954454284791878e-06 -7.639523479707200e-07 -8.933133165049367e-07
8.267765882409497e-06 6.551456117163437e-06 -7.305868295246895e-07 -1.049501620271598e-06
1.297021735984254e-05 3.377829546398726e-06 -8.557819570261841e-07 -9.656778306148627e-07
9.278143679582969e-06 4.830755747021001e-06 -7.135545556612392e-07 -1.030569570776139e-06
1.163018418477169e-05 4.967222005838189e-06 -8.280120987258232e-07 -1.041329304058491e-06
9.052092049054432e-06 8.261041034766437e-06 -7.574101690439751e-07 -1.093032549069278e-06
1.389893159375495e-05 4.971104844488077e-06 -8.831069430871634e-07 -1.040240963753329e-06
1.320404897639825e-05 6.603599344148562e-06 -8.866356385050888e-07 -1.086434336021399e-06
1.148357679732060e-05 7.652268011190954e-06 -8.463127044572557e-07 -1.105860280489457e-06
1.005443976527590e-05 9.957205745696221e-06 -7.548226499916534e-07 -1.116856270476819e-06
1.132473576059860e-05 1.158648716309198e-05 -7.599585666967000e-07 -1.166957016331994e-06
1.518461475831904e-05 6.479344803828114e-06 -8.911881141740688e-07 -1.096519404439544e-06
1.430190943805792e-05 8.509828089130766e-06 -8.979511200365596e-07 -1.113378843585906e-06
1.324951499933237e-05 1.095337959198032e-05 -8.360611311066681e-07 -1.142000419087074e-06
1.279701754194358e-05 1.312276614946397e-05 -7.947044476200807e-07 -1.188887431751934e-06
1.678267258290564e-05 7.844571542861864e-06 -8.622246225439663e-07 -1.138273566876054e-06
1.631551442274616e-05 1.095447921869887e-05 -8.889409604951979e-07 -1.171122043290711e-06
1.450566911986296e-05 1.449248194086962e-05 -8.683904873628542e-07 -1.185167212112871e-06
1.644332528540057e-05 1.570259396232478e-05 -8.816301356821669e-07 -1.142886010612946e-06
1.854987077674256e-05 1.673210636133295e-05 -8.993753735823688e-07 -1.125197535723972e-06
1.870526683286332e-05 1.163987023624116e-05 -8.577499903331568e-07 -1.181777584557012e-06
1.867956728556496e-05 9.005274981321970e-06 -8.604157454853926e-07 -1.196450812585179e-06
1.822295012186652e-05 1.432869887582851e-05 -8.897671903278415e-07 -1.138353939228145e-06
2.083401468732860e-05 1.749975410367645e-05 -8.810837944461375e-07 -1.118200963024293e-06
2.325639853562423e-05 1.802314730000928e-05 -8.343655379914434e-07 -1.117048558974988e-06
2.066208136873520e-05 1.223335749597872e-05 -8.047589068805075e-07 -1.163903307467615e-06
2.085262349001035e-05 9.854232848627977e-06 -8.090726196841736e-07 -1.187869354855402e-06
2.575653148429711e-05 1.826014932697798e-05 -8.134677290505918e-07 -1.132671150045444e-06
2.292802114402157e-05 1.450102975338127e-05 -8.022054410581515e-07 -1.145155720376555e-06
2.322748477268168e-05 1.034354446344981e-05 -8.097136954740159e-07 -1.140720748949800e-06
2.630017102133815e-05 1.489482923843238e-05 -7.747657236504406e-07 -1.135537543435580e-06
2.860779606332065e-05 1.837108408037517e-05 -7.971403749091163e-07 -1.193975479506168e-06
2.572571376254489e-05 1.046912239893280e-05 -8.033500139512867e-07 -1.111507578252519e-06
3.262374773654970e-05 1.848211358179720e-05 -7.870075241237221e-07 -1.233992678982819e-06
2.940757534367167e-05 1.295353068998363e-05 -7.763279891976599e-07 -1.102640318706659e-06
2.860167919347617e-05 1.035944785968444e-05 -7.934082665001728e-07 -1.079202336242170e-06
3.836500753926032e-05 1.865166221407228e-05 -9.822964238552749e-07 -1.362142734548097e-06
3.547586194648309e-05 1.403165377473975e-05 -8.893458528529274e-07 -1.151221732896457e-06
3.262670277169425e-05 1.021688427527688e-05 -8.642078678196347e-07 -1.037588573279398e-06
4.625590881001499e-05 1.883343103977060e-05 -1.458656168076678e-06 -1.457773135019849e-06
4.225924754871760e-05 1.435859644717765e-05 -1.253480966955415e-06 -1.136742012482384e-06
3.836631151333752e-05 1.005499407822991e-05 -1.111436405429568e-06 -9.412345849656746e-07
5.477514938902353e-05 1.898646797620253e-05 -2.100241388948555e-06 -1.469632356974228e-06
5.046871143226945e-05 1.435791652734890e-05 -1.784534957973488e-06 -1.128923459320087e-06
4.625630808173178e-05 9.881198168025984e-06 -1.555530038317057e-06 -8.672528968254266e-07
6.355219430384846e-05 1.911380180777272e-05 -2.765559092823289e-06 -1.435842697065564e-06
5.912373505730315e-05 1.435816586525669e-05 -2.437215917430126e-06 -1.105571384134680e-06
5.477508387076015e-05 9.729672796071711e-06 -2.163808080358695e-06 -7.983366398273555e-07
7.254376618226130e-05 1.921680228379224e-05 -3.389505689916815e-06 -1.391930029976999e-06
6.801557604296007e-05 1.435837864133095e-05 -3.063596225730063e-06 -1.089234306980612e-06
6.355193747676138e-05 9.602829573359973e-06 -2.777241157206393e-06 -7.732715537679977e-07
8.170419972287945e-05 1.929600638632065e-05 -3.948500151330736e-06 -1.431592002730686e-06
7.709919066038540e-05 1.435853577088630e-05 -3.646148622326167e-06 -1.077104270109255e-06
7.254343907576801e-05 9.500200321923634e-06 -3.347433972849566e-06 -7.853742350415742e-07
9.099001573534847e-05 1.935313802675853e-05 -4.557099573460026e-06 -1.402082041793990e-06
8.632930787122293e-05 1.435829741684542e-05 -4.258615873814875e-06 -1.069879216245252e-06
8.170409451474788e-05 9.420962017845584e-06 -3.947802193490513e-06 -7.233238119757082e-07
1.003638951430622e-04 1.939231671749976e-05 -5.238245129219148e-06 -1.397871744564773e-06
9.566475722199170e-05 1.435781496625742e-05 -4.911878907762398e-06 -1.059522074837935e-06
9.098998723390524e-05 9.363063258783360e-06 -4.619596456377161e-06 -7.105495423804609e-07
1.097966829739813e-04 1.941785860109034e-05 -5.911420492320958e-06 -1.342776750930508e-06
1.050723671173261e-04 1.435723737567095e-05 -5.628481444912794e-06 -1.033198856880440e-06
1.003638492785219e-04 9.322787971316915e-06 -5.369763619368763e-06 -6.711903680859840e-07
1.192661849660794e-04 1.943307554784550e-05 -6.429612032260590e-06 -1.237234950155268e-06
1.145267875898666e-04 1.435669630001002e-05 -6.224854039601528e-06 -1.010554556000142e-06
1.097967263150300e-04 9.296039614247011e-06 -6.006518325754902e-06 -6.981352212619968e-07
1.396007639320845e-04 1.888343381846387e-05 -7.115613227936949e-06 -1.125656291139824e-06
1.382522022577838e-04 1.944198234146701e-05 -7.074091916603611e-06 -1.141079869957362e-06
1.235148719409597e-04 1.435640462684689e-05 -6.625326040292206e-06 -1.002720115891802e-06
1.287558734563496e-04 1.944033443387412e-05 -6.800663637194392e-06 -1.136906122657253e-06
1.192660983741783e-04 9.280005995703008e-06 -6.458309524816870e-06 -7.961771930544564e-07
1.401593591016723e-04 1.753493621909790e-05 -7.132570713755771e-06 -1.087435581052581e-06
1.369678763692233e-04 1.435626219318148e-05 -7.029807377174527e-06 -9.928332727480771e-07
1.287558059676783e-04 9.272227811541751e-06 -6.795172561373861e-06 -8.530308505052725e-07
1.401592409519843e-04 1.117765883739921e-05 -7.125368579611289e-06 -9.026739725036726e-07
1.382520809825969e-04 9.270630646321224e-06 -7.065565490913338e-06 -8.490792803564876e-07
1.396006399460553e-04 9.829174921285200e-06 -7.107141747494472e-06 -8.639551842266488e-07
