-4.271279217921312e-05 6.550989811489455e-06 -4.725246708430254e-05 5.710936611589358e-06
-4.286052246436951e-05 6.194284992470303e-06 -4.744848175066703e-05 5.250478475915781e-06
-4.286019703037854e-05 4.512611937366908e-06 -4.752791218794573e-05 3.246532835472159e-06
-4.271241988828429e-05 4.155872078344359e-06 -4.734401356466706e-05 2.801287181897860e-06
-4.235611229514838e-05 6.698745212443211e-06 -4.678808693618616e-05 5.901931274524495e-06
-4.168676501020172e-05 5.353398649855882e-06 -4.607174701967951e-05 4.253706143658513e-06
-4.235567262102424e-05 4.008103530609702e-06 -4.689923160447465e-05 2.616533369947799e-06
-3.984426971525817e-05 6.698856608858451e-06 -4.369465851832026e-05 5.924071631276253e-06
-3.984373215097177e-05 4.008176221827408e-06 -4.386890751606026e-05 2.594323914731381e-06
-3.845736274551876e-05 5.353747444729767e-06 -4.202038830430753e-05 4.257397234492868e-06
-3.733243267543646e-05 6.698793575157913e-06 -4.062885247860915e-05 5.923851012949476e-06
-3.733203274413256e-05 4.009234890398042e-06 -4.069187470626192e-05 2.420671543226634e-06
-3.607694444643004e-05 5.353992012100410e-06 -3.895185591213416e-05 4.276681007855096e-06
-3.482215860721610e-05 6.697633635017818e-06 -3.740091600497193e-05 6.008080837170870e-06
-3.482203287394552e-05 4.010892753473277e-06 -3.709090939478192e-05 2.354455824468036e-06
-3.356833232055132e-05 5.354514732756574e-06 -3.564916629423847e-05 4.187831693911143e-06
-3.231579624218872e-05 6.695931399156615e-06 -3.388761752916357e-05 6.110606731470752e-06
-3.231528434267928e-05 4.013492490179674e-06 -3.359560526344910e-05 2.309276637682687e-06
-3.106402622720328e-05 5.355001386606685e-06 -3.215925196196291e-05 4.146646984253205e-06
-2.981415478122661e-05 6.693384745862148e-06 -3.021992839018248e-05 6.134447098889393e-06
-2.981355344323607e-05 4.017010503433816e-06 -3.025398356272370e-05 2.413532328351763e-06
-2.856539792187972e-05 5.355462202140849e-06 -2.858068262992087e-05 4.110067339076990e-06
-2.731880178163967e-05 6.690303669238672e-06 -2.660533965053091e-05 6.045964189006063e-06
-2.731838744565332e-05 4.020991578753765e-06 -2.703559577834689e-05 2.448816144805223e-06
-2.607357036587376e-05 5.355889548854603e-06 -2.508658602303172e-05 4.141374191641393e-06
-2.483022186889551e-05 6.687476340135046e-06 -2.325257725489706e-05 5.932639145881253e-06
-2.483001909952472e-05 4.024670177752507e-06 -2.376521683438408e-05 2.423984630742692e-06
-2.358801622943073e-05 5.356443340943888e-06 -2.181144828930414e-05 4.206903515012745e-06
-2.234757072665768e-05 6.685199517992436e-06 -2.014578386458650e-05 5.852619394021895e-06
-2.234728099110135e-05 4.028149203751679e-06 -2.051337200610784e-05 2.516247664815729e-06
-2.110756829803875e-05 5.357017847356109e-06 -1.874231969088433e-05 4.241320769468772e-06
-1.986943474101682e-05 6.683129021919291e-06 -1.715450746777580e-05 5.814467980050046e-06
-1.986914118434755e-05 4.031746105623726e-06 -1.735640599282806e-05 2.653911106795668e-06
-1.863175174024483e-05 5.357587150168103e-06 -1.576813901255272e-05 4.283372170664790e-06
-1.739666681763006e-05 6.679822382252185e-06 -1.427646504550135e-05 5.774675522165089e-06
-1.739670024101523e-05 4.036339074770222e-06 -1.436465202060079e-05 2.713109183705991e-06
-1.621271509161164e-05 5.358273745711566e-06 -1.299657192260481e-05 4.283283304439376e-06
-1.503208025585583e-05 6.674896420590347e-06 -1.168854108169928e-05 5.720544998243911e-06
-1.503228990386679e-05 4.043157480898487e-06 -1.166418005959584e-05 2.834203763002455e-06
-1.414797691863856e-05 5.461636873672470e-06 -1.069882621246990e-05 4.390257795859957e-06
-1.324878121889474e-05 6.669587456825993e-06 -9.764526275536886e-06 5.637519850889716e-06
-1.324891777072746e-05 4.050141355761749e-06 -9.752367720718171e-06 2.968627342775118e-06
-1.195701155978387e-05 6.664530434990605e-06 -8.450346347658112e-06 5.578798761504281e-06
-1.220811563620906e-05 5.805821848398570e-06 -8.686415312167660e-06 4.731290026815350e-06
-1.195693662326250e-05 4.055043639109760e-06 -8.459759089460424e-06 3.040403119292036e-06
-1.102134564502570e-05 4.060441211546946e-06 -7.581938450774050e-06 3.100480646846419e-06
1.896297867830308e-06 -3.680446426176004e-07 1.171558152239991e-06 3.709366072046222e-07
1.933553932471387e-06 -4.574255702022428e-07 1.196425794379354e-06 3.077507765828388e-07
1.933425571816579e-06 -7.911707938415868e-07 1.197547302006604e-06 6.510487453566669e-08
1.896323771502448e-06 -8.796992890254564e-07 1.171547269606172e-06 -6.412853960874228e-10
-1.102062097309439e-05 6.660782683806711e-06 -7.549854925297261e-06 5.546236853114803e-06
-1.017349030887947e-05 6.608964724946549e-06 -6.769642314587801e-06 5.464935361355808e-06
-1.083077453497558e-05 5.036186465360024e-06 -7.380290330209396e-06 3.993195841919901e-06
-1.017416718963250e-05 3.992342386519699e-06 -6.803313485991473e-06 3.087486660496661e-06
1.807263834561075e-06 -3.312264087227425e-07 1.111006806504833e-06 3.977166195010862e-07
1.717261651675307e-06 -6.974314575734910e-07 1.047396612467722e-06 1.311401005298195e-07
1.807758483556136e-06 -9.168869688157311e-07 1.109257216742771e-06 -3.050408392897147e-08
-9.904185053517230e-06 5.807816135899222e-06 -6.519310482068949e-06 4.706653495806686e-06
-9.339858547564061e-06 6.460436162680301e-06 -6.027653915684803e-06 5.282003153595321e-06
-8.531569447744699e-06 6.220233240024322e-06 -5.369548388530000e-06 5.036386188631272e-06
-9.650182102223370e-06 4.702214230401397e-06 -6.325404426507549e-06 3.714356332506795e-06
-9.357166034297719e-06 3.780670478571911e-06 -6.070569265713106e-06 2.946406303818967e-06
1.202957705760832e-06 -3.230090350072072e-07 6.779703521186140e-07 4.038204376100845e-07
1.201975236090494e-06 -9.292753982757356e-07 6.593232219444183e-07 -6.607769927593058e-08
8.889287038439623e-07 -6.269768969553774e-07 4.049597174433319e-07 1.701198127579122e-07
-7.758995388589046e-06 5.889568032981535e-06 -4.769906112824236e-06 4.717220473077210e-06
-8.425091373327515e-06 5.383150227886395e-06 -5.279919594497589e-06 4.304622713145051e-06
-8.705664822932295e-06 4.325633181795500e-06 -5.521252077164316e-06 3.398785005174082e-06
-8.593847032643453e-06 3.432691616482144e-06 -5.422307025333674e-06 2.724497365100622e-06
5.488486353919469e-07 -2.677304436392852e-07 1.283554737367543e-07 4.343442461262408e-07
5.486344039226026e-07 -9.873930639054232e-07 1.610485961673913e-07 -5.861373755616442e-08
1.613525769851775e-07 -6.281766570842093e-07 -1.502257228773332e-07 2.146623839853831e-07
-7.030704821694151e-06 5.475836144188571e-06 -4.225980979115342e-06 4.355945767012820e-06
-6.357332834159547e-06 4.984475096200382e-06 -3.780245718945397e-06 3.968322331463025e-06
-7.722968264647431e-06 4.158945251082875e-06 -4.754948438611275e-06 3.284023084947680e-06
-7.906768461621826e-06 2.958872244032899e-06 -4.892625236480094e-06 2.430411111508755e-06
-2.835752567799689e-07 -1.459983021798579e-07 -4.634166410805159e-07 5.392381925908401e-07
-2.839991395460674e-07 -1.111692623281565e-06 -4.846192557217443e-07 -1.114312451350788e-07
-6.527878414294925e-06 4.216809004009959e-06 -3.908896340639129e-06 3.376859368486203e-06
-5.745960632657470e-06 4.420658670572369e-06 -3.374017410307996e-06 3.535009587296498e-06
-6.815644863482103e-06 3.340848867581521e-06 -4.103753481058003e-06 2.720963886957896e-06
-7.316028779568917e-06 2.376102377011722e-06 -4.416534192987382e-06 2.020880132836821e-06
-7.746980219075994e-07 -6.293171695157805e-07 -7.726901865039363e-07 2.207840785469463e-07
-1.359439965791023e-06 3.164636938885749e-08 -1.107306008116925e-06 6.129943965020363e-07
-1.358995937547494e-06 -1.292688074394563e-06 -1.089642279467314e-06 -1.039961951234758e-07
-5.202919723773352e-06 3.793772370274504e-06 -3.016350658798443e-06 3.067968753271586e-06
-4.736129176019994e-06 3.112580409577893e-06 -2.725785061410874e-06 2.590627102586483e-06
-4.348116310826154e-06 2.381958595342483e-06 -2.492503828574259e-06 2.085713898104998e-06
-6.228912941908672e-06 2.545426128935922e-06 -3.691194633396214e-06 2.144041991316016e-06
-6.838475902120618e-06 1.702896929129047e-06 -4.059062130795040e-06 1.624482605296947e-06
-1.830123353157366e-06 -6.285977040765802e-07 -1.353196938227994e-06 2.571216703668568e-07
-2.409275754051469e-06 2.080617971112541e-07 -1.664691509055885e-06 7.019648911231424e-07
-2.409324012693072e-06 -1.477677162406646e-06 -1.629297505062744e-06 -1.600128907689820e-07
-5.129636586331703e-06 2.385389713503570e-06 -3.006729209692227e-06 2.073322584692118e-06
-4.045514021364580e-06 1.610725717079360e-06 -2.332496950560498e-06 1.576202978814456e-06
-3.377175287810764e-06 3.591567551043323e-07 -2.164390977849221e-06 8.256483206968518e-07
-3.667354339129748e-06 5.055951137107368e-07 -2.276208674928500e-06 9.128049960610672e-07
-3.831078692752689e-06 7.986944366548933e-07 -2.311394285968538e-06 1.079290492207778e-06
-5.815757488609265e-06 1.603598724230494e-06 -3.451975637655709e-06 1.575769608803955e-06
-6.488442133444266e-06 9.644658247249422e-07 -3.838354356807653e-06 1.202465474971352e-06
-2.930814038475191e-06 -5.070183131739570e-07 -1.918710483474470e-06 3.440077579722105e-07
-3.355195200136458e-06 -1.609883119616176e-06 -2.129670509678252e-06 -1.922292125901235e-07
-4.584526984207137e-06 1.059728547182759e-06 -2.704523425074242e-06 1.220531163503280e-06
-3.674669272367564e-06 -8.325345509892139e-08 -2.299330723326596e-06 6.028193903194265e-07
-4.018619842414408e-06 4.030610717333389e-07 -2.443273964235679e-06 8.606937629333874e-07
-5.509525812436841e-06 7.344702660055312e-07 -3.273542276746101e-06 1.047903232095151e-06
-6.281917664666151e-06 1.863965903802995e-07 -3.693973297269427e-06 7.606327535806494e-07
-3.672704066345926e-06 -1.039247406523420e-06 -2.302468695830125e-06 9.847017913198188e-08
-3.614896551420178e-06 -1.755940608938549e-06 -2.298390139011846e-06 -2.610377682083491e-07
-4.739760718402558e-06 -2.618610535496111e-07 -2.853131154157751e-06 5.002656464260789e-07
-6.225205900367060e-06 -6.103492676218430e-07 -3.634763606876062e-06 3.068362522034114e-07
-6.359539133398633e-06 -1.419370210730552e-06 -3.620159943837398e-06 -1.057234649240919e-07
-4.228177974260673e-06 -1.554563039128994e-06 -2.602404264459135e-06 -1.734582536935004e-07
-3.760640247926300e-06 -2.079030279893818e-06 -2.397445103105799e-06 -4.050587165164096e-07
-3.928532660150085e-06 -2.990893209317040e-06 -2.508753794653824e-06 -7.895775302195428e-07
-5.527302750528458e-06 -1.507462837358293e-06 -3.235487910184291e-06 -1.701422611619355e-07
-4.204211204076546e-06 -3.914928514045995e-06 -2.651282754947107e-06 -1.168351090933842e-06
-6.671401049624284e-06 -2.249671339619554e-06 -3.684732590874945e-06 -4.915583639302321e-07
-4.735908211097704e-06 -3.009998713903949e-06 -2.851641875458841e-06 -8.148221747848726e-07
-5.969336723932663e-06 -3.080758025945045e-06 -3.383708529179652e-06 -8.406364063161737e-07
-4.612589199841005e-06 -4.813951766000969e-06 -2.833727113892467e-06 -1.528320541455082e-06
-7.163255751224420e-06 -3.082089484974114e-06 -3.844244408168411e-06 -8.278557678473742e-07
-6.798646355144808e-06 -3.939191536596189e-06 -3.709026170464481e-06 -1.176087046249505e-06
-5.891033545734592e-06 -4.492097970437740e-06 -3.362046931435136e-06 -1.405989711517522e-06
-5.136782761590773e-06 -5.710508201494425e-06 -3.050406728780472e-06 -1.872747252288169e-06
-5.805366861743826e-06 -6.574637664096344e-06 -3.330626261440975e-06 -2.207924435883781e-06
-7.846633339657466e-06 -3.872027643085501e-06 -4.120195206569901e-06 -1.147419587233658e-06
-7.379775607103038e-06 -4.944206391682385e-06 -3.952665235070214e-06 -1.573601956713892e-06
-6.822122718142008e-06 -6.239120683807074e-06 -3.751645016681077e-06 -2.073362181040730e-06
-6.582234698034742e-06 -7.393139166655337e-06 -3.655468673673572e-06 -2.500357270468571e-06
-8.697826859392153e-06 -4.589504500647621e-06 -4.445100990326971e-06 -1.424996939795843e-06
-8.449963052775429e-06 -6.240083118408936e-06 -4.356390012802816e-06 -2.083995023720511e-06
-7.487833165304285e-06 -8.124294518753146e-06 -4.012694998915461e-06 -2.755057306963547e-06
-8.519449901622107e-06 -8.772876028443518e-06 -4.399756312878967e-06 -2.993866755893997e-06
-9.643257798950538e-06 -9.326973655163662e-06 -4.807745348298237e-06 -3.175306124986572e-06
-9.725050557508144e-06 -6.604740240327085e-06 -4.858013002590595e-06 -2.228280242164296e-06
-9.710662411610686e-06 -5.201881158639667e-06 -4.852484639069719e-06 -1.677110830912052e-06
-9.467257199978928e-06 -8.040340053628835e-06 -4.748298619833601e-06 -2.740551076916278e-06
-1.086570414317007e-05 -9.740485117140432e-06 -5.263877139923628e-06 -3.286217042875593e-06
-1.216434374211930e-05 -1.002337742980193e-05 -5.724903472389365e-06 -3.305615472038003e-06
-1.077202091058833e-05 -6.920869320783512e-06 -5.270465468056014e-06 -2.345549899884106e-06
-1.087417618231207e-05 -5.649646964276460e-06 -5.311887026127559e-06 -1.881288655325169e-06
-1.350646843690425e-05 -1.015204995400243e-05 -6.177394954301337e-06 -3.273040400146553e-06
-1.198676295608030e-05 -8.134737460349110e-06 -5.702927706177331e-06 -2.727972208296081e-06
-1.214791152723557e-05 -5.906797601637220e-06 -5.770826130378751e-06 -2.035882917932532e-06
-1.379843101892906e-05 -8.345958823033874e-06 -6.262544034202056e-06 -2.784825502898360e-06
-1.503886634908056e-05 -1.021213955813509e-05 -6.592765737957867e-06 -3.222170492476264e-06
-1.348942737111890e-05 -5.971513076200926e-06 -6.187097507030460e-06 -2.112386095690703e-06
-1.719793007294649e-05 -1.027072351363966e-05 -7.119645302295199e-06 -3.146405351750520e-06
-1.546911488955866e-05 -7.303528873135093e-06 -6.703707738134350e-06 -2.526887063297208e-06
-1.503606566697916e-05 -5.910692716006876e-06 -6.573926125241711e-06 -2.170941480837725e-06
-2.028072656119905e-05 -1.035641653584418e-05 -7.676021022033382e-06 -3.047509475218114e-06
-1.873106636685259e-05 -7.881453305359052e-06 -7.396516453147976e-06 -2.658788836752876e-06
-1.719990832149892e-05 -5.833924919146231e-06 -7.070268789082516e-06 -2.229712776150161e-06
-2.450223310797591e-05 -1.044215759947340e-05 -8.188064774185881e-06 -2.904603881332251e-06
-2.236753779262508e-05 -8.055603720156579e-06 -7.954843129693543e-06 -2.676047948587971e-06
-2.028177556022700e-05 -5.750625437570506e-06 -7.614602256081197e-06 -2.277725386025812e-06
-2.903577512818591e-05 -1.050873936110226e-05 -8.538652973161642e-06 -2.807256855998515e-06
-2.674869052276946e-05 -8.053982193492783e-06 -8.402442480535632e-06 -2.676231992067186e-06
-2.450279063371037e-05 -5.666497585784302e-06 -8.168130229118210e-06 -2.439699462809584e-06
-3.367852892144619e-05 -1.056072255489734e-05 -8.726941299322233e-06 -2.722450063033329e-06
-3.134085408112736e-05 -8.053062472288219e-06 -8.685603109638696e-06 -2.662882316961589e-06
-2.903596348077533e-05 -5.598241209649207e-06 -8.551175883858527e-06 -2.543510805026071e-06
-3.840699569908371e-05 -1.060021531874993e-05 -8.674545377523284e-06 -2.641624585534896e-06
-3.603029184214076e-05 -8.052300620885753e-06 -8.732338605200711e-06 -2.671532699644006e-06
-3.367863003224340e-05 -5.544633821387258e-06 -8.710123725973814e-06 -2.645742504081613e-06
-4.319908691873195e-05 -1.062869353895841e-05 -8.410674976985461e-06 -2.623676402160889e-06
-4.079409239390551e-05 -8.051674070454464e-06 -8.539799209315895e-06 -2.693032794231574e-06
-3.840699292560580e-05 -5.503693242491555e-06 -8.600184365667151e-06 -2.741982360661568e-06
-4.803472220018915e-05 -1.064774809819695e-05 -8.307578534261649e-06 -2.826919337151417e-06
-4.561097688706187e-05 -8.051194215079226e-06 -8.275231242837068e-06 -2.710147634000487e-06
-4.319897754396848e-05 -5.474239853291409e-06 -8.343751941796776e-06 -2.770805587063015e-06
-5.289892523522358e-05 -1.066026636598705e-05 -8.742101652999890e-06 -3.179978958285804e-06
-5.046291645887568e-05 -8.050595872845304e-06 -8.384954487918211e-06 -2.749859440126497e-06
-4.803464341604816e-05 -5.454051238402797e-06 -8.227393615691276e-06 -2.606413780314601e-06
-5.778205782651509e-05 -1.066844031097156e-05 -9.809591353824722e-06 -3.405665279964058e-06
-5.533788305018146e-05 -8.050129505749977e-06 -9.163665674091841e-06 -2.778321276198820e-06
-5.289886366791364e-05 -5.440425685744854e-06 -8.678015380969133e-06 -2.364263229512513e-06
-6.267780409259994e-05 -1.067377527184951e-05 -1.110654162498361e-05 -3.476461044116777e-06
-6.022822405247084e-05 -8.049837628283902e-06 -1.043510999457055e-05 -2.797479322438118e-06
-5.778197568756476e-05 -5.431410776308913e-06 -9.753158159926395e-06 -2.182272063951110e-06
-7.318488983930235e-05 -1.038868215674847e-05 -1.349281773909744e-05 -3.285887297717200e-06
-7.248807530429861e-05 -1.067729271553952e-05 -1.335296450325725e-05 -3.348837246317075e-06
-6.487341311887553e-05 -8.049595356196797e-06 -1.165917950881080e-05 -2.822740018776675e-06
-6.758135957212719e-05 -1.067652434373577e-05 -1.230057159872373e-05 -3.397837182109851e-06
-6.267776014037188e-05 -5.425661930174923e-06 -1.106169860825023e-05 -2.181246465454646e-06
-7.347351904853264e-05 -9.691893512972289e-06 -1.354907543780337e-05 -3.138696569986526e-06
-7.182444277387889e-05 -8.049410887475071e-06 -1.321187956185224e-05 -2.794264141979582e-06
-6.758128863162147e-05 -5.422344274843719e-06 -1.229152536170499e-05 -2.210447814222694e-06
-7.347340485352883e-05 -6.407002490301812e-06 -1.352915432543632e-05 -2.460974554969374e-06
-7.248794997551104e-05 -5.421612187466808e-06 -1.333296968857169e-05 -2.254930362438215e-06
-7.318476766821323e-05 -5.710221076697608e-06 -1.347155241800984e-05 -2.316299906787509e-06
