-1.228242931220226e-04 1.699458880063765e-05 2.707312447003918e-05 -2.034914911796684e-06
-1.233092630217886e-04 1.582380341997306e-05 2.714264503422013e-05 -1.859216457593588e-06
-1.233089703584898e-04 1.030435916575964e-05 2.713095744981905e-05 -9.784994179307485e-07
-1.228239606487345e-04 9.133548951047783e-06 2.706121908762932e-05 -8.018044739106226e-07
-1.216534681808244e-04 1.747953589898592e-05 2.690166056416257e-05 -2.108517718580666e-06
-1.194569378952489e-04 1.306404381108505e-05 2.653211189575880e-05 -1.411003699046684e-06
-1.216530809950902e-04 8.648593762261334e-06 2.688991779288517e-05 -7.271267460077559e-07
-1.134087650070274e-04 1.747879114792472e-05 2.555196974483930e-05 -2.160613484300403e-06
-1.134083553695989e-04 8.649672503089706e-06 2.557897286276044e-05 -6.522266724744542e-07
-1.088579314293204e-04 1.306455472670447e-05 2.484385713453421e-05 -1.394486666836904e-06
-1.051682869810650e-04 1.747418008119246e-05 2.401722179729411e-05 -2.300398427673714e-06
-1.051675959176294e-04 8.655313839801792e-06 2.413906382159884e-05 -5.551365654567790e-07
-1.010512426191117e-04 1.306489652582404e-05 2.337544254019471e-05 -1.416359683207780e-06
-9.694144304848239e-05 1.746343408635595e-05 2.231131922067047e-05 -2.488259209318711e-06
-9.694088842443622e-05 8.667051793228799e-06 2.248779135120738e-05 -4.798918963740574e-07
-9.283516999080565e-05 1.306549283370188e-05 2.147937720042340e-05 -1.431262425359268e-06
-8.874137791272996e-05 1.744464825405973e-05 2.041240948259176e-05 -2.584754541840963e-06
-8.874060489254737e-05 8.686904143718817e-06 2.058167248311855e-05 -4.179287024263713e-07
-8.465361964688967e-05 1.306597798402916e-05 1.942702656855189e-05 -1.504048947982631e-06
-8.058555119490820e-05 1.741412969772680e-05 1.839772572883357e-05 -2.630361117281446e-06
-8.058478496301940e-05 8.718295319281369e-06 1.865771251541397e-05 -5.108678614210331e-07
-7.652789750123927e-05 1.306642332258290e-05 1.745242447990452e-05 -1.586394531319367e-06
-7.249934124951667e-05 1.736848352801711e-05 1.631268421617325e-05 -2.706585400325697e-06
-7.249873389881499e-05 8.765099594212582e-06 1.670222311901857e-05 -4.652096285690890e-07
-6.848679989585259e-05 1.306697123285602e-05 1.532307816847398e-05 -1.640287506364327e-06
-6.451464750863719e-05 1.730512876189904e-05 1.408671440806380e-05 -2.811898921816839e-06
-6.451453692331427e-05 8.829643695237515e-06 1.440320032087325e-05 -3.233586183155039e-07
-6.056454975741318e-05 1.306750493610792e-05 1.290517120203151e-05 -1.686338619192364e-06
-5.666662653915651e-05 1.722279456757986e-05 1.177884214825790e-05 -2.884436987862209e-06
-5.666701215422079e-05 8.912797147345053e-06 1.176445084547061e-05 -2.057354920807658e-07
-5.279637391613683e-05 1.306796715708679e-05 1.034332709685250e-05 -1.684315448539457e-06
-4.899025602942495e-05 1.712128570307069e-05 9.347723860280461e-06 -2.892262066152098e-06
-4.899050912988658e-05 9.014761466066949e-06 9.050879780807416e-06 -3.228358652610489e-07
-4.521742513948381e-05 1.306812621918445e-05 7.932371363280521e-06 -1.650236066110106e-06
-4.152065110401639e-05 1.699923856861259e-05 6.987936252132451e-06 -2.812820332496028e-06
-4.152012894876270e-05 9.137444384132213e-06 6.668074991358533e-06 -5.046191633450346e-07
-3.800898824912411e-05 1.306713698494485e-05 5.849118552372330e-06 -1.636282649057628e-06
-3.458227167539213e-05 1.685773490881432e-05 5.016013764948364e-06 -2.647643165104542e-06
-3.458091527150598e-05 9.284222150001397e-06 4.857743784451639e-06 -7.492545890060539e-07
-3.203577820752723e-05 1.335532759862725e-05 4.342669709101309e-06 -1.674454629543412e-06
-2.952013650855702e-05 1.672459727320862e-05 3.846588277148996e-06 -2.432286382061580e-06
-2.951611303146859e-05 9.421342189621777e-06 3.803360213542674e-06 -9.065854580084335e-07
-2.596361355294551e-05 1.660736000672325e-05 3.126119908721281e-06 -2.310509310572645e-06
-2.662167815252232e-05 1.428886082193581e-05 3.220499458356919e-06 -1.879106501874220e-06
-2.595755869144501e-05 9.509691468826585e-06 3.143246988711246e-06 -1.057333306045852e-06
-2.344350074422289e-05 9.604303958940047e-06 2.728351915236447e-06 -1.113332795136294e-06
3.408816186693997e-06 7.157243522010682e-07 -2.958999060918984e-07 -7.085486185133796e-07
3.477830657003736e-06 5.496197185222130e-07 -3.046691402184205e-07 -6.974557665369639e-07
3.477410165846781e-06 -6.884168119068470e-08 -2.970575748285435e-07 -6.424298209195627e-07
3.408751433282753e-06 -2.325124019986074e-07 -2.848796775039792e-07 -6.268914761736264e-07
-2.343460947601086e-05 1.652442219033429e-05 2.724950308825119e-06 -2.252289673431701e-06
-2.121321167473694e-05 1.632219191691937e-05 2.331788903669601e-06 -2.180672285275367e-06
-2.290322166002016e-05 1.220463819805127e-05 2.618554116830289e-06 -1.495782430982361e-06
-2.118586999318135e-05 9.509698809997668e-06 2.388383618826126e-06 -1.143829695586231e-06
3.243462594955040e-06 7.844803136597814e-07 -2.766837635693446e-07 -7.109403012132237e-07
3.076833550882277e-06 1.063099469555433e-07 -2.496036488846639e-07 -6.511171607678641e-07
3.244933786735493e-06 -3.007498857656246e-07 -2.627223424874939e-07 -6.200204594545409e-07
-2.048667369892124e-05 1.420529647794095e-05 2.193248349709485e-06 -1.822479656860836e-06
-1.906540983250097e-05 1.585499076446166e-05 2.012028294027313e-06 -2.015430008666635e-06
-1.703835293239319e-05 1.518234685215314e-05 1.794593688762774e-06 -1.888002896321040e-06
-1.982007260838219e-05 1.135910802191941e-05 2.144635530486495e-06 -1.424054355401382e-06
-1.907711000925573e-05 9.066651727475074e-06 2.037367741702163e-06 -1.123762859972160e-06
2.122762432220194e-06 8.028916098522863e-07 -1.874707765147593e-07 -6.484120152312592e-07
2.122024622110970e-06 -3.197316898597930e-07 -1.901454035952287e-07 -6.203998504678787e-07
1.541416028865352e-06 2.416341792911156e-07 -1.635529789320319e-07 -6.360454705997097e-07
-1.516117461750438e-05 1.427783204499423e-05 1.591101022090217e-06 -1.770467656326611e-06
-1.675071501058949e-05 1.305312702509190e-05 1.743966871020166e-06 -1.644959118116512e-06
-1.744262423403088e-05 1.043704029508992e-05 1.824583527762068e-06 -1.294074894297950e-06
-1.715354159301259e-05 8.308808588350270e-06 1.783251172268511e-06 -1.109148762142213e-06
9.124132442294709e-07 9.052444624180774e-07 -1.977306723173672e-07 -6.267847549563242e-07
9.126714302348230e-07 -4.214573108493890e-07 -1.653333549103957e-07 -6.045288188999549e-07
1.983389043118212e-07 2.420766412731350e-07 -1.769879065036259e-07 -6.053026781044082e-07
-1.342931072323944e-05 1.320708615140914e-05 1.424393173490435e-06 -1.688318744974162e-06
-1.189196871395441e-05 1.198802042919415e-05 1.300323675412488e-06 -1.574512207266073e-06
-1.504983799260829e-05 1.004213271992389e-05 1.558734440972723e-06 -1.282155626028876e-06
-1.546207235718433e-05 7.259831303608595e-06 1.590334035237764e-06 -1.083510273015013e-06
-6.191616867831100e-07 1.125422709979536e-06 -1.128039861458657e-07 -7.102010826238346e-07
-6.192280755948858e-07 -6.411427331742081e-07 -1.102863156821904e-07 -4.563529774660061e-07
-1.228389654855138e-05 1.015922477655920e-05 1.335682769441804e-06 -1.374474068124556e-06
-1.055432154768425e-05 1.061738263315565e-05 1.189434108446744e-06 -1.440666836321135e-06
-1.292666855419660e-05 8.152005148602403e-06 1.367619454069349e-06 -1.171037961898901e-06
-1.403868725272143e-05 6.004518333224136e-06 1.419183577227856e-06 -9.777023563248742e-07
-1.517036506371331e-06 2.424218344224336e-07 1.811992011682356e-08 -5.530257969229159e-07
-2.581151588369740e-06 1.441429477889164e-06 1.718969980305342e-07 -6.901816735291418e-07
-2.579377190906459e-06 -9.591730899666723e-07 1.763465451037935e-07 -3.552940369729931e-07
-9.390838348648999e-06 9.147983893082420e-06 1.093584481940376e-06 -1.307670269851662e-06
-8.459427968525163e-06 7.636790656648849e-06 9.963543969519141e-07 -1.194382236395538e-06
-7.744094379424524e-06 6.052867317894524e-06 9.016383443451145e-07 -1.061721625892242e-06
-1.162561103974901e-05 6.385795230342056e-06 1.258497428836118e-06 -1.040780287927277e-06
-1.290643904893006e-05 4.609118244636621e-06 1.351763469823523e-06 -9.271503324028032e-07
-3.434970188736153e-06 2.461061147243872e-07 2.806346141881288e-07 -5.229046162852722e-07
-4.478717011903666e-06 1.750790691381022e-06 3.988423571947314e-07 -7.167648880348097e-07
-4.479602878024893e-06 -1.283011246223153e-06 4.260386545704516e-07 -2.723107850445216e-07
-9.310924599310826e-06 6.042576638812310e-06 1.068154538971317e-06 -1.058954203610551e-06
-7.211735883003951e-06 4.449458803783638e-06 8.283626994112434e-07 -9.069828965142834e-07
-6.181757210298353e-06 2.010991622337044e-06 6.780552935839367e-07 -7.240195461171868e-07
-6.667293427036730e-06 2.278952468772619e-06 7.359588102658054e-07 -7.303462249073995e-07
-6.914820548291144e-06 2.834111295191665e-06 7.689385969981956e-07 -7.602114019187186e-07
-1.072630170169031e-05 4.407471789102834e-06 1.205326243931022e-06 -9.176022984053150e-07
-1.206069858664056e-05 3.139945961053306e-06 1.332648608659979e-06 -7.779680190775360e-07
-5.415752508776472e-06 4.676014831864689e-07 5.460947556758157e-07 -5.031596813636153e-07
-6.218279574654521e-06 -1.518294750362001e-06 6.534934226332958e-07 -2.165065635796706e-07
-8.299903245873844e-06 3.322567816864712e-06 9.446453153924135e-07 -8.082396576868651e-07
-6.715674813453052e-06 1.210107147865023e-06 7.343790951840634e-07 -6.179104782229532e-07
-7.291538906649118e-06 2.087185791307330e-06 8.082377905747620e-07 -7.000604673401606e-07
-1.009586123301520e-05 2.687113290946183e-06 1.186873615454060e-06 -7.556619178248665e-07
-1.152286861089490e-05 1.664839596950848e-06 1.367615099682801e-06 -6.928451352417607e-07
-6.775717201871584e-06 -5.047235960288389e-07 7.141766011123121e-07 -3.493794442449298e-07
-6.724658400833618e-06 -1.773280281349163e-06 7.111364760089722e-07 -1.630800594504471e-07
-8.639197378394402e-06 8.290028252009237e-07 9.957852689889412e-07 -5.663036744807229e-07
-1.132305029773703e-05 2.082110372373803e-07 1.388759677466717e-06 -4.497618010599138e-07
-1.141273090244294e-05 -1.202771639957989e-06 1.422994408288815e-06 -2.022421049334609e-07
-7.802406308432209e-06 -1.438321721320947e-06 8.332976258469000e-07 -1.913610932048296e-07
-7.024000882671753e-06 -2.311750694733950e-06 7.448383305898735e-07 -5.652349122506183e-08
-7.399484875823786e-06 -3.780703913399628e-06 7.801310819564609e-07 2.347427143954816e-07
-1.001570168182322e-05 -1.395373652043906e-06 1.191200282443375e-06 -1.792836757580633e-07
-7.943436957231615e-06 -5.177837415408679e-06 8.517870286967724e-07 5.343479720844342e-07
-1.179772341939687e-05 -2.618110478983178e-06 1.482112610241774e-06 6.216466152182667e-08
-8.733169564174131e-06 -3.840136334142675e-06 9.590904460440052e-07 2.683428556590319e-07
-1.067109573324610e-05 -3.950412464733114e-06 1.303647313189226e-06 3.137008549901406e-07
-8.639961034533483e-06 -6.500300234190318e-06 1.012148790166518e-06 8.378666983339366e-07
-1.243511503020406e-05 -3.952932160913899e-06 1.536214936938205e-06 3.042531278840956e-07
-1.186661110275356e-05 -5.247938425835876e-06 1.465586933421119e-06 5.951366967054789e-07
-1.056020627497118e-05 -6.049133149278440e-06 1.320507318835009e-06 7.796338057779928e-07
-9.482327058509597e-06 -7.737686532615748e-06 1.145892248384521e-06 1.006007997194500e-06
-1.046441677255418e-05 -8.874791857852860e-06 1.283263791163214e-06 1.148716109236406e-06
-1.330389338989425e-05 -5.172115198618641e-06 1.647254465367787e-06 5.871240311871978e-07
-1.265339136227738e-05 -6.678304238150313e-06 1.574690965034976e-06 8.584085017476580e-07
-1.189331023313737e-05 -8.419434933631535e-06 1.493513535618651e-06 1.086598540407182e-06
-1.157070608318873e-05 -9.896742670062417e-06 1.438474607880147e-06 1.229118609714467e-06
-1.437424229071649e-05 -6.229453566847726e-06 1.742347608593183e-06 7.897603065022293e-07
-1.404172515226710e-05 -8.404683223321895e-06 1.700163634983885e-06 1.095827978680995e-06
-1.278996177927014e-05 -1.078714929631973e-05 1.585032351445149e-06 1.280477539845461e-06
-1.410729545572401e-05 -1.153598196379755e-05 1.679224958963304e-06 1.317311270601302e-06
-1.550384947872507e-05 -1.213346133261994e-05 1.763656110569356e-06 1.355309244790373e-06
-1.562416628581456e-05 -8.866651501436573e-06 1.826870666963713e-06 1.135104884376806e-06
-1.561646230236154e-05 -7.090700795713558e-06 1.855838414098863e-06 9.391469155468206e-07
-1.531175329501131e-05 -1.062065943051134e-05 1.764898086290752e-06 1.261109681471949e-06
-1.696355556847915e-05 -1.256767204302479e-05 1.807145060414226e-06 1.392036180556228e-06
-1.846770219556789e-05 -1.283514399570501e-05 1.918501683264261e-06 1.403562958406179e-06
-1.687919747795868e-05 -9.262327386832305e-06 1.885175213476471e-06 1.153062704457082e-06
-1.699523518870631e-05 -7.724986144373598e-06 1.923206332328449e-06 1.038091194062624e-06
-1.999444458496981e-05 -1.292993457642297e-05 2.051650446005190e-06 1.392147583203667e-06
-1.829616294094394e-05 -1.068451530109081e-05 1.919050332896150e-06 1.229891040369507e-06
-1.846855191027779e-05 -8.111446052379573e-06 1.973509396248949e-06 1.093140344733859e-06
-2.033130361468430e-05 -1.091395389838372e-05 2.051034024104414e-06 1.259401564551470e-06
-2.168181489896150e-05 -1.293993440896594e-05 2.174834789594935e-06 1.393014832298355e-06
-1.999146908599505e-05 -8.239170936967143e-06 2.045952280828911e-06 1.129700937795263e-06
-2.401086897896602e-05 -1.295111763087920e-05 2.311027064509710e-06 1.366222692538991e-06
-2.216861072865595e-05 -9.767514828366675e-06 2.143670850076424e-06 1.216462420008742e-06
-2.168036218333620e-05 -8.231872631927987e-06 2.111445338961257e-06 1.158696004107232e-06
-2.723199014424808e-05 -1.296995561134727e-05 2.477846281847469e-06 1.316731844301582e-06
-2.563287744504977e-05 -1.040250158831994e-05 2.361635691069812e-06 1.253902109882032e-06
-2.401017110396328e-05 -8.221027442580661e-06 2.245064595428858e-06 1.167859115607249e-06
-3.151809899061287e-05 -1.299383933938143e-05 2.457578907388765e-06 1.270242312117881e-06
-2.936840334244430e-05 -1.059020761859580e-05 2.456024102141945e-06 1.272268043701081e-06
-2.723114591713494e-05 -8.206798446896225e-06 2.385358939039965e-06 1.197021985482422e-06
-3.602368776883339e-05 -1.301761109539137e-05 2.334430732249578e-06 1.199122727722435e-06
-3.376376815644308e-05 -1.059282865804567e-05 2.390230072832309e-06 1.299180577144886e-06
-3.151716595395661e-05 -8.189058697753796e-06 2.398199082461004e-06 1.291933677256404e-06
-4.056872794818495e-05 -1.303999412925312e-05 2.171157773941856e-06 1.231660130002922e-06
-3.828938680091143e-05 -1.059525163934865e-05 2.261873626811773e-06 1.303916675967350e-06
-3.602285788357198e-05 -8.170504925831211e-06 2.334377165532597e-06 1.372241896865423e-06
-4.514957008850135e-05 -1.305913765417389e-05 2.010124275029160e-06 1.240849275937452e-06
-4.285336701678624e-05 -1.059732198006132e-05 2.092187730053859e-06 1.304468488345849e-06
-4.056806121202528e-05 -8.152617953948746e-06 2.213430936838609e-06 1.393031471175501e-06
-4.975913561447590e-05 -1.307402285406543e-05 1.750906498047099e-06 1.169864255501348e-06
-4.744995761328101e-05 -1.059914073565827e-05 1.899271047130255e-06 1.336152497675216e-06
-4.514902153148751e-05 -8.137338590911339e-06 1.988582372754453e-06 1.417043439490566e-06
-5.438954722231370e-05 -1.308449223285454e-05 1.338914898067156e-06 1.110671365291534e-06
-5.207129332392447e-05 -1.060052400614235e-05 1.552594898810001e-06 1.361972012564676e-06
-4.975873543044435e-05 -8.125755079933484e-06 1.717381108311658e-06 1.535724840755539e-06
-5.903364380270641e-05 -1.309115854486371e-05 7.948469072365238e-07 1.071817493708936e-06
-5.670971258296657e-05 -1.060151341644974e-05 1.082298711721384e-06 1.389112090214833e-06
-5.438926768078801e-05 -8.117616488483786e-06 1.314377019389881e-06 1.587634417964324e-06
-6.368548004887629e-05 -1.309473611327952e-05 1.294855122460763e-07 1.016939197856879e-06
-6.135855063497396e-05 -1.060217192834170e-05 4.765809483817214e-07 1.410852218305113e-06
-5.903342686005933e-05 -8.112695296192420e-06 7.963251109128293e-07 1.697913735763822e-06
-6.834035262274845e-05 -1.309641455874797e-05 -5.617646151923086e-07 1.001527235971529e-06
-6.601253558983152e-05 -1.060286909329415e-05 -2.057153127050454e-07 1.434140022498071e-06
-6.368515606293888e-05 -8.110333173220834e-06 1.409697696347006e-07 1.817773966121113e-06
-7.831154694215151e-05 -1.282304021702202e-05 -2.477735384804645e-06 1.005008335489903e-06
-7.765044153688037e-05 -1.309688288925212e-05 -2.346496466851859e-06 9.516215199195571e-07
-7.042556312479026e-05 -1.060342664705761e-05 -9.367804889993031e-07 1.453227296885073e-06
-7.299557828432344e-05 -1.309691183920077e-05 -1.449179574304023e-06 9.872095528805058e-07
-6.834012763801486e-05 -8.109929913301515e-06 -5.820691943629887e-07 1.874539265015140e-06
-7.858538717039868e-05 -1.216193147458387e-05 -2.531946608911941e-06 1.135960569945433e-06
-7.702108383965575e-05 -1.060369719503959e-05 -2.215752894595016e-06 1.456804922543560e-06
-7.299556439194276e-05 -8.110273963795913e-06 -1.450102199184020e-06 1.923524355130727e-06
-7.858544853536192e-05 -9.045431262332775e-06 -2.528643361523490e-06 1.775328594937737e-06
-7.765049074258526e-05 -8.110450140415821e-06 -2.343667795597256e-06 1.958516295218427e-06
-7.831160751687206e-05 -8.384301959439247e-06 -2.474535697115861e-06 1.905346904938101e-06
