8.002996231718833e-05 -1.232619090035012e-05 -7.122324901586247e-07 -5.939420712374631e-07
8.031857310024578e-05 -1.162955397905482e-05 -7.595527913946727e-07 -6.872983938022914e-07
8.031864151127361e-05 -8.345423794649017e-06 -8.855662557211105e-07 -9.489027433449332e-07
8.003004032252732e-05 -7.648793769417624e-06 -8.581686829099845e-07 -1.017107363394226e-06
7.933323128869116e-05 -1.261472944868128e-05 -6.103400389799517e-07 -5.547723024657578e-07
7.802626574372984e-05 -9.987502356686183e-06 -6.086316914172124e-07 -7.869570241973728e-07
7.933332327574723e-05 -7.360257603318206e-06 -7.888967967344736e-07 -1.044567584324807e-06
7.442718236148790e-05 -1.261328579055200e-05 -1.009954401500265e-07 -4.925367172741063e-07
7.442726274230096e-05 -7.361591155109287e-06 -3.321666255000071e-07 -1.023024118969968e-06
7.172012554191393e-05 -9.987314927404951e-06 1.314032751879989e-07 -7.817590632001690e-07
6.952676549435546e-05 -1.260683198568998e-05 3.206430415178572e-07 -5.286857774629079e-07
6.952687120601602e-05 -7.367846866969147e-06 3.355202027491575e-08 -1.030580606528370e-06
6.708109311647627e-05 -9.987214819927122e-06 6.273317926006120e-07 -7.148868415665319e-07
6.464350514725782e-05 -1.259383635927865e-05 6.484233808747722e-07 -5.319048513642357e-07
6.464356063174948e-05 -7.380494919453440e-06 6.175279939983367e-07 -9.778649588010316e-07
6.221101817229710e-05 -9.986871442987637e-06 1.072453110043056e-06 -7.533277562745180e-07
5.979065864193824e-05 -1.257471338282530e-05 1.030713267228232e-06 -5.407077939435267e-07
5.979091369640294e-05 -7.398923162140079e-06 9.918551175567483e-07 -9.063771810449886e-07
5.737745756280151e-05 -9.986473154358335e-06 1.395426482953261e-06 -7.276134777912085e-07
5.497886319185755e-05 -1.255121900773348e-05 1.317829705479442e-06 -5.779911880011933e-07
5.497947927131163e-05 -7.421536139614493e-06 1.163182780613538e-06 -7.772651063308117e-07
5.258848446727666e-05 -9.986122101228062e-06 1.605059989328238e-06 -6.827545529903918e-07
5.021294028342045e-05 -1.252692162881706e-05 1.549015482237100e-06 -6.375780334837097e-07
5.021359904102944e-05 -7.444667300210081e-06 1.203579883623407e-06 -6.824468315410836e-07
4.784510993266989e-05 -9.985599807495281e-06 1.654656237110667e-06 -6.484349563890530e-07
4.549076416763554e-05 -1.250443928226176e-05 1.602331870406828e-06 -6.808737424916289e-07
4.549121495801199e-05 -7.465516658834803e-06 1.250325327367798e-06 -6.588766843862041e-07
4.314287934883404e-05 -9.984919533106225e-06 1.549027097091363e-06 -6.211079947587310e-07
4.080699308151877e-05 -1.248446577309703e-05 1.537763137235802e-06 -6.221012838660329e-07
4.080684838213938e-05 -7.483892569076834e-06 1.351681310691961e-06 -6.196877011565965e-07
3.847605104456091e-05 -9.984101116493367e-06 1.451574902578953e-06 -5.817135469559343e-07
3.615614821733569e-05 -1.246652620826565e-05 1.580605696822873e-06 -5.797831392567999e-07
3.615526014533845e-05 -7.500297258015734e-06 1.404157035461676e-06 -5.377131495850578e-07
3.384013010302951e-05 -9.983072943274717e-06 1.387739623858658e-06 -5.773826609163155e-07
3.153495942800142e-05 -1.244920848720842e-05 1.550244112849796e-06 -6.192420900084940e-07
3.153360421502025e-05 -7.515913197007738e-06 1.341129750790789e-06 -5.281354007290144e-07
2.932621550933495e-05 -9.981808592541853e-06 1.280970420709811e-06 -5.475962200890018e-07
2.712907395863261e-05 -1.242999212044015e-05 1.298611337362514e-06 -6.808283538879816e-07
2.712786637111615e-05 -7.533962288707537e-06 1.202470883658228e-06 -4.634476918484668e-07
2.548356142252955e-05 -1.017110740166149e-05 1.125101165110206e-06 -5.786173038768754e-07
2.381522292567141e-05 -1.241110469628311e-05 1.037811904981270e-06 -7.265099133986111e-07
2.381409554545554e-05 -7.551910752931290e-06 1.038624612780093e-06 -4.489451361874059e-07
2.142128012730946e-05 -1.239332542676890e-05 8.908747325334777e-07 -6.688033413488449e-07
2.188410066206770e-05 -1.080552260064256e-05 9.104495792258525e-07 -5.852470722514125e-07
2.141984573559083e-05 -7.564135527560510e-06 9.336591351605508e-07 -4.250823711367111e-07
1.969009920189504e-05 -7.577926488140188e-06 8.511393293716965e-07 -4.331762159320284e-07
-3.298606797913714e-06 2.907943044630337e-07 -3.267417127858273e-07 4.335279714559696e-07
-3.364203025435024e-06 4.483056202082117e-07 -3.295616174165725e-07 4.338090847147859e-07
-3.363911382002299e-06 1.036098663482007e-06 -3.368216651810051e-07 4.387840944142113e-07
-3.298591263002460e-06 1.191920790726177e-06 -3.344468929648903e-07 4.419548334774758e-07
1.968920938611741e-05 -1.238016722467761e-05 7.778643370623753e-07 -6.060808899240690e-07
1.812694132767409e-05 -1.227888298659218e-05 8.037836552136271e-07 -5.529843043422866e-07
1.933630957252935e-05 -9.379983747874609e-06 8.181038697007931e-07 -5.271520671274207e-07
1.812508324645066e-05 -7.456678393788690e-06 7.996843157032077e-07 -4.447887199192973e-07
-3.141730422736522e-06 2.258279170358537e-07 -3.217603409972008e-07 4.343144116111607e-07
-2.983202174965209e-06 8.706619432119144e-07 -3.218038065686733e-07 4.339242560098644e-07
-3.142682005248549e-06 1.257260016296679e-06 -3.275724247458769e-07 4.416158118829581e-07
1.762859158285503e-05 -1.079991302842777e-05 8.044346680805320e-07 -5.354153902699110e-07
1.659242742840377e-05 -1.199831819902453e-05 8.149191911453678e-07 -5.323937514048137e-07
1.510844771381260e-05 -1.155074235812001e-05 8.231522485854327e-07 -5.161375723385573e-07
1.715940985009505e-05 -8.764419404563892e-06 7.948963649685679e-07 -4.854323092594337e-07
1.662005350477798e-05 -7.073048817026605e-06 7.998006550767265e-07 -4.765529996422786e-07
-2.077247786591465e-06 2.109436686066560e-07 -3.207035972288014e-07 4.357124147620387e-07
-2.075641873431680e-06 1.278420231503140e-06 -3.233069301257659e-07 4.195668282324090e-07
-1.524229140127487e-06 7.460821910540492e-07 -3.182820585419260e-07 4.264836390306289e-07
1.369552519828340e-05 -1.093633618316227e-05 8.474118178592902e-07 -4.951219572905583e-07
1.491092519647914e-05 -1.001131725614205e-05 8.248380236007450e-07 -4.968131906616483e-07
1.542395404135974e-05 -8.072955222032576e-06 8.040423301526580e-07 -4.951964417271272e-07
1.521671015952918e-05 -6.442296318109053e-06 8.038866968424345e-07 -5.001607479814232e-07
-9.258172086462649e-07 1.146312128879327e-07 -2.889011452940623e-07 3.828085376360602e-07
-9.252985306483948e-07 1.379715159717518e-06 -3.073489941465621e-07 4.510468771040172e-07
-2.443971849827253e-07 7.482618364371496e-07 -2.738008789886447e-07 3.934996602783995e-07
1.236651460285032e-05 -1.017190596790259e-05 8.720133248218513e-07 -4.824736190263589e-07
1.114401835437073e-05 -9.268671059444727e-06 8.575245792062728e-07 -5.015482240432578e-07
1.362525716514297e-05 -7.766682157754717e-06 8.611185964640862e-07 -4.966300704338976e-07
1.395600653889674e-05 -5.583734850424198e-06 8.778421679113742e-07 -5.056449643772240e-07
5.367591785131900e-07 -9.662586392516638e-08 -2.203005855652624e-07 2.852225422540606e-07
5.373830338242560e-07 1.595216736996525e-06 -2.261067651378412e-07 4.316136759527814e-07
1.145309647180812e-05 -7.867227734936172e-06 8.706193270415441e-07 -5.106908266496546e-07
1.004229752659200e-05 -8.235236581882840e-06 8.412522242084734e-07 -5.255228542439798e-07
1.197172543194992e-05 -6.277055662143282e-06 9.132675285832372e-07 -5.100579809068445e-07
1.287369487113522e-05 -4.533189596499549e-06 9.598329524406920e-07 -4.888889252455334e-07
1.397215059832136e-06 7.499833694610795e-07 -1.532979375484325e-07 3.191642691855392e-07
2.418680160151956e-06 -4.022341460539671e-07 -5.058419135795748e-08 1.577857651566159e-07
2.417638358661419e-06 1.905940268161352e-06 -5.490430553639596e-08 4.075336686430423e-07
9.067009176779694e-06 -7.091148098362138e-06 8.289893636609856e-07 -5.500168800684042e-07
8.238722948903162e-06 -5.859061345962312e-06 8.046736348352205e-07 -5.126130123726084e-07
7.561370307420544e-06 -4.543815002457000e-06 7.317270604773888e-07 -4.464158620262402e-07
1.091100154015596e-05 -4.837467267308967e-06 9.278916908994682e-07 -4.829876505492293e-07
1.199921669792110e-05 -3.329005102986153e-06 1.007708721527513e-06 -3.950938327365338e-07
3.239577404115552e-06 7.481412912662466e-07 4.518989063749946e-08 2.757074630660270e-07
4.245712135523739e-06 -7.038821105235975e-07 2.259971164188205e-07 3.473658679837034e-08
4.245868510146337e-06 2.221560604233928e-06 1.626664820139984e-07 4.586177306461131e-07
8.945751013452809e-06 -4.547592408064820e-06 8.467073610145760e-07 -4.612114686462994e-07
7.038236720079241e-06 -3.165513770903899e-06 6.565352296820035e-07 -3.556057566093970e-07
5.915585610824298e-06 -9.608829134688587e-07 4.247811486750556e-07 -7.293147630740019e-08
6.410243994508211e-06 -1.214897902314551e-06 5.089598548957270e-07 -1.368254245099871e-07
6.683984834687855e-06 -1.728227723074300e-06 5.707690285136972e-07 -2.227100185843664e-07
1.016582216309364e-05 -3.150342673588587e-06 9.407439958298641e-07 -3.868934378201074e-07
1.135338539781505e-05 -2.019709353273597e-06 1.056065709489588e-06 -2.831499380688950e-07
5.150622999519989e-06 5.364304050975076e-07 3.152606088690896e-07 1.615751016178941e-07
5.894585865720604e-06 2.447561454235226e-06 3.867327761917625e-07 4.283089814091302e-07
7.994066084225367e-06 -2.184736776020400e-06 7.358226501039766e-07 -2.862289806579987e-07
6.430617419986168e-06 -1.930514070982130e-07 4.932277868040135e-07 1.955534243019972e-08
7.016415469071146e-06 -1.035545288239194e-06 6.019076163160385e-07 -1.276432693726547e-07
9.619625646361510e-06 -1.611770935040209e-06 8.958359314277718e-07 -2.225988562991687e-07
1.096258286916505e-05 -6.545265684051454e-07 1.061830611901194e-06 -7.556882151484059e-08
6.441322666015586e-06 1.461600870465489e-06 4.802825579275485e-07 2.531705595258273e-07
6.353636326844931e-06 2.697976324527844e-06 4.448826781245149e-07 4.510556974051490e-07
8.273390507226718e-06 1.294043878880924e-07 7.631025436688089e-07 1.138798963369332e-08
1.084291702342267e-05 7.316030431040735e-07 1.087806889436610e-06 9.484913812120964e-08
1.103917308926911e-05 2.123000484259782e-06 1.195980492873160e-06 2.881196377348251e-07
7.408304550518815e-06 2.355465138456217e-06 6.222650178164388e-07 3.632316111796971e-07
6.614623205265812e-06 3.246377917055984e-06 4.708601653023270e-07 5.367108368208016e-07
6.923282139529652e-06 4.782482669281166e-06 4.824787752027000e-07 8.038716498558501e-07
9.624236708416599e-06 2.283878636294800e-06 9.757392454652426e-07 2.933289116205564e-07
7.412675034374167e-06 6.315294320424614e-06 5.294997963375572e-07 1.106119309142042e-06
1.153473414114599e-05 3.542283632268555e-06 1.350752218262050e-06 5.176490958315194e-07
8.290641894344815e-06 4.822033235097358e-06 7.199605545891621e-07 7.903384532878525e-07
1.035408205736188e-05 4.941039856597368e-06 1.132989024186404e-06 8.001856008343270e-07
8.110763335510790e-06 7.797401312187007e-06 6.490925109675380e-07 1.417198167223282e-06
1.232256315245664e-05 4.944068196903098e-06 1.579137745818045e-06 8.046081236208773e-07
1.171358161814800e-05 6.365913545208054e-06 1.460600101706231e-06 1.089996683709539e-06
1.022683773399590e-05 7.273357375758641e-06 1.115002801359170e-06 1.286169856403248e-06
8.993240207255815e-06 9.252816557618919e-06 8.251844952445986e-07 1.761427114805143e-06
1.009416486286008e-05 1.064037387688754e-05 1.056819914392299e-06 2.106257087697694e-06
1.341139618706559e-05 6.262043373672348e-06 1.881132234718000e-06 1.047037627363155e-06
1.265240643079363e-05 8.009536340981495e-06 1.688999141748620e-06 1.428475739711991e-06
1.175065365428300e-05 1.009831976827439e-05 1.447061835679325e-06 1.964091193668809e-06
1.136381383323555e-05 1.193912129484581e-05 1.345151016747198e-06 2.486679704519131e-06
1.476359454681664e-05 7.445703934062994e-06 2.260064035287207e-06 1.258424726345588e-06
1.436415933098745e-05 1.009608713271296e-05 2.149453416736432e-06 1.976182244326035e-06
1.282449976155876e-05 1.309307006628049e-05 1.724484845660912e-06 2.843714145291049e-06
1.446825061277175e-05 1.410524616058874e-05 2.206118627782256e-06 3.172335044159481e-06
1.624827135351798e-05 1.495855556437050e-05 2.740426940533350e-06 3.456261521813703e-06
1.638320327597656e-05 1.067677296481691e-05 2.764804787558322e-06 2.151631977988336e-06
1.636340034438024e-05 8.444596293302888e-06 2.760463648818966e-06 1.502552746129182e-06
1.597690330543186e-05 1.294338844574572e-05 2.642069057627894e-06 2.837129409660626e-06
1.816769829633154e-05 1.559257579146577e-05 3.342163928502293e-06 3.675151309288218e-06
2.019487449510173e-05 1.601918661487684e-05 4.014529076325738e-06 3.866727675995694e-06
1.802850314630099e-05 1.117872285192773e-05 3.261778406452555e-06 2.297652078857645e-06
1.818755197821823e-05 9.176098624821094e-06 3.318724374807682e-06 1.677947660084050e-06
2.228220346381402e-05 1.620705406756741e-05 4.729244185359535e-06 3.980910051473317e-06
1.992652122268576e-05 1.307897006657986e-05 3.880161317146047e-06 2.907647397348193e-06
2.017454700756760e-05 9.601772445609473e-06 3.968335226985855e-06 1.749327907325740e-06
2.273712882819110e-05 1.340547436149726e-05 4.874329935051574e-06 3.024251925384168e-06
2.465199817146727e-05 1.628794581182534e-05 5.589055409216057e-06 4.053837863995793e-06
2.225966158978121e-05 9.716622878449814e-06 4.690504996329731e-06 1.738434379986440e-06
2.798010917621114e-05 1.636905130373331e-05 6.794073676375711e-06 4.081727052469413e-06
2.531939991136020e-05 1.179278122471886e-05 5.831735036469755e-06 2.441423382677511e-06
2.464730588549803e-05 9.637009899834058e-06 5.587852533475262e-06 1.669103780067544e-06
3.271586844152012e-05 1.649291265898060e-05 8.525400166180663e-06 4.091533490087968e-06
3.033710265072829e-05 1.268797494767227e-05 7.667323169672634e-06 2.743135561827317e-06
2.798191008305856e-05 9.533476281130021e-06 6.810501135522590e-06 1.628587991691273e-06
3.919376732523486e-05 1.662497554615074e-05 1.080242426905167e-05 4.077287623580410e-06
3.591747230685922e-05 1.295857053031684e-05 9.672961263092555e-06 2.828790543665683e-06
3.271621531104433e-05 9.415859793908976e-06 8.526071863488418e-06 1.613018747355050e-06
4.615692207127488e-05 1.673388760287002e-05 1.304515637202594e-05 3.997002629447357e-06
4.264196887825616e-05 1.295872355055375e-05 1.195853521182449e-05 2.821103634606493e-06
3.919359224943231e-05 9.290816798850379e-06 1.079356471935754e-05 1.610559082816921e-06
5.329941609011919e-05 1.682181252210130e-05 1.510283303217581e-05 3.886197993615544e-06
4.970091943947447e-05 1.295957990741202e-05 1.411811933918524e-05 2.824462413526104e-06
4.615659215462970e-05 9.184252321888425e-06 1.303959511359228e-05 1.627300930245220e-06
6.058543022667409e-05 1.689109807006531e-05 1.705423171608563e-05 3.755323306166471e-06
5.692109750398333e-05 1.296015107180658e-05 1.614014886904893e-05 2.793213507987964e-06
5.329934643410615e-05 9.097934906244278e-06 1.514864894375611e-05 1.688036184366377e-06
6.798385130688294e-05 1.694551673307098e-05 1.893436514863632e-05 3.802992985081763e-06
6.426791635489701e-05 1.296058069402217e-05 1.800239907004546e-05 2.740587504343467e-06
6.058547180269282e-05 9.029641199864708e-06 1.710401865450860e-05 1.749145433461848e-06
7.547052754267734e-05 1.698859043157578e-05 2.090149503551761e-05 3.722646618090598e-06
7.171388588440389e-05 1.296122920252645e-05 1.997373583040115e-05 2.675190975049943e-06
6.798369485625434e-05 8.976294411040672e-06 1.900849348015980e-05 1.625444819246883e-06
8.302637960731482e-05 1.702131039212004e-05 2.290630962594843e-05 3.615506547129152e-06
7.923831153434418e-05 1.296186831146118e-05 2.197145296967295e-05 2.601050859476687e-06
7.547040159143778e-05 8.934443476308749e-06 2.100474462561939e-05 1.567397849587110e-06
9.063163406451215e-05 1.704314708798514e-05 2.497091615231211e-05 3.607283101691740e-06
8.682235619313063e-05 1.296263403491108e-05 2.397342393204388e-05 2.537536846991725e-06
8.302618392783347e-05 8.903139230690919e-06 2.301512748086637e-05 1.521908250662730e-06
9.826561569306764e-05 1.705507460798606e-05 2.702592467716702e-05 3.569696208463703e-06
9.444529310679735e-05 1.296341305217012e-05 2.602346766558198e-05 2.487553963175505e-06
9.063142929221744e-05 8.882872175924982e-06 2.501926567371263e-05 1.411939499675919e-06
1.146471157635680e-04 1.661044770861733e-05 3.163502050277227e-05 3.405649404706477e-06
1.135609166992797e-04 1.706035797727233e-05 3.133372029834436e-05 3.529382423165152e-06
1.016896951248253e-04 1.296379274686748e-05 2.801009518849357e-05 2.433566452424401e-06
1.059120312492250e-04 1.705969636216977e-05 2.917703668114279e-05 3.546281082083947e-06
9.826561174052297e-05 8.872157539207590e-06 2.708684423951055e-05 1.327092776784090e-06
1.150970375472124e-04 1.552426668663948e-05 3.176120072277177e-05 3.106427040103674e-06
1.125266502012276e-04 1.296405044785862e-05 3.105927924049333e-05 2.408759666755338e-06
1.059120044838565e-04 8.868177313733629e-06 2.920984359901565e-05 1.312854409661891e-06
1.150970900489301e-04 1.040381066000351e-05 3.179377133176242e-05 1.691520163651041e-06
1.135609511082298e-04 8.867684218100707e-06 3.137168950468435e-05 1.269801471149011e-06
1.146471654663464e-04 9.317605428703662e-06 3.167098528596744e-05 1.393167427300334e-06
