5.341475986137632e-05 -7.001138397190386e-06 2.426113560635514e-05 -3.918314267490787e-06
5.365132414060148e-05 -6.430184613851461e-06 2.430609412736016e-05 -3.824517093221220e-06
5.365151325677742e-05 -3.738319474020928e-06 2.444963026276138e-05 -3.449476618420174e-06
5.341497538890566e-05 -3.167371093932441e-06 2.442341143791246e-05 -3.365579247076185e-06
5.284369011647039e-05 -7.237611088688946e-06 2.416357783786596e-05 -3.957967561587525e-06
5.177236831718301e-05 -5.084236924272082e-06 2.413263095096926e-05 -3.660354257168497e-06
5.284393915013228e-05 -2.930895022973290e-06 2.435016685642647e-05 -3.329765809103989e-06
4.882219298959939e-05 -7.235719931425716e-06 2.356358251823199e-05 -4.013777962863626e-06
4.882246070746156e-05 -2.932129031702419e-06 2.381432557179843e-05 -3.288971481717004e-06
4.660353172362712e-05 -5.083477871550570e-06 2.324588919033267e-05 -3.599452759096923e-06
4.480639728525846e-05 -7.227873204532577e-06 2.279230948108535e-05 -4.105107766193052e-06
4.480631167010690e-05 -2.938056335652028e-06 2.316598917434195e-05 -3.173015698482196e-06
4.280344993316792e-05 -5.082498268014013e-06 2.244072231390001e-05 -3.624776206401852e-06
4.080945648417294e-05 -7.211456581703584e-06 2.184809536538901e-05 -4.273702420670452e-06
4.080902517579281e-05 -2.952427222836050e-06 2.224604631042825e-05 -3.002643635752528e-06
3.882148773364707e-05 -5.081088165128928e-06 2.133426867261331e-05 -3.559068853533127e-06
3.685012017942192e-05 -7.182947273273386e-06 2.046852143115091e-05 -4.283819887580916e-06
3.685010335712597e-05 -2.978191518584255e-06 2.102540224137122e-05 -2.808149408828023e-06
3.488952995468452e-05 -5.079812381013774e-06 1.996241116372316e-05 -3.543873660023056e-06
3.295316205753418e-05 -7.142042917643989e-06 1.897708640927004e-05 -4.332246786511565e-06
3.295347558764197e-05 -3.016446018423431e-06 1.942143919594048e-05 -2.620103378898583e-06
3.103198662313981e-05 -5.078583698948672e-06 1.832291628877763e-05 -3.528935470759197e-06
2.914234790369891e-05 -7.089508114585103e-06 1.735774799629018e-05 -4.422533526043595e-06
2.914259735899301e-05 -3.066323378552537e-06 1.758716055760419e-05 -2.451644588097975e-06
2.727093165550353e-05 -5.077430596094366e-06 1.649034938538280e-05 -3.493963128426243e-06
2.543711486815531e-05 -7.027603734669325e-06 1.561614459715606e-05 -4.440021978325930e-06
2.543713871657740e-05 -3.125794907168343e-06 1.565149175685434e-05 -2.405641477368294e-06
2.362360468139154e-05 -5.076179739735163e-06 1.453699920027234e-05 -3.454156327379978e-06
2.185333146249007e-05 -6.957150576215503e-06 1.359714618577450e-05 -4.535207629886575e-06
2.185334162535138e-05 -3.193888376794802e-06 1.351054178881738e-05 -2.310016745480948e-06
2.010565868249307e-05 -5.074988416425496e-06 1.245879947891460e-05 -3.424239701599316e-06
1.840676765720137e-05 -6.878026820561894e-06 1.143598832636478e-05 -4.575970081471633e-06
1.840669946562503e-05 -3.270826717825468e-06 1.126835102243529e-05 -2.296192821319424e-06
1.673268191010022e-05 -5.073848938753058e-06 1.038621675610048e-05 -3.391185500140790e-06
1.511336095864406e-05 -6.788454832404515e-06 9.222481073615049e-06 -4.467247833684501e-06
1.511276167193482e-05 -3.358429884300930e-06 9.151043914633026e-06 -2.349819997032458e-06
1.358461987351914e-05 -5.071982040581604e-06 8.425594148103113e-06 -3.359017535152308e-06
1.211530044013073e-05 -6.688492155088476e-06 7.451676350690902e-06 -4.260776220499410e-06
1.211414440698399e-05 -3.459676927806712e-06 7.502210009089648e-06 -2.492818775347790e-06
1.102924414911182e-05 -5.191765384809732e-06 6.921240100281693e-06 -3.407129407248036e-06
9.978435793195582e-06 -6.596257653667545e-06 6.357439815776141e-06 -4.083226447042918e-06
9.975487038814965e-06 -3.552636676104330e-06 6.436330475216845e-06 -2.561447143831219e-06
8.510325691762971e-06 -6.515912813737308e-06 5.705428478704595e-06 -3.962507856786089e-06
8.771764170409967e-06 -5.572669999470603e-06 5.806825299751885e-06 -3.567893325285027e-06
8.505870440701155e-06 -3.611883532418011e-06 5.720989619594342e-06 -2.591688175626939e-06
7.486731426659219e-06 -3.675347644316198e-06 5.281900503927907e-06 -2.630721371687541e-06
-8.534473615056152e-07 -1.019347621090762e-06 -9.394396437258303e-07 -1.258004169832980e-07
-8.712294902009785e-07 -9.762587644669314e-07 -9.479534185726526e-07 -1.066035367377123e-07
-8.710177193193216e-07 -8.169909026735604e-07 -9.367069171424633e-07 -3.541527643833644e-08
-8.533849640423316e-07 -7.750849446044056e-07 -9.267521754301282e-07 -1.637450327827617e-08
7.481168224602537e-06 -6.459295705084958e-06 5.314463147946908e-06 -3.910161656877331e-06
6.597827974052801e-06 -6.357369700736493e-06 4.934951125819741e-06 -3.870249562545520e-06
7.258896545810908e-06 -4.722619018464690e-06 5.178558515889956e-06 -3.110394467795516e-06
6.577261244987776e-06 -3.664758276292756e-06 4.907184839267090e-06 -2.641935945377877e-06
-8.106087120000031e-07 -1.037378287777757e-06 -9.189251262576876e-07 -1.336336301641922e-07
-7.678258371107779e-07 -8.630032452555742e-07 -8.880526105016083e-07 -4.730028908168157e-08
-8.113807992546504e-07 -7.579645874984379e-07 -9.065832336579920e-07 -4.823539008675997e-09
6.302300867992990e-06 -5.510457393140544e-06 4.802934370294485e-06 -3.481913924660177e-06
5.756149270946136e-06 -6.146331646325317e-06 4.562101591184122e-06 -3.788473004555749e-06
4.980022133585472e-06 -5.864787799896708e-06 4.199259307416418e-06 -3.663054011499937e-06
6.036831983105553e-06 -4.396059483754478e-06 4.681166556045921e-06 -2.973818099220928e-06
5.749421277717028e-06 -3.524871607291749e-06 4.545745523248626e-06 -2.539328773232522e-06
-5.214404490976829e-07 -1.044434362728426e-06 -7.240898771753131e-07 -1.214300947110874e-07
-5.222266648125624e-07 -7.564279268793408e-07 -7.203622896696196e-07 4.779314111685403e-08
-3.728273908782763e-07 -9.021634304901386e-07 -6.076026088860295e-07 -3.394297137758497e-08
4.282102392748694e-06 -5.492640978239199e-06 3.829394545263675e-06 -3.502118751835085e-06
4.862798954166182e-06 -5.039449459805575e-06 4.150461855550386e-06 -3.261697765633537e-06
5.123469068595199e-06 -4.050514053837381e-06 4.276114678105825e-06 -2.763090467515058e-06
5.009580977994419e-06 -3.274049243761858e-06 4.240213663220072e-06 -2.342784964599271e-06
-2.119012189468608e-07 -1.072296026104872e-06 -4.650125705728445e-07 -1.895320684912721e-07
-2.131126138484355e-07 -7.359916524287304e-07 -4.766293258970294e-07 1.272729760031006e-07
-3.183736781952990e-08 -9.062051352647828e-07 -3.029454228331850e-07 -1.496431311411655e-08
3.651555323963167e-06 -5.071023147456813e-06 3.487231738192973e-06 -3.313088595265624e-06
3.115775270452503e-06 -4.608814180160237e-06 3.186578566330796e-06 -3.080400877118703e-06
4.232033284262412e-06 -3.906982785069380e-06 3.857545645364057e-06 -2.650224306811089e-06
4.372975182573541e-06 -2.920713589188390e-06 3.980052287727771e-06 -2.086258072238779e-06
1.742223073174943e-07 -1.129333403765303e-06 -8.873460887566657e-08 -2.617403369896673e-07
1.730167733839323e-07 -6.873727889448920e-07 -5.761431579115630e-08 2.724673024822094e-07
3.253474037954605e-06 -3.942092606732077e-06 3.293140001079436e-06 -2.685515781370903e-06
2.671793431331646e-06 -4.099080513417191e-06 2.859184864907477e-06 -2.791980718846770e-06
3.472375477433114e-06 -3.239459423973125e-06 3.470536907752161e-06 -2.222759461640699e-06
3.848726203346790e-06 -2.512146800286991e-06 3.715144543812070e-06 -1.697176952877777e-06
3.977958377332160e-07 -9.104841762452396e-07 2.137538091649338e-07 4.502464677763111e-09
6.629710533360189e-07 -1.209922578500617e-06 5.315717138104525e-07 -3.373232895027560e-07
6.609856620333283e-07 -6.146285100979292e-07 5.362771923949556e-07 3.643357764494178e-07
2.295467260338539e-06 -3.572353040020050e-06 2.559118355018471e-06 -2.422201111067080e-06
2.022461759467625e-06 -3.063113547981353e-06 2.328448613053720e-06 -2.081959993865960e-06
1.837701389678958e-06 -2.543607364739619e-06 2.116838909068182e-06 -1.707178785736929e-06
3.034124136131237e-06 -2.643413515344874e-06 3.161478681285748e-06 -1.757421993940084e-06
3.439062831256470e-06 -2.080167782562870e-06 3.488878820200235e-06 -1.303651804742358e-06
8.740502376342958e-07 -9.155218133947665e-07 7.792801453509095e-07 3.817017856887158e-08
1.132259485073195e-06 -1.287574641997086e-06 1.087605850891071e-06 -4.099162643329031e-07
1.131695284828062e-06 -5.392068242312694e-07 1.090942975134952e-06 5.501772774152227e-07
2.301550874985776e-06 -2.533045092861682e-06 2.552097375311073e-06 -1.700631082211343e-06
1.711852951279835e-06 -2.045190512112473e-06 1.950356157344620e-06 -1.261659754570028e-06
1.535715300362310e-06 -1.350959937343057e-06 1.625495422536457e-06 -5.241794446233975e-07
1.639670392326022e-06 -1.420786898641320e-06 1.769116808357540e-06 -6.167913547691679e-07
1.679657331522197e-06 -1.572116027792171e-06 1.847884816693580e-06 -7.859388409925472e-07
2.738652768761825e-06 -2.020193914503774e-06 2.946295251621934e-06 -1.237946155929938e-06
3.128646022722671e-06 -1.651007876770492e-06 3.308294191170895e-06 -8.513935748147383e-07
1.362039611311490e-06 -9.740448884522971e-07 1.360504138880554e-06 1.284468746382668e-08
1.577640693200512e-06 -4.824900670312882e-07 1.564551040733421e-06 6.449917842383659e-07
2.037672859762642e-06 -1.702171845203867e-06 2.256776237889249e-06 -9.291136040506213e-07
1.667294514880451e-06 -1.150794737731079e-06 1.769996461057446e-06 -2.715327970048531e-07
1.791567222574194e-06 -1.370471772366851e-06 1.957153547992426e-06 -5.612712857374195e-07
2.545913537370246e-06 -1.521373008811034e-06 2.772739378292792e-06 -7.092617893085961e-07
2.919416902957248e-06 -1.251217958912995e-06 3.184044640277906e-06 -3.868820334706790e-07
1.710134966985217e-06 -7.279312184620173e-07 1.752338391377173e-06 3.088152412736290e-07
1.719965430624246e-06 -4.229028905018609e-07 1.706877634258119e-06 7.282429231057973e-07
2.150764339202798e-06 -1.030935965057168e-06 2.371699727318270e-06 -1.616249392541113e-07
2.826784056880512e-06 -8.804825707600978e-07 3.166013568953852e-06 6.658815300328520e-08
2.785410089893562e-06 -5.508935848056699e-07 3.279108365324715e-06 5.321456884720883e-07
1.977555771506526e-06 -4.947908161812650e-07 2.070188216285597e-06 6.025921821144131e-07
1.810052781859169e-06 -3.078019862706612e-07 1.787232024325023e-06 9.173826224512365e-07
1.933695969705487e-06 -1.561090844480992e-08 1.880179617811802e-06 1.457363347961653e-06
2.478756138152728e-06 -4.889530846162235e-07 2.809427824771671e-06 5.684285519689900e-07
2.087751195190741e-06 2.232018781422436e-07 2.042159979229763e-06 2.003375459127259e-06
2.810155540539235e-06 -2.347997189818620e-07 3.497732793094242e-06 1.007955891031548e-06
2.216720009917181e-06 8.727195441131646e-09 2.360749806590717e-06 1.464062500417638e-06
2.585704802652189e-06 2.761785971509818e-08 3.089668704824966e-06 1.503874875202354e-06
2.244193764835854e-06 4.316909837433680e-07 2.282322250932484e-06 2.535250807441566e-06
2.871251274223372e-06 2.715324967003953e-08 3.822862657752976e-06 1.508617283925021e-06
2.765639167884591e-06 2.477542398360893e-07 3.601264868312518e-06 2.006792652788707e-06
2.569710024574655e-06 3.698522141329040e-07 3.042205451324313e-06 2.337527432482898e-06
2.412338771870648e-06 5.900340391813830e-07 2.582546307330597e-06 3.084797768534755e-06
2.568842183877812e-06 7.083259086469752e-07 2.975071006084380e-06 3.625357659082284e-06
2.947471137542813e-06 2.453342427344289e-07 4.240696826590226e-06 1.953947027446545e-06
2.860398751307755e-06 4.514335144336957e-07 3.945562311557624e-06 2.610559340845384e-06
2.766507295634767e-06 6.529311066233608e-07 3.583418409450275e-06 3.424787344129961e-06
2.729114083659788e-06 7.869160532029306e-07 3.433880221108970e-06 4.127971386619986e-06
3.036234087356964e-06 4.125617880367712e-07 4.788412189497732e-06 2.377925783148828e-06
2.998324259100690e-06 6.420912019667650e-07 4.621034386171334e-06 3.427893117911489e-06
2.872846438624979e-06 8.431984975154715e-07 3.982520086372238e-06 4.583141151679382e-06
2.992932778099029e-06 8.677473108824326e-07 4.661149910382041e-06 5.029973734901834e-06
3.099426951901966e-06 8.614582314939752e-07 5.420313973406426e-06 5.419914140427697e-06
3.118443152929987e-06 6.807252012531902e-07 5.457348143662162e-06 3.653643285790323e-06
3.122749431374341e-06 5.301969888609654e-07 5.451732109045620e-06 2.749104433657181e-06
3.099381012458320e-06 7.956269152843340e-07 5.286859505753500e-06 4.559687567912875e-06
3.178767298637139e-06 8.485035734085945e-07 6.281496514534645e-06 5.699540332893047e-06
3.232160861643844e-06 8.189931540927070e-07 7.152055647432305e-06 5.880752234494155e-06
3.189773400965723e-06 7.113237873550183e-07 6.156062774185799e-06 3.841634171047215e-06
3.192160686742889e-06 6.194016447309752e-07 6.233564327852712e-06 3.004421708351475e-06
3.269883915992395e-06 7.861997823132990e-07 8.063230831222440e-06 5.946887294514086e-06
3.247635367241321e-06 7.687671933866741e-07 7.014439228444690e-06 4.658167649560001e-06
3.244850172320503e-06 6.853395260765990e-07 7.095002847946903e-06 3.122847563106646e-06
3.282109812425531e-06 7.653716018189016e-07 8.265950275547046e-06 4.776926276394298e-06
3.274481716109982e-06 7.444796142645828e-07 9.036724460245350e-06 5.930737380148364e-06
3.281238771787278e-06 7.217650501271237e-07 8.036294285128988e-06 3.152847922215760e-06
3.245454687196580e-06 7.017560748344785e-07 1.047665584968799e-05 5.926362418967890e-06
3.286543945404266e-06 7.644311354091394e-07 9.364053753390379e-06 4.075057478857382e-06
3.277138490655063e-06 7.617612748207592e-07 9.065482515399634e-06 3.133962999726452e-06
3.118995991371251e-06 6.347171887097260e-07 1.236806985114980e-05 5.900072937546047e-06
3.200874948587124e-06 7.606976295921378e-07 1.147630984936389e-05 4.448071637232660e-06
3.244600886153751e-06 8.151565498197597e-07 1.049395130611784e-05 3.132132309437773e-06
2.826126077061534e-06 5.600963993099817e-07 1.486294012018768e-05 5.952009679781639e-06
2.993827074214030e-06 7.539471836772074e-07 1.364134099191411e-05 4.535444526673565e-06
3.118982998571131e-06 8.778882124893562e-07 1.243041417907800e-05 3.143413152737856e-06
2.397013095373369e-06 4.948484230185944e-07 1.751965025070262e-05 6.014739461399762e-06
2.631770423091116e-06 7.535215623770036e-07 1.621996210530828e-05 4.549251511802041e-06
2.826511774969934e-06 9.480567500332446e-07 1.493737834452451e-05 3.128141293197707e-06
1.856083575709857e-06 4.387706155641371e-07 2.030644720275649e-05 6.007863669860917e-06
2.144182596989924e-06 7.529192636848953e-07 1.893526742461278e-05 4.528325199522361e-06
2.397373526836072e-06 1.011756950572782e-06 1.758290914174111e-05 3.099760372096489e-06
1.220119863396530e-06 3.928741039164086e-07 2.314850367052424e-05 5.974519343405008e-06
1.552392363999892e-06 7.524297263953917e-07 2.175981039156047e-05 4.505391093900687e-06
1.856095818218604e-06 1.066764526078508e-06 2.032503892417902e-05 3.018892661386787e-06
5.097747518453140e-07 3.580520441410618e-07 2.578918783290497e-05 5.857843410354166e-06
8.756560737149443e-07 7.518697442169755e-07 2.452952106211452e-05 4.481892311878446e-06
1.220094290438359e-06 1.111469079255115e-06 2.314755876819191e-05 2.956490014851414e-06
-2.537976559628730e-07 3.334901586818813e-07 2.833343677583303e-05 5.819501759246307e-06
1.353967138761201e-07 7.512889089783916e-07 2.711021948417803e-05 4.464687307301271e-06
5.098559920711358e-07 1.145006735946271e-06 2.583108260348717e-05 3.009919517563868e-06
-1.053059159558104e-06 3.168687328600000e-07 3.087778130668636e-05 5.813619926610490e-06
-6.484741325854546e-07 7.507931128307882e-07 2.965462798231719e-05 4.448405410654405e-06
-2.536690050270862e-07 1.168476959375544e-06 2.839708000657275e-05 3.049072089932985e-06
-1.875864987077895e-06 3.058355965404119e-07 3.353874111443736e-05 5.840018889557555e-06
-1.461196869646702e-06 7.502369032457461e-07 3.224388917162992e-05 4.417145705222586e-06
-1.052911752665028e-06 1.184192420981348e-06 3.097444730980593e-05 3.043927365899889e-06
-2.713819309136559e-06 2.988485481703630e-07 3.626625620418799e-05 5.793090450135276e-06
-2.292849800266570e-06 7.497136592813266e-07 3.494904450466471e-05 4.387129051482577e-06
-1.875752467158131e-06 1.194163503300163e-06 3.361647494544957e-05 3.000611468156991e-06
-4.529907344597360e-06 3.442671592534584e-07 4.157540942736306e-05 5.468820305037340e-06
-4.409402994028012e-06 2.943667498917560e-07 4.122772707593828e-05 5.613163871240723e-06
-3.092056176913616e-06 7.492690492953437e-07 3.746114745385514e-05 4.381408965176483e-06
-3.560237666269339e-06 2.951303538842926e-07 3.881689927329650e-05 5.703326142515870e-06
-2.713746553056608e-06 1.200179506041395e-06 3.632078687965364e-05 3.007284738090322e-06
-4.579825294106237e-06 4.647482835037278e-07 4.172060578238792e-05 5.121615445036074e-06
-4.294517133665892e-06 7.488230052079042e-07 4.092829258950641e-05 4.331758631410739e-06
-3.560164967767622e-06 1.202921955129065e-06 3.885671983537652e-05 3.051030639602257e-06
-4.579869595172720e-06 1.032914675904668e-06 4.174802392970293e-05 3.520309386704043e-06
-4.409418888430579e-06 1.203346478600986e-06 4.126463880094385e-05 3.037194161136302e-06
-4.529945853607207e-06 1.153429566297909e-06 4.160690346601776e-05 3.178584114764309e-06
