4.952690006894482e-05 -6.377016740318601e-06 3.024942940138441e-05 -4.808299763286526e-06
4.974966131285458e-05 -5.839423602701205e-06 3.040812780091768e-05 -4.439596201658444e-06
4.974974148460304e-05 -3.304795122824231e-06 3.059543093622192e-05 -2.637694291586180e-06
4.952699266351783e-05 -2.767216031125787e-06 3.046012913619737e-05 -2.283341184431464e-06
4.898915857431872e-05 -6.599664135820746e-06 2.987544214660376e-05 -4.961170167382905e-06
4.798020933214948e-05 -4.572127962669139e-06 2.926491931533541e-05 -3.574445719777122e-06
4.898927131407872e-05 -2.544573973203856e-06 3.011700739139990e-05 -2.137030256517343e-06
4.520243392718300e-05 -6.597377678450528e-06 2.722310724989482e-05 -4.955705438141152e-06
4.520247283327636e-05 -2.546669516372866e-06 2.754576049187775e-05 -2.189303381802376e-06
4.311413377519176e-05 -4.571845091542187e-06 2.599764557581393e-05 -3.541073024476106e-06
4.142433223398510e-05 -6.587796835161923e-06 2.445382459039321e-05 -4.914108809543848e-06
4.142419747706883e-05 -2.555425792002141e-06 2.482318466958965e-05 -2.110484676418029e-06
3.954188957013578e-05 -4.571498243773332e-06 2.356437551005718e-05 -3.615965076647350e-06
3.767060447887598e-05 -6.569445020566390e-06 2.190892518665109e-05 -4.918792538579930e-06
3.767015746320949e-05 -2.572879310196688e-06 2.223443334206019e-05 -2.260649161635467e-06
3.580571904615649e-05 -4.570985205068907e-06 2.107490849526151e-05 -3.599221086710059e-06
3.395844014981235e-05 -6.541463824552742e-06 1.944254253798721e-05 -4.708634900226146e-06
3.395793223946340e-05 -2.600053980789934e-06 2.001451913020176e-05 -2.517129974219952e-06
3.212068234538683e-05 -4.570398357595656e-06 1.895730759400847e-05 -3.620835036764908e-06
3.030727304772653e-05 -6.502729489173365e-06 1.752232885374889e-05 -4.526792217600851e-06
3.030702543337093e-05 -2.637853914162964e-06 1.814618000062901e-05 -2.708930690409630e-06
2.850690265709163e-05 -4.569793607900585e-06 1.730041100288842e-05 -3.634410893874985e-06
2.673738763943301e-05 -6.453221126741424e-06 1.610306527353414e-05 -4.382129606412436e-06
2.673750896558976e-05 -2.686066796446980e-06 1.651007501036459e-05 -2.818732337893515e-06
2.498461678738924e-05 -4.569148947331330e-06 1.589081968250848e-05 -3.636390149032293e-06
2.326897020854190e-05 -6.393298367475783e-06 1.498348180779978e-05 -4.259772892060957e-06
2.326922121776759e-05 -2.744364264984128e-06 1.507160747941286e-05 -2.949346441304870e-06
2.157335479445520e-05 -4.568426708130143e-06 1.460028047700178e-05 -3.665751624052911e-06
1.992039829865406e-05 -6.323975133438990e-06 1.387432377581797e-05 -4.355491276921637e-06
1.992042729568454e-05 -2.811753991393136e-06 1.382700581185124e-05 -3.006431233737989e-06
1.828980677931988e-05 -4.567466863377396e-06 1.326031272237244e-05 -3.683282465725096e-06
1.670734269691235e-05 -6.245988951319964e-06 1.271804358986306e-05 -4.405340517511424e-06
1.670723840494417e-05 -2.887946495684946e-06 1.266683295928479e-05 -2.961447775154563e-06
1.514942987378918e-05 -4.566427336667205e-06 1.195854476010889e-05 -3.726921281604138e-06
1.364513026507985e-05 -6.158192629258803e-06 1.139780418922630e-05 -4.472947488030568e-06
1.364462920232288e-05 -2.973716523904241e-06 1.141235246441978e-05 -2.987961728698473e-06
1.222618592072205e-05 -4.564516115488672e-06 1.057619222889052e-05 -3.776331688102036e-06
1.086511161057791e-05 -6.060348894492191e-06 9.917630772337662e-06 -4.622907996793290e-06
1.086397602819988e-05 -3.072645339784048e-06 9.920709393273832e-06 -2.899736844868449e-06
9.859729272324063e-06 -4.674969058119002e-06 9.311456568067461e-06 -3.882431463278623e-06
8.890530717368198e-06 -5.969398882650830e-06 8.681981775367017e-06 -4.774448229226522e-06
8.887548790805574e-06 -3.164474006501722e-06 8.743093022266499e-06 -2.905966890108585e-06
7.539829870590888e-06 -5.889561900253076e-06 7.746590797377176e-06 -4.816152560394741e-06
7.778381340908470e-06 -5.024599162267836e-06 7.947533128677920e-06 -4.171601915182939e-06
7.535265115786718e-06 -3.223328457635768e-06 7.782663178783240e-06 -2.879066929308787e-06
6.601487125372744e-06 -3.286671230398929e-06 7.053017416119304e-06 -2.882763295027882e-06
-7.034789140581695e-07 -1.006103508458105e-06 -8.777867498834257e-07 -4.061917979752350e-08
-7.185880322165180e-07 -9.694098226346359e-07 -8.897128043295081e-07 -9.814751756838731e-09
-7.184402961461130e-07 -8.340279926456283e-07 -8.993915018508922e-07 9.886753300453416e-08
-7.034794070865863e-07 -7.984393226010035e-07 -8.899672302793495e-07 1.276407766577687e-07
6.595951308353429e-06 -5.833207483903776e-06 7.011014499325927e-06 -4.818133670693069e-06
5.790124063392549e-06 -5.735903022958862e-06 6.379495998673219e-06 -4.783382136703737e-06
6.390925759917101e-06 -4.244786622087749e-06 6.899236983284284e-06 -3.641622238485547e-06
5.769695081287900e-06 -3.282738137252601e-06 6.380034638851320e-06 -2.843495413847788e-06
-6.670307842485183e-07 -1.021499121873026e-06 -8.494766985363069e-07 -5.407326434009890e-08
-6.307739619844914e-07 -8.732899386832265e-07 -8.287672612132686e-07 5.946366172104990e-08
-6.678210524459858e-07 -7.839358964041179e-07 -8.628256030512757e-07 1.365839050350110e-07
5.519229830999812e-06 -4.962224179851964e-06 6.179265646823664e-06 -4.197092121708185e-06
5.024877694445178e-06 -5.538353003784641e-06 5.720789154696586e-06 -4.697332064601712e-06
4.323270532605586e-06 -5.279113742808544e-06 5.083634171072794e-06 -4.529214909360082e-06
5.277436169665364e-06 -3.949091194647483e-06 5.959160211108766e-06 -3.406133031407867e-06
5.017411822869553e-06 -3.162555046875965e-06 5.712209621950451e-06 -2.737748454575389e-06
-4.211757293253742e-07 -1.028120386198813e-06 -6.663051569194600e-07 -1.000386204759163e-07
-4.219065246717568e-07 -7.826606211055455e-07 -6.733237248188423e-07 9.072981899481023e-08
-2.943251617692370e-07 -9.068907060530946e-07 -5.840798189078766e-07 -2.379522166916869e-08
3.696098412926077e-06 -4.937825085044103e-06 4.537824050914399e-06 -4.269724134928163e-06
4.216067434454608e-06 -4.530687525481515e-06 4.997897368886959e-06 -3.912160296639827e-06
4.451462479192346e-06 -3.638488084323705e-06 5.176348811107646e-06 -3.172102424060705e-06
4.348515622977336e-06 -2.943253785882845e-06 5.054917624908676e-06 -2.550071523677900e-06
-1.568470593493027e-07 -1.052100208942184e-06 -4.510609645185335e-07 -1.794759865282281e-07
-1.577506981253202e-07 -7.648241146963448e-07 -4.689234420202301e-07 7.873705811224098e-08
-2.655744076587285e-09 -9.100965789512371e-07 -2.974285810640998e-07 -7.031946003814163e-08
3.132154676939942e-06 -4.555072338354242e-06 4.029170673484799e-06 -3.945460652894559e-06
2.656581866333107e-06 -4.138491268319707e-06 3.535136775601399e-06 -3.591432747935865e-06
3.650402465852355e-06 -3.510749780982182e-06 4.479638352704526e-06 -3.054286927576046e-06
3.775650469494231e-06 -2.632030763052336e-06 4.569927249265201e-06 -2.277530225797925e-06
1.733153487159762e-07 -1.099798664251313e-06 -8.442786292581341e-08 -3.350378771409011e-07
1.723123881323691e-07 -7.238605470745635e-07 -8.942578471399150e-08 1.359899813589115e-07
2.779158463428715e-06 -3.541514041775967e-06 3.654374480864170e-06 -3.067352871568669e-06
2.265779410744140e-06 -3.680681552481538e-06 3.153796407270083e-06 -3.204551795370367e-06
2.973013730335578e-06 -2.916882083122033e-06 3.858582617693602e-06 -2.535438898329584e-06
3.305864771001643e-06 -2.273864572824886e-06 4.193691982077008e-06 -2.009062099950574e-06
3.635716052192847e-07 -9.135205304528256e-07 1.555634796766297e-07 -1.304643605415942e-07
5.878373503679006e-07 -1.165501364059553e-06 5.092021731564421e-07 -5.815316615816355e-07
5.862754300490718e-07 -6.640820213111245e-07 4.685086727791079e-07 2.136905287089477e-07
1.936110751284915e-06 -3.210890188388617e-06 2.830918364989864e-06 -2.827290045363545e-06
1.701068813604591e-06 -2.760949900662588e-06 2.545089913304430e-06 -2.424964121823499e-06
1.546253167296786e-06 -2.304015188320402e-06 2.329676890482022e-06 -2.004935812486282e-06
2.586221821977626e-06 -2.390450095244190e-06 3.487784254860925e-06 -2.109365131616213e-06
2.939806026942055e-06 -1.898132223978345e-06 3.863600420634333e-06 -1.616059183828139e-06
7.660643096530899e-07 -9.173828893297440e-07 7.829053955057187e-07 -1.911308814627888e-07
9.820764667051980e-07 -1.227535857620766e-06 1.147724793673184e-06 -6.910180122340755e-07
9.820471738360836e-07 -6.028404163356988e-07 1.106365172719816e-06 2.729040588700149e-07
1.946405645794452e-06 -2.293664971474725e-06 2.777869017796349e-06 -2.006038231109264e-06
1.443129081257355e-06 -1.869679865887584e-06 2.163074914671816e-06 -1.594183245987149e-06
1.314572906236670e-06 -1.276977787869253e-06 1.662846544478941e-06 -7.856844158867703e-07
1.397074217382006e-06 -1.334672070936215e-06 1.876955395428726e-06 -9.066514218365789e-07
1.425348813715996e-06 -1.462523467201653e-06 2.011695202301727e-06 -1.121835817159374e-06
2.326150737346717e-06 -1.846159520034613e-06 3.218477006042954e-06 -1.574890512478992e-06
2.661278231933462e-06 -1.528498573185070e-06 3.638414572199187e-06 -1.230123684112307e-06
1.174254047427587e-06 -9.658025051197730e-07 1.417703123903743e-06 -2.896457002554363e-07
1.358199211673081e-06 -5.567857424115196e-07 1.656359772279343e-06 3.701757640781441e-07
1.724679847422606e-06 -1.572053772708973e-06 2.471938535172039e-06 -1.292052969425928e-06
1.423918117764760e-06 -1.109878927219072e-06 1.862787654320105e-06 -5.137593245664768e-07
1.522021651289455e-06 -1.291835085713285e-06 2.116098519004764e-06 -8.529156196596694e-07
2.158472607632389e-06 -1.416916568109243e-06 3.023036044538605e-06 -1.092118537659063e-06
2.470813842089774e-06 -1.189168245957232e-06 3.489892469309137e-06 -7.212838860189550e-07
1.466726228513632e-06 -7.594145156305978e-07 1.850985740454697e-06 3.426056190534824e-08
1.481381357938123e-06 -5.084884944325182e-07 1.802262675599301e-06 4.724447693291127e-07
1.824295479361592e-06 -1.003350350421121e-06 2.530624696980325e-06 -4.269329112280515e-07
2.383316631515578e-06 -8.787612531580456e-07 3.418307837965506e-06 -2.240860024925475e-07
2.330442716965134e-06 -6.102154390195708e-07 3.491911575861991e-06 2.639391818405310e-07
1.691503749686014e-06 -5.648605620299460e-07 2.200964314604462e-06 3.502076695102160e-07
1.560761308281387e-06 -4.185509720631591e-07 1.886404963086079e-06 6.882943969711556e-07
1.672863828819080e-06 -1.982118534913516e-07 1.978113952305723e-06 1.264925061260464e-06
2.089824862629583e-06 -5.546075991044251e-07 2.987948330536360e-06 3.162304856892800e-07
1.807111138803659e-06 -3.523856248233234e-08 2.154401864877235e-06 1.833899632646984e-06
2.327870499279121e-06 -3.574439278804758e-07 3.683557539876155e-06 7.855875750524827e-07
1.891733949314903e-06 -1.745409877528037e-07 2.501841587874487e-06 1.265854144190805e-06
2.159931660942311e-06 -1.606558359118906e-07 3.246257763150915e-06 1.305206427761775e-06
1.932088671155000e-06 9.859358228261542e-08 2.408436889791418e-06 2.383972641957901e-06
2.344923902637971e-06 -1.607086878871411e-07 3.990740588898715e-06 1.319447754657229e-06
2.268926217440207e-06 -1.038306771448278e-08 3.755648919389620e-06 1.836194208313600e-06
2.150856987036540e-06 6.474719227661372e-08 3.180693099667149e-06 2.171397432568228e-06
2.058195698304679e-06 1.790315972701593e-07 2.726143723994380e-06 2.932335007952406e-06
2.157947825052946e-06 2.201774940446231e-07 3.122858228673338e-06 3.445437908413153e-06
2.358411142126083e-06 -6.030917388905514e-09 4.388434703630057e-06 1.798367837674095e-06
2.311912321574741e-06 1.076445035987677e-07 4.090733825089387e-06 2.432218119211215e-06
2.267243169225590e-06 1.945141410430689e-07 3.720606136637351e-06 3.241430376609107e-06
2.251044079753393e-06 2.236203042739147e-07 3.572203933129211e-06 3.929926702414681e-06
2.368169299120889e-06 1.013427274663052e-07 4.866839034706451e-06 2.217496193276951e-06
2.351946932277707e-06 1.831931507222696e-07 4.690760935778013e-06 3.210316626470144e-06
2.313700972110446e-06 2.120256411034211e-07 4.077018560663194e-06 4.366770889498753e-06
2.338827307155869e-06 1.750987137380685e-07 4.704833414135924e-06 4.762875112315932e-06
2.341031985123768e-06 1.156997961644513e-07 5.394402538475678e-06 5.097139238652446e-06
2.353336677922088e-06 1.885752933405302e-07 5.445907477253579e-06 3.438782571337769e-06
2.359731277728915e-06 1.661356154985857e-07 5.439913533334575e-06 2.586138688478979e-06
2.358053992986454e-06 1.705513791252166e-07 5.288107743331947e-06 4.312138844661588e-06
2.305091906916877e-06 6.324382483992871e-08 6.154592385779829e-06 5.346683795056470e-06
2.235767508981403e-06 6.849945412786699e-09 6.965741203536428e-06 5.537977628792794e-06
2.325869443032597e-06 1.902225080636971e-07 6.088145646008528e-06 3.639306818292910e-06
2.318797568738493e-06 2.164721293277071e-07 6.142983332986970e-06 2.865404459688185e-06
2.146081197662298e-06 -3.789182301264123e-08 7.780174797837070e-06 5.641209090665174e-06
2.268341851435848e-06 1.342814067381725e-07 6.842303880992912e-06 4.382836376042217e-06
2.250294771184981e-06 2.601698951990362e-07 6.924724778254300e-06 3.019729101997071e-06
2.130354155782590e-06 1.113990556406336e-07 7.941878115600552e-06 4.531725170007520e-06
2.005230172753947e-06 -8.419778264352938e-08 8.710216799888425e-06 5.712271941635542e-06
2.159007391871702e-06 2.913446561424369e-07 7.725094105919654e-06 3.042292737735127e-06
1.772103188370038e-06 -1.303055595204289e-07 1.010408034201828e-05 5.777971837336597e-06
1.975852126322965e-06 2.087716983151181e-07 8.971824537517132e-06 3.878225398786914e-06
2.007704299452776e-06 3.373055044627225e-07 8.701322598162264e-06 2.979440861691443e-06
1.359439327691301e-06 -1.998387587210769e-07 1.198307613053608e-05 5.820364246234205e-06
1.583475721741575e-06 1.514830701525397e-07 1.105912716005189e-05 4.296080222136621e-06
1.770772974269651e-06 3.966033289983897e-07 1.006472352519581e-05 2.912991449882808e-06
6.880179916514637e-07 -2.729019180785531e-07 1.464503290642091e-05 5.855805519166104e-06
1.044222983401820e-06 1.292026022540705e-07 1.337298579708253e-05 4.414552302233400e-06
1.358944975706675e-06 4.627754751381870e-07 1.207677322045033e-05 2.916313506176930e-06
-1.277121972168733e-07 -3.325613047243669e-07 1.748263279673903e-05 5.913546822845697e-06
2.982745537824361e-07 1.292858658957050e-07 1.614385613372428e-05 4.392911155063188e-06
6.880023388932248e-07 5.321927479652382e-07 1.479612985101118e-05 2.938437008414982e-06
-1.041681698868408e-06 -3.812344405742131e-07 2.021231480481753e-05 5.781684602162413e-06
-5.696147492673610e-07 1.290246059567803e-07 1.890977964363997e-05 4.359943590497201e-06
-1.275714188563830e-07 5.908584789330721e-07 1.758420645778427e-05 2.922311217852871e-06
-2.037002724649524e-06 -4.211437476676218e-07 2.283096873177529e-05 5.643136643974426e-06
-1.527013410854518e-06 1.289218963814070e-07 2.153232334055303e-05 4.341593215331688e-06
-1.041669587029517e-06 6.391843094035703e-07 2.019607976025150e-05 2.971036599626963e-06
-3.098849211970833e-06 -4.534925781989210e-07 2.522110471666842e-05 5.585244072287811e-06
-2.557969519045791e-06 1.287679339119292e-07 2.404362732873716e-05 4.352252239146388e-06
-2.037102560729772e-06 6.788644752395299e-07 2.276070147026676e-05 3.026464533576895e-06
-4.214288418718454e-06 -4.792417535120233e-07 2.749277961247176e-05 5.580985592287407e-06
-3.648650226265148e-06 1.286012985193027e-07 2.638909517416540e-05 4.362215939653726e-06
-3.098982268865522e-06 7.109375477604279e-07 2.521712510906147e-05 3.024412840079860e-06
-5.370989995437558e-06 -4.983732411483744e-07 2.986244115278161e-05 5.612727868254900e-06
-4.786817447395541e-06 1.283624974160498e-07 2.871848248257321e-05 4.357887925343034e-06
-4.214385735383468e-06 7.362060216599693e-07 2.756994653498610e-05 3.048845016967175e-06
-6.556872288844778e-06 -5.117017368573342e-07 3.238448547692404e-05 5.770985997793357e-06
-5.959927165217000e-06 1.281495247189823e-07 3.112437154300771e-05 4.345345680807678e-06
-5.371017211488887e-06 7.548434795651331e-07 2.993199860389071e-05 3.078778760627524e-06
-7.761784838286521e-06 -5.200505966357481e-07 3.494330921880964e-05 5.754708655762541e-06
-7.156893615728513e-06 1.279077098331145e-07 3.367588502562003e-05 4.341622629813374e-06
-6.556840786046570e-06 7.676483779392085e-07 3.241179536256265e-05 2.976134808527806e-06
-1.037167729114158e-05 -4.536407935299676e-07 4.030305759502185e-05 5.575751536754974e-06
-1.019841848466603e-05 -5.253705146504880e-07 3.994151468021735e-05 5.722103277466230e-06
-8.305403717075969e-06 1.278898810938240e-07 3.612577336080098e-05 4.333118320768386e-06
-8.977882419385726e-06 -5.243511403896869e-07 3.753219713875181e-05 5.673879441791349e-06
-7.761942581960647e-06 7.757807050929420e-07 3.496364990847064e-05 2.952016900290932e-06
-1.044345026021077e-05 -2.804393823849423e-07 4.045307524888836e-05 5.217778719240738e-06
-1.003326223497965e-05 1.279198000250939e-07 3.960605828909789e-05 4.355992052698457e-06
-8.977976053529733e-06 7.800704121096863e-07 3.754482060572451e-05 3.027099799373872e-06
-1.044352735220515e-05 5.363301711608904e-07 4.046761082652152e-05 3.487108406308390e-06
-1.019851516059379e-05 7.812497740723986e-07 3.995901934809268e-05 2.982766223351897e-06
-1.037176293397530e-05 7.095249776505428e-07 4.031906777008640e-05 3.129113482756131e-06
