7.820287027588019e-05 -1.315443109066819e-05 1.991937060147712e-06 -8.764500085918747e-07
7.847169979440478e-05 -1.250552877527705e-05 2.068674662455624e-06 -7.130697687287546e-07
7.847157033611688e-05 -9.446261498128119e-06 2.219046774976361e-06 -2.916638105682635e-08
7.820272013789885e-05 -8.797333907045189e-06 2.160690779044594e-06 1.268137867904063e-07
7.755387936082143e-05 -1.342319613494578e-05 1.819912111185040e-06 -9.444663595982368e-07
7.633620587987906e-05 -1.097585854280866e-05 1.638297852637544e-06 -3.887133175323008e-07
7.755369597781125e-05 -8.528556075930913e-06 2.011185186597442e-06 1.925121549990709e-07
7.298377734059008e-05 -1.342177168930408e-05 6.333623574894376e-07 -9.916062697436517e-07
7.298342786808851e-05 -8.529705624676960e-06 8.890731460179348e-07 2.116464533687152e-07
7.046235767489562e-05 -1.097569300240020e-05 1.009305706966375e-07 -3.924103939352575e-07
6.841946902580574e-05 -1.341630224337076e-05 -4.021833164868096e-07 -9.143705925783952e-07
6.841895550115715e-05 -8.534615751320381e-06 -1.927810071386567e-07 2.015722556335588e-07
6.614110600977411e-05 -1.097534491789080e-05 -9.607530314935915e-07 -4.408605894721713e-07
6.386875146093716e-05 -1.340678692847763e-05 -1.420990090697274e-06 -9.178351489537535e-07
6.386810179899475e-05 -8.542928256998332e-06 -1.347649364027911e-06 5.602937909865807e-08
6.159933350458340e-05 -1.097466439288427e-05 -1.888538071334697e-06 -3.993094694697681e-07
5.933805976009919e-05 -1.339458513231202e-05 -2.292835359003787e-06 -7.793416374873423e-07
5.933718463635364e-05 -8.553725359220082e-06 -2.013099232829651e-06 -1.400673552990885e-07
5.707997037909847e-05 -1.097361591840916e-05 -2.407586962319696e-06 -4.213748954256470e-07
5.483083409550525e-05 -1.338116296308635e-05 -2.653193688815089e-06 -4.916046681625941e-07
5.483035767316829e-05 -8.565498566006136e-06 -2.215382594908563e-06 -4.495416125679208e-07
5.258500153147318e-05 -1.097260543445033e-05 -2.439929374230222e-06 -4.524913279761249e-07
5.034718716198725e-05 -1.336847629497153e-05 -2.436314503882215e-06 -2.108954945334175e-07
5.034757967021263e-05 -8.576567533804581e-06 -1.999238967480214e-06 -7.231913451980600e-07
4.811280769307277e-05 -1.097182573629671e-05 -1.971016990874306e-06 -4.907419014003395e-07
4.588457057016279e-05 -1.335770933506179e-05 -1.819066377826856e-06 -1.186196349161028e-07
4.588547150271324e-05 -8.585562631388499e-06 -1.498091466973175e-06 -7.927024456458493e-07
4.365942271549901e-05 -1.097116480159429e-05 -1.181941627358804e-06 -5.758285654785311e-07
4.143883379582296e-05 -1.334947861930750e-05 -1.002412384200360e-06 -9.880935134003555e-08
4.143933039956241e-05 -8.591839298069801e-06 -8.751442563601404e-07 -8.417728563932835e-07
3.921986866895114e-05 -1.097037887198428e-05 -3.856069679641050e-07 -5.984845511972735e-07
3.700389889443724e-05 -1.334456478336493e-05 -2.568931459220489e-07 -2.147231527234282e-07
3.700364278123419e-05 -8.594940004852669e-06 -3.501677550395590e-07 -8.321746647646731e-07
3.478793155593509e-05 -1.096940391751487e-05 1.595670979224613e-07 -5.895292685284182e-07
3.257310864993597e-05 -1.334285462291520e-05 2.821084534548235e-07 -4.165474940236381e-07
3.257264242000693e-05 -8.594577249780583e-06 1.408881811380573e-07 -7.844465804744158e-07
3.044689130455298e-05 -1.096824252709317e-05 4.816649901940680e-07 -6.001019938324382e-07
2.831991899262129e-05 -1.334381207238546e-05 6.194070550717836e-07 -4.378752107801669e-07
2.831946637129234e-05 -8.591054036830243e-06 4.905549798007202e-07 -7.754984771887487e-07
2.672428729353750e-05 -1.115309875740974e-05 6.853265355760149e-07 -5.716970624974495e-07
2.509301302150614e-05 -1.334633557958569e-05 7.692810988625244e-07 -4.530642989190759e-07
2.509275858358028e-05 -8.586225265671363e-06 7.473837983589648e-07 -7.399940919091689e-07
2.274052652396902e-05 -1.334962595261102e-05 8.814670563193545e-07 -5.271746196129238e-07
2.320231643429323e-05 -1.177892402196310e-05 8.962913938560338e-07 -5.524061824852292e-07
2.274035722836323e-05 -8.582243833840443e-06 9.079709415084653e-07 -6.655285494388572e-07
2.102730491193393e-05 -8.577783149003534e-06 9.061144156807465e-07 -6.073344978500087e-07
-3.665036871611663e-06 -5.505954742344328e-08 -9.100540443257856e-08 -6.691581717739570e-07
-3.738106725496885e-06 1.205626290722349e-07 -9.340119832002870e-08 -6.557582302113318e-07
-3.737727757175399e-06 7.752476046400094e-07 -9.674069635360770e-08 -6.086405299352238e-07
-3.665005196643141e-06 9.486749655191489e-07 -9.603531421660702e-08 -5.994675790823670e-07
2.102822822975052e-05 -1.335221313318471e-05 8.748468454633490e-07 -5.671268082464425e-07
1.946866485131686e-05 -1.326586616201785e-05 8.949298892040521e-07 -5.942165794136002e-07
2.068334527123867e-05 -1.036867602555032e-05 9.207458712069151e-07 -6.135736749443807e-07
1.947317639236722e-05 -8.436893119807255e-06 8.961389866362153e-07 -5.571718909560172e-07
-3.490174676432297e-06 -1.275911688809807e-07 -8.327048556140010e-08 -6.760313574293200e-07
-3.313784209075616e-06 5.905868860351868e-07 -7.648247591785999e-08 -6.289055833253282e-07
-3.491468733960862e-06 1.021244331353643e-06 -9.076162382845956e-08 -5.990331526616121e-07
1.897575461082404e-05 -1.179217620986838e-05 9.100723024717336e-07 -6.035439886110551e-07
1.792740922100373e-05 -1.300360500117163e-05 8.408465805562564e-07 -6.542303364376517e-07
1.642348951464340e-05 -1.256640626613022e-05 7.407936480425414e-07 -6.642552873581139e-07
1.850736666456352e-05 -9.745873810115269e-06 8.817974762810188e-07 -5.806138234784486e-07
1.796285476184138e-05 -8.026498513568324e-06 8.480715495999161e-07 -5.069168507059515e-07
-2.304441885606353e-06 -1.457658450625201e-07 -1.803571043575758e-08 -6.948847695451276e-07
-2.303202285921313e-06 1.043512572282815e-06 -2.643124449283512e-08 -6.323764754810289e-07
-1.688450750849293e-06 4.494958730978797e-07 -5.952003851242105e-09 -6.623875443175958e-07
1.497677374299058e-05 -1.196140793792329e-05 6.935465425362039e-07 -6.393176803512852e-07
1.622824637628135e-05 -1.101287695199840e-05 7.302370928064083e-07 -6.172792347882911e-07
1.675105323155921e-05 -9.038964194832260e-06 7.525952619867471e-07 -5.736915059686842e-07
1.654327734940854e-05 -7.358619706142180e-06 7.242195406372889e-07 -4.841186997234992e-07
-1.021165421907659e-06 -2.553169206851190e-07 2.317180556095399e-08 -6.769537203889930e-07
-1.021158294738998e-06 1.154793027762331e-06 2.597993659865525e-08 -6.433919664915339e-07
-2.616803052944683e-07 4.499386569831493e-07 4.437002070057339e-08 -6.372041297717755e-07
1.360684217228960e-05 -1.119419620756276e-05 6.446715763962175e-07 -5.956904175322980e-07
1.233087608295579e-05 -1.027486934355019e-05 5.848946482894151e-07 -5.741897092526064e-07
1.491077947913466e-05 -8.722331821710080e-06 6.304577497183552e-07 -5.863844383606848e-07
1.525797151004934e-05 -6.453674225570698e-06 6.090232209424956e-07 -4.710307048323949e-07
6.093971823608850e-07 -4.926723761468359e-07 1.112652957436877e-07 -7.160354019432235e-07
6.094999149452231e-07 1.392741989327596e-06 1.219346726671295e-07 -5.511387721553174e-07
1.265290376024127e-05 -8.830424498058348e-06 5.669264816363132e-07 -5.669821844954134e-07
1.116668193988867e-05 -9.216203584670934e-06 5.484682629886116e-07 -5.635301707417085e-07
1.319777117705818e-05 -7.172067892527128e-06 5.371188918109134e-07 -5.411053278121905e-07
1.414672808747768e-05 -5.337754801866665e-06 5.429243982959499e-07 -4.872243627175654e-07
1.568057607703495e-06 4.497558108408704e-07 2.082545860632958e-07 -6.358181295978179e-07
2.706647970971167e-06 -8.351132561288026e-07 2.489012206812236e-07 -6.976314029859207e-07
2.704906148839027e-06 1.736480362275005e-06 2.587557250615527e-07 -5.679319372255492e-07
1.013004930744243e-05 -8.030766313150237e-06 5.167828132037135e-07 -5.698070421964390e-07
9.232878365068753e-06 -6.733374895317519e-06 4.886498172088517e-07 -5.433328446781613e-07
8.484866785924373e-06 -5.339543858227067e-06 4.890928762396839e-07 -5.295882684970608e-07
1.208120972584060e-05 -5.656361321935767e-06 4.966427536249795e-07 -5.081623316533897e-07
1.324416457996012e-05 -4.045477426342259e-06 4.931365291757013e-07 -4.958818637552437e-07
3.621166659613457e-06 4.459961226083804e-07 2.958000499119362e-07 -6.178433750762318e-07
4.742559758146858e-06 -1.172391334012345e-06 3.882229010789190e-07 -6.999236906243762e-07
4.741823072539520e-06 2.085602655361756e-06 3.693333279350842e-07 -5.597952857666798e-07
9.982457664408169e-06 -5.347899725599581e-06 4.953059481502488e-07 -5.201709057589028e-07
7.900905533482985e-06 -3.862028347738656e-06 4.847209829982926e-07 -5.726584432168081e-07
6.610991740184081e-06 -1.459616082159744e-06 4.337927988251579e-07 -6.290968002594561e-07
7.169833390364913e-06 -1.740301280465262e-06 4.368806748569638e-07 -6.114314181366304e-07
7.485488526388907e-06 -2.303556493706650e-06 4.488646790785401e-07 -6.023212532534814e-07
1.129257394452908e-05 -3.852433656334888e-06 5.078425283384432e-07 -5.429519140141059e-07
1.258082220931706e-05 -2.625196527681812e-06 5.197326911324836e-07 -5.965021144356777e-07
5.751100236689146e-06 2.094201571145115e-07 4.471546240825556e-07 -6.426245188802841e-07
6.569575058538891e-06 2.333809398721769e-06 4.551587625893123e-07 -5.733185582582659e-07
8.933256791948364e-06 -2.806011238359387e-06 4.800972147395462e-07 -6.017855021217849e-07
7.184200065178285e-06 -6.066905808762045e-07 4.427423392117300e-07 -6.193417328296280e-07
7.845210023917242e-06 -1.542433122132764e-06 4.466943395109291e-07 -6.057748318938817e-07
1.070593744042510e-05 -2.181451054471880e-06 5.060503217153457e-07 -6.133695325130037e-07
1.218784988386687e-05 -1.126615861257710e-06 5.551661358159976e-07 -5.834851240935985e-07
7.181245443834830e-06 1.233760395871843e-06 4.643754430365654e-07 -6.087606470393892e-07
7.071691924865572e-06 2.612609053454260e-06 4.415777472240552e-07 -5.752528592310603e-07
9.229171799071552e-06 -2.625666229368713e-07 4.786985669468095e-07 -6.047285242134063e-07
1.207863593968238e-05 4.079832496380107e-07 5.499996030401829e-07 -5.979917716964478e-07
1.233226159671947e-05 1.963959807405326e-06 5.084130747797530e-07 -5.840867217290817e-07
8.249278106032217e-06 2.224844646664085e-06 4.816544710624385e-07 -5.940070364358041e-07
7.353477513320610e-06 3.230242112061970e-06 4.293086830531806e-07 -5.737876378451766e-07
7.680442805441160e-06 4.973692522332353e-06 4.187097067942154e-07 -5.446828308259488e-07
1.073836572835676e-05 2.134810145208438e-06 4.974586342764604e-07 -5.724667198091285e-07
8.213490601328902e-06 6.735326353559434e-06 4.343836932416462e-07 -5.200333940039505e-07
1.292313926537710e-05 3.557627948039702e-06 4.825477081329085e-07 -5.763186551407623e-07
9.225743834844951e-06 5.011929552927728e-06 4.944292203969482e-07 -5.689992093264559e-07
1.158133191461891e-05 5.147749859091901e-06 4.763047151582227e-07 -5.731052487144982e-07
8.997714007509782e-06 8.447483550385812e-06 4.565894784847433e-07 -5.026222912012226e-07
1.385450910047912e-05 5.151026807348120e-06 5.314998328123799e-07 -5.458006901906916e-07
1.315862489212346e-05 6.785628680600883e-06 5.180111619723736e-07 -5.391008752343632e-07
1.143369662558207e-05 7.836874457626185e-06 5.003053556056931e-07 -5.425661514399900e-07
1.000079077567425e-05 1.014843813152009e-05 5.300694442669897e-07 -4.549268619624917e-07
1.127364326818591e-05 1.178359351058977e-05 5.692594960002452e-07 -4.726325720026536e-07
1.514555619197076e-05 6.660181657347318e-06 5.458095099285409e-07 -5.316926764641455e-07
1.426009052724693e-05 8.696058988074133e-06 5.302726107678124e-07 -5.133653546492543e-07
1.320390101026826e-05 1.114817370429720e-05 5.512490143792959e-07 -4.657269857076224e-07
1.274974636756382e-05 1.332712547136718e-05 5.719074546050676e-07 -4.928157345366110e-07
1.675132670966009e-05 8.027283399457359e-06 5.564943111845117e-07 -5.090368367250038e-07
1.628230113760485e-05 1.114922683320518e-05 5.375036115163077e-07 -4.982110455381706e-07
1.446457521411357e-05 1.470393097934867e-05 5.175770553065947e-07 -5.012256400552178e-07
1.641117061162075e-05 1.592155957957215e-05 5.021540753338787e-07 -5.188899983191541e-07
1.852854596507175e-05 1.695878499416275e-05 4.847870747602016e-07 -5.474287147557960e-07
1.868441241038484e-05 1.183736855393363e-05 5.349341825868110e-07 -5.167657442966150e-07
1.865845483316424e-05 9.190557424180726e-06 5.445366227337393e-07 -5.000650458140647e-07
1.819922322226630e-05 1.454067623633301e-05 5.057777547935208e-07 -5.225275545543602e-07
2.082602532438326e-05 1.773252293524135e-05 4.738857232217532e-07 -5.714965218192261e-07
2.326406201119857e-05 1.826097599477063e-05 4.466272444757442e-07 -5.796120860340494e-07
2.065246083949494e-05 1.243337130514590e-05 5.339382417003101e-07 -5.213477819704104e-07
2.084451589150517e-05 1.004098921424792e-05 5.342237534291778e-07 -4.884719831252283e-07
2.578112820032345e-05 1.850106566850459e-05 3.609829770349449e-07 -5.810713386806371e-07
2.293257178465395e-05 1.471485955363328e-05 4.835837925516373e-07 -5.461689830099797e-07
2.323468576626715e-05 1.053007474574682e-05 4.642669876879871e-07 -4.827085344667920e-07
2.632838069304283e-05 1.511115420098376e-05 3.839647436790022e-07 -5.577702830969124e-07
2.865363944940788e-05 1.861469654109569e-05 3.300864381810469e-07 -6.046544527162273e-07
2.574996348743146e-05 1.065420652383264e-05 3.761917515502816e-07 -4.946954345941732e-07
3.270166469866831e-05 1.872853226869218e-05 3.150657138118162e-07 -5.760660698432970e-07
2.945899526153113e-05 1.315445290660802e-05 3.194370046458971e-07 -5.332419053461811e-07
2.864774423375477e-05 1.054093898641863e-05 3.293659449546262e-07 -5.005944875225152e-07
3.849512998515111e-05 1.890335010835490e-05 3.077257105668474e-07 -5.675547068762233e-07
3.557840039756315e-05 1.423994208285659e-05 2.720257482544991e-07 -5.615259407090691e-07
3.270510793586917e-05 1.039321357877328e-05 2.486701130611942e-07 -5.290490168624843e-07
4.646730106105999e-05 1.909039476979687e-05 2.677027476070078e-07 -5.860155254956367e-07
4.242814015447919e-05 1.456885268120151e-05 2.628805610087685e-07 -5.516853959117122e-07
3.849663251222531e-05 1.022447344494863e-05 2.391744080802816e-07 -5.551888097352041e-07
5.507989404774978e-05 1.924498584419563e-05 1.812946175279396e-07 -6.516773714278941e-07
5.072604067554297e-05 1.456714377493727e-05 2.045865891705344e-07 -5.645749812470663e-07
4.646784109940352e-05 1.004360867216239e-05 2.100239479196882e-07 -5.179445011868112e-07
6.395071974343744e-05 1.937035160623604e-05 -1.322189960143804e-08 -6.657573440855394e-07
5.947614180223016e-05 1.456647622384278e-05 8.936271131113544e-08 -5.536551726922232e-07
5.508008824668197e-05 9.888519447774837e-06 1.262110730519592e-07 -4.912565774941947e-07
7.303059637701168e-05 1.947059696452192e-05 -2.188649784218292e-07 -6.364046138336623e-07
6.845933232620786e-05 1.456595240109489e-05 -1.065778183532173e-07 -5.396059707051083e-07
6.395081246410973e-05 9.762096257647216e-06 -9.263540138888414e-09 -4.646979332270066e-07
8.227607147746706e-05 1.954894599812788e-05 -3.618170328267987e-07 -6.217293184093765e-07
7.762875345878791e-05 1.456534281123424e-05 -2.592578147692871e-07 -5.518389496868888e-07
7.303061668804360e-05 9.660725636316299e-06 -1.530829662765877e-07 -4.650018608921861e-07
9.164985218906996e-05 1.960839604848971e-05 -4.568441837749768e-07 -6.114507837792306e-07
8.694422976790730e-05 1.456463313266742e-05 -3.981108911024237e-07 -5.741985859555879e-07
8.227609999858718e-05 9.581031009874073e-06 -2.510365685117469e-07 -4.495049553380769e-07
1.011189702827678e-04 1.965108102859955e-05 -5.797781937999942e-07 -5.978125257549519e-07
9.637092624361498e-05 1.456383141253701e-05 -5.090292521377136e-07 -5.570197019292768e-07
9.164988884502193e-05 9.520031470442511e-06 -4.222592120464447e-07 -4.665652586332376e-07
1.106536107002852e-04 1.967876877048925e-05 -7.812224751922975e-07 -6.610634752182826e-07
1.058775233445788e-04 1.456308748080625e-05 -6.908415755863409e-07 -5.501428916371661e-07
1.011189472317695e-04 9.475838942153706e-06 -6.137768091844240e-07 -4.391260604670802e-07
1.202279074963090e-04 1.969429749515697e-05 -1.012587995736136e-06 -6.652695550653134e-07
1.154360021036782e-04 1.456235722809785e-05 -9.330471397506456e-07 -5.464707280096888e-07
1.106536318647917e-04 9.446664904843222e-06 -8.605239465460064e-07 -4.308844331242771e-07
1.407826251400962e-04 1.913723034825357e-05 -1.186990374124486e-06 -6.161524934214948e-07
1.394195646913985e-04 1.970180080955733e-05 -1.187103417684226e-06 -6.192234267824858e-07
1.245233670312265e-04 1.456190234543469e-05 -1.068506704354969e-06 -5.838778812832037e-07
1.298212072385916e-04 1.970071239384289e-05 -1.148358153004755e-06 -6.191798547187001e-07
1.202278822781604e-04 9.429944296417568e-06 -9.744687368251935e-07 -5.150033215912697e-07
1.413472255696667e-04 1.777421399299390e-05 -1.184594479999511e-06 -6.109105590239695e-07
1.381215583961085e-04 1.456143966036681e-05 -1.158230914681693e-06 -5.889433836433381e-07
1.298212691910356e-04 9.422601097336520e-06 -1.102220480205188e-06 -5.304163423624802e-07
1.413471564700422e-04 1.134868997866430e-05 -1.130202661648166e-06 -5.975867121087172e-07
1.394195268331411e-04 9.421162190709393e-06 -1.126485543342822e-06 -5.915921524688337e-07
1.407825616155593e-04 9.985713607338140e-06 -1.127961567418961e-06 -5.939964414387867e-07
