1.258338520077044e-05 -1.538772830873305e-07 -3.972150061976820e-05 4.518484246094018e-06
1.265876860521279e-05 2.818311725567221e-08 -3.989710258931030e-05 4.114203540580012e-06
1.265887378375746e-05 8.861309927601388e-07 -3.998986515881576e-05 2.273728571139506e-06
1.258351330136088e-05 1.068127016889909e-06 -3.982458288568930e-05 1.872037325936724e-06
1.240138118114804e-05 -2.293043161497003e-07 -3.930782719825204e-05 4.685028118450792e-06
1.206025411932487e-05 4.570975031283482e-07 -3.864226480438459e-05 3.207972905914114e-06
1.240155951221296e-05 1.143520589323158e-06 -3.942221466969202e-05 1.706537086121495e-06
1.111997210901824e-05 -2.302392335988276e-07 -3.652122944308906e-05 4.659959628875120e-06
1.112031152591889e-05 1.143835426858709e-06 -3.669820180043374e-05 1.768056832140920e-06
1.041185644675683e-05 4.564937531817934e-07 -3.512288206199744e-05 3.205596111927336e-06
9.836066002721553e-06 -2.320539037110965e-07 -3.395843472692251e-05 4.539867479447780e-06
9.836371821550476e-06 1.144494497721354e-06 -3.405125220143270e-05 1.780096489976080e-06
9.192998364211990e-06 4.556938876281841e-07 -3.267748100143695e-05 3.205718110746167e-06
8.549287083290409e-06 -2.331990722794338e-07 -3.158603622126164e-05 4.500628866560958e-06
8.549396462014025e-06 1.143897377338526e-06 -3.148511344293873e-05 1.874199620064530e-06
7.905707877631344e-06 4.549186518673559e-07 -3.020642395980887e-05 3.206314885547059e-06
7.262999755507195e-06 -2.321631379421297e-07 -2.918305212876559e-05 4.449606249637800e-06
7.263120672997771e-06 1.141125822733674e-06 -2.908369283099214e-05 1.962352125262508e-06
6.621354060046210e-06 4.542517205626966e-07 -2.788632070419930e-05 3.230132520774558e-06
5.983089252624450e-06 -2.263260527426246e-07 -2.689936855845092e-05 4.434570002880373e-06
5.983808030277199e-06 1.133601202426939e-06 -2.671073769132454e-05 2.062482298147372e-06
5.348082762193404e-06 4.534566008791190e-07 -2.572286311379207e-05 3.262315729274344e-06
4.719953875064048e-06 -2.136822915933346e-07 -2.469242924724572e-05 4.457284923119964e-06
4.721460053660710e-06 1.119248884249637e-06 -2.453843946600946e-05 2.134020655809678e-06
4.098563574986670e-06 4.525155551480849e-07 -2.360976219578034e-05 3.309199636188540e-06
3.489376792519050e-06 -1.915870070788835e-07 -2.251053853005822e-05 4.517113384493882e-06
3.491060388693902e-06 1.095510045923681e-06 -2.260607591822594e-05 2.178871115343933e-06
2.890688611406028e-06 4.514826296709881e-07 -2.138649761774340e-05 3.355360956436004e-06
2.311787675985673e-06 -1.571952768391046e-07 -2.023959809320630e-05 4.637574885940992e-06
2.313113540090494e-06 1.059338101499400e-06 -2.057727015021882e-05 2.116410873291295e-06
1.747341036522614e-06 4.504467051645925e-07 -1.896506958024224e-05 3.403817126177815e-06
1.212043696251681e-06 -1.087311191014857e-07 -1.776569381826649e-05 4.817418514610015e-06
1.212575995389698e-06 1.009154185139812e-06 -1.808354153072586e-05 1.974636202155772e-06
6.951562126143868e-07 4.496281082964614e-07 -1.632064944529121e-05 3.464058176694216e-06
2.174027362169301e-07 -4.519768876690499e-08 -1.503135196555395e-05 5.038997807174204e-06
2.172930780293657e-07 9.436276925095635e-07 -1.512132415166603e-05 1.934791245999625e-06
-2.205986115860453e-07 4.494541091015085e-07 -1.352154864462366e-05 3.506084557464878e-06
-6.122814726802857e-07 3.191492123435842e-08 -1.217650889886108e-05 5.133136031616708e-06
-6.128385245363933e-07 8.620405804903376e-07 -1.222178524451199e-05 2.053518079912815e-06
-8.928668726029401e-07 4.206298056631164e-07 -1.107926067252819e-05 3.681862149553155e-06
-1.132368753963903e-06 1.052604195556881e-07 -1.004321358872449e-05 5.126192516957027e-06
-1.134386142786853e-06 7.848869558874715e-07 -1.008489135012541e-05 2.077011621048312e-06
-1.439667881657203e-06 1.697987055843807e-07 -8.570964770674199e-06 5.073057939463428e-06
-1.400565562341943e-06 3.454898744954582e-07 -8.837381645101171e-06 4.108290625818551e-06
-1.442666530938185e-06 7.352794691404754e-07 -8.629309750479421e-06 2.178054734187502e-06
-1.626335389872190e-06 6.823602879408669e-07 -7.579340288901611e-06 2.257885505576444e-06
6.213639782188284e-07 -2.758089102098770e-07 8.985785486977468e-07 -1.601918345195125e-07
6.339202916229062e-07 -3.058921472684335e-07 9.127321611740403e-07 -1.959345405165477e-07
6.339027034470248e-07 -4.184378424640773e-07 9.107168118299590e-07 -3.130890738974067e-07
6.213925463476998e-07 -4.483366113398117e-07 8.977394761482594e-07 -3.428624690057526e-07
-1.631748115929056e-06 2.153652109517615e-07 -7.530092226679739e-06 5.019907064748418e-06
-1.763498919404525e-06 2.644010815681687e-07 -6.654751112658958e-06 4.930452654209431e-06
-1.681952673166517e-06 5.047307807417091e-07 -7.334575968832011e-06 3.308950469553210e-06
-1.780735018598919e-06 6.384505952836827e-07 -6.631636636419670e-06 2.259496825678182e-06
5.913891266528729e-07 -2.634482608064779e-07 8.638842379470762e-07 -1.449668274255669e-07
5.609784535515183e-07 -3.869818501475497e-07 8.365771002656657e-07 -2.768287201797302e-07
5.914984859376037e-07 -4.609573277651997e-07 8.670378374386817e-07 -3.543920029959374e-07
-1.817989771551529e-06 3.984111581213729e-07 -6.360865902549852e-06 4.103084696432982e-06
-1.868809277293128e-06 3.357731023048932e-07 -5.809899282497379e-06 4.739353846488423e-06
-1.935395949770005e-06 3.988311504751451e-07 -5.000003446985838e-06 4.476982658039858e-06
-1.857116780641989e-06 5.355802182176742e-07 -6.075349128046301e-06 2.996430947470843e-06
-1.885801640415717e-06 5.988353264587242e-07 -5.769389272302294e-06 2.115649706175272e-06
3.874924517876314e-07 -2.609963560289293e-07 6.652860765020387e-07 -1.140740756743857e-07
3.870331842461433e-07 -4.655738429398382e-07 6.630162603702603e-07 -3.547969494192065e-07
2.813413308373058e-07 -3.636928836594755e-07 5.721977290204486e-07 -2.421300470764184e-07
-1.961449267738905e-06 4.722326389584209e-07 -4.264611990698095e-06 4.122192413991270e-06
-1.956809981028728e-06 4.862543377074400e-07 -4.874212243627370e-06 3.654895335037404e-06
-1.940114552926692e-06 5.507170638245213e-07 -5.129754773136084e-06 2.647919463363793e-06
-1.953780538025073e-06 5.540181252838425e-07 -5.002430128193763e-06 1.875664628312387e-06
1.664239223090066e-07 -2.425261957509727e-07 4.617570918039968e-07 -8.585977095125675e-08
1.663772844581577e-07 -4.852490280076560e-07 4.409222909616428e-07 -4.102675438317085e-07
3.554062257071631e-08 -3.640250759821003e-07 3.080998982418549e-07 -2.507917373044298e-07
-1.962204517060611e-06 5.252026517192692e-07 -3.594915656060202e-06 3.707696419763844e-06
-1.923671313890469e-06 5.552329649417257e-07 -3.028847801121535e-06 3.228332731644904e-06
-1.975747068585598e-06 5.478613073830742e-07 -4.189729674087110e-06 2.509657540529663e-06
-1.988970486987839e-06 5.051447070932219e-07 -4.317113566949122e-06 1.559741454148009e-06
-1.141694623305121e-07 -2.025450722307350e-07 1.157585214017710e-07 -1.926573542384755e-08
-1.142256191535695e-07 -5.256668690265912e-07 1.304918364327953e-07 -4.438826464549636e-07
-1.931266192322266e-06 5.575840514154185e-07 -3.170805450488737e-06 2.540545306522273e-06
-1.854974534155322e-06 5.724773663591354e-07 -2.603218210686068e-06 2.692601269272736e-06
-1.954435427315618e-06 5.125266849256268e-07 -3.387959451647038e-06 1.870808434274080e-06
-1.998644891882981e-06 4.251669873882302e-07 -3.759248450676090e-06 1.209878540090351e-06
-2.785623604328703e-07 -3.641236228584255e-07 -1.481839886553997e-07 -2.209223396920049e-07
-4.729861736843733e-07 -1.450986792121343e-07 -4.759777255981827e-07 1.328074235087235e-07
-4.729087637548905e-07 -5.832828296065550e-07 -4.785484295467853e-07 -5.534404362683022e-07
-1.779550521453369e-06 5.574737444003857e-07 -2.251492575433724e-06 2.144865570642800e-06
-1.675614428956872e-06 4.911555749294640e-07 -1.986283262401190e-06 1.682855090411391e-06
-1.558430736947957e-06 3.999205459041420e-07 -1.818119794600511e-06 1.229122420208465e-06
-1.897286327129350e-06 4.353738478655411e-07 -2.947595106582497e-06 1.321892488444923e-06
-1.993250280623170e-06 3.026354976105908e-07 -3.319813337914510e-06 7.958539576314782e-07
-6.290884413697780e-07 -3.638516034072587e-07 -7.352729411222774e-07 -2.162202184337478e-07
-8.197344294335639e-07 -8.843583226430654e-08 -1.024838972000092e-06 1.847806671910025e-07
-8.189533539738161e-07 -6.405442249826020e-07 -9.927967912847426e-07 -5.763157254587511e-07
-1.724463646464002e-06 4.106514587928079e-07 -2.233195125179132e-06 1.213714094294021e-06
-1.454002089515819e-06 2.644065134346387e-07 -1.702790799260172e-06 8.120077467720991e-07
-1.152962014268224e-06 -3.890518297249587e-08 -1.434953166860550e-06 2.184940334518373e-07
-1.263752626801094e-06 4.412108094273087e-09 -1.578828382493761e-06 2.785412488893061e-07
-1.339478466815301e-06 8.372814134217533e-08 -1.648846527896887e-06 4.110240557239519e-07
-1.846246400376360e-06 2.801391216373654e-07 -2.652829752582587e-06 7.534995992177451e-07
-1.994948220506833e-06 1.355626223779868e-07 -3.008336003438993e-06 4.602732106750915e-07
-9.918144338730510e-07 -3.246744987502948e-07 -1.250574828402020e-06 -1.373391524986436e-07
-1.110104639321120e-06 -6.785052930253946e-07 -1.448454187913469e-06 -6.277618662506188e-07
-1.564131153828895e-06 1.581252260848123e-07 -1.988327051554951e-06 5.191633858971902e-07
-1.249318555690477e-06 -1.794866795248207e-07 -1.590280411338878e-06 1.109259871261379e-08
-1.379169447002637e-06 -2.545134644624539e-08 -1.742492353409647e-06 2.248613039947516e-07
-1.788831118514261e-06 7.978837522071160e-08 -2.465498128767454e-06 3.649743352717051e-07
-2.012835813841250e-06 -7.779314277764796e-08 -2.814440396875143e-06 1.364820032626776e-07
-1.218659131729594e-06 -4.881347158857342e-07 -1.600541130711119e-06 -3.796634972295535e-07
-1.176173832584486e-06 -7.269274193536049e-07 -1.547977228036609e-06 -6.776118183186773e-07
-1.581353214586902e-06 -2.083353538243572e-07 -2.053225315991885e-06 -8.121218376615583e-08
-2.041184842223582e-06 -3.224440248391396e-07 -2.717818171427330e-06 -1.783926403349353e-07
-2.151855758637574e-06 -6.017277481732652e-07 -2.762747523276185e-06 -4.953112662780260e-07
-1.381726625260228e-06 -6.493339309658846e-07 -1.815396300550865e-06 -5.726730527910591e-07
-1.205931554532720e-06 -8.470688828048829e-07 -1.586454074347575e-06 -8.026497799970558e-07
-1.227532569041485e-06 -1.210436256799097e-06 -1.618135599702528e-06 -1.197723674583845e-06
-1.845275804184346e-06 -6.149145136493088e-07 -2.363358163429376e-06 -5.326015565228108e-07
-1.294620710216956e-06 -1.617118590810070e-06 -1.715302428363644e-06 -1.646754264729988e-06
-2.326411235273922e-06 -9.011717764892013e-07 -2.942073577607513e-06 -8.367053433377309e-07
-1.534219252287881e-06 -1.205945854709300e-06 -1.998213408098551e-06 -1.181179981669049e-06
-2.045203506792250e-06 -1.236376738409659e-06 -2.592456182896474e-06 -1.212149517978774e-06
-1.441157472919161e-06 -2.028624008644711e-06 -1.908635693675437e-06 -2.101087319948809e-06
-2.586901257951132e-06 -1.237331311360141e-06 -3.239359742211886e-06 -1.228033382641518e-06
-2.433635177908641e-06 -1.615421161684522e-06 -3.046347852544280e-06 -1.652158218235394e-06
-2.007906978230488e-06 -1.872759018212669e-06 -2.549317586978857e-06 -1.920173759396619e-06
-1.650732795433905e-06 -2.471936747916170e-06 -2.161798939409573e-06 -2.573315370948905e-06
-1.956118804901286e-06 -2.921899176426921e-06 -2.521037611616396e-06 -3.036968044243342e-06
-2.954336426677933e-06 -1.575801931650294e-06 -3.601465529069071e-06 -1.628826759638767e-06
-2.726341376360694e-06 -2.094876169820317e-06 -3.356388264518895e-06 -2.177008601912184e-06
-2.447209732410784e-06 -2.753300609654410e-06 -3.055752386214954e-06 -2.863368568977528e-06
-2.325210160344433e-06 -3.370363635738454e-06 -2.937311813971447e-06 -3.462687109064670e-06
-3.416142651993827e-06 -1.903481639122300e-06 -4.046723786227347e-06 -2.020422899074452e-06
-3.289490247326859e-06 -2.760733662782257e-06 -3.936727207163914e-06 -2.865528304965408e-06
-2.783903875702186e-06 -3.780195683307852e-06 -3.436364743924018e-06 -3.841379840607239e-06
-3.335370231743366e-06 -4.160658239797916e-06 -3.982615369102651e-06 -4.164846468346906e-06
-3.952465083575609e-06 -4.504142340698411e-06 -4.559599707337508e-06 -4.407670259809460e-06
-3.989847289822227e-06 -2.957827705116185e-06 -4.564900690552406e-06 -3.071559576286686e-06
-3.978320453448950e-06 -2.199592422870790e-06 -4.528880595551401e-06 -2.353440103305206e-06
-3.844704585862249e-06 -3.760110667672732e-06 -4.477271955566629e-06 -3.787071700260217e-06
-4.647952397068598e-06 -4.766124421306669e-06 -5.174968005333158e-06 -4.577957402766237e-06
-5.407755173976847e-06 -4.959618364458764e-06 -5.776194700189838e-06 -4.700410632173479e-06
-4.583121261859442e-06 -3.130591126276137e-06 -5.105615177653228e-06 -3.248265323845888e-06
-4.644307009153687e-06 -2.413536692194371e-06 -5.129359726224403e-06 -2.616898743841805e-06
-6.204798708871377e-06 -5.060986745011188e-06 -6.360865460682656e-06 -4.763571345843144e-06
-5.288309443901903e-06 -3.835567032635337e-06 -5.704161269246375e-06 -3.824628943653661e-06
-5.389270220378121e-06 -2.525847793839629e-06 -5.751312183245253e-06 -2.786923122715057e-06
-6.375540660418360e-06 -3.966955362287815e-06 -6.513705947169447e-06 -3.925756019035189e-06
-7.141755646782582e-06 -5.126781929446998e-06 -7.044021837589457e-06 -4.773940232649033e-06
-6.186898049328177e-06 -2.539974548683212e-06 -6.371206805340010e-06 -2.842354491515587e-06
-8.486920189702845e-06 -5.192496179836256e-06 -7.980619128263389e-06 -4.802321367927307e-06
-7.397496239116404e-06 -3.327172002337100e-06 -7.260993849699701e-06 -3.466123652840234e-06
-7.138577143534364e-06 -2.474235668286318e-06 -7.061193703578198e-06 -2.846773607826394e-06
-1.046874139412063e-05 -5.292582610478443e-06 -9.306605313326803e-06 -4.838932157825169e-06
-9.459494154918213e-06 -3.683783404091369e-06 -8.653947833110670e-06 -3.725068104564311e-06
-8.489173392728160e-06 -2.388711314836034e-06 -8.002202273083475e-06 -2.853409762319420e-06
-1.327040474504251e-05 -5.397941966399637e-06 -1.119600331872473e-05 -4.952989097698824e-06
-1.183983669109248e-05 -3.794815238768065e-06 -1.018919949783356e-05 -3.840310900213325e-06
-1.047007091656128e-05 -2.291843295464585e-06 -9.287560637341279e-06 -2.851009747099859e-06
-1.635965271243502e-05 -5.482604365131151e-06 -1.331097565874646e-05 -4.999581483246817e-06
-1.478907239400904e-05 -3.793506491614780e-06 -1.219842251165360e-05 -3.892737223572759e-06
-1.327105470150012e-05 -2.189467467983117e-06 -1.113504724367385e-05 -2.782114275630446e-06
-1.958778544027940e-05 -5.547988899874221e-06 -1.532874599841283e-05 -4.954168497186352e-06
-1.795320157801066e-05 -3.792805849230654e-06 -1.430824378982029e-05 -3.921519859218948e-06
-1.635992434377638e-05 -2.103833455255787e-06 -1.323339317705488e-05 -2.779458596267828e-06
-2.292228855537813e-05 -5.596801236264142e-06 -1.716483566559977e-05 -4.868831357152516e-06
-2.123973730203196e-05 -3.792076366953398e-06 -1.623642882372366e-05 -3.956254164852880e-06
-1.958787506791512e-05 -2.036980431184202e-06 -1.525947035148899e-05 -2.894693609056012e-06
-2.633480988401575e-05 -5.632402380173439e-06 -1.874541306833513e-05 -4.820682689328150e-06
-2.461747990613860e-05 -3.791226242049782e-06 -1.791188634033052e-05 -3.959204297349358e-06
-2.292240609549201e-05 -1.986466094977513e-06 -1.711304894677124e-05 -3.065938316131271e-06
-2.980389676514553e-05 -5.657482040702789e-06 -2.027208668437474e-05 -4.860249600402536e-06
-2.806145305562531e-05 -3.790317840864818e-06 -1.940303518050484e-05 -3.982874468169116e-06
-2.633507879528004e-05 -1.949124987101878e-06 -1.864112771975406e-05 -3.171043321755237e-06
-3.331252736599614e-05 -5.673687264385947e-06 -2.183428784605585e-05 -4.846333438766173e-06
-3.155304728656427e-05 -3.789512369645076e-06 -2.096312779729440e-05 -3.999904927249036e-06
-2.980414461092804e-05 -1.922355925217097e-06 -2.013841039645697e-05 -3.190786269623202e-06
-3.684507882261811e-05 -5.682113679857274e-06 -2.351204171231863e-05 -4.940273261837441e-06
-3.507618822977173e-05 -3.788604024132788e-06 -2.256665199601774e-05 -4.027156158224906e-06
-3.331288272915179e-05 -1.904445099699123e-06 -2.169947115329530e-05 -3.163968903073945e-06
-4.038696944992606e-05 -5.684260710845983e-06 -2.543193024239158e-05 -5.047676397760432e-06
-3.861549057096851e-05 -3.787884084593430e-06 -2.440264477028395e-05 -3.997399438624287e-06
-3.684528894345510e-05 -1.894298689820836e-06 -2.344813235015986e-05 -3.011127917888719e-06
-4.797035896670826e-05 -5.474598951060366e-06 -2.970209614858888e-05 -4.955183818394307e-06
-4.746772430675060e-05 -5.682811810435989e-06 -2.941685959066957e-05 -5.073278219501991e-06
-4.197386791333928e-05 -3.787524249011702e-06 -2.626203376321046e-05 -4.029635949126189e-06
-4.392881756892522e-05 -5.683269853611251e-06 -2.740569078108050e-05 -5.069528179761749e-06
-4.038702748409321e-05 -1.891095590934236e-06 -2.532719757661222e-05 -2.953423357574968e-06
-4.817855408342306e-05 -4.971940552841784e-06 -2.981909655414859e-05 -4.669611761818222e-06
-4.698927779320259e-05 -3.787206451339402e-06 -2.912367659487567e-05 -3.989855420474111e-06
-4.392887911174820e-05 -1.891438006165805e-06 -2.737037349277573e-05 -2.917459059191478e-06
-4.817854666030304e-05 -2.602469754890611e-06 -2.977600387245885e-05 -3.334057558134998e-06
-4.746773594004198e-05 -1.891629015672660e-06 -2.936782827786829e-05 -2.932098820206852e-06
-4.797035632377957e-05 -2.099831391703159e-06 -2.965517626194352e-05 -3.049716680932061e-06
