6.652685882789783e-05 -8.685062240905669e-06 -1.565664058532140e-05 3.238911289250579e-06
6.679348540859389e-05 -8.041312725049440e-06 -1.572601977577956e-05 3.087841942932426e-06
6.679329071051627e-05 -5.006472957070324e-06 -1.585639103596071e-05 2.466745012547586e-06
6.652663664352480e-05 -4.362680048978064e-06 -1.580453792761323e-05 2.332013241429723e-06
6.588314161164825e-05 -8.951715018894856e-06 -1.549883624431676e-05 3.302097701078367e-06
6.467560517131593e-05 -6.523817915498994e-06 -1.534475627495030e-05 2.809533703376166e-06
6.588287453899792e-05 -4.096002411768913e-06 -1.567277213094630e-05 2.276570415908495e-06
6.135056705426712e-05 -8.951678172600115e-06 -1.450416162599588e-05 3.380419932149131e-06
6.135003717226139e-05 -4.095324781701140e-06 -1.473569648187289e-05 2.274722978547427e-06
5.884729716165898e-05 -6.523250787313584e-06 -1.401424623933684e-05 2.813137015672588e-06
5.681609623951865e-05 -8.951466767460774e-06 -1.360712479144958e-05 3.297223088262389e-06
5.681529347054955e-05 -4.094443939997377e-06 -1.378090815900573e-05 2.298997782186107e-06
5.454809855425730e-05 -6.522577709930966e-06 -1.305409470280806e-05 2.875065770240591e-06
5.228144558937807e-05 -8.948430748132243e-06 -1.272223254916473e-05 3.356168746355140e-06
5.228057823381807e-05 -4.095857052763206e-06 -1.266113655643134e-05 2.375838941204750e-06
5.001524242362793e-05 -6.521638737324824e-06 -1.209437452270958e-05 2.870481990949236e-06
4.775404020570021e-05 -8.939554597852111e-06 -1.181557338976692e-05 3.405725206525391e-06
4.775315726635101e-05 -4.102540893664093e-06 -1.178227400379958e-05 2.420427520739362e-06
4.549551426342462e-05 -6.520418883553567e-06 -1.121198523321835e-05 2.896853918639334e-06
4.324742020087955e-05 -8.922233900541175e-06 -1.092594824346678e-05 3.335075426994365e-06
4.324634640758958e-05 -4.117114095829414e-06 -1.096848543400281e-05 2.492097019731237e-06
4.100475492477312e-05 -6.518982046737913e-06 -1.041466711945407e-05 2.937693198904895e-06
3.877856639877264e-05 -8.895170536540639e-06 -1.008874909949348e-05 3.259499990444675e-06
3.877701826802952e-05 -4.140797382634820e-06 -1.017527349441980e-05 2.563855319736083e-06
3.656046144693287e-05 -6.517004671427338e-06 -9.774055974958164e-06 2.969430921914120e-06
3.436598616997402e-05 -8.856887509673525e-06 -9.368173698855765e-06 3.248900499243298e-06
3.436424896310083e-05 -4.175029460283473e-06 -9.376461070527079e-06 2.528782851702665e-06
3.218308756195257e-05 -6.514722541182568e-06 -9.216242653873631e-06 3.005367413801780e-06
3.003189661334749e-05 -8.805693105501134e-06 -8.808817831905299e-06 3.287005743785968e-06
3.003046795364519e-05 -4.221596120018226e-06 -8.607791331848662e-06 2.512466707094749e-06
2.789653021394041e-05 -6.512304871763344e-06 -8.528119884796731e-06 2.981217319760403e-06
2.580119003992951e-05 -8.741180325027049e-06 -8.152201129434680e-06 3.354435989438613e-06
2.579990260843729e-05 -4.281051486663906e-06 -7.793611197203501e-06 2.547281129832468e-06
2.372555100580711e-05 -6.509684423627045e-06 -7.713254767583110e-06 2.937596554191127e-06
2.169765555627014e-05 -8.663434229898273e-06 -7.376823780303226e-06 3.493362261154260e-06
2.169614149707848e-05 -4.353853727593337e-06 -7.047262744954191e-06 2.479693122392152e-06
1.977275106275988e-05 -6.506467739407169e-06 -6.813111487285651e-06 2.931069052209296e-06
1.790092536518894e-05 -8.573963430801304e-06 -6.451383346364631e-06 3.567899098666732e-06
1.789914490388575e-05 -4.441418531553116e-06 -6.244683709830013e-06 2.506895066321937e-06
1.651069984062721e-05 -6.661032057313240e-06 -6.032669586154763e-06 2.955490552662065e-06
1.514394109647338e-05 -8.490186852838603e-06 -5.702938671457890e-06 3.526209267932448e-06
1.514063435744022e-05 -4.523942533045874e-06 -5.648646794614991e-06 2.499685158418201e-06
1.321617309190283e-05 -8.416297222649494e-06 -5.170104195614015e-06 3.542362512467325e-06
1.356967602961560e-05 -7.163947741809453e-06 -5.281968324877204e-06 3.119831136269312e-06
1.321152819089106e-05 -4.577057946036396e-06 -5.107212527612275e-06 2.468734570200293e-06
1.185421418863068e-05 -4.634583980614018e-06 -4.737365352840058e-06 2.477270379946643e-06
-1.629506734120226e-06 -1.381377602522567e-07 9.342851398347423e-07 4.283688852934640e-07
-1.661606205244378e-06 -6.098143267767797e-08 9.482786982509757e-07 3.925724413376349e-07
-1.661447618243100e-06 2.265090557315825e-07 9.391734648003206e-07 2.515181347767162e-07
-1.629510086241019e-06 3.026441647574065e-07 9.230438392299585e-07 2.163608044179649e-07
1.184960277462048e-05 -8.363942233341125e-06 -4.736048532439890e-06 3.575289400201078e-06
1.065542225204261e-05 -8.248199579699690e-06 -4.339306634648318e-06 3.554954116675563e-06
1.156023151535568e-05 -6.036160572922523e-06 -4.669264840620807e-06 2.850526837712804e-06
1.063705889056336e-05 -4.590996723763945e-06 -4.371368568535756e-06 2.440095134474907e-06
-1.552675375426598e-06 -1.700247157163540e-07 9.001335706697433e-07 4.429213323953106e-07
-1.475220628174588e-06 1.452780850443436e-07 8.562712610398942e-07 2.842766931855621e-07
-1.553306547159698e-06 3.344458954741969e-07 8.885704115778587e-07 2.005155817627496e-07
1.026270580640447e-05 -7.108455204211355e-06 -4.223536939269184e-06 3.190117921109929e-06
9.504632001034825e-06 -7.988851572734378e-06 -3.964910728248835e-06 3.473291010839514e-06
8.424108247066559e-06 -7.622285461976577e-06 -3.626444692390072e-06 3.371840414450663e-06
9.903878254079628e-06 -5.583518532426636e-06 -4.140112471886503e-06 2.714692577072261e-06
9.506732523790518e-06 -4.363322303227487e-06 -3.999208656979327e-06 2.338594487506592e-06
-1.031827006592238e-06 -1.782285347031738e-07 6.562359203624444e-07 4.240706454864992e-07
-1.031432403796792e-06 3.435293227375273e-07 6.589240202162934e-07 1.951117816889142e-07
-7.619948937959600e-07 8.262461893429328e-08 5.500567900544593e-07 3.369231676224662e-07
7.430385069456520e-06 -7.131422299278374e-06 -3.272302500181618e-06 3.242154067815713e-06
8.268434157133279e-06 -6.483945284233814e-06 -3.588814025024182e-06 3.001162103416822e-06
8.635619063948016e-06 -5.093688562950674e-06 -3.700359581079803e-06 2.552403020872633e-06
8.480293410365186e-06 -3.971298297951357e-06 -3.601727301445938e-06 2.189357537217866e-06
-4.696075655677606e-07 -2.268095573085916e-07 4.453853000961811e-07 4.839170852743118e-07
-4.698591780839605e-07 3.915013586700181e-07 4.622707865284128e-07 2.493402955237144e-07
-1.370766032759680e-07 8.197251888781072e-08 3.049126743762355e-07 3.933345164432822e-07
6.517883296602641e-06 -6.556326085967258e-06 -2.922401199969431e-06 3.048078921963898e-06
5.715803162821358e-06 -5.907461747364838e-06 -2.705686030186841e-06 2.873539421958929e-06
7.368239328892091e-06 -4.884946680068555e-06 -3.225759353036900e-06 2.477758362539550e-06
7.582090648260998e-06 -3.427308963896120e-06 -3.256198136507975e-06 2.022548523974569e-06
2.454309716326615e-07 -3.336543022012418e-07 9.899607687327180e-08 6.384911791566493e-07
2.451854676194045e-07 4.966433397516387e-07 1.031918764684864e-07 1.799515401841182e-07
5.920548481577746e-06 -4.943387507653907e-06 -2.774032265928263e-06 2.572306952316685e-06
5.025654990809827e-06 -5.181274373835701e-06 -2.487618455494673e-06 2.667502669751091e-06
6.253877268779525e-06 -3.894974881471479e-06 -2.853448281026998e-06 2.187836382130839e-06
6.829905758889646e-06 -2.781629376084442e-06 -2.994552312365228e-06 1.809792255632186e-06
6.672786803370030e-07 8.081713063747522e-08 -1.005176958784457e-07 4.360238516631716e-07
1.170814608965709e-06 -4.893531579405733e-07 -3.564385579189219e-07 7.650592694204865e-07
1.169375180465561e-06 6.508536656941642e-07 -3.186736649024872e-07 1.975394747610922e-07
4.428786729823194e-06 -4.409185478054075e-06 -2.278079347765283e-06 2.405665113088014e-06
3.960910599433956e-06 -3.626386007362515e-06 -2.062146106746051e-06 2.163770461787967e-06
3.610706873233387e-06 -2.811020415199784e-06 -1.836225706221896e-06 1.889313218996043e-06
5.580353727955420e-06 -2.979587194275597e-06 -2.603441826025627e-06 1.886271405219758e-06
6.233850269231200e-06 -2.071986384285617e-06 -2.811553821605001e-06 1.576144321452161e-06
1.575217549317769e-06 7.750897367776807e-08 -5.448906743548847e-07 5.161778321648007e-07
2.073948440796818e-06 -6.435173910377575e-07 -8.470938796115172e-07 9.339623070390594e-07
2.073944674966981e-06 8.098270952127563e-07 -8.452576555196631e-07 1.180044684224702e-07
4.399033285540211e-06 -2.803259165021219e-06 -2.211277963564691e-06 1.886419882119735e-06
3.354476152760980e-06 -1.995128459352881e-06 -1.657928896202416e-06 1.588598137815665e-06
2.885329820477985e-06 -7.745154480335804e-07 -1.350107016876263e-06 1.028445637199923e-06
3.113893954478130e-06 -9.074679166016303e-07 -1.479926965654706e-06 1.100975035734792e-06
3.225851721055554e-06 -1.183201388939856e-06 -1.552304108812670e-06 1.237249462404295e-06
5.117416787970576e-06 -1.970014367702393e-06 -2.498712238204550e-06 1.583547949436289e-06
5.786782088735172e-06 -1.334588469435138e-06 -2.776483724293106e-06 1.334088634290970e-06
2.521294072369808e-06 -3.063358016324310e-08 -1.119821359420046e-06 6.005570676822538e-07
2.913929709704703e-06 9.271750816887986e-07 -1.289815265893568e-06 1.040382586201103e-07
3.903439071889910e-06 -1.424348672456872e-06 -1.923380998605374e-06 1.360222215170622e-06
3.142501456745317e-06 -3.879120698349121e-07 -1.476741455700889e-06 8.287501295659707e-07
3.415346425543318e-06 -8.145715388540266e-07 -1.644928003201109e-06 1.057524900482451e-06
4.797960434104519e-06 -1.108238643538303e-06 -2.389997479802968e-06 1.243467633159317e-06
5.498235343000092e-06 -6.062759406425662e-07 -2.777237345343472e-06 1.012303535935811e-06
3.180797104807101e-06 4.405847101321893e-07 -1.440330424210162e-06 3.789387385264235e-07
3.163363432510237e-06 1.050832499863624e-06 -1.393700456824421e-06 3.277988883856172e-08
4.077965929469620e-06 -1.956847030447876e-07 -1.990242965404258e-06 7.775918464998981e-07
5.385962694484578e-06 1.034219770340562e-07 -2.780074037553321e-06 5.947834187039547e-07
5.408859069538233e-06 7.802282207290255e-07 -2.885849354770728e-06 1.810822464555906e-07
3.682605203617716e-06 8.932541363430285e-07 -1.687068204612353e-06 1.320280311322770e-07
3.313126104077113e-06 1.307394860278161e-06 -1.447230132555013e-06 -1.470737212761395e-07
3.503545149856909e-06 1.998896453266357e-06 -1.492319258729216e-06 -6.848910510327573e-07
4.742704227984800e-06 8.780341462882278e-07 -2.411918830008509e-06 1.504470482604337e-07
3.772172436110628e-06 2.645262917142213e-06 -1.600261326606408e-06 -1.291167979382915e-06
5.574328934190264e-06 1.455177420281791e-06 -3.100632574192861e-06 -2.625070338034289e-07
4.136269916438183e-06 2.030351948511641e-06 -1.924998851300628e-06 -6.955674669566319e-07
5.043605347108938e-06 2.080634717092879e-06 -2.678910696262176e-06 -7.514016822238746e-07
4.103883754389891e-06 3.251849200707658e-06 -1.837790294660511e-06 -1.909396912858406e-06
5.855544234605347e-06 2.080779275911564e-06 -3.437289117516058e-06 -7.416122105106231e-07
5.589766104863366e-06 2.679176788773869e-06 -3.225846911513117e-06 -1.322791189928257e-06
4.991769458221011e-06 3.046594286316969e-06 -2.647518960010996e-06 -1.704561258376967e-06
4.499367213882643e-06 3.810516857256592e-06 -2.145381017248416e-06 -2.539322168152063e-06
4.949867610596688e-06 4.317233462330012e-06 -2.592675368816384e-06 -3.164783780375312e-06
6.238582557425326e-06 2.645778733469869e-06 -3.966949417524684e-06 -1.270726143811058e-06
5.942908032206187e-06 3.329337943281817e-06 -3.656313197111694e-06 -2.018083526352184e-06
5.599046072782023e-06 4.111615819870545e-06 -3.293832167058400e-06 -2.930941423956336e-06
5.453753760876195e-06 4.767493161497301e-06 -3.128738462546534e-06 -3.735959851911550e-06
6.710840520741731e-06 3.129292130863895e-06 -4.592897377139176e-06 -1.734898164143080e-06
6.560466795631834e-06 4.101501727875888e-06 -4.422752637368064e-06 -2.938348740786759e-06
6.001360234568460e-06 5.157360110909258e-06 -3.777943704829086e-06 -4.243083699983764e-06
6.586257778324540e-06 5.481145372391133e-06 -4.508434053848910e-06 -4.708324442612936e-06
7.203046824832294e-06 5.735614467128755e-06 -5.295528461393240e-06 -5.114008198020718e-06
7.258668291137216e-06 4.304789497489663e-06 -5.378484652073686e-06 -3.179374078591697e-06
7.256893117191788e-06 3.518234880617337e-06 -5.379803047804987e-06 -2.158916199474580e-06
7.120837797883796e-06 5.076089120595279e-06 -5.167864350876217e-06 -4.209287414066075e-06
7.842292249889808e-06 5.919134987391177e-06 -6.147113349954799e-06 -5.421682825248528e-06
8.496868652692539e-06 6.028535189069863e-06 -7.086744779579441e-06 -5.619382449234966e-06
7.808529472698746e-06 4.478626725039116e-06 -6.130314895402041e-06 -3.383319113842425e-06
7.859137790506190e-06 3.804142958411683e-06 -6.231888441382332e-06 -2.461445657765447e-06
9.159072265766455e-06 6.063047444107074e-06 -8.034891086892430e-06 -5.712784899893445e-06
8.425918891335797e-06 5.097418086429273e-06 -6.973626721854906e-06 -4.256743116238388e-06
8.500052776341072e-06 3.979455112332594e-06 -7.129086712599191e-06 -2.631284923287534e-06
9.306278088215077e-06 5.194210106043189e-06 -8.240321052556055e-06 -4.404169475128501e-06
9.885093404373504e-06 6.059000913545427e-06 -9.176917048287837e-06 -5.785957539919256e-06
9.160349459100580e-06 4.039106305401018e-06 -8.063080215503413e-06 -2.679659004977494e-06
1.088109299932396e-05 6.053989441359148e-06 -1.080609810672922e-05 -5.824075960184449e-06
1.009722895738744e-05 4.701128368503620e-06 -9.483166277175831e-06 -3.630699398999254e-06
9.885864837010919e-06 4.041724691846745e-06 -9.172530972196728e-06 -2.635637750465627e-06
1.223972136449539e-05 6.044094532535206e-06 -1.316003242405955e-05 -5.933930890803130e-06
1.157037719959012e-05 4.971020437392523e-06 -1.189432409934460e-05 -4.050573679791176e-06
1.088146999591372e-05 4.046202329834291e-06 -1.075509967228401e-05 -2.569481105989278e-06
1.401182057713616e-05 6.028936233915224e-06 -1.632721418475254e-05 -5.944851249483900e-06
1.313015477109644e-05 5.047958938734575e-06 -1.466201875255658e-05 -4.184512871126925e-06
1.224020153418406e-05 4.053750231277065e-06 -1.300280038045616e-05 -2.460432495443168e-06
1.583078028748055e-05 6.011564499842532e-06 -1.955095566879605e-05 -5.813464189016568e-06
1.492659131320459e-05 5.046599779989647e-06 -1.789302123322073e-05 -4.188165245021682e-06
1.401234665568132e-05 4.065752631867149e-06 -1.618354965405240e-05 -2.432803394148434e-06
1.761782282605873e-05 5.992411354421971e-06 -2.258526385816710e-05 -5.737134259772622e-06
1.673008858804439e-05 5.045388637544670e-06 -2.106440478836684e-05 -4.191884958610566e-06
1.583112180943696e-05 4.080459990848566e-06 -1.946320974122557e-05 -2.488189425688046e-06
1.936956052130529e-05 5.971725050026380e-06 -2.543554363031609e-05 -5.710788620530649e-06
1.849996874169704e-05 5.044393354995427e-06 -2.404801035590683e-05 -4.185633557442807e-06
1.761797590711492e-05 4.097328076669665e-06 -2.263729898189772e-05 -2.537362469514005e-06
2.108273843257646e-05 5.949755985276530e-06 -2.818679156692248e-05 -5.639498585695995e-06
2.023302926830654e-05 5.043523516084575e-06 -2.689977250462927e-05 -4.156498606220399e-06
1.936973405954956e-05 4.116077392626753e-06 -2.557213206562719e-05 -2.573223984582402e-06
2.275482021163451e-05 5.927453993524605e-06 -3.098974469613473e-05 -5.731955923461219e-06
2.192590641442547e-05 5.042707153638420e-06 -2.961915322261462e-05 -4.141433436252087e-06
2.108301688900104e-05 4.136452874222655e-06 -2.836925454671633e-05 -2.725577257815204e-06
2.438698245741867e-05 5.907168230463024e-06 -3.394555089883186e-05 -5.926008197603732e-06
2.357735708729944e-05 5.041875547064476e-06 -3.240950253126629e-05 -4.183818137516367e-06
2.275513040176475e-05 4.157174454452418e-06 -3.105639785983723e-05 -2.699726967887666e-06
2.598532342116895e-05 5.891465358190646e-06 -3.712228122112034e-05 -6.001972133133934e-06
2.519104715502656e-05 5.041289110430247e-06 -3.544758042398719e-05 -4.253933381204378e-06
2.438706003925537e-05 4.176028688877622e-06 -3.390259985685089e-05 -2.606199969757049e-06
2.755993823493592e-05 5.881584591415224e-06 -4.049979427299364e-05 -6.134693859910012e-06
2.677557527773713e-05 5.041041917279408e-06 -3.875624006262467e-05 -4.308577141010454e-06
2.598519851729868e-05 4.190796739276017e-06 -3.702077138904314e-05 -2.553223983107613e-06
3.090294257736333e-05 5.784630515578485e-06 -4.816789245275524e-05 -6.030475555148294e-06
3.068140162615195e-05 5.876415349508281e-06 -4.765715218501511e-05 -6.242721077055656e-06
2.826095421792578e-05 5.040860486146623e-06 -4.212587855972179e-05 -4.307916538182298e-06
2.912233828816265e-05 5.877184613826747e-06 -4.404968115789991e-05 -6.298642332049614e-06
2.755995925117696e-05 4.200232615484545e-06 -4.057777676596497e-05 -2.412994358375910e-06
3.099470501056408e-05 5.563058254325974e-06 -4.838246423892346e-05 -5.521607352100110e-06
3.047069078978673e-05 5.040889236628851e-06 -4.722545480064293e-05 -4.348037903796383e-06
2.912232133434055e-05 4.204488254845677e-06 -4.411594500876798e-05 -2.400987879339562e-06
3.099470693064025e-05 4.518734627635087e-06 -4.848365436290627e-05 -3.118360346872988e-06
3.068139386020045e-05 4.205362119327891e-06 -4.776320765766913e-05 -2.384406660259286e-06
3.090294195958181e-05 4.297152283772676e-06 -4.827491479100536e-05 -2.599711478015918e-06
