-1.229057089624050e-04 1.718966824942982e-05 -2.964587513273436e-05 4.523693757631582e-06
-1.233930969486137e-04 1.601320080343350e-05 -2.981207301039287e-05 4.124712481950858e-06
-1.233931651651278e-04 1.046690824297788e-05 -2.978858677884561e-05 2.238675527058990e-06
-1.229057862293749e-04 9.290448852885321e-06 -2.961672350922481e-05 1.827489769264322e-06
-1.217290998781126e-04 1.767694768123579e-05 -2.924512794519073e-05 4.687699641738923e-06
-1.195219478171166e-04 1.324006467983014e-05 -2.850323304039443e-05 3.173880460779091e-06
-1.217291897573064e-04 8.803173510421715e-06 -2.920451044523914e-05 1.657912202401910e-06
-1.134441943622033e-04 1.767497225065593e-05 -2.654871284910157e-05 4.634828706025086e-06
-1.134443760941260e-04 8.805361140589646e-06 -2.645527284743127e-05 1.702641094071563e-06
-1.088726342212150e-04 1.324029463918017e-05 -2.491647767232592e-05 3.194190091004689e-06
-1.051674804782892e-04 1.766672866782076e-05 -2.371627052694115e-05 4.679436676000972e-06
-1.051677378715548e-04 8.814213452482578e-06 -2.364017268938957e-05 1.681108839516929e-06
-1.010355339049344e-04 1.324063587977360e-05 -2.226643710832712e-05 3.142616413027135e-06
-9.691317364230103e-05 1.765077513295521e-05 -2.097119189892908e-05 4.588126045105491e-06
-9.691352001806942e-05 8.831317417315252e-06 -2.110408200644457e-05 1.770853369390861e-06
-9.279747526252633e-05 1.324136232580784e-05 -1.963718027911183e-05 3.128680585913503e-06
-8.869704684190402e-05 1.762559710457045e-05 -1.842249962183416e-05 4.369482335417264e-06
-8.869758912892077e-05 8.858321968864453e-06 -1.867983172702204e-05 1.971227847605995e-06
-8.460699822729510e-05 1.324237703107826e-05 -1.729728361133124e-05 3.113445849053088e-06
-8.053911124041627e-05 1.758919419899465e-05 -1.612241762662395e-05 4.262846888913087e-06
-8.053963225629908e-05 8.896468466727618e-06 -1.652830929037082e-05 2.041566684337978e-06
-7.648534877665042e-05 1.324318870753253e-05 -1.526554325839506e-05 3.127196552015334e-06
-7.246187710439330e-05 1.753992533431181e-05 -1.421072801762006e-05 4.079955030964704e-06
-7.246234864877615e-05 8.946831034937167e-06 -1.459486134279105e-05 2.136331721091221e-06
-6.845614245821772e-05 1.324351859319408e-05 -1.349466309199339e-05 3.118897153657267e-06
-6.448946490919106e-05 1.747643321080919e-05 -1.263004199965851e-05 3.830560888141637e-06
-6.448989336907761e-05 9.010332344281725e-06 -1.298751087705936e-05 2.316914325393773e-06
-6.054453297653309e-05 1.324325651725540e-05 -1.194090821783539e-05 3.076261602577934e-06
-5.664832870503336e-05 1.739748963294393e-05 -1.132549529458216e-05 3.768040984614531e-06
-5.664863104731922e-05 9.088363261133208e-06 -1.166662314554039e-05 2.386087703889842e-06
-5.277836688342773e-05 1.324263223854908e-05 -1.062156783428984e-05 3.086265009152984e-06
-4.896784226318400e-05 1.730121870547274e-05 -1.020815281274963e-05 3.731202812841951e-06
-4.896828411818034e-05 9.183322942663908e-06 -1.052847196405541e-05 2.436570361720521e-06
-4.518916217067638e-05 1.324169087389157e-05 -9.488002148686063e-06 3.121882444583654e-06
-4.148150507694253e-05 1.718434274026064e-05 -9.057509144734050e-06 3.750869308709498e-06
-4.148166395635706e-05 9.298543628150953e-06 -9.267640032804685e-06 2.449999353557974e-06
-3.795841819051891e-05 1.323973625650991e-05 -8.387187749436486e-06 3.144309876140866e-06
-3.451593070126602e-05 1.704714379728421e-05 -7.845732901869912e-06 3.855017749013922e-06
-3.451518967822251e-05 9.438830928585944e-06 -7.941907311195685e-06 2.397750016947230e-06
-3.195713730276279e-05 1.352868572101586e-05 -7.317454970588682e-06 3.211050858357782e-06
-2.942660852903966e-05 1.691634333535618e-05 -6.748588449231830e-06 4.019710954304057e-06
-2.942285864902541e-05 9.572421776423253e-06 -6.806429554120759e-06 2.234515751653999e-06
-2.584862453351259e-05 1.679951490075921e-05 -5.902127274546996e-06 4.074556707854540e-06
-2.651095194381129e-05 1.446728614979509e-05 -6.084002012228973e-06 3.472456229957266e-06
-2.584203184172953e-05 9.659639871642532e-06 -5.934752117449290e-06 2.203296046391566e-06
-2.331166773111853e-05 9.754497782177559e-06 -5.212678885395858e-06 2.201384786197648e-06
3.387719384712453e-06 8.670952112142586e-07 5.356840413428218e-07 6.248188103084789e-08
3.454726494659815e-06 7.057932060812236e-07 5.474353887711913e-07 3.528840074975393e-08
3.454291814591102e-06 1.056364521761808e-07 5.618702368143909e-07 -6.007957228777825e-08
3.387655375574623e-06 -5.312805399739972e-08 5.520232606217418e-07 -9.135637737351409e-08
-2.330342403710368e-05 1.671606153841833e-05 -5.194001075862651e-06 4.051367774749309e-06
-2.106776904840184e-05 1.651217046386850e-05 -4.601161431696396e-06 3.994785702177254e-06
-2.276801294958855e-05 1.237038523372944e-05 -5.060820355549905e-06 2.924250158064381e-06
-2.103923409381853e-05 9.659854941081180e-06 -4.571727064418940e-06 2.158681475941885e-06
3.227165403482867e-06 9.338969458247513e-07 5.091145690595885e-07 7.449535390066083e-08
3.065661338350627e-06 2.757824348350047e-07 4.958317778354708e-07 -2.884375934050708e-08
3.228721591843963e-06 -1.192458619010190e-07 5.236335044158178e-07 -1.070034186225204e-07
-2.033633213713383e-05 1.438226474560814e-05 -4.401872168966173e-06 3.442644824419134e-06
-1.890685641581345e-05 1.604115167271310e-05 -3.987018378287691e-06 3.899454298202038e-06
-1.686808510109762e-05 1.536336446300898e-05 -3.362725241506352e-06 3.751274739129997e-06
-1.966483426720888e-05 1.152002776098247e-05 -4.192798510707307e-06 2.671698020857850e-06
-1.891702870360479e-05 9.215961558439738e-06 -3.952464771904602e-06 2.001698856722829e-06
2.139798473529287e-06 9.526020519317542e-07 3.298778858971139e-07 1.207198632558246e-07
2.139371905717923e-06 -1.371079702677477e-07 3.125235423910606e-07 -1.289038962310971e-07
1.576102813797961e-06 4.082621024738678e-07 1.993508969528021e-07 -6.786371644051853e-09
-1.498213862433700e-05 1.445196589956137e-05 -2.811523269970012e-06 3.518491660648146e-06
-1.657821443725485e-05 1.322196438111706e-05 -3.278640123902670e-06 3.161802071610771e-06
-1.727333560679777e-05 1.059343418490952e-05 -3.467639075025448e-06 2.386767073408419e-06
-1.698198655200317e-05 8.457214425600198e-06 -3.371567479958698e-06 1.771577376776101e-06
9.651258389030998e-07 1.054447228773991e-06 8.033800306382311e-08 1.292253500543932e-07
9.656341691058324e-07 -2.364559147527173e-07 9.927365661005110e-08 -1.344756575537448e-07
2.706708516068273e-07 4.096839447075472e-07 -5.809867570235813e-08 2.621274590923469e-08
-1.324324700892350e-05 1.337418527249835e-05 -2.295851374202067e-06 3.188271225260308e-06
-1.170244912615632e-05 1.214903237419769e-05 -1.861057689533901e-06 2.803923194527630e-06
-1.486916231473981e-05 1.019681403343754e-05 -2.767770217795705e-06 2.246000992276653e-06
-1.528195203732355e-05 7.407306095886889e-06 -2.905129154345126e-06 1.500543433369088e-06
-5.269475620309572e-07 1.274499062609993e-06 -2.066767596798315e-07 1.996786719235307e-07
-5.266077215946687e-07 -4.537454612833184e-07 -1.962152917700240e-07 -1.016328162519778e-07
-1.209534839141924e-05 1.031361463678054e-05 -1.975997408345705e-06 2.260091961720757e-06
-1.036398289058046e-05 1.077252913865292e-05 -1.517431651984710e-06 2.383042652712387e-06
-1.273916327533256e-05 8.302158317546006e-06 -2.166824913225582e-06 1.740944112739697e-06
-1.385272168751737e-05 6.152741398043333e-06 -2.493623772378579e-06 1.202728807853370e-06
-1.405325796476521e-06 4.112902278462685e-07 -3.402365345493370e-07 7.603091556441100e-08
-2.450862944847274e-06 1.592587107105176e-06 -5.167086147403169e-07 2.924016236127013e-07
-2.448680976012816e-06 -7.714183463561115e-07 -5.131362252562358e-07 -8.451699571584234e-08
-9.200721789772018e-06 9.298954618185857e-06 -1.235677594691898e-06 1.964288276073817e-06
-8.272481263755462e-06 7.787356094019545e-06 -1.059340584607737e-06 1.561486169857091e-06
-7.560964519107307e-06 6.204050730903876e-06 -9.732867365436122e-07 1.170765353973276e-06
-1.143695040867216e-05 6.535096020324842e-06 -1.818357881439852e-06 1.292198801141436e-06
-1.271714992578141e-05 4.760430110284814e-06 -2.135086398696084e-06 8.809457454321260e-07
-3.290604782459012e-06 4.160522706904721e-07 -6.316969697353206e-07 1.219883222094754e-07
-4.322285774506329e-06 1.905495216428432e-06 -7.212355047121750e-07 3.028081512022683e-07
-4.322996086397947e-06 -1.097426905465964e-06 -7.070475849757445e-07 -4.224060891173962e-08
-9.124053188174083e-06 6.193031516675968e-06 -1.263857540058066e-06 1.163705783343993e-06
-7.031960620679147e-06 4.603800003251198e-06 -9.264496706518273e-07 8.316736382574679e-07
-6.010034086577101e-06 2.170216268384660e-06 -8.808110310234052e-07 3.578930010889692e-07
-6.492502929736019e-06 2.438731845422410e-06 -9.314024718972406e-07 4.077886702354461e-07
-6.738311651832834e-06 2.992661910154602e-06 -9.431784248809021e-07 5.086546817722602e-07
-1.053822227505265e-05 4.560257375940192e-06 -1.552838596598692e-06 8.045310062606329e-07
-1.186989107832488e-05 3.296831908112785e-06 -1.802753258113147e-06 5.445305488188237e-07
-5.248832856730152e-06 6.362832178938462e-07 -7.998680429113442e-07 1.728903097737395e-07
-6.045028570323491e-06 -1.335474890307027e-06 -9.047955450282842e-07 -3.311779390140298e-09
-8.117923097637668e-06 3.479313779862201e-06 -1.146554514286581e-06 5.853067427274973e-07
-6.540173308853862e-06 1.375410475927338e-06 -9.501602769326908e-07 2.605535547814600e-07
-7.113899713058297e-06 2.248908696207164e-06 -1.015361314500867e-06 3.838176838312895e-07
-9.909228127142437e-06 2.846472414289467e-06 -1.415153360207981e-06 4.642570262405643e-07
-1.133215981306568e-05 1.829118559440122e-06 -1.568122684730656e-06 3.338278449085026e-07
-6.598888177004345e-06 -3.292184906436246e-07 -9.781293841265142e-07 9.913176031452143e-08
-6.546619248624266e-06 -1.590566623822650e-06 -1.018804296468742e-06 -9.257518383428930e-09
-8.456870769195232e-06 9.978540931811880e-07 -1.198212965950690e-06 2.021184281181775e-07
-1.113353003301343e-05 3.808457991225157e-07 -1.462960588814955e-06 1.632611635130841e-07
-1.122722552334787e-05 -1.023174378241075e-06 -1.399316305138203e-06 7.215267850972072e-08
-7.620561294638364e-06 -1.257393024184607e-06 -1.123574857951632e-06 1.710619625677337e-08
-6.843167602716422e-06 -2.129134462772489e-06 -1.094470357958450e-06 -2.595772042614602e-08
-7.213491245492240e-06 -3.599119635961812e-06 -1.175134606003121e-06 -4.488581856833025e-08
-9.831180667420512e-06 -1.213562552727959e-06 -1.308929920965315e-06 3.786637226077667e-08
-7.752434878541821e-06 -5.002670467404594e-06 -1.219487222984347e-06 -6.193555835477934e-08
-1.161854162303013e-05 -2.434127864096347e-06 -1.368543767306949e-06 -1.667448681437623e-08
-8.547063365134850e-06 -3.656890304266410e-06 -1.208861826304736e-06 -6.867876641050671e-08
-1.049032292311396e-05 -3.766910713660563e-06 -1.321459558669905e-06 -6.705791356063575e-08
-8.446973204959630e-06 -6.333287403627821e-06 -1.234280453966612e-06 -6.704129221480020e-08
-1.226601699651117e-05 -3.768992138253329e-06 -1.336010440161234e-06 -5.210643163706251e-08
-1.169584644935834e-05 -5.069711311510564e-06 -1.338624667997577e-06 -6.884060916973264e-08
-1.037792470859912e-05 -5.877244941656022e-06 -1.314408156532146e-06 -7.489543122505019e-08
-9.290080888022516e-06 -7.584851243642748e-06 -1.240619541723684e-06 -5.850915603696907e-08
-1.027923699533794e-05 -8.739470761293799e-06 -1.257812476973746e-06 -6.445261423045840e-08
-1.315093002958839e-05 -4.991416319251281e-06 -1.339070385316027e-06 -7.786673894948764e-08
-1.249324235029412e-05 -6.512834331447668e-06 -1.354762004384221e-06 -6.236715907364582e-08
-1.172319458840579e-05 -8.278003603619708e-06 -1.320760797664500e-06 -4.320059500452491e-08
-1.139612688704603e-05 -9.781825206801465e-06 -1.290577248214972e-06 -5.303801049126303e-08
-1.424273871480845e-05 -6.055332663961025e-06 -1.301973750733290e-06 -7.801648170003416e-08
-1.390573798259221e-05 -8.264033915887010e-06 -1.316123076143478e-06 -4.825590095608834e-08
-1.263273856172569e-05 -1.069192565439316e-05 -1.315972936318496e-06 -2.545911135519495e-08
-1.397477862204263e-05 -1.146087931543618e-05 -1.334230159903906e-06 1.214588261343436e-08
-1.540065412742063e-05 -1.207803489663880e-05 -1.346327729820992e-06 5.778638482943912e-08
-1.552163314244869e-05 -8.734437549961334e-06 -1.299127593506839e-06 -5.944073857014972e-08
-1.551264231504081e-05 -6.925094273932990e-06 -1.291142994632851e-06 -9.019800728514171e-08
-1.520223942765876e-05 -1.052690409488950e-05 -1.339201742067364e-06 2.128977155736389e-09
-1.689619682169072e-05 -1.252740246983775e-05 -1.330081901373995e-06 1.020381699622687e-07
-1.844069906121894e-05 -1.280648092679436e-05 -1.236787222544509e-06 1.630748045461650e-07
-1.680709139623140e-05 -9.137740203347676e-06 -1.261829147200576e-06 -5.813326431100907e-08
-1.692633889291149e-05 -7.565271172072434e-06 -1.249728280984592e-06 -9.650741799903569e-08
-2.001091963658847e-05 -1.290749678004291e-05 -1.138679751827690e-06 1.929977918145385e-07
-1.826185805755953e-05 -1.059593289759606e-05 -1.242751940166705e-06 -3.122231613284225e-09
-1.844005478538165e-05 -7.953771387241607e-06 -1.234073642924917e-06 -1.166426288603043e-07
-2.035738480076420e-05 -1.083192443002909e-05 -1.092694525032722e-06 2.165058673007883e-08
-2.175063111004764e-05 -1.292106858659153e-05 -9.962396112086436e-07 1.730558693047193e-07
-2.000705747272715e-05 -8.080114438882084e-06 -1.162223321840325e-06 -1.409741093602066e-07
-2.415513792637296e-05 -1.293484263846278e-05 -8.063362037430326e-07 2.076275814294906e-07
-2.225226188741072e-05 -9.649785693922256e-06 -9.852994690251562e-07 -4.540316172845453e-08
-2.174977831409585e-05 -8.067409102851888e-06 -1.026907494867724e-06 -1.585062992277657e-07
-2.748576976866742e-05 -1.295613479341136e-05 -4.812173451690775e-07 1.907993454813770e-07
-2.583190475701364e-05 -1.030286638850600e-05 -6.625171321017925e-07 -2.102200668598907e-08
-2.415530376006237e-05 -8.050821271788068e-06 -8.587885477175733e-07 -1.944514230573480e-07
-3.192018721312578e-05 -1.297979309399276e-05 -1.798196521330414e-07 1.068438179679473e-07
-2.969648104747901e-05 -1.049493758821595e-05 -3.183069167449789e-07 -2.187710252056584e-08
-2.748576474896036e-05 -8.031658429399339e-06 -5.200040380745355e-07 -2.006817786858800e-07
-3.657943810627285e-05 -1.300092318871866e-05 -2.402945419413463e-08 6.384204415919774e-08
-3.424344905265339e-05 -1.049557611325403e-05 -1.144827719433301e-07 -3.686488076065169e-08
-3.192002635005910e-05 -8.010571953610598e-06 -2.281387288035097e-07 -1.529470311546068e-07
-4.127440339315553e-05 -1.302003349977047e-05 1.147276066806351e-07 5.675518844230430e-08
-3.892099779557961e-05 -1.049645830514340e-05 3.701112742045798e-08 -3.264562744972299e-08
-3.657906804450923e-05 -7.991185032605862e-06 -9.624584724850934e-08 -9.776509605518234e-08
-4.600143677576389e-05 -1.303657474299595e-05 3.202715093605421e-07 1.003394558298543e-07
-4.363276220630214e-05 -1.049753865187223e-05 1.797033867503765e-07 -4.275837085693901e-08
-4.127395181411070e-05 -7.974118369477901e-06 4.788125095145242e-08 -1.150431015546171e-07
-5.075470165188290e-05 -1.304940749908293e-05 6.881556017568877e-07 1.546072310148848e-07
-4.837411674674244e-05 -1.049863374029569e-05 4.519138783839759e-07 -3.000172627777410e-08
-4.600099344786724e-05 -7.959647296806075e-06 2.242659097812016e-07 -1.794743863321466e-07
-5.552579931797002e-05 -1.305761744197150e-05 1.014832075237838e-06 6.931727014568160e-08
-5.313789329345414e-05 -1.049965067077390e-05 8.729492565257298e-07 -5.191444784692237e-09
-5.075433093928060e-05 -7.948877363814796e-06 6.067445512701032e-07 -1.850654602792278e-07
-6.030615756194102e-05 -1.306220907614364e-05 1.068307017010405e-06 -4.928157313663605e-08
-5.791482103468012e-05 -1.050051213357280e-05 1.065165795632437e-06 -2.232641066895232e-08
-5.552545647920825e-05 -7.942551017205711e-06 9.364425507256122e-07 -1.040482198194001e-07
-6.509054666410980e-05 -1.306489123073529e-05 7.795577532276028e-07 -2.485956502325680e-07
-6.269772406085144e-05 -1.050125303089596e-05 9.348524454277664e-07 -3.932395568709399e-08
-6.030584306747788e-05 -7.939640205175353e-06 9.325182899458609e-07 6.790561307994136e-09
-6.987772855998173e-05 -1.306712667783459e-05 3.077519425876246e-07 -3.097810798545291e-07
-6.748349982265911e-05 -1.050194731499404e-05 4.870567277991098e-07 -3.169489005158601e-08
-6.509021574953139e-05 -7.938415305595489e-06 6.254148028880788e-07 1.668905866068189e-07
-8.013976038282562e-05 -1.278743701226074e-05 -6.573918815829431e-07 -2.545802404354719e-07
-7.945927710927158e-05 -1.306929023212658e-05 -5.986179539620291e-07 -2.789449953061908e-07
-7.202289377501439e-05 -1.050255063578516e-05 4.634831838795619e-08 -5.396344238601278e-08
-7.466773270447290e-05 -1.306874886766224e-05 -1.899975828509643e-07 -3.023810546499663e-07
-6.987746019299705e-05 -7.937498909183403e-06 2.092227421578531e-07 1.881413921808274e-07
-8.042162572049955e-05 -1.210697024898601e-05 -6.831036731506897e-07 -1.948224061318841e-07
-7.881129644585860e-05 -1.050300669781192e-05 -5.564536743531010e-07 -5.879625633270511e-08
-7.466760143022949e-05 -7.936822787619227e-06 -2.114548783667014e-07 1.505600489465454e-07
-8.042156036145393e-05 -8.899090633030495e-06 -7.149497719586693e-07 1.002345870206287e-07
-7.945918267327058e-05 -7.936737995158526e-06 -6.329603826005759e-07 1.858917520376316e-07
-8.013968439708647e-05 -8.218603676013468e-06 -6.921751220200439e-07 1.607303933672370e-07
