-9.875284843286500e-06 2.590677171249324e-06 -4.545789169459399e-05 5.945186547909006e-06
-9.885775378744546e-06 2.565339065923423e-06 -4.561206958288668e-05 5.549490656888503e-06
-9.885828559108198e-06 2.445893827345007e-06 -4.546741051521623e-05 3.577027239485071e-06
-9.875343070526040e-06 2.420551706347270e-06 -4.529104763288822e-05 3.151738189706862e-06
-9.849957411085978e-06 2.601174207347720e-06 -4.507358891249195e-05 6.109699915111893e-06
-9.802522476001139e-06 2.505612343688410e-06 -4.419001688790786e-05 4.528271418425835e-06
-9.850019326103054e-06 2.410051407910317e-06 -4.487019045467895e-05 2.973395804047648e-06
-9.671758506650621e-06 2.601208103342945e-06 -4.216801460967010e-05 6.106324637386011e-06
-9.671782463966381e-06 2.409825523700966e-06 -4.191122274521117e-05 2.904658067829268e-06
-9.573155225013354e-06 2.505390814528315e-06 -4.038017754177995e-05 4.538084346473410e-06
-9.492679206898884e-06 2.601422783820205e-06 -3.905909082514324e-05 6.253387032835062e-06
-9.492834466492519e-06 2.409231665543847e-06 -3.884539716334592e-05 2.878006282559004e-06
-9.403100492448430e-06 2.505265640344450e-06 -3.744757727383364e-05 4.458899766593817e-06
-9.313044294632968e-06 2.601616296142313e-06 -3.574193305292890e-05 6.318702119971272e-06
-9.313329928749907e-06 2.408874233953373e-06 -3.592659861358389e-05 2.717976059160861e-06
-9.223467230242748e-06 2.505223146744029e-06 -3.407759330701209e-05 4.484105101161352e-06
-9.133321223862001e-06 2.602499294757991e-06 -3.240133604031077e-05 6.249880735484708e-06
-9.133627230221691e-06 2.407961064481307e-06 -3.264241848810041e-05 2.675110258957831e-06
-9.043406407490175e-06 2.505231880887318e-06 -3.060221453302777e-05 4.498692298694488e-06
-8.951357489823999e-06 2.606357695503459e-06 -2.903472534152494e-05 6.245211531609792e-06
-8.951876923413370e-06 2.404416970858853e-06 -2.909697316570315e-05 2.482776906151622e-06
-8.858441826721726e-06 2.505288347873838e-06 -2.705689451014126e-05 4.452504336673327e-06
-8.759123839656158e-06 2.616480383993442e-06 -2.570624992370318e-05 6.217668162424292e-06
-8.759931759082283e-06 2.394394369089987e-06 -2.531288723387278e-05 2.459306120110457e-06
-8.656569108280404e-06 2.505318473768398e-06 -2.356016740426705e-05 4.385280523123329e-06
-8.541063962364063e-06 2.636131918781218e-06 -2.236979381689081e-05 6.073956878121418e-06
-8.541934175298806e-06 2.374584508147063e-06 -2.181028983484705e-05 2.635619099726022e-06
-8.418537886717488e-06 2.505321037202555e-06 -2.033746497836226e-05 4.346583344628610e-06
-8.276012296758951e-06 2.667120712023157e-06 -1.919486620293595e-05 5.927672882438154e-06
-8.276384917490139e-06 2.343341588068129e-06 -1.870297174001985e-05 2.802907012565775e-06
-8.121987365632789e-06 2.505360863278572e-06 -1.745631157292365e-05 4.263072260780670e-06
-7.941899418104379e-06 2.709112567615233e-06 -1.633274770394676e-05 5.710506284900336e-06
-7.941580160004299e-06 2.301320649598170e-06 -1.608796287767023e-05 2.925229375194889e-06
-7.746331181626456e-06 2.505315197442849e-06 -1.496216792995218e-05 4.220839953114080e-06
-7.519691044549732e-06 2.760246569255652e-06 -1.383194458572622e-05 5.485485819857119e-06
-7.519563513979683e-06 2.250028463038089e-06 -1.381302644264115e-05 3.063282957490534e-06
-7.285988700316928e-06 2.505616006083719e-06 -1.278132332415147e-05 4.231196861062865e-06
-7.018226637900604e-06 2.817756805960860e-06 -1.168864096374621e-05 5.374175279744316e-06
-7.018620795929231e-06 2.190405569558307e-06 -1.178832592160453e-05 3.155153617368689e-06
-6.807697852418826e-06 2.533011915974551e-06 -1.102120911391852e-05 4.337659322032099e-06
-6.559682963928278e-06 2.869543360836858e-06 -1.026570654561445e-05 5.318231236013733e-06
-6.561215117669112e-06 2.137018633680581e-06 -1.028029055756341e-05 3.112205577113029e-06
-6.177139906759843e-06 2.912887416120281e-06 -9.186183249901215e-06 5.308642714807984e-06
-6.265979217008635e-06 2.639356742149407e-06 -9.395359527769203e-06 4.610418603152475e-06
-6.178923846174001e-06 2.103904524427629e-06 -9.211226505126940e-06 3.128555742611579e-06
-5.874108467996587e-06 2.069709386435535e-06 -8.377760678891195e-06 3.112578463189673e-06
1.206508652402565e-06 -4.726367683774753e-07 1.414216960767967e-06 -4.227503298372036e-07
1.230691542312913e-06 -5.305613001202225e-07 1.445985533940562e-06 -4.979618376259964e-07
1.230620712091803e-06 -7.473081348909686e-07 1.447645563887411e-06 -7.639124866950278e-07
1.206511765781419e-06 -8.048718439055149e-07 1.418139647761241e-06 -8.345181624407966e-07
-5.877833418967038e-06 2.942367648145236e-06 -8.426180053643373e-06 5.299741760960782e-06
-5.578514906612761e-06 2.951585341559635e-06 -7.753237478488118e-06 5.246832325923568e-06
-5.824570511591368e-06 2.395504035836088e-06 -8.219027419865564e-06 3.934922541469097e-06
-5.589668511975290e-06 2.008965238066012e-06 -7.675751825836798e-06 3.062454765829853e-06
1.148771281053926e-06 -4.488338369436723e-07 1.338604088398326e-06 -3.915487350734502e-07
1.090149058288919e-06 -6.866839698660726e-07 1.270590520443422e-06 -6.862951546785146e-07
1.148930210098219e-06 -8.291422666482961e-07 1.346630927981974e-06 -8.634669389019407e-07
-5.491724620837891e-06 2.675676721874400e-06 -7.516760599087928e-06 4.582137614606474e-06
-5.268281519831921e-06 2.930949958108006e-06 -7.064803440458243e-06 5.117516134560211e-06
-4.943994503406802e-06 2.862349148077189e-06 -6.340604503389039e-06 4.899156773809787e-06
-5.400967694102208e-06 2.263752430034859e-06 -7.255393449481500e-06 3.654715670184104e-06
-5.285654441580871e-06 1.887139269454580e-06 -6.995101389139483e-06 2.861370219572172e-06
7.562448160422675e-07 -4.446033398309081e-07 8.287883638400911e-07 -3.533877519610009e-07
7.553586881087569e-07 -8.378443275120293e-07 8.418363507478095e-07 -8.700068581875132e-07
5.523637503585780e-07 -6.422925265091725e-07 5.583466489209054e-07 -6.140017904424435e-07
-4.611071695015952e-06 2.758879414766722e-06 -5.677874912533443e-06 4.600443074499304e-06
-4.909042280256528e-06 2.539290857417926e-06 -6.230452021541281e-06 4.190747208466242e-06
-5.024729585814570e-06 2.102640634396523e-06 -6.468943571068133e-06 3.307983097449805e-06
-4.981638093828661e-06 1.701807093017869e-06 -6.416618005873933e-06 2.559628839701477e-06
3.323960666327662e-07 -4.108970164386246e-07 2.458342438709249e-07 -2.989449277871894e-07
3.318115869794356e-07 -8.756813903217585e-07 2.365836181379234e-07 -9.544157610252935e-07
8.181090546106640e-08 -6.442628572872312e-07 -1.026944582561623e-07 -6.557917286327322e-07
-4.282121262036462e-06 2.604221949975490e-06 -5.087201171014175e-06 4.270554056769641e-06
-3.954328774389716e-06 2.400271029279748e-06 -4.509372643608807e-06 3.816000282375117e-06
-4.601840135443080e-06 2.024865303702096e-06 -5.686907854412912e-06 3.157456190163752e-06
-4.691187003754472e-06 1.458198691118002e-06 -5.884240824998747e-06 2.133232888336765e-06
-2.045220062864200e-07 -3.355457027180490e-07 -4.501110057049086e-07 -3.419690118977277e-07
-2.050226262103960e-07 -9.548096039204707e-07 -4.458308899613471e-07 -9.961003333892946e-07
-4.035311509143416e-06 2.055514705390459e-06 -4.660505215340249e-06 3.145432091490380e-06
-3.637875460806736e-06 2.155857259970597e-06 -4.000429348593129e-06 3.302649301918106e-06
-4.177663013750225e-06 1.634021034522177e-06 -4.939662294445510e-06 2.427323293685806e-06
-4.428172208503051e-06 1.147874206084759e-06 -5.398293114537644e-06 1.604111402780416e-06
-5.194799476261494e-07 -6.459419381630935e-07 -7.806932405012871e-07 -6.782020707494927e-07
-8.923117971140382e-07 -2.259981635330962e-07 -1.149619782931640e-06 -2.625792661501022e-07
-8.923474319426652e-07 -1.068008730004391e-06 -1.168705430018289e-06 -1.119863629424497e-06
-3.348521906982287e-06 1.863222460215408e-06 -3.556957868887813e-06 2.780713501227599e-06
-3.078046307605842e-06 1.516732760867563e-06 -3.171556463411358e-06 2.188187051901467e-06
-2.837226275374611e-06 1.134319082860388e-06 -2.924328107126487e-06 1.580771087206232e-06
-3.878168392538446e-06 1.229311344697791e-06 -4.466660909523837e-06 1.747558808421229e-06
-4.206960368029895e-06 7.735112077779167e-07 -4.987629612110532e-06 1.024617567704455e-06
-1.192091346367936e-06 -6.462562216289628e-07 -1.452985203555207e-06 -6.985826922588779e-07
-1.558506158114949e-06 -1.172927475571125e-07 -1.790309164436467e-06 -1.648972750015607e-07
-1.558462882143474e-06 -1.181952280348734e-06 -1.793404161953518e-06 -1.216793649821091e-06
-3.283296339653826e-06 1.141913548732418e-06 -3.494955255847664e-06 1.576174704247193e-06
-2.642595741163998e-06 7.090827415871975e-07 -2.744990504340657e-06 9.518867524825774e-07
-2.177859085220658e-06 -2.346150063345739e-08 -2.364299365178946e-06 -6.643684595796186e-08
-2.369008853226781e-06 6.603570298329306e-08 -2.536525376658516e-06 4.585915576388702e-08
-2.483811260063150e-06 2.418628234316115e-07 -2.625155709705793e-06 2.848520049990853e-07
-3.660733019571160e-06 7.151789063811431e-07 -4.041145970124529e-06 9.052621836873921e-07
-4.046656087512857e-06 3.460536651848831e-07 -4.571684626411566e-06 3.796847041906591e-07
-1.888819806540793e-06 -5.704253965583410e-07 -2.100659524800462e-06 -6.397406958342618e-07
-2.145628494484510e-06 -1.261725129629823e-06 -2.410536176649044e-06 -1.365764792503014e-06
-2.947346890231426e-06 4.006397173106725e-07 -3.137801804314238e-06 4.937813518381356e-07
-2.364905130589404e-06 -3.003829173646423e-07 -2.565154889289874e-06 -3.782300828945107e-07
-2.590533027671651e-06 3.147059083741902e-09 -2.765153919728347e-06 -2.696357090194483e-08
-3.489025179348975e-06 2.105524401802890e-07 -3.785452118666918e-06 2.120416813706265e-07
-3.959737089986875e-06 -1.232941393477119e-07 -4.309906512963270e-06 -2.113026385226630e-07
-2.347994098070199e-06 -9.003848874023477e-07 -2.607200945773953e-06 -1.018793372673118e-06
-2.299391012758821e-06 -1.353627897091552e-06 -2.590405235325038e-06 -1.457616242084274e-06
-3.026487535123680e-06 -3.978542353350898e-07 -3.247561424294204e-06 -5.453187621536468e-07
-3.946978223247626e-06 -6.168282727554678e-07 -4.193699525009727e-06 -7.598205394362656e-07
-4.064086152244911e-06 -1.133162865164789e-06 -4.183906678308723e-06 -1.258677450305696e-06
-2.687390834523499e-06 -1.220766449050060e-06 -2.966466509159299e-06 -1.344147632004180e-06
-2.381718712529063e-06 -1.563784366145194e-06 -2.697310520135310e-06 -1.635301884842623e-06
-2.469706650284275e-06 -2.169590240764553e-06 -2.857232819706757e-06 -2.109162360667883e-06
-3.523583551149558e-06 -1.181014150519177e-06 -3.708647512661627e-06 -1.338269122115867e-06
-2.630441083833579e-06 -2.803366900214409e-06 -3.077787933400609e-06 -2.495178967453248e-06
-4.295764831181626e-06 -1.668973116151799e-06 -4.282728569976799e-06 -1.732482840815239e-06
-2.998351952290821e-06 -2.175958678310365e-06 -3.313917538474492e-06 -2.130634148476762e-06
-3.827839659270224e-06 -2.223470538640088e-06 -3.910713829004250e-06 -2.150512857833942e-06
-2.892558217795256e-06 -3.428036604910417e-06 -3.293379688872092e-06 -2.832719426181050e-06
-4.654647095670178e-06 -2.224010374500894e-06 -4.434668502209399e-06 -2.147549467798529e-06
-4.407733965330303e-06 -2.812379560834849e-06 -4.233956868087204e-06 -2.502820693243459e-06
-3.771222342745943e-06 -3.199516675963473e-06 -3.840147323633449e-06 -2.711803670727721e-06
-3.240245073645605e-06 -4.068725832444203e-06 -3.554566988530579e-06 -3.152677775072776e-06
-3.703560861972951e-06 -4.698396980698253e-06 -3.819060038875822e-06 -3.439549568861788e-06
-5.157471121348871e-06 -2.760459240426216e-06 -4.593954397053185e-06 -2.492443804627495e-06
-4.824708306636439e-06 -3.521000121624261e-06 -4.410235466422521e-06 -2.889882893659822e-06
-4.423506740065883e-06 -4.456873885248657e-06 -4.184383159430477e-06 -3.327252527821735e-06
-4.249850818394601e-06 -5.307936794007920e-06 -4.098725609536629e-06 -3.701426806617946e-06
-5.787231497042011e-06 -3.257835479685191e-06 -4.826743281288380e-06 -2.816713981072093e-06
-5.606710550059503e-06 -4.460626962632157e-06 -4.744204445775941e-06 -3.300817262875570e-06
-4.902040187001552e-06 -5.857816258133700e-06 -4.388730635802893e-06 -3.924208338976083e-06
-5.661617024906182e-06 -6.355836961370745e-06 -4.715992012196124e-06 -4.070792042169275e-06
-6.499473483526945e-06 -6.793694578565099e-06 -5.068617802633888e-06 -4.175260315072480e-06
-6.556759511083325e-06 -4.730049443337120e-06 -5.066774359754108e-06 -3.408214965499709e-06
-6.544800902594315e-06 -3.690666924836376e-06 -5.043373990534208e-06 -3.025178121758824e-06
-6.361557748728930e-06 -5.810112173702613e-06 -5.030541477072370e-06 -3.818016468837559e-06
-7.425269801621109e-06 -7.124578129636977e-06 -5.423489321561192e-06 -4.248232220039710e-06
-8.423479963766926e-06 -7.361172077350208e-06 -5.732387064668381e-06 -4.305016643461186e-06
-7.347888343584353e-06 -4.964865024921912e-06 -5.357043094181150e-06 -3.503704528178782e-06
-7.427924309426494e-06 -4.004532338299074e-06 -5.353234006298199e-06 -3.171608293526535e-06
-9.462787249840785e-06 -7.478352889490318e-06 -6.010630459816882e-06 -4.331235850516395e-06
-8.276597521766895e-06 -5.895015187515557e-06 -5.695431225142219e-06 -3.826206420711293e-06
-8.405563950375004e-06 -4.176883772536113e-06 -5.683229953924153e-06 -3.253055865859087e-06
-9.686935101930409e-06 -6.062742745625448e-06 -6.097026518807676e-06 -3.870387452406569e-06
-1.066886191399247e-05 -7.547112145986085e-06 -6.327003152036423e-06 -4.313440927496805e-06
-9.444463307204198e-06 -4.210048553420027e-06 -6.014165645942201e-06 -3.273842412708375e-06
-1.238689546243190e-05 -7.616320196898717e-06 -6.804235507026347e-06 -4.329019608795637e-06
-1.100176547670880e-05 -5.239356544529413e-06 -6.486843904016813e-06 -3.606086921258060e-06
-1.066548265912054e-05 -4.141352190694216e-06 -6.386980248184591e-06 -3.269722321737275e-06
-1.488931038435505e-05 -7.723694352992633e-06 -7.546411779603428e-06 -4.375350597310355e-06
-1.362030876563540e-05 -5.697062448670746e-06 -7.210307001136228e-06 -3.754883315073917e-06
-1.238916338064092e-05 -4.050988206077367e-06 -6.874493133387907e-06 -3.286282221919825e-06
-1.839443021967339e-05 -7.840319840256769e-06 -8.621085652203628e-06 -4.415341174708534e-06
-1.660873974634596e-05 -5.838091654389920e-06 -8.099492186730681e-06 -3.811845173608944e-06
-1.489043963727889e-05 -3.946827243884655e-06 -7.635268352250058e-06 -3.284157089007778e-06
-2.224062189318362e-05 -7.939527235354924e-06 -9.813455761954448e-06 -4.461491731408173e-06
-2.028695969400123e-05 -5.836759679430341e-06 -9.191156227632350e-06 -3.801569755188833e-06
-1.839494532432820e-05 -3.833274357429061e-06 -8.651867980632097e-06 -3.200442080903326e-06
-2.625582419939529e-05 -8.022310036227808e-06 -1.105228789402637e-05 -4.435766540668242e-06
-2.422231213210078e-05 -5.836335713968169e-06 -1.043618263989926e-05 -3.786943372623688e-06
-2.224083604240040e-05 -3.733432961900830e-06 -9.838060340046588e-06 -3.119285758733866e-06
-3.041035803813829e-05 -8.089515470871889e-06 -1.225111354532276e-05 -4.415599852736992e-06
-2.831225154409880e-05 -5.836118924326684e-06 -1.165538985252097e-05 -3.783206951712617e-06
-2.625602463335541e-05 -3.650083483151620e-06 -1.106289575436384e-05 -3.146530602710925e-06
-3.467658539739440e-05 -8.143523002165996e-06 -1.343960794841187e-05 -4.456982037076564e-06
-3.252679435130687e-05 -5.836065245342298e-06 -1.283085788954683e-05 -3.777787014267945e-06
-3.041059815155592e-05 -3.582585586363979e-06 -1.230011941141729e-05 -3.172283489971450e-06
-3.903210311604920e-05 -8.186600397125457e-06 -1.474309567546570e-05 -4.545571184604337e-06
-3.684106248425272e-05 -5.836207769302573e-06 -1.404062039283104e-05 -3.780659063392891e-06
-3.467673823868205e-05 -3.528676746270580e-06 -1.346838141787390e-05 -3.110531150436968e-06
-4.345795632364366e-05 -8.219660922950377e-06 -1.633850533368536e-05 -4.692396351290688e-06
-4.123481598525171e-05 -5.836395593779819e-06 -1.550887380112277e-05 -3.805470663725017e-06
-3.903229058102462e-05 -3.485971803969567e-06 -1.481171384652238e-05 -3.016262886633612e-06
-4.793521825209114e-05 -8.242321533175990e-06 -1.809800516859188e-05 -4.755714095776895e-06
-4.568966003699431e-05 -5.836707982797874e-06 -1.722805802014562e-05 -3.816410703126293e-06
-4.345809146314319e-05 -3.453404208092739e-06 -1.641185028698094e-05 -2.933301981412554e-06
-5.244398105848040e-05 -8.255202407167744e-06 -1.974228795598933e-05 -4.692625864975010e-06
-5.018591148997101e-05 -5.837076645560365e-06 -1.895702659896060e-05 -3.846761814552412e-06
-4.793526282216207e-05 -3.431466648261674e-06 -1.815323424661322e-05 -2.919064249331008e-06
-6.213668713852352e-05 -7.995449892328192e-06 -2.266599504399161e-05 -4.533517017963138e-06
-6.149396479533903e-05 -8.261655750686864e-06 -2.247326745311475e-05 -4.612519237896523e-06
-5.446895255021828e-05 -5.837396149917928e-06 -2.041361856279233e-05 -3.866043396248267e-06
-5.696748114528977e-05 -8.260712590476198e-06 -2.119303619838013e-05 -4.639963123135387e-06
-5.244404450944703e-05 -3.419262885748616e-06 -1.976788037258232e-05 -3.011179802327912e-06
-6.240291731580559e-05 -7.352760752068891e-06 -2.274713958036769e-05 -4.342033066124075e-06
-6.088187133657394e-05 -5.837815952189774e-06 -2.231747315964573e-05 -3.898066932750954e-06
-5.696744723258985e-05 -3.414535773715431e-06 -2.120561673203366e-05 -3.138373760776074e-06
-6.240302020924768e-05 -4.322826439852204e-06 -2.277711558477567e-05 -3.437250438415265e-06
-6.149404097456295e-05 -3.413872367201416e-06 -2.250318284903414e-05 -3.160746492796671e-06
-6.213678706756027e-05 -3.680096718324657e-06 -2.269760703189719e-05 -3.241698586068945e-06
