-3.034484628425292e-05 5.755335836380025e-06 4.862143942445767e-05 -6.679406433343314e-06
-3.044101855423241e-05 5.523129725442809e-06 4.883895557665459e-05 -6.145391086393036e-06
-3.044107248846959e-05 4.428553443480668e-06 4.885655676976934e-05 -3.707784836126012e-06
-3.034490826698259e-05 4.196360354286414e-06 4.864606089776234e-05 -3.195569199534885e-06
-3.011266151976972e-05 5.851523691124312e-06 4.809558827879659e-05 -6.902662606217508e-06
-2.967728847178765e-05 4.975860404111213e-06 4.714646979589606e-05 -4.924780798857079e-06
-3.011273695083702e-05 4.100179800724281e-06 4.813711114802734e-05 -2.981701136736520e-06
-2.847797835871302e-05 5.851888776238569e-06 4.435199624889512e-05 -6.933038221512039e-06
-2.847814425381351e-05 4.100081170201730e-06 4.442213492894753e-05 -2.925298698210108e-06
-2.757534198653161e-05 4.976158360219378e-06 4.235345605979075e-05 -4.914855621683451e-06
-2.684213498633561e-05 5.853067045845025e-06 4.074138019835634e-05 -6.882912981479033e-06
-2.684241456798383e-05 4.099499522262386e-06 4.076963654309671e-05 -3.018589858327933e-06
-2.602403260409083e-05 4.976578835449437e-06 3.892575478468367e-05 -4.903176653005442e-06
-2.520451017662050e-05 5.854857429915773e-06 3.716207485568354e-05 -6.862613649262547e-06
-2.520473058619837e-05 4.098532468368703e-06 3.724035236452703e-05 -3.102403514399363e-06
-2.438523946600237e-05 4.977020367243230e-06 3.544269931277827e-05 -4.881171987281685e-06
-2.356386332271674e-05 5.857493718536007e-06 3.356646019409146e-05 -6.823798098171666e-06
-2.356391004295252e-05 4.096628411951267e-06 3.395557473452865e-05 -3.119099750934822e-06
-2.274217660750051e-05 4.977465122284061e-06 3.209111142287974e-05 -4.866101394413352e-06
-2.191783196865570e-05 5.861379232023284e-06 3.017691839436997e-05 -6.656576368940353e-06
-2.191740843398496e-05 4.093520627947560e-06 3.067383350766581e-05 -3.144105573042391e-06
-2.109213090014296e-05 4.977779258763127e-06 2.878611507935635e-05 -4.903512293860460e-06
-2.026384782443664e-05 5.866081665441976e-06 2.699902551572086e-05 -6.569246279076773e-06
-2.026287957150357e-05 4.089377861421548e-06 2.735613227893698e-05 -3.176517678626519e-06
-1.943333223655497e-05 4.977715706215154e-06 2.545378089446450e-05 -4.984292655403286e-06
-1.860106539361154e-05 5.870168081214404e-06 2.397067588966505e-05 -6.584507566103444e-06
-1.860015629558078e-05 4.085341764834588e-06 2.413031148833130e-05 -3.237137871311579e-06
-1.776685315459110e-05 4.977509772450682e-06 2.224449293638161e-05 -5.027775765831153e-06
-1.693127738240434e-05 5.873690106653828e-06 2.103045336183202e-05 -6.538225021376143e-06
-1.693091112126337e-05 4.081549388989053e-06 2.102758134696491e-05 -3.312152662196783e-06
-1.609443281319066e-05 4.977267243644196e-06 1.924245596919156e-05 -5.037430486745337e-06
-1.525512868279498e-05 5.878189409512256e-06 1.810054793023810e-05 -6.556917498960458e-06
-1.525540259851263e-05 4.076541835146322e-06 1.794994201947584e-05 -3.407195833979839e-06
-1.441453895101202e-05 4.977165485913382e-06 1.638255836794130e-05 -5.022274387418261e-06
-1.356866446376711e-05 5.886324749303058e-06 1.518349325783847e-05 -6.654306059196014e-06
-1.356925463186506e-05 4.068064631213498e-06 1.486033065119439e-05 -3.495255743571272e-06
-1.275472817754154e-05 4.977310957267408e-06 1.355422185080375e-05 -5.020337140803489e-06
-1.193254508950939e-05 5.899233191711230e-06 1.227096211441906e-05 -6.732299100804632e-06
-1.193309564092010e-05 4.054447563762738e-06 1.203368936170700e-05 -3.583568880210464e-06
-1.131408811263226e-05 5.050313220103905e-06 1.107509081874734e-05 -5.153300600148138e-06
-1.067304171584116e-05 5.913387508748216e-06 1.008220423492561e-05 -6.612562059753617e-06
-1.067354152090643e-05 4.039830917018264e-06 1.003317381247006e-05 -3.674615162176266e-06
-9.742210973403855e-06 5.926010766173270e-06 8.579276901018823e-06 -6.508230950337371e-06
-9.928551864391882e-06 5.299636371141489e-06 8.830598425948906e-06 -5.562206952841488e-06
-9.742712416093694e-06 4.030233060398370e-06 8.604899585641363e-06 -3.786171102428329e-06
-9.058010812627039e-06 4.020168509027142e-06 7.649438462417457e-06 -3.845315263480591e-06
1.634946365108472e-06 3.070100369839073e-07 -9.902364237714320e-07 -9.602775589541100e-07
1.667633439469420e-06 2.283346439875493e-07 -1.009363149618199e-06 -9.198970923998328e-07
1.667434254612781e-06 -6.447977697161226e-08 -1.015608199792303e-06 -7.772076551803279e-07
1.634931409466008e-06 -1.419662497209050e-07 -9.969800787100003e-07 -7.353116274899749e-07
-9.059214654367171e-06 5.934812514241197e-06 7.592489678757207e-06 -6.444996280584024e-06
-8.430073579209437e-06 5.906910582987215e-06 6.778008846449249e-06 -6.342081337027405e-06
-8.923459948493140e-06 4.738020564519527e-06 7.425188474937867e-06 -4.782404233620889e-06
-8.434725567174800e-06 3.954903950875224e-06 6.836500197732836e-06 -3.857655796823083e-06
1.556644020308538e-06 3.395734554647407e-07 -9.461047873867298e-07 -9.765527524059899e-07
1.477838707177061e-06 1.841205193370513e-08 -9.144701986432137e-07 -8.204141584001072e-07
1.557384624733278e-06 -1.742854772865964e-07 -9.536653119430029e-07 -7.173403649305499e-07
-8.233305841668467e-06 5.314299401911707e-06 6.508247486222630e-06 -5.570690086027699e-06
-7.804478378133202e-06 5.809111877883161e-06 6.073945216810888e-06 -6.097322716261852e-06
-7.188496128677688e-06 5.637095343504255e-06 5.446846257541488e-06 -5.825378806921411e-06
-8.044260450056997e-06 4.483976200860183e-06 6.322210834022622e-06 -4.535242393600200e-06
-7.821972376194990e-06 3.778425184403250e-06 6.109536128267635e-06 -3.767436786986471e-06
1.025987079902667e-06 3.487608529069386e-07 -6.916032054130548e-07 -9.932265972546724e-07
1.025732160201466e-06 -1.834009806401841e-07 -6.840107073580399e-07 -7.069728557157262e-07
7.504337961807856e-07 8.297581239930541e-08 -5.186112729667943e-07 -8.342701548127582e-07
-6.590308907039810e-06 5.396764785389038e-06 4.831071818445599e-06 -5.512514167270028e-06
-7.110553767407961e-06 5.003993151236433e-06 5.334121370402836e-06 -5.128049739622820e-06
-7.325779921168808e-06 4.192569225465523e-06 5.575803842258714e-06 -4.235416932955677e-06
-7.241555694208189e-06 3.494155438894114e-06 5.489460433192136e-06 -3.536265531889199e-06
4.514066641110564e-07 3.993080816918771e-07 -3.953798546496207e-07 -9.688360901793247e-07
4.517985220441411e-07 -2.322217079223553e-07 -3.792369396537486e-07 -6.492367013459107e-07
1.113469614748994e-07 8.416889401266166e-08 -2.123390928370454e-07 -8.149378514961396e-07
-6.020311583001449e-06 5.085970699457395e-06 4.278485970002649e-06 -5.188420488684541e-06
-5.483394881982908e-06 4.708483153198737e-06 3.857804895820395e-06 -4.819883596434507e-06
-6.565489569761897e-06 4.060873386552709e-06 4.760873289971272e-06 -4.127403111367719e-06
-6.712454936094423e-06 3.110516807124625e-06 4.896268686351576e-06 -3.192179493590923e-06
-2.791196849605841e-07 5.070736901656353e-07 5.280939753855055e-08 -1.127134852283259e-06
-2.786541064320820e-07 -3.372056845217374e-07 4.890999839618607e-08 -4.830760806384245e-07
-5.618736259134734e-06 4.107976873228278e-06 3.974169451275555e-06 -4.228896298131261e-06
-4.987940211037294e-06 4.271072586713147e-06 3.417681832733764e-06 -4.381957378361458e-06
-5.849590443780146e-06 3.410997435048606e-06 4.136333620699159e-06 -3.503685511906957e-06
-6.252043245219566e-06 2.633869886655265e-06 4.463824879235322e-06 -2.757299358282109e-06
-7.082878474133203e-07 8.579438469121462e-08 3.489500244521647e-07 -7.787532671059934e-07
-1.218337106711719e-06 6.615924415798098e-07 6.917396254073930e-07 -1.166559850085629e-06
-1.217132555518485e-06 -4.893126622372239e-07 7.057380669537667e-07 -3.390592931633970e-07
-4.544398121041664e-06 3.776161761915605e-06 3.015813926821597e-06 -3.841959065500751e-06
-4.153731603032248e-06 3.226060948661870e-06 2.667140837361118e-06 -3.324615392067225e-06
-3.822080454266175e-06 2.631365617161825e-06 2.403408530784092e-06 -2.783756217793401e-06
-5.376039353205810e-06 2.768564050192548e-06 3.729866431643664e-06 -2.897620714512058e-06
-5.876352287642261e-06 2.076277861574440e-06 4.162715615643283e-06 -2.310042589212876e-06
-1.627565223460890e-06 8.867979523038361e-08 9.717374626666415e-07 -7.633039401283437e-07
-2.129390542228230e-06 8.129969718979467e-07 1.325591860184333e-06 -1.288261440943624e-06
-2.128528225771688e-06 -6.434502961337922e-07 1.314053769742387e-06 -2.428504483347977e-07
-4.473727764940497e-06 2.636685163684972e-06 2.956697261744219e-06 -2.781969790993064e-06
-3.560602529099074e-06 1.994130935221897e-06 2.217396655992914e-06 -2.209506727046920e-06
-2.968063522055012e-06 9.418746731244362e-07 1.946995701233281e-06 -1.373793540617905e-06
-3.221104314889993e-06 1.066446295605910e-06 2.087627282586712e-06 -1.445451785819223e-06
-3.366571138552601e-06 1.314736132142522e-06 2.142597698679517e-06 -1.624572847089703e-06
-5.039848063638775e-06 1.992628507131005e-06 3.453086695278123e-06 -2.215489700061649e-06
-5.601780064936862e-06 1.457188896085396e-06 3.922312999501905e-06 -1.738815303456356e-06
-2.580495704376926e-06 1.952012939255550e-07 1.663976969349765e-06 -8.427512929739292e-07
-2.942127176847917e-06 -7.523747025495141e-07 1.976346353182610e-06 -1.644044722638366e-07
-4.009032162236474e-06 1.536804986028381e-06 2.620164211271955e-06 -1.798225313070049e-06
-3.224124637684803e-06 5.615579078249696e-07 2.124303462794335e-06 -1.096227551322813e-06
-3.523082464048793e-06 9.787743372559679e-07 2.285653188773782e-06 -1.370505943987562e-06
-4.786100081823597e-06 1.263164557608462e-06 3.278117778684053e-06 -1.579932377048651e-06
-5.442614400264125e-06 7.964543556313934e-07 3.782212210417589e-06 -1.256086597096453e-06
-3.216674731517635e-06 -2.599171411564592e-07 2.163677165180223e-06 -4.990073474346475e-07
-3.162748167508773e-06 -8.766612534118876e-07 2.175540082829162e-06 -7.216692714873200e-08
-4.134978151823415e-06 4.139811796184240e-07 2.775667485022061e-06 -9.278549048415516e-07
-5.403054915141383e-06 1.147828226751315e-07 3.719973591045812e-06 -7.181429339518634e-07
-5.530174867858777e-06 -5.827895606565397e-07 3.712674887661648e-06 -2.439845887107683e-07
-3.690077819235102e-06 -7.006493935997901e-07 2.511282222989201e-06 -1.648650853256859e-07
-3.284919796437320e-06 -1.155098420494673e-06 2.295466603875267e-06 1.181969637819834e-07
-3.423870788537757e-06 -1.946867486500362e-06 2.438343809514944e-06 6.095963401435590e-07
-4.810721214805565e-06 -6.558597796288809e-07 3.244643897803586e-06 -1.641715870994558e-07
-3.656726868552225e-06 -2.756123705866181e-06 2.623508303396057e-06 1.044416839336753e-06
-5.809824421715745e-06 -1.299682882859064e-06 3.801325836470509e-06 2.279254147880536e-07
-4.123313363655269e-06 -1.961386229258629e-06 2.821636174726908e-06 6.534063342111228e-07
-5.199214906920583e-06 -2.023047798502839e-06 3.441594203764263e-06 6.764071622673427e-07
-4.009364745373787e-06 -3.546181420485393e-06 2.856512123166434e-06 1.450334058234416e-06
-6.248104429082478e-06 -2.024253686294143e-06 3.974624458992101e-06 6.479605220965837e-07
-5.929787982831183e-06 -2.775300037422732e-06 3.821890780585365e-06 1.060559992013353e-06
-5.130243076919884e-06 -3.261946899979797e-06 3.449587323884508e-06 1.327038887838389e-06
-4.465392567634082e-06 -4.339440255893825e-06 3.114373807784157e-06 1.799147679262984e-06
-5.053001152890302e-06 -5.107643942087600e-06 3.420608375374129e-06 2.122947720726878e-06
-6.857570511444599e-06 -2.714829627442265e-06 4.250903732274376e-06 1.030050551703411e-06
-6.444901163668898e-06 -3.661696185580215e-06 4.082584197782422e-06 1.483553316834947e-06
-5.950849323543091e-06 -4.810314490063217e-06 3.873414471185368e-06 1.976210658651956e-06
-5.738041763627713e-06 -5.838880274604443e-06 3.765547976301367e-06 2.372390494615361e-06
-7.617351655265504e-06 -3.345248410079235e-06 4.538069546388552e-06 1.330789658569592e-06
-7.397359288780707e-06 -4.812129653599850e-06 4.441343134099968e-06 1.948385902087367e-06
-6.541158776669898e-06 -6.493550716431236e-06 4.110036140864645e-06 2.573927798100311e-06
-7.460551282335481e-06 -7.077023852526427e-06 4.445791590562581e-06 2.757116159640270e-06
-8.464901078013957e-06 -7.578803377497929e-06 4.806441972699279e-06 2.919336733304680e-06
-8.536748813542197e-06 -5.137255569845773e-06 4.878700611367013e-06 2.050058973710419e-06
-8.523358497522702e-06 -3.885741201718300e-06 4.894527115072703e-06 1.563909545498589e-06
-8.305764083803648e-06 -6.422532253474547e-06 4.758772453881633e-06 2.517589555213082e-06
-9.561306568545320e-06 -7.954350836021688e-06 5.198326932714292e-06 3.024880229016022e-06
-1.072978696204809e-05 -8.213976444013503e-06 5.616074624343134e-06 3.043792221019364e-06
-9.475327189321036e-06 -5.419454698836200e-06 5.225935586549632e-06 2.139069292591146e-06
-9.567567888499894e-06 -4.280242737649667e-06 5.271816805288768e-06 1.732146175824936e-06
-1.193945052933242e-05 -8.334588120388463e-06 6.033412378925003e-06 3.017395493908207e-06
-1.056722221368279e-05 -6.510828805110787e-06 5.595970999932714e-06 2.479976006924188e-06
-1.071348033327662e-05 -4.504710374990352e-06 5.669151600294059e-06 1.859568544858020e-06
-1.220215011076811e-05 -6.702247638635660e-06 6.107420891510197e-06 2.526686120965315e-06
-1.332577708351236e-05 -8.394544408379547e-06 6.478231791824237e-06 2.994743848643656e-06
-1.192275063771849e-05 -4.558469601989708e-06 6.043326832520870e-06 1.917491830863531e-06
-1.528402645167011e-05 -8.453625486840021e-06 6.991678978422084e-06 2.923131882936406e-06
-1.371360595363981e-05 -5.758387996477872e-06 6.569599271467753e-06 2.277757306455739e-06
-1.332304815088270e-05 -4.497821827949293e-06 6.444038234756781e-06 1.945654536384713e-06
-1.809310847254900e-05 -8.541501805014879e-06 7.513946352523669e-06 2.783266292902350e-06
-1.667831414969205e-05 -6.281888079890505e-06 7.249368925705774e-06 2.415412812041531e-06
-1.528620622758238e-05 -4.420366092787941e-06 6.950485319531302e-06 1.998302570470789e-06
-2.196037653829671e-05 -8.631367930309601e-06 7.923871312763212e-06 2.643711999022379e-06
-2.000155068414035e-05 -6.440401949251097e-06 7.721998272746474e-06 2.459227809438851e-06
-1.809448574332084e-05 -4.334969391816287e-06 7.420853763922071e-06 2.085517841264043e-06
-2.613299877472576e-05 -8.701596417414832e-06 8.164864784288037e-06 2.611094658770356e-06
-2.402532147849055e-05 -6.438707637418383e-06 8.010724150797904e-06 2.491275046335900e-06
-2.196126047104616e-05 -4.246737041044842e-06 7.847530720455963e-06 2.302796648309838e-06
-3.042020721323349e-05 -8.755311577942246e-06 8.315728946651166e-06 2.608197051425832e-06
-2.825989483457418e-05 -6.437543020191264e-06 8.192503883399731e-06 2.498669598372666e-06
-2.613358673047402e-05 -4.174707458059352e-06 8.097548093035342e-06 2.399136857181613e-06
-3.479584553921329e-05 -8.796365778203450e-06 8.522477944899338e-06 2.700425854981499e-06
-3.259518645987953e-05 -6.436389885135471e-06 8.372572498601054e-06 2.505121067622460e-06
-3.042054786326770e-05 -4.118706327042123e-06 8.287026997286800e-06 2.395111593713570e-06
-3.923925325615394e-05 -8.827816895051490e-06 8.965166151672254e-06 2.840535973757813e-06
-3.700769153094197e-05 -6.435208554980001e-06 8.721802678616845e-06 2.513969044970794e-06
-3.479614475700368e-05 -4.075258236613235e-06 8.553709313602658e-06 2.300615105212578e-06
-4.373561286658356e-05 -8.852666280922115e-06 9.764072633000031e-06 2.991503859168974e-06
-4.147965935543868e-05 -6.434241456409421e-06 9.347406858971929e-06 2.482181692590022e-06
-3.923958980377510e-05 -4.041529560513874e-06 9.064723105532463e-06 2.147670657647089e-06
-4.827381130040754e-05 -8.871999009243082e-06 1.086922429459111e-05 3.147010296190370e-06
-4.599876489130197e-05 -6.433601659891203e-06 1.023395228664621e-05 2.470908589312973e-06
-4.373601019619194e-05 -4.015104880700737e-06 9.808437515718756e-06 2.005766069206421e-06
-5.284431970789077e-05 -8.886333113428452e-06 1.230714741366736e-05 3.330905031927848e-06
-5.055462522859146e-05 -6.433041329828345e-06 1.144715454706820e-05 2.470303717616998e-06
-4.827429598248583e-05 -3.994667521693546e-06 1.079373777626048e-05 1.833555491363684e-06
-5.743759636443634e-05 -8.895347004825880e-06 1.410787767835510e-05 3.538318859403390e-06
-5.513820873769116e-05 -6.432548598461128e-06 1.309833743277735e-05 2.468155366552352e-06
-5.284474061968386e-05 -3.979327009130880e-06 1.217349392709267e-05 1.598837299434738e-06
-6.730649643260593e-05 -8.629165514748369e-06 1.914950504909727e-05 3.563231516905813e-06
-6.665200535349812e-05 -8.900241304358689e-06 1.880256566859758e-05 3.704832173681304e-06
-5.949945942989677e-05 -6.432233021137511e-06 1.509094666749671e-05 2.434798806580672e-06
-6.204304968371472e-05 -8.899395619729660e-06 1.636237992358271e-05 3.696604799150376e-06
-5.743779024391950e-05 -3.969477250548143e-06 1.412335817878224e-05 1.312883329231031e-06
-6.757759817696512e-05 -7.974709729163733e-06 1.929482384190071e-05 3.221239082556379e-06
-6.602868204633595e-05 -6.432030365965460e-06 1.849591686317102e-05 2.421897102647692e-06
-6.204309154668615e-05 -3.964866374519474e-06 1.641399107707416e-05 1.185423405447265e-06
-6.757758823512416e-05 -4.889350338353838e-06 1.935202913379852e-05 1.590410208777546e-06
-6.665201034599828e-05 -3.963842558665759e-06 1.886748699601987e-05 1.105909049644193e-06
-6.730649024498443e-05 -4.234910480218770e-06 1.921104713683636e-05 1.246889267115582e-06
