-1.178260286787464e-04 1.643810503964876e-05 -3.071031368621562e-05 4.307250901032268e-06
-1.182850088490647e-04 1.532993102136162e-05 -3.084261955045667e-05 3.996515852667690e-06
-1.182849370972315e-04 1.010605698507277e-05 -3.089815122477160e-05 2.534708690176068e-06
-1.178259422734929e-04 8.997847104741774e-06 -3.076972098524487e-05 2.214780341044557e-06
-1.167179266948037e-04 1.689714240444488e-05 -3.039557608824937e-05 4.436759568376635e-06
-1.146396694626737e-04 1.271796723109962e-05 -2.982810782597673e-05 3.284311334919907e-06
-1.167178099011366e-04 8.538791907289498e-06 -3.045526784820460e-05 2.081342642575093e-06
-1.089156715098412e-04 1.689814552779834e-05 -2.811739736874898e-05 4.485518483082114e-06
-1.089154627476140e-04 8.537557911840968e-06 -2.817583670992279e-05 2.081193974680346e-06
-1.046066879063536e-04 1.271776921377675e-05 -2.693102485969672e-05 3.284494252233429e-06
-1.011087129784708e-04 1.690102016181163e-05 -2.593426948127325e-05 4.385903808568361e-06
-1.011085108013094e-04 8.534226169440950e-06 -2.594302632369481e-05 2.105557835713449e-06
-9.720248764148593e-05 1.271738854716424e-05 -2.497966443376629e-05 3.288487357679430e-06
-9.329366986938617e-05 1.690354075239295e-05 -2.389371453118511e-05 4.361281601432835e-06
-9.329373378223958e-05 8.530870986439200e-06 -2.376751614834796e-05 2.129273540901363e-06
-8.938392526651337e-05 1.271686879899480e-05 -2.293085308426920e-05 3.294116049526810e-06
-8.547416152990097e-05 1.690110063768685e-05 -2.180443929401493e-05 4.418449508555308e-06
-8.547434441232594e-05 8.532270095123373e-06 -2.158780103964306e-05 2.098067639069009e-06
-8.156575290356061e-05 1.271634577578527e-05 -2.082353029525543e-05 3.326389690386652e-06
-7.766409042177645e-05 1.688785015733438e-05 -1.975922238419025e-05 4.433695337591458e-06
-7.766438443465576e-05 8.544382297491532e-06 -1.941810093094274e-05 2.103955564770566e-06
-7.376811294597892e-05 1.271576274698684e-05 -1.859812615432950e-05 3.316983729396740e-06
-6.988937033164978e-05 1.685825869294519e-05 -1.764899452959561e-05 4.462881636138479e-06
-6.988963078628662e-05 8.572585132764497e-06 -1.723427315306187e-05 2.155691403626117e-06
-6.602232554696745e-05 1.271502827860451e-05 -1.633814179299445e-05 3.292690854553505e-06
-6.218537435715430e-05 1.680818391282868e-05 -1.552641395716181e-05 4.517729316391195e-06
-6.218541854516108e-05 8.620840818218547e-06 -1.514200591732272e-05 2.233270480035965e-06
-5.836702732772577e-05 1.271412171391076e-05 -1.421553082749696e-05 3.327312305351825e-06
-5.459316934327783e-05 1.673503253873043e-05 -1.338945905280268e-05 4.559189309968729e-06
-5.459295320814500e-05 8.692035212506323e-06 -1.302890353454458e-05 2.256733362173054e-06
-5.084538174768565e-05 1.271313925773951e-05 -1.213909401003244e-05 3.384038638252087e-06
-4.715789347740889e-05 1.663704717076719e-05 -1.134628699770867e-05 4.479666644075977e-06
-4.715751291275182e-05 8.788145664259644e-06 -1.088038987005327e-05 2.319537015437643e-06
-4.350427478649211e-05 1.271220172021857e-05 -1.011449890217615e-05 3.404547392468040e-06
-3.992677417576170e-05 1.651313750203463e-05 -9.295517287883835e-06 4.468179108927032e-06
-3.992617822278015e-05 8.910897664677458e-06 -8.853247113770603e-06 2.341859251824330e-06
-3.653164047924932e-05 1.271039086689311e-05 -8.139440318670884e-06 3.400619879724078e-06
-3.322331556715894e-05 1.636740714377685e-05 -7.386209009182186e-06 4.410351470609196e-06
-3.322221283906040e-05 9.060366686698525e-06 -7.039569280194476e-06 2.356263281225798e-06
-3.076718636860638e-05 1.298763888330888e-05 -6.530703569181543e-06 3.435116245382368e-06
-2.834511141726528e-05 1.623202709079783e-05 -5.956302019635125e-06 4.281683797816573e-06
-2.834127095688870e-05 9.198974087965395e-06 -5.817239305575713e-06 2.494321331211731e-06
-2.492373910110133e-05 1.611529046986138e-05 -5.041835517553449e-06 4.177391159628984e-06
-2.555575923827002e-05 1.388544649285395e-05 -5.191651368147675e-06 3.608884970824978e-06
-2.491798313512525e-05 9.286781265532679e-06 -5.053043129340618e-06 2.539305265191287e-06
-2.250149159533509e-05 9.379858546671462e-06 -4.495023936889886e-06 2.519428323933355e-06
3.302508935330733e-06 7.855590126173999e-07 3.939502457202551e-07 8.189577584252150e-07
3.367948342005126e-06 6.280528165324664e-07 3.971837905514475e-07 8.108602583483749e-07
3.367538013773996e-06 4.189759914575426e-08 3.918783090882765e-07 7.862226156526685e-07
3.302457211284191e-06 -1.131825996526508e-07 3.887436880985878e-07 7.827435261381661e-07
-2.249259695431015e-05 1.603379078053685e-05 -4.410062842992037e-06 4.100661132750614e-06
-2.035833081699694e-05 1.583839160087240e-05 -3.911060680393869e-06 4.026402536250861e-06
-2.198150899550785e-05 1.188041373521176e-05 -4.371306197412490e-06 3.124422219307424e-06
-2.033192168279633e-05 9.290227364817831e-06 -3.962926789138745e-06 2.437909490578373e-06
3.145725777453456e-06 8.507749515507065e-07 3.853737744140332e-07 8.221698329904169e-07
2.987939497588783e-06 2.080195891171398e-07 3.759704441134198e-07 7.955571932232480e-07
3.147218333155119e-06 -1.777846076139724e-07 3.829729396587134e-07 7.839019720484343e-07
-1.966003308986199e-05 1.380347771885922e-05 -3.757475035879743e-06 3.553288369472896e-06
-1.829459331727114e-05 1.538884512345028e-05 -3.456145381473644e-06 3.900858633486927e-06
-1.634728261465048e-05 1.474262571141271e-05 -3.059205011713359e-06 3.731745368253312e-06
-1.901993192243610e-05 1.106787444201626e-05 -3.628948400868481e-06 2.879988588471395e-06
-1.830664517949212e-05 8.864844742531361e-06 -3.483676202619130e-06 2.334015243660871e-06
2.083617536765549e-06 8.688014554919783e-07 3.486584311085116e-07 8.143979176713117e-07
2.083165457831624e-06 -1.952650870913601e-07 3.547119173242942e-07 7.946592284513622e-07
1.533197192616949e-06 3.372195473444422e-07 3.419697698474232e-07 7.849786470126838e-07
-1.454322261105087e-05 1.387387471907845e-05 -2.693969936054862e-06 3.512837344572212e-06
-1.607119359456914e-05 1.269648580323572e-05 -3.000939859382812e-06 3.265437448397915e-06
-1.673644586823945e-05 1.018197923207516e-05 -3.132680019464563e-06 2.670170894919860e-06
-1.645930530074555e-05 8.135896785143953e-06 -3.063210105762231e-06 2.158992024345991e-06
9.368255247951091e-07 9.678606098239573e-07 3.124163443993337e-07 8.117101674659501e-07
9.372892086738915e-07 -2.920815504267473e-07 2.874904527632755e-07 7.026879636829749e-07
2.591113849184309e-07 3.384454262396057e-07 2.463241087681409e-07 7.253199555110819e-07
-1.287862491506820e-05 1.284549812312559e-05 -2.338322343375930e-06 3.254263093524574e-06
-1.140000006644796e-05 1.167425528093194e-05 -1.932059852269485e-06 2.976723855476169e-06
-1.443736896380517e-05 9.802643433420265e-06 -2.617346259801439e-06 2.580189781053247e-06
-1.483477406377107e-05 7.126401428141140e-06 -2.644586840161448e-06 1.886173037716733e-06
-5.192141803423809e-07 1.182317579222327e-06 1.369646419636882e-07 8.616107973401717e-07
-5.190560153482146e-07 -5.045563129625708e-07 1.192235470441738e-07 5.422100117659498e-07
-1.177725464250239e-05 9.915976290032223e-06 -1.997979629260956e-06 2.579644748001370e-06
-1.011206276163030e-05 1.035708972454233e-05 -1.631860674840205e-06 2.685217872766818e-06
-1.239657004428145e-05 7.984807420660259e-06 -2.112265586671213e-06 2.105177847766628e-06
-1.346776262101583e-05 5.917447927524620e-06 -2.319739680737146e-06 1.629915480953092e-06
-1.376664143425992e-06 3.394932515252214e-07 -5.173655012143931e-08 6.700771649221002e-07
-2.397056298060043e-06 1.492203312699277e-06 -2.608840212516638e-07 9.002398114980592e-07
-2.395076820516817e-06 -8.151209856636948e-07 -2.719695631525380e-07 3.958342501153193e-07
-8.991291540653028e-06 8.944597255039024e-06 -1.385977852162981e-06 2.402973518915769e-06
-8.092289852896352e-06 7.490195764759267e-06 -1.160687155142266e-06 2.018117806673613e-06
-7.399262894508482e-06 5.964516365158928e-06 -1.032320399963398e-06 1.623178100354196e-06
-1.114485382548218e-05 6.284997150964267e-06 -1.860060091211161e-06 1.713498440298396e-06
-1.238073604623206e-05 4.571901149487356e-06 -2.092842650542424e-06 1.361288873588274e-06
-3.216688591210084e-06 3.436500910646431e-07 -4.409505674542630e-07 6.249169906972515e-07
-4.223589252083478e-06 1.797465080181523e-06 -6.268162502251943e-07 8.939329245374417e-07
-4.224210685641884e-06 -1.133670531901371e-06 -6.284269126167957e-07 3.513948289775593e-07
-8.912951006183508e-06 5.955040050149625e-06 -1.370820917095586e-06 1.617696687917875e-06
-6.882286505943881e-06 4.418116569029889e-06 -9.565075676686318e-07 1.272443059976248e-06
-5.873288644107442e-06 2.056297292512990e-06 -8.906953185381232e-07 8.881568578169110e-07
-6.346530302249530e-06 2.317970439649620e-06 -9.542238345659829e-07 9.139139495713947e-07
-6.589579220107991e-06 2.856624692110076e-06 -9.674866480887264e-07 9.946146115635625e-07
-1.027980434959698e-05 4.378009115267438e-06 -1.674080576311485e-06 1.309096783554314e-06
-1.157042207922319e-05 3.153199767105788e-06 -1.929442778280675e-06 1.108934363981884e-06
-5.127985330103725e-06 5.583001235478180e-07 -7.848538685194595e-07 6.501525680949878e-07
-5.902341114029727e-06 -1.366209190122281e-06 -9.365446658018744e-07 2.648147071834147e-07
-7.933612644328685e-06 3.330318216053689e-06 -1.177944522447425e-06 1.069578866705768e-06
-6.390697055322238e-06 1.280942522547820e-06 -9.834170814263210e-07 7.449107181181884e-07
-6.953364959123172e-06 2.133210920483941e-06 -1.044007141981943e-06 8.711102208768522e-07
-9.672081779361508e-06 2.716282163719281e-06 -1.528029038748967e-06 9.869408535251933e-07
-1.105816755610496e-05 1.725682141200489e-06 -1.812944984301096e-06 7.799651414613017e-07
-6.443763910867481e-06 -3.831560473683074e-07 -1.024064454112468e-06 4.390155326838384e-07
-6.389213877806359e-06 -1.615792691877512e-06 -1.021500704694032e-06 2.086180296897461e-07
-8.260392010946067e-06 9.164782530647615e-07 -1.274323516020096e-06 6.387985294636989e-07
-1.087168806612467e-05 3.135382551368236e-07 -1.771324092536399e-06 5.080475434429829e-07
-1.097413981433265e-05 -1.060059205504004e-06 -1.729365579748952e-06 2.610307281127103e-07
-7.439032519085556e-06 -1.288812683312870e-06 -1.201310285142326e-06 2.500772999002346e-07
-6.676142827112294e-06 -2.144432592673401e-06 -1.068971541354658e-06 1.287565036163639e-07
-7.032828675334356e-06 -3.590948038776950e-06 -1.134029119184742e-06 -6.905099459594234e-08
-9.604799111442353e-06 -1.243405104319210e-06 -1.528601920411337e-06 2.138052705868002e-07
-7.555953197991805e-06 -4.978687552791342e-06 -1.239762131635349e-06 -2.359986141212573e-07
-1.136843726732603e-05 -2.442658645354609e-06 -1.715761930436569e-06 6.362406359577431e-08
-8.342522779939532e-06 -3.645742873763241e-06 -1.356709968802135e-06 -7.186579307655671e-08
-1.025824806490430e-05 -3.754565470144726e-06 -1.571309953114112e-06 -9.073043319687056e-08
-8.237000696724019e-06 -6.297261860835428e-06 -1.373509073314961e-06 -3.834666027017151e-07
-1.201728027457416e-05 -3.756797937288287e-06 -1.746608499970014e-06 -1.105986528483831e-07
-1.145508530526010e-05 -5.043041723696836e-06 -1.668015021189491e-06 -2.611337302018888e-07
-1.014722039500931e-05 -5.843890115796387e-06 -1.578318042481639e-06 -3.359297174392871e-07
-9.067270063393833e-06 -7.543440060333163e-06 -1.547157992411244e-06 -4.446657795924371e-07
-1.004800929206512e-05 -8.697482337143376e-06 -1.650287699282625e-06 -4.037895950603577e-07
-1.290498727476858e-05 -4.963961151367055e-06 -1.738218799793063e-06 -2.578491681379715e-07
-1.225089203746436e-05 -6.476780572207819e-06 -1.683769600305063e-06 -3.513560767379589e-07
-1.148392806642215e-05 -8.237570378019986e-06 -1.701702540779160e-06 -3.927161634085008e-07
-1.115785261231150e-05 -9.743277324703217e-06 -1.723215035197763e-06 -3.689988989375718e-07
-1.400069076947004e-05 -6.018492668040792e-06 -1.735415159178611e-06 -3.161446356487886e-07
-1.366493408524485e-05 -8.225252388860645e-06 -1.702567222568884e-06 -3.485763451879865e-07
-1.239202413810603e-05 -1.065809658156243e-05 -1.727586189738973e-06 -3.457489335571295e-07
-1.373652248615868e-05 -1.143404956186081e-05 -1.713982716146010e-06 -3.339557151104644e-07
-1.516746615786698e-05 -1.205957428576076e-05 -1.649997265950706e-06 -2.726785322247159e-07
-1.528725393499504e-05 -8.696847804863015e-06 -1.729000112305128e-06 -3.352292718561243e-07
-1.527707945895143e-05 -6.883772836340083e-06 -1.738795211755273e-06 -3.208553235581896e-07
-1.496642679429442e-05 -1.049736682093951e-05 -1.691288820780790e-06 -3.544963626716087e-07
-1.667268902038897e-05 -1.251571597006488e-05 -1.552497680845796e-06 -2.222608357259993e-07
-1.822995465108636e-05 -1.280080060633665e-05 -1.522999226726537e-06 -1.677644098300379e-07
-1.658091045053117e-05 -9.101510054801837e-06 -1.710969946509731e-06 -3.412673281481634e-07
-1.670105582957049e-05 -7.520851219416164e-06 -1.711537325575464e-06 -3.713938511534301e-07
-1.981495522920729e-05 -1.290578942274038e-05 -1.492687007451144e-06 -9.988355617658474e-08
-1.804748686165976e-05 -1.057034004443068e-05 -1.590247437166054e-06 -2.671818401396139e-07
-1.822779542379645e-05 -7.906787579453160e-06 -1.595974048597997e-06 -4.385542594673366e-07
-2.016437861232442e-05 -1.080926689019563e-05 -1.501246326762798e-06 -2.457325217141906e-07
-2.157401926702347e-05 -1.292249182723358e-05 -1.369808514570630e-06 -1.959421865323668e-08
-1.980987419124041e-05 -8.031165338013962e-06 -1.497853155775182e-06 -4.732194531269200e-07
-2.400760230955942e-05 -1.293887780977925e-05 -1.121437728139464e-06 -6.145415558379282e-09
-2.208049680335508e-05 -9.614499601459158e-06 -1.298628629438914e-06 -3.720687424633911e-07
-2.157294573651681e-05 -8.015055251577873e-06 -1.334207669744297e-06 -5.024165455465536e-07
-2.738262039781826e-05 -1.296239111795884e-05 -7.727082871338471e-07 4.258706995718134e-08
-2.570615796992181e-05 -1.027474459715257e-05 -9.280491989549235e-07 -2.496429119873419e-07
-2.400786593978305e-05 -7.994952376953329e-06 -1.090297375153667e-06 -4.815582353671354e-07
-3.187672056615205e-05 -1.298503579194044e-05 -2.026131728055019e-07 3.722176503329659e-08
-2.962346994418324e-05 -1.046910186290565e-05 -4.386899339903574e-07 -2.570610771787594e-07
-2.738259280996261e-05 -7.973686960646626e-06 -6.597225289273354e-07 -5.072855362594539e-07
-3.659194471631756e-05 -1.300065833464538e-05 1.992576672401879e-07 -1.111723024185301e-07
-3.422978576721350e-05 -1.046977892736943e-05 5.445898539942867e-08 -2.350008500044018e-07
-3.187653140553093e-05 -7.953586097598163e-06 -1.499787014707681e-07 -4.652980534611265e-07
-4.132843507292037e-05 -1.301062175103828e-05 2.337602344806076e-07 -2.758095905713189e-07
-3.895747231296716e-05 -1.047052126843063e-05 2.580320244104783e-07 -2.453362501073785e-07
-3.659187489539099e-05 -7.939590535393770e-06 2.172092096854222e-07 -3.536720305470694e-07
-4.607719848453934e-05 -1.301687842077644e-05 5.251835699545636e-08 -3.783275411954236e-07
-4.370127921107691e-05 -1.047131726010692e-05 1.364894722144316e-07 -2.687032425256317e-07
-4.132842550827419e-05 -7.931167394516787e-06 2.313646386399794e-07 -1.996422447636648e-07
-5.083285183694536e-05 -1.302080541051299e-05 -1.621570146239195e-07 -3.498409632994283e-07
-4.845409734406879e-05 -1.047220145770859e-05 -8.525166587842620e-08 -2.965570968143083e-07
-4.607710274125689e-05 -7.926651657625761e-06 6.484051630998408e-08 -1.751873325372487e-07
-5.559267811874970e-05 -1.302369871131060e-05 -2.024600016516431e-07 -2.927531178621162e-07
-5.321214252004938e-05 -1.047319373171807e-05 -2.088845086117233e-07 -3.197113983103480e-07
-5.083269970008976e-05 -7.924581952364493e-06 -1.217452201071531e-07 -2.433968844620113e-07
-6.035498920492113e-05 -1.302581773605809e-05 -9.779785588575297e-08 -2.689368033896427e-07
-5.797350469780118e-05 -1.047429983456632e-05 -1.470848505299438e-07 -3.269764073816221e-07
-5.559250218561860e-05 -7.923783318782275e-06 -1.145817131900111e-07 -3.181268915350788e-07
-6.511845106258951e-05 -1.302696149829606e-05 1.821186970148202e-08 -2.657072800711729e-07
-6.273670895598215e-05 -1.047524901278625e-05 -5.442654124607712e-08 -3.043289161775716e-07
-6.035501225385287e-05 -7.923752154373050e-06 -4.905141802862052e-08 -3.367130749297718e-07
-6.988204862939410e-05 -1.302765008558828e-05 6.111049755909849e-09 -3.432230968432562e-07
-6.750028244386012e-05 -1.047604452704235e-05 3.133734495779961e-08 -2.871250499091829e-07
-6.511850104602288e-05 -7.924393376566900e-06 4.005784293158049e-09 -3.468318049350906e-07
-8.008428211748717e-05 -1.274802725150947e-05 -3.225347263978745e-07 -3.649637469925705e-07
-7.940783208809799e-05 -1.302822109685177e-05 -2.995557478038931e-07 -3.757117034484912e-07
-7.201564938887069e-05 -1.047668506367350e-05 -1.215601593896267e-08 -2.918001662061226e-07
-7.464511137739642e-05 -1.302814025959222e-05 -7.790968783939372e-08 -3.717320939297968e-07
-6.988200914552514e-05 -7.925124451190602e-06 2.792608366161967e-08 -2.664473278035831e-07
-8.036447949137241e-05 -1.207158034429638e-05 -3.308861638052894e-07 -3.410000544241572e-07
-7.876387799825220e-05 -1.047717268703041e-05 -2.606698161229857e-07 -2.869928000531962e-07
-7.464507232597678e-05 -7.925825561853344e-06 -6.185107887775771e-08 -2.057532055351926e-07
-8.036457170226863e-05 -8.882714825379846e-06 -3.024900162920870e-07 -2.471063439319672e-07
-7.940790079346545e-05 -7.926022025559126e-06 -2.716410642902111e-07 -2.182209428403050e-07
-8.008437163464831e-05 -8.206231959718212e-06 -2.925860210734709e-07 -2.269910839792345e-07
