-1.129790331325228e-04 1.578985677513722e-05 -3.188077415980459e-05 4.356392184292589e-06
-1.134253646987546e-04 1.471255397935292e-05 -3.198789625524089e-05 4.104114647587923e-06
-1.134253003524740e-04 9.633479552975715e-06 -3.194540760508899e-05 2.901086948844562e-06
-1.129789664478324e-04 8.556195627104481e-06 -3.183331699573482e-05 2.641039996578917e-06
-1.119015444128676e-04 1.623604720887793e-05 -3.162232836168213e-05 4.458571590510492e-06
-1.098800545848794e-04 1.217301073602087e-05 -3.112603638941966e-05 3.491261299575477e-06
-1.119014842618909e-04 8.110013954417715e-06 -3.156762793901835e-05 2.534614731964857e-06
-1.043146073050792e-04 1.623321297317296e-05 -2.989079489743735e-05 4.351335360888632e-06
-1.043145374058747e-04 8.112814417877797e-06 -2.983941049213556e-05 2.575740694727708e-06
-1.001292733336464e-04 1.217297819457033e-05 -2.892652642806081e-05 3.444073813975818e-06
-9.673855944915812e-05 1.622317176719974e-05 -2.820666369530077e-05 4.356682780024045e-06
-9.673841390100826e-05 8.122975578676270e-06 -2.815477397725819e-05 2.577480155209013e-06
-9.295817889772105e-05 1.217297192242047e-05 -2.736109429715516e-05 3.370864884672553e-06
-8.918851800266768e-05 1.620539200756999e-05 -2.644365601605077e-05 4.402221065129771e-06
-8.918860817944253e-05 8.141058611320269e-06 -2.654816003711028e-05 2.457703960145853e-06
-8.542576107548743e-05 1.217319597854170e-05 -2.558991582551542e-05 3.318717282941120e-06
-8.167861409404733e-05 1.617957198707876e-05 -2.449574299519582e-05 4.433384890097717e-06
-8.167899840753675e-05 8.167487749168951e-06 -2.476202195819513e-05 2.324544336496949e-06
-7.794128447756752e-05 1.217359438300772e-05 -2.358993376932969e-05 3.295277338335584e-06
-7.422520700176176e-05 1.614480798596753e-05 -2.226737422964232e-05 4.487957013721056e-06
-7.422561110477522e-05 8.202907212709722e-06 -2.269731040134852e-05 2.079069386508353e-06
-7.052178581192184e-05 1.217402925281905e-05 -2.134096569251484e-05 3.307817444564330e-06
-6.684630587875354e-05 1.609977603621018e-05 -1.995156944036871e-05 4.549684871676392e-06
-6.684679059057139e-05 8.248920493363723e-06 -2.038040161525949e-05 1.907408006771986e-06
-6.318664777278448e-05 1.217469876926083e-05 -1.881578646988514e-05 3.286334479718376e-06
-5.956227697578216e-05 1.604328630871812e-05 -1.749668390260937e-05 4.623450650120307e-06
-5.956289780170835e-05 8.306881725905577e-06 -1.780958127516980e-05 1.793535398247901e-06
-5.595759067277826e-05 1.217544635238081e-05 -1.605504342809846e-05 3.260969641801963e-06
-5.239576210958969e-05 1.597429340954232e-05 -1.485315616371941e-05 4.725754258011376e-06
-5.239691519405220e-05 8.377456965003204e-06 -1.511753756570225e-05 1.762431239040073e-06
-4.885815428927749e-05 1.217641637338631e-05 -1.323922018590170e-05 3.238750516700724e-06
-4.537118133652441e-05 1.589192608193329e-05 -1.206537356018526e-05 4.741048711524132e-06
-4.537251613848873e-05 8.462148901388479e-06 -1.239966182386626e-05 1.767245201491277e-06
-4.191286560420615e-05 1.217768899572105e-05 -1.056787967530719e-05 3.252366783657178e-06
-3.851505583828293e-05 1.579243664173990e-05 -9.374723668564106e-06 4.605894373326515e-06
-3.851569470728694e-05 8.564831358276628e-06 -9.683760182794822e-06 1.894849525101983e-06
-3.528538500912168e-05 1.217832049314734e-05 -8.157193516339836e-06 3.283832582224269e-06
-3.212598871259302e-05 1.567389601528511e-05 -6.992608303822701e-06 4.470734890948875e-06
-3.212582352910015e-05 8.691223720143040e-06 -7.190558430820280e-06 2.053776742004741e-06
-2.977740088624575e-05 1.244586743961927e-05 -6.204876837371915e-06 3.420321260240402e-06
-2.745258965754437e-05 1.555855029760522e-05 -5.475562390851476e-06 4.389001571700641e-06
-2.744983528892763e-05 8.812976032996663e-06 -5.521921450008283e-06 2.175233656822082e-06
-2.416495950533994e-05 1.545432991729070e-05 -4.463377902743719e-06 4.302140702483147e-06
-2.477435006062411e-05 1.331041321695158e-05 -4.622556487767546e-06 3.697129838208305e-06
-2.416006300086816e-05 8.893146143596361e-06 -4.455398043511528e-06 2.279387360647217e-06
-2.183448638623034e-05 8.979666257730701e-06 -3.743535713534434e-06 2.389073511558979e-06
3.209403049680754e-06 6.574811314010572e-07 3.312619978108918e-07 7.720162934517843e-07
3.273048868955868e-06 5.043026647220523e-07 3.329713662131228e-07 7.714317522049208e-07
3.272666881400404e-06 -6.584889656707521e-08 3.439824647857031e-07 7.692419804769957e-07
3.209361872994324e-06 -2.167329142950926e-07 3.424730284264975e-07 7.623770000407391e-07
-2.182578979064473e-05 1.537990811665275e-05 -3.752752726988793e-06 4.197186088260200e-06
-1.977024560954094e-05 1.519462638290078e-05 -3.184775250038946e-06 4.105733342043535e-06
-2.133505810768981e-05 1.138477318983037e-05 -3.558802800096598e-06 3.076545791511886e-06
-1.974599443307711e-05 8.891427452719118e-06 -3.175599101528149e-06 2.460488269996569e-06
3.056940537490518e-06 7.208856766836888e-07 3.289700532250670e-07 7.724383984406332e-07
2.903519391052539e-06 9.559185312844618e-08 3.342764496233162e-07 7.738030293288879e-07
3.058343888999110e-06 -2.796652857955446e-07 3.368492181417085e-07 7.581219743116624e-07
-1.909848759955002e-05 1.323668554140905e-05 -2.980690958712591e-06 3.573219228291460e-06
-1.778226266119797e-05 1.476431971598530e-05 -2.650125090671897e-06 3.956303253014793e-06
-1.590526505384777e-05 1.414350765254786e-05 -2.166623771425744e-06 3.800176229857990e-06
-1.848199241869849e-05 1.060298614516560e-05 -2.826674747624004e-06 2.928175032040748e-06
-1.779449455842881e-05 8.480479621207374e-06 -2.628636498460071e-06 2.394943792010990e-06
2.024064600620682e-06 7.383364903684719e-07 3.213201354259736e-07 8.025445723417627e-07
2.023304498548274e-06 -2.978752074004882e-07 3.086426184036424e-07 7.645871311340188e-07
1.487758026879599e-06 2.201643104497375e-07 3.078933528553677e-07 7.969964433786074e-07
-1.416573261784683e-05 1.330816872153529e-05 -1.744136202404436e-06 3.586016270644881e-06
-1.563954149978242e-05 1.217280155069355e-05 -2.090307223102244e-06 3.319331573979364e-06
-1.628093774652992e-05 9.749773592288079e-06 -2.242826460932090e-06 2.692057256278779e-06
-1.601395341139366e-05 7.777143699101391e-06 -2.172326090162625e-06 2.257689994327290e-06
9.060195587516892e-07 8.357084535147048e-07 3.074758668634403e-07 8.323256948561778e-07
9.061783107860180e-07 -3.951571464003764e-07 3.472699285363933e-07 8.034292437229929e-07
2.430876105902249e-07 2.203053019207993e-07 2.839712599020957e-07 8.449550539989800e-07
-1.256012204696134e-05 1.231836647172572e-05 -1.368255364122545e-06 3.317936398679194e-06
-1.113320659655175e-05 1.119041372843854e-05 -1.081803960442697e-06 3.014065700897440e-06
-1.406418268279418e-05 9.384656271667799e-06 -1.732363662814706e-06 2.569331952111918e-06
-1.444818563043840e-05 6.803292177950564e-06 -1.858158635504690e-06 2.076895743440425e-06
-5.186177916149526e-07 1.045832330255533e-06 2.543059209534421e-07 8.954758490478280e-07
-5.187514296647503e-07 -6.053922929627383e-07 2.248976043935751e-07 7.857344052042042e-07
-1.149736318640162e-05 9.495256523600611e-06 -1.180593533817495e-06 2.585201924091142e-06
-9.888778884131182e-06 9.921408479141091e-06 -8.328796317704312e-07 2.683019728415381e-06
-1.209575783734014e-05 7.631964873013644e-06 -1.344140296871963e-06 2.206600864051103e-06
-1.313077166842309e-05 5.636107398729746e-06 -1.571049315554878e-06 1.795262267023350e-06
-1.358659440303565e-06 2.203472530459925e-07 1.985338738732126e-07 8.584521259055262e-07
-2.358107856728678e-06 1.348457589193850e-06 6.729802088573382e-08 1.031068975674031e-06
-2.356435304417393e-06 -9.103419469673573e-07 8.874578105825901e-08 7.590355522693006e-07
-8.805207075776554e-06 8.559833302721267e-06 -6.322804615462668e-07 2.365157973996570e-06
-7.934070194335215e-06 7.155988025605394e-06 -5.534090681540250e-07 2.099712267242839e-06
-7.259953204238321e-06 5.682066952533381e-06 -4.763451199897871e-07 1.820801596755686e-06
-1.088700857071833e-05 5.991604278513320e-06 -1.109846665088611e-06 1.854216793425647e-06
-1.208327266741592e-05 4.334771528679297e-06 -1.355396772887220e-06 1.565234697328709e-06
-3.161205477741463e-06 2.236990034331162e-07 -2.763806286685775e-08 9.090718621907573e-07
-4.146639404945393e-06 1.645267515344524e-06 -1.455651315857608e-07 1.074864845932123e-06
-4.147418010765150e-06 -1.220923644489437e-06 -1.298418808811834e-07 7.262209294237618e-07
-8.727257411342041e-06 5.673376785817328e-06 -7.185379674145634e-07 1.812607061364420e-06
-6.755739584299164e-06 4.186169684540638e-06 -4.097699045109940e-07 1.554278472516186e-06
-5.761818055934444e-06 1.895779832029754e-06 -3.196384138531696e-07 1.131616029319952e-06
-6.225948584646367e-06 2.149796870854501e-06 -3.558307964169091e-07 1.179726182084953e-06
-6.465679450522823e-06 2.672739870646588e-06 -3.734849792320079e-07 1.272792460115396e-06
-1.005136977800593e-05 4.147610188043649e-06 -9.644806993483758e-07 1.526862474651794e-06
-1.130357973768386e-05 2.959792922877200e-06 -1.174772195806404e-06 1.289139730593540e-06
-5.031995274161560e-06 4.328956310348950e-07 -2.342591987596266e-07 9.380578394044415e-07
-5.786789286551406e-06 -1.446283938034391e-06 -3.198918652410857e-07 7.430070622384348e-07
-7.774571787492891e-06 3.132977730658387e-06 -5.923059889011242e-07 1.352483508640823e-06
-6.267413211871694e-06 1.138657156324838e-06 -3.686249320920453e-07 1.043743114692533e-06
-6.818401686622134e-06 1.969401930290826e-06 -4.368574349908456e-07 1.161207667650219e-06
-9.463169459275843e-06 2.536365934140210e-06 -8.727060207222574e-07 1.226484752722918e-06
-1.081255922396125e-05 1.572471887011805e-06 -1.049704438593710e-06 1.094452578937276e-06
-6.316351236674003e-06 -4.855608650462085e-07 -3.944304405839853e-07 8.598105587378695e-07
-6.260838496009364e-06 -1.689430478123551e-06 -4.196952568969385e-07 7.150021843703462e-07
-8.090780311015047e-06 7.854166260362958e-07 -6.661859784310803e-07 9.815566937750724e-07
-1.063573336501539e-05 1.967970695182820e-07 -1.008105722286739e-06 8.962144288296984e-07
-1.074260875616381e-05 -1.144791356669899e-06 -1.040780603143649e-06 7.591751009737991e-07
-7.286145646619879e-06 -1.368691429390641e-06 -5.695173168072130e-07 7.523143953952393e-07
-6.539369851068374e-06 -2.206107471603642e-06 -4.980581935618362e-07 6.299724247085828e-07
-6.884549450876627e-06 -3.623023375665289e-06 -5.941312600730680e-07 4.178871411145725e-07
-9.403351963611022e-06 -1.322112169725118e-06 -8.663331986305188e-07 7.491406218387777e-07
-7.392785249857322e-06 -4.986899879291900e-06 -6.793434655808831e-07 2.500591726874170e-07
-1.113470196034018e-05 -2.495939213650339e-06 -1.125189795724743e-06 5.473992064741280e-07
-8.166610674731634e-06 -3.675347768304605e-06 -7.323387788183976e-07 3.796941386547436e-07
-1.004654898836599e-05 -3.781799329380681e-06 -9.874859478357295e-07 3.433092565577769e-07
-8.058323541500547e-06 -6.284548355574022e-06 -7.381178210933729e-07 1.049958633007332e-07
-1.177795918500837e-05 -3.783722381074339e-06 -1.214570481779464e-06 3.488481434163868e-07
-1.122613181464564e-05 -5.047818420266539e-06 -1.167471611325447e-06 2.032226434717079e-07
-9.936865307073058e-06 -5.836956949683106e-06 -9.946873416270050e-07 1.323987064342743e-07
-8.871912429415154e-06 -7.515374524097483e-06 -8.030640836116767e-07 -5.093008563172890e-08
-9.837234346077216e-06 -8.658399321938733e-06 -9.511683725548482e-07 -2.459237328269504e-07
-1.265910638487636e-05 -4.968395210564398e-06 -1.366159331671194e-06 1.999923978759233e-07
-1.201305460183956e-05 -6.461131798610746e-06 -1.317247291168168e-06 3.845653006632797e-08
-1.125438796062856e-05 -8.203391898431874e-06 -1.204269735306352e-06 -1.690586209395143e-07
-1.093161465497900e-05 -9.698057998233550e-06 -1.135079412585692e-06 -3.659991996895009e-07
-1.374774772010005e-05 -6.005447767373355e-06 -1.496668869671718e-06 8.097223873059555e-08
-1.341516011487221e-05 -8.191661382363644e-06 -1.484459956819373e-06 -1.696438801765370e-07
-1.215259904740644e-05 -1.060907312520442e-05 -1.330181774254450e-06 -4.407057864692850e-07
-1.348761727931872e-05 -1.138489265958948e-05 -1.498541932890562e-06 -4.662373019148686e-07
-1.491130461122894e-05 -1.201370073141006e-05 -1.677121975581064e-06 -4.786272936569836e-07
-1.502923863425381e-05 -8.659826687618545e-06 -1.651965566341032e-06 -2.166281899661732e-07
-1.501849944957390e-05 -6.858608374002876e-06 -1.648497143915933e-06 -3.251843392140594e-08
-1.470934948917689e-05 -1.045325366698584e-05 -1.647598362966961e-06 -3.650453848012538e-07
-1.641334021403307e-05 -1.247313802381983e-05 -1.846470635783935e-06 -4.733549541013679e-07
-1.797088824659148e-05 -1.276264688378130e-05 -1.939583823121745e-06 -4.387278857547867e-07
-1.631973504152003e-05 -9.061954743591376e-06 -1.766273116472306e-06 -2.498014930225788e-07
-1.644013245177950e-05 -7.486331041788573e-06 -1.772518871247944e-06 -1.013453443408369e-07
-1.955852095665885e-05 -1.287149923527277e-05 -2.020448540788664e-06 -4.136209105777438e-07
-1.778579800262340e-05 -1.052930746702202e-05 -1.923433666217214e-06 -3.605110971067588e-07
-1.796737255865392e-05 -7.865033151296485e-06 -1.930918951095041e-06 -1.594999516571326e-07
-1.990827342045228e-05 -1.076908782870195e-05 -2.020054366924223e-06 -3.491032815087756e-07
-2.132481991955622e-05 -1.289221187624051e-05 -2.073096816107520e-06 -4.117865470857337e-07
-1.955231378632909e-05 -7.985046646896631e-06 -2.050460341165072e-06 -2.007338773770699e-07
-2.377200999720855e-05 -1.291178288148479e-05 -2.103226052828380e-06 -3.567707570353775e-07
-2.183270651984684e-05 -9.569406781789564e-06 -2.107030569759164e-06 -2.793616797373817e-07
-2.132393367997565e-05 -7.963965271292498e-06 -2.095591346456914e-06 -2.229713567296661e-07
-2.717191073598560e-05 -1.293861268530356e-05 -2.028577930814458e-06 -2.769443022409741e-07
-2.548222901722209e-05 -1.023172338025159e-05 -2.112140536146796e-06 -3.280278565331543e-07
-2.377270151055633e-05 -7.938408213724023e-06 -2.142532531568915e-06 -2.722179275551080e-07
-3.170352952595618e-05 -1.296190225369685e-05 -1.908281168071379e-06 -1.834216071513711e-07
-2.943139393107451e-05 -1.042637199393694e-05 -2.034058801215564e-06 -2.868940979520524e-07
-2.717234605769591e-05 -7.912699406614956e-06 -2.135094579212247e-06 -3.405197953531990e-07
-3.645687348132583e-05 -1.297501535446542e-05 -1.689224945828442e-06 -1.913111432081955e-07
-3.407637244898247e-05 -1.042575925635626e-05 -1.827285692996020e-06 -2.991708470284349e-07
-3.170377470455819e-05 -7.890062129447522e-06 -2.001073045651226e-06 -4.307414234520266e-07
-4.122677904643886e-05 -1.298087366682376e-05 -1.432976187014802e-06 -1.605128507904279e-07
-3.884005481463700e-05 -1.042511913192496e-05 -1.553199956220366e-06 -3.041077667967820e-07
-3.645701403708513e-05 -7.875952472519726e-06 -1.757343526716347e-06 -4.299438485159095e-07
-4.600351350399582e-05 -1.298255257441801e-05 -1.153654615105972e-06 -1.346728445551685e-07
-4.361457861945741e-05 -1.042438913138948e-05 -1.288661682859524e-06 -3.083639028795230e-07
-4.122687149371515e-05 -7.868638670439458e-06 -1.458084350465827e-06 -4.397104591571410e-07
-5.078199345659679e-05 -1.298196130178579e-05 -7.901580825628380e-07 -1.725088524204453e-07
-4.839284804339610e-05 -1.042354893703919e-05 -1.012111452994942e-06 -3.149608867615077e-07
-4.600364290943818e-05 -7.865314771138655e-06 -1.195424475022466e-06 -4.742206944357992e-07
-5.555930219764817e-05 -1.297937760936166e-05 -4.099773809110333e-07 -1.190181987318759e-07
-5.317131440250380e-05 -1.042242279971251e-05 -6.607458244100539e-07 -2.923622606162663e-07
-5.078234749718163e-05 -7.864015464214695e-06 -9.348376043717188e-07 -4.649221722173830e-07
-6.033249097195996e-05 -1.297536472730692e-05 -1.469542766229493e-07 -9.533952726277139e-08
-5.794701484663675e-05 -1.042105726425449e-05 -2.966733559717806e-07 -2.363753287290927e-07
-5.555969031585893e-05 -7.864151342915250e-06 -5.679990792431439e-07 -4.583402372168409e-07
-6.510006207188588e-05 -1.297155438001489e-05 -3.034987727746067e-08 -1.712657877404420e-07
-6.271729790501113e-05 -1.041968792784833e-05 -8.387945439214225e-08 -1.950849715859362e-07
-6.033280266872724e-05 -7.865403722173829e-06 -2.714340263563890e-07 -3.956442696997554e-07
-6.986306193585037e-05 -1.296891224992610e-05 5.029399657136058e-08 -1.683367028703065e-07
-6.748220854567544e-05 -1.041869644797392e-05 -1.328027453014176e-08 -1.912697461467216e-07
-6.510021566570399e-05 -7.866742288548228e-06 -1.002719236131974e-07 -2.511017235878291e-07
-8.006012855667437e-05 -1.268729395261512e-05 -2.307536447188893e-07 -2.790321705337804e-07
-7.938400378455578e-05 -1.296735543079680e-05 -2.006541005483249e-07 -2.869696750812913e-07
-7.199579708866913e-05 -1.041810823933187e-05 -3.167976195930463e-08 -1.562888440102341e-07
-7.462372522755602e-05 -1.296762577772957e-05 -8.969421177413388e-08 -2.326742921488992e-07
-6.986315187293032e-05 -7.867779680393196e-06 -5.106074487382126e-08 -1.572572734906519e-07
-8.034018721972726e-05 -1.201116630711803e-05 -2.453107988893065e-07 -2.547051515635948e-07
-7.874034924300642e-05 -1.041756157216161e-05 -1.903847502119005e-07 -1.852314514473259e-07
-7.462384697715162e-05 -7.868041262502223e-06 -1.244309694411218e-07 -1.337726263637180e-07
-8.034016026361677e-05 -8.823953484119611e-06 -2.961372432268785e-07 -8.765258829579212e-08
-7.938401902223852e-05 -7.867831299464447e-06 -2.543500935884111e-07 -4.915020780894070e-08
-8.006011190595010e-05 -8.147870343026829e-06 -2.851621066326669e-07 -5.908586696187160e-08
