-3.053945901416966e-05 5.782084738479268e-06 4.868434098029139e-05 -6.700797042523757e-06
-3.063649997214045e-05 5.547767283639304e-06 4.889937710098323e-05 -6.183374817192855e-06
-3.063653035323253e-05 4.443395702701946e-06 4.887429360240844e-05 -3.705042695544145e-06
-3.053950290463908e-05 4.209120602732984e-06 4.865384060754286e-05 -3.173079992524312e-06
-3.030517408364492e-05 5.879150972829355e-06 4.816454913589375e-05 -6.915177424246720e-06
-2.986587462488283e-05 4.995588997547619e-06 4.714332060336935e-05 -4.943012135687362e-06
-3.030525103925002e-05 4.112074264240433e-06 4.812252233777762e-05 -2.952606154434167e-06
-2.865551956447924e-05 5.879611078701516e-06 4.441992754548801e-05 -6.919914766552625e-06
-2.865573508623896e-05 4.111847106488645e-06 4.436454274909220e-05 -2.960777837711373e-06
-2.774467888443760e-05 4.995854544938678e-06 4.236955224386460e-05 -4.947532705177454e-06
-2.700530616038234e-05 5.880579140596572e-06 4.074413870140877e-05 -6.860753369977167e-06
-2.700547108382281e-05 4.111635164406410e-06 4.067300355810977e-05 -3.026554995701729e-06
-2.617965039594116e-05 4.996194957983342e-06 3.900569570437749e-05 -4.924930866159099e-06
-2.535349292371988e-05 5.882212882982994e-06 3.718345252066047e-05 -6.794698136619019e-06
-2.535379248979467e-05 4.110960165963260e-06 3.713403233460235e-05 -3.077947322955120e-06
-2.452679337040588e-05 4.996527280051695e-06 3.551042643385434e-05 -4.898349896896566e-06
-2.369872265162158e-05 5.884732234872629e-06 3.374535550627862e-05 -6.748073792120847e-06
-2.369968181989357e-05 4.109186884713051e-06 3.368467076320322e-05 -3.127096138601644e-06
-2.287020022345586e-05 4.996885118281403e-06 3.209452127509427e-05 -4.872975744004948e-06
-2.203889595701843e-05 5.888205395651711e-06 3.032222800413416e-05 -6.726069334679122e-06
-2.204018615372532e-05 4.106096300698568e-06 3.045098687184256e-05 -3.128224792220827e-06
-2.120702979708759e-05 4.997271107763889e-06 2.876208358996701e-05 -4.854387519116180e-06
-2.037147432107799e-05 5.892488909566316e-06 2.688711457351782e-05 -6.654493011057576e-06
-2.037250063774150e-05 4.102106097495987e-06 2.727441990038688e-05 -3.192239136647922e-06
-1.953540054608377e-05 4.997578513929185e-06 2.559643449005127e-05 -4.926194414555172e-06
-1.869612728879686e-05 5.896519505116003e-06 2.367233353527586e-05 -6.609793827297412e-06
-1.869663188690730e-05 4.098248799496210e-06 2.403567576477483e-05 -3.253091783247932e-06
-1.785653469316570e-05 4.997594791908385e-06 2.255753368906899e-05 -4.986074559272630e-06
-1.701465302795050e-05 5.899816746184363e-06 2.072443856796119e-05 -6.565342274191894e-06
-1.701463613576624e-05 4.094738973179146e-06 2.085894206693942e-05 -3.326497231376266e-06
-1.617217156378528e-05 4.997452772238948e-06 1.958588772365193e-05 -5.028935475353032e-06
-1.532723867566241e-05 5.904388983513937e-06 1.792807943798588e-05 -6.571822539785797e-06
-1.532678165806795e-05 4.090118916813427e-06 1.781465892353114e-05 -3.401103541386136e-06
-1.448044000552487e-05 4.997380935043573e-06 1.655705276828349e-05 -5.077331649556625e-06
-1.362929158430969e-05 5.912854543147345e-06 1.504279231013173e-05 -6.616055090617047e-06
-1.362854292659049e-05 4.081941960591292e-06 1.488070927242155e-05 -3.440135030624125e-06
-1.280899157461733e-05 4.997506228807450e-06 1.357015566110050e-05 -5.089541576330616e-06
-1.198153279562696e-05 5.926108125372096e-06 1.215792337785195e-05 -6.652641332810871e-06
-1.198107138175131e-05 4.068640638059008e-06 1.203093031710523e-05 -3.494236478425745e-06
-1.135830313765366e-05 5.070957201184642e-06 1.102465671353891e-05 -5.195374539353178e-06
-1.071318376658582e-05 5.939801081887598e-06 9.979416063317526e-06 -6.571572909903980e-06
-1.071353704825057e-05 4.054590060473351e-06 9.971290151278514e-06 -3.673651732982768e-06
-9.776484222765240e-06 5.952010240519267e-06 8.564118322201361e-06 -6.482986443884820e-06
-9.963857417573510e-06 5.321846309366326e-06 8.822556005902912e-06 -5.564382220280306e-06
-9.777091165505573e-06 4.045391886018523e-06 8.585871172313948e-06 -3.761023436513652e-06
-9.088592716726027e-06 4.035621356492317e-06 7.633463416324699e-06 -3.864422196150605e-06
1.638941492521328e-06 3.109711195648498e-07 -1.011476066561633e-06 -1.018184699448662e-06
1.671704516040941e-06 2.321139241242527e-07 -1.027918596149107e-06 -9.682461854638482e-07
1.671537369195676e-06 -6.137762394991967e-08 -1.031980087240884e-06 -7.754585116387658e-07
1.638960357188704e-06 -1.390498442244218e-07 -1.016417536004958e-06 -7.288064715204429e-07
-9.089426307926196e-06 5.960545887329603e-06 7.536371957399533e-06 -6.406806191534731e-06
-8.457128287735317e-06 5.932185029263117e-06 6.779979840364926e-06 -6.279498439406358e-06
-8.953126024426799e-06 4.757209162566225e-06 7.397740294623300e-06 -4.825972773707062e-06
-8.462050268847320e-06 3.970394410040832e-06 6.815739648216321e-06 -3.882886775328777e-06
1.560458837456753e-06 3.436105183022886e-07 -9.693203045756147e-07 -1.040415090876642e-06
1.481513829195682e-06 2.172140850255644e-08 -9.259831325891185e-07 -8.346611325199869e-07
1.561233771921571e-06 -1.714434832580732e-07 -9.746244792271513e-07 -7.114703463296032e-07
-8.259334200396112e-06 5.336519333044770e-06 6.532264915720737e-06 -5.521804463073750e-06
-7.828742586255301e-06 5.833454413398023e-06 6.057151362409053e-06 -6.081773487149052e-06
-7.210322991609110e-06 5.660407410249959e-06 5.442633835652168e-06 -5.848592316744117e-06
-8.069591633301639e-06 4.502119248839250e-06 6.345899667386569e-06 -4.542851356614828e-06
-7.846445125129194e-06 3.793488125945249e-06 6.120929529177152e-06 -3.765616733642063e-06
1.028740220777844e-06 3.528388545782815e-07 -6.770865150331701e-07 -1.038631542223534e-06
1.028459040963646e-06 -1.805699374288156e-07 -6.726988023339252e-07 -7.099831951471055e-07
7.525172638019696e-07 8.637517805522164e-08 -5.414111802753855e-07 -8.615109392467416e-07
-6.609764573188768e-06 5.418847377666341e-06 4.879373861825298e-06 -5.537804789072436e-06
-7.131977254022836e-06 5.024535506607068e-06 5.362431021271835e-06 -5.145049729017524e-06
-7.348110981263946e-06 4.209548043248110e-06 5.577440071940271e-06 -4.262865382749220e-06
-7.263499771846963e-06 3.508243939097332e-06 5.476553647485894e-06 -3.522456311029509e-06
4.529424829248980e-07 4.032862259324184e-07 -3.688380568041056e-07 -1.037152597203656e-06
4.533054192505086e-07 -2.295435763958587e-07 -3.725538694797022e-07 -6.861046924345922e-07
1.121707569753020e-07 8.749015279149500e-08 -1.968854131138302e-07 -8.365255311571321e-07
-6.037578795403238e-06 5.106695244280075e-06 4.345182008134752e-06 -5.169173111738828e-06
-5.498856547469582e-06 4.727718846044871e-06 3.824326308758250e-06 -4.778689185310392e-06
-6.584609933334386e-06 4.077429029489922e-06 4.828595355517193e-06 -4.148624763615721e-06
-6.732067168991310e-06 3.123192996376215e-06 4.947057743812151e-06 -3.172611915774125e-06
-2.792874998837418e-07 5.115959576466414e-07 3.232156154520115e-08 -1.111830769040682e-06
-2.788973412565563e-07 -3.352314653863714e-07 7.082342070252214e-08 -5.233197001205115e-07
-5.634654685830787e-06 4.124876938413655e-06 3.954968889079936e-06 -4.192097663252093e-06
-5.001597453714249e-06 4.288588552409720e-06 3.382618643967178e-06 -4.349782534762163e-06
-5.866202537079441e-06 3.425014651193030e-06 4.178549236772969e-06 -3.508282049392364e-06
-6.270026505873226e-06 2.644940881473966e-06 4.548394109083229e-06 -2.793098784598064e-06
-7.097107353023581e-07 8.895556921046989e-08 3.621506832468490e-07 -8.052717796824617e-07
-1.221112317491920e-06 6.662972602071294e-07 6.947688559192724e-07 -1.197980168168207e-06
-1.219953311983429e-06 -4.878183147769753e-07 6.969705490637275e-07 -4.018961993503033e-07
-4.556432473734414e-06 3.791641063668010e-06 3.000227502273094e-06 -3.893863628224112e-06
-4.164367601321108e-06 3.239385860814635e-06 2.653968288243417e-06 -3.341035396449310e-06
-3.831678494779848e-06 2.642441648712267e-06 2.403192038498127e-06 -2.759916003328604e-06
-5.391014447407379e-06 2.780171123942412e-06 3.756230361676984e-06 -2.901301948326213e-06
-5.893035719671500e-06 2.085438046469168e-06 4.172264130101090e-06 -2.247515832204700e-06
-1.631460056860088e-06 9.176573676185198e-08 9.827414747439512e-07 -7.752683385974412e-07
-2.134803691497217e-06 8.181772003226384e-07 1.380991199911606e-06 -1.291759226781471e-06
-2.133874785936563e-06 -6.425510497661642e-07 1.375924208099111e-06 -2.267344604756506e-07
-4.485559035912796e-06 2.647757249740041e-06 2.961796899013355e-06 -2.758558718911784e-06
-3.569458025958987e-06 2.002918251752332e-06 2.227217878286158e-06 -2.178081614290152e-06
-2.975778149420889e-06 9.472352776223478e-07 1.900105963100492e-06 -1.313868682201843e-06
-3.229361253002537e-06 1.072112350581503e-06 2.058471882235461e-06 -1.407725254118773e-06
-3.375075340800750e-06 1.321160551578847e-06 2.141297981144976e-06 -1.608318406633523e-06
-5.053665180877843e-06 2.001405541392801e-06 3.461263120624640e-06 -2.175355561953403e-06
-5.617429577749550e-06 1.464171264226992e-06 3.919896788490467e-06 -1.769432432624439e-06
-2.587255181386955e-06 1.985896138201933e-07 1.705744600762570e-06 -8.490331316374714e-07
-2.950050728579161e-06 -7.517389520186457e-07 1.973461736480959e-06 -1.314166998300811e-07
-4.019517888868298e-06 1.543952294183387e-06 2.619078208379893e-06 -1.784247064290556e-06
-3.232527954293095e-06 5.658532977406110e-07 2.085106268833214e-06 -1.052678679017575e-06
-3.532159921571518e-06 9.841665935089007e-07 2.276652155619956e-06 -1.348325305307599e-06
-4.799165231014864e-06 1.269504727566588e-06 3.238959702573613e-06 -1.591728816499145e-06
-5.457707628298544e-06 8.014630159115099e-07 3.760942672231114e-06 -1.202035013153979e-06
-3.225297845048737e-06 -2.579143312044643e-07 2.150801275470071e-06 -4.936580593389223e-07
-3.171417331696121e-06 -8.763925778454827e-07 2.132183734980784e-06 -3.785556791283819e-08
-4.146057064557478e-06 4.176720168812880e-07 2.760765255606422e-06 -9.288573127656518e-07
-5.417956938085098e-06 1.176122343291343e-07 3.707177341872409e-06 -6.996997080278105e-07
-5.545062025626269e-06 -5.818945518103312e-07 3.717992144842069e-06 -1.989213818669737e-07
-3.700158256369387e-06 -7.000013533831164e-07 2.536868962513383e-06 -1.556361197865989e-07
-3.294059817737196e-06 -1.155578926022208e-06 2.231811072273785e-06 1.418497736846386e-07
-3.433576595884232e-06 -1.949298779038482e-06 2.366292995270800e-06 6.271899864708970e-07
-4.823793478618466e-06 -6.552746434598890e-07 3.269500484538735e-06 -1.301371135887879e-07
-3.667182745826995e-06 -2.760318700016582e-06 2.579917109994815e-06 1.068703912109914e-06
-5.824989362223131e-06 -1.300682251899978e-06 3.803398683461886e-06 2.715479960021165e-07
-4.134655076449978e-06 -1.963971957672609e-06 2.876360361543666e-06 6.306607391953419e-07
-5.212960969143458e-06 -2.025768882219396e-06 3.444363183789901e-06 6.740619060337995e-07
-4.020746238259006e-06 -3.552015639181966e-06 2.827554622703857e-06 1.469506382117660e-06
-6.263932654477490e-06 -2.026902528726154e-06 3.999553250777977e-06 7.001381520170770e-07
-5.945012626650998e-06 -2.779573049972291e-06 3.810360850179180e-06 1.080605552319386e-06
-5.143988527506001e-06 -3.267264674123412e-06 3.412952103542059e-06 1.306317927894155e-06
-4.477885311246288e-06 -4.346690715767174e-06 3.149771488942485e-06 1.828193822216336e-06
-5.066786044824567e-06 -5.116144880547372e-06 3.486021037300327e-06 2.110167217603674e-06
-6.874587938648600e-06 -2.718983162275422e-06 4.259998251899293e-06 1.059407383265976e-06
-6.461225815316071e-06 -3.667642289057670e-06 4.055748261642291e-06 1.487616338305682e-06
-5.966404548621036e-06 -4.818250836175208e-06 3.875062010381952e-06 1.993210544575115e-06
-5.753210915032400e-06 -5.848371220168352e-06 3.815099955843807e-06 2.364378026800775e-06
-7.635565827405015e-06 -3.350530578215888e-06 4.577949347902871e-06 1.342052100151806e-06
-7.415118922763901e-06 -4.819916835152281e-06 4.454395280498138e-06 1.946294979950246e-06
-6.557579611805285e-06 -6.503868953315520e-06 4.097815364363723e-06 2.596395555522696e-06
-7.478331085434979e-06 -7.088108278333600e-06 4.446308550401162e-06 2.790060987679440e-06
-8.484111167677594e-06 -7.590481018481254e-06 4.806593570605214e-06 2.910559599542380e-06
-8.556307441661456e-06 -5.145483409988729e-06 4.888922500983342e-06 2.057473052231393e-06
-8.543008090291460e-06 -3.891953481186180e-06 4.894992941836675e-06 1.561001802051850e-06
-8.324804018096074e-06 -6.432670506650120e-06 4.775465077980978e-06 2.542720319259208e-06
-9.582075423853460e-06 -7.966399053643978e-06 5.203070538251733e-06 2.984346892536001e-06
-1.075227762125868e-05 -8.226116158410412e-06 5.626167011433387e-06 3.035197144729038e-06
-9.496275924036139e-06 -5.428067129163911e-06 5.253575009961393e-06 2.163588277638126e-06
-9.588708313698168e-06 -4.287195196511881e-06 5.285016186831244e-06 1.751625597244223e-06
-1.196359893045665e-05 -8.346649512899361e-06 6.015289433370355e-06 3.036049111076677e-06
-1.058962183352485e-05 -6.520774153444139e-06 5.611100021252792e-06 2.503109915744068e-06
-1.073619357033917e-05 -4.512182320831174e-06 5.652846390718131e-06 1.869368244299326e-06
-1.222658469565851e-05 -6.712383088708031e-06 6.138267435168874e-06 2.547096975659930e-06
-1.335163889783206e-05 -8.406538603251546e-06 6.426503377260473e-06 2.968234245874330e-06
-1.194692321175145e-05 -4.566120511499169e-06 6.030121607041090e-06 1.896347555379440e-06
-1.531195007472252e-05 -8.465311760569930e-06 6.940024731888895e-06 2.916158026434309e-06
-1.373987036972359e-05 -5.767491744479307e-06 6.572616488905277e-06 2.285104574903476e-06
-1.334880642108061e-05 -4.505609153150875e-06 6.439162113718442e-06 1.939446696838218e-06
-1.812318981713906e-05 -8.552668086279528e-06 7.489218820766943e-06 2.798886282897945e-06
-1.670720323286727e-05 -6.291519567098501e-06 7.209673298091889e-06 2.394992699711177e-06
-1.531386340634772e-05 -4.428429188867081e-06 6.866536838341571e-06 2.018701849292312e-06
-2.199210112514169e-05 -8.641953411374042e-06 7.915253541371677e-06 2.647182386606355e-06
-2.003240742789557e-05 -6.450197344749225e-06 7.694991702213084e-06 2.441909449969519e-06
-1.812402229502887e-05 -4.343314569886369e-06 7.389141981765550e-06 2.115168768617433e-06
-2.616557063971240e-05 -8.711881807687311e-06 8.083894367061979e-06 2.545649253044322e-06
-2.405730367047596e-05 -6.448677403788725e-06 7.982312148764165e-06 2.490412815010594e-06
-2.199241876004036e-05 -4.255948624115523e-06 7.773944890269238e-06 2.292091034201170e-06
-3.045324711312310e-05 -8.765752656766671e-06 8.194700568949194e-06 2.611429213544989e-06
-2.829254647067243e-05 -6.447569582447664e-06 8.141456436972081e-06 2.514452032910947e-06
-2.616572707422162e-05 -4.184305908812656e-06 7.994921434573043e-06 2.395763723972227e-06
-3.482974132610377e-05 -8.807169046261649e-06 8.442933674186508e-06 2.709996660233435e-06
-3.262858157120393e-05 -6.446423764999467e-06 8.328066398659066e-06 2.510716342537694e-06
-3.045357241885349e-05 -4.128205093531445e-06 8.215710323201292e-06 2.358940916069916e-06
-3.927509948164828e-05 -8.839307735719236e-06 8.984371056760907e-06 2.900367231931242e-06
-3.704246115692823e-05 -6.445285916982452e-06 8.656315393471818e-06 2.518385970786252e-06
-3.483021112417386e-05 -4.084455487525930e-06 8.470047871066344e-06 2.301686909779295e-06
-4.377475797243007e-05 -8.864654950604207e-06 9.796434716393072e-06 2.997279522574894e-06
-4.151704957651651e-05 -6.444236721043017e-06 9.334748426588412e-06 2.514777711862697e-06
-3.927563730391550e-05 -4.050154208614901e-06 8.960103640063422e-06 2.167384826072556e-06
-4.831734666553666e-05 -8.884604110082506e-06 1.085792677380612e-05 3.153881018275031e-06
-4.603968736446003e-05 -6.443509590187842e-06 1.023409313925700e-05 2.484611785057089e-06
-4.377501085711244e-05 -4.023139810342768e-06 9.703572367573693e-06 2.009436515908803e-06
-5.289361626552708e-05 -8.899637830144252e-06 1.229712538473294e-05 3.332101429997074e-06
-5.060048605936693e-05 -6.442951501600703e-06 1.148761712054511e-05 2.481609270179166e-06
-4.831729436214685e-05 -4.001924244186418e-06 1.073808334339289e-05 1.794909965313699e-06
-5.749402145100250e-05 -8.909480202384886e-06 1.410639679232364e-05 3.536836385891233e-06
-5.519061583296221e-05 -6.442453109101891e-06 1.310320941297442e-05 2.478695751770145e-06
-5.289344677047246e-05 -3.985706622220452e-06 1.221963647442610e-05 1.589635710272230e-06
-6.738297089406950e-05 -8.643408480623738e-06 1.909460462034036e-05 3.565383089936490e-06
-6.672710356461692e-05 -8.915048776415780e-06 1.875600379822428e-05 3.706132764316198e-06
-5.955971966894879e-05 -6.442024508716373e-06 1.503663309202895e-05 2.461002976170457e-06
-6.210843347689963e-05 -8.914210292833448e-06 1.633583426329243e-05 3.703695182299905e-06
-5.749415509429564e-05 -3.974808287643230e-06 1.407144957735956e-05 1.365303166158538e-06
-6.765464766081724e-05 -7.987590159548746e-06 1.923514141676409e-05 3.225572685756713e-06
-6.610253274597017e-05 -6.441735138449832e-06 1.842868333261042e-05 2.429296279508509e-06
-6.210860439509704e-05 -3.969584994380663e-06 1.633468185256604e-05 1.175781775843727e-06
-6.765477754844636e-05 -4.895801499254543e-06 1.922877986811438e-05 1.636087969620717e-06
-6.672726650337282e-05 -3.968364416096710e-06 1.874968751285087e-05 1.157330187878447e-06
-6.738311535091953e-05 -4.239995627806045e-06 1.908854049542026e-05 1.298041910807576e-06
