4.629657209095175e-05 -5.846252485128505e-06 3.224563503660557e-05 -5.530216534150704e-06
4.650140565215062e-05 -5.351739482556389e-06 3.240822236219223e-05 -5.124437954643939e-06
4.650098885946545e-05 -3.020259073990861e-06 3.246200296190606e-05 -3.138131946094999e-06
4.629610088446094e-05 -2.525691646243517e-06 3.230953494907515e-05 -2.747540790061662e-06
4.580204072433355e-05 -6.051078308227527e-06 3.185008141910747e-05 -5.700853263921014e-06
4.487396002841720e-05 -4.185902591962356e-06 3.107852872254914e-05 -4.144843521144635e-06
4.580149154714016e-05 -2.320838122945277e-06 3.193133754655645e-05 -2.583532053055363e-06
4.231947326866099e-05 -6.050248783654964e-06 2.888139267799853e-05 -5.765464648330747e-06
4.231866635569816e-05 -2.320981012097610e-06 2.898314032239492e-05 -2.547310331905286e-06
4.039712682407067e-05 -4.185304702683378e-06 2.737643157030782e-05 -4.155048288858335e-06
3.883926867199878e-05 -6.047215598346195e-06 2.588935198656913e-05 -5.621680314793683e-06
3.883803964952043e-05 -2.322523378698342e-06 2.594535915065470e-05 -2.641547312586453e-06
3.710009049653858e-05 -4.184115860385291e-06 2.469855682498016e-05 -4.170637150948029e-06
3.536429430554430e-05 -6.041185071878366e-06 2.325029814163675e-05 -5.472144482011419e-06
3.536307410863564e-05 -2.325557403482648e-06 2.315386633913432e-05 -2.745127424334211e-06
3.362910663975314e-05 -4.182586495246013e-06 2.206120650992580e-05 -4.167725418618641e-06
3.189978853739183e-05 -6.030731883144637e-06 2.086984666526982e-05 -5.351916492204583e-06
3.189786926796339e-05 -2.332376020225840e-06 2.071619829167005e-05 -2.901194284892281e-06
3.017200022597290e-05 -4.180489441325302e-06 1.982061169898161e-05 -4.122239065985711e-06
2.845568653892260e-05 -6.011279273501045e-06 1.872567611521721e-05 -5.149870269194021e-06
2.845364416163256e-05 -2.347326866283088e-06 1.868262721708573e-05 -3.114574826744554e-06
2.674421976213458e-05 -4.178072206331558e-06 1.796954399648109e-05 -4.109531039937073e-06
2.505301411744848e-05 -5.978012945483146e-06 1.681284960640064e-05 -5.065221739735006e-06
2.505126697780560e-05 -2.375813677413841e-06 1.695822635296417e-05 -3.216708417523042e-06
2.337223054986340e-05 -4.175562092767917e-06 1.622533569223777e-05 -4.055367207353313e-06
2.172249250509305e-05 -5.927655914201258e-06 1.510968701408310e-05 -4.956210233826124e-06
2.172142926656079e-05 -2.421219670302856e-06 1.538499802779497e-05 -3.174849289587831e-06
2.008964066490189e-05 -4.173078239153742e-06 1.455256032387719e-05 -4.031857829191483e-06
1.849843014698326e-05 -5.860134250692792e-06 1.368732094490413e-05 -4.845893329596962e-06
1.849784731421674e-05 -2.483775093306165e-06 1.386455564082454e-05 -3.198404940494320e-06
1.692948524325520e-05 -4.170628710056534e-06 1.293842577459718e-05 -4.036404518301765e-06
1.541145851612296e-05 -5.777649779332662e-06 1.228313478107559e-05 -4.703947607882769e-06
1.541092487369802e-05 -2.561243808614211e-06 1.230811751844791e-05 -3.263513764065935e-06
1.391944460465878e-05 -4.168161966302411e-06 1.154054182477049e-05 -4.010752130772378e-06
1.248616381182080e-05 -5.682000826763393e-06 1.098719897742976e-05 -4.678389104031252e-06
1.248515805760475e-05 -2.652371664596772e-06 1.098027531856737e-05 -3.262082019708795e-06
1.113737550902198e-05 -4.165206461002468e-06 1.029699597908008e-05 -3.970192477630216e-06
9.851960256136712e-06 -5.575640719111561e-06 9.720862920141657e-06 -4.605804787330310e-06
9.850356383550130e-06 -2.758047756516421e-06 9.768849520418938e-06 -3.217953003615419e-06
8.904340478492507e-06 -4.267961664220528e-06 9.274123156498169e-06 -4.024737265682884e-06
7.997879278791768e-06 -5.479118952277809e-06 8.826501029034748e-06 -4.611666631306905e-06
7.994314465891757e-06 -2.853929493077851e-06 8.846561135258708e-06 -3.231579699886590e-06
6.738473279671748e-06 -5.396817536178543e-06 8.122176364905002e-06 -4.678923725565016e-06
6.958580309932917e-06 -4.592618701210618e-06 8.279902725858972e-06 -4.200838446064755e-06
6.733870877624101e-06 -2.913951521454802e-06 8.121228093708350e-06 -3.182773297250168e-06
5.867553411232910e-06 -2.977396871052056e-06 7.580875408977032e-06 -3.155172098908016e-06
-5.999721157418305e-07 -9.871110866694599e-07 -1.324046118877719e-06 -1.697878052980885e-07
-6.133682193564243e-07 -9.545681960773959e-07 -1.352443319566077e-06 -9.702126536897953e-08
-6.131864913660183e-07 -8.344409226134765e-07 -1.338667882921357e-06 1.629994815186226e-07
-5.999074427960544e-07 -8.028955191008173e-07 -1.309157103143858e-06 2.281402950312721e-07
5.861972211216308e-06 -5.339682825963745e-06 7.585747839540978e-06 -4.724135007095633e-06
5.117281118524018e-06 -5.245598731031835e-06 7.079407383156187e-06 -4.727933877884811e-06
5.670587006530783e-06 -3.866508454715981e-06 7.481792092547352e-06 -3.750823895710910e-06
5.096785211916063e-06 -2.977915553662716e-06 7.077783133269482e-06 -3.084724465780079e-06
-5.676226018917257e-07 -1.000779063322235e-06 -1.254188142208033e-06 -2.000830115814545e-07
-5.352903405538274e-07 -8.693883782385877e-07 -1.182615894502831e-06 9.402172132049074e-08
-5.682730471733513e-07 -7.901065844987207e-07 -1.244337151944781e-06 2.556725792361713e-07
4.865756448814507e-06 -4.528901045856705e-06 6.926027675420041e-06 -4.242869915127585e-06
4.411668479527997e-06 -5.058684633323167e-06 6.552646699327987e-06 -4.684173554190720e-06
3.767493346489772e-06 -4.816785936408376e-06 5.996803194653221e-06 -4.541019312556209e-06
4.642368896783527e-06 -3.593762758185389e-06 6.745470921480477e-06 -3.537432151479178e-06
4.403384441078442e-06 -2.871457319931043e-06 6.545460632504946e-06 -2.937429856611878e-06
-3.493247396016702e-07 -1.006261933959106e-06 -7.976896210094175e-07 -2.200034915070912e-07
-3.501343924945026e-07 -7.899606114810675e-07 -8.017290516415780e-07 2.860473298264022e-07
-2.375495889976767e-07 -8.996660756011964e-07 -5.226739130661473e-07 3.245105957928092e-08
3.194214026868525e-06 -4.499430559706276e-06 5.470309108994570e-06 -4.323044610093522e-06
3.668100582446036e-06 -4.127465058987666e-06 5.927755161367758e-06 -3.979140791798739e-06
3.883773696794632e-06 -3.308930113498445e-06 6.109456786101383e-06 -3.298978586505600e-06
3.788973208424015e-06 -2.674627273321254e-06 6.036377342629240e-06 -2.701260908901783e-06
-1.174823473724868e-07 -1.025176479276162e-06 -2.067989472389495e-07 -2.852167163335746e-07
-1.184304235667816e-07 -7.774068543019592e-07 -2.140466376579718e-07 3.454161574551944e-07
1.478491026586010e-08 -9.029263432923798e-07 1.075661014618039e-07 4.395160553688505e-08
2.680572035121334e-06 -4.145940894581094e-06 4.971255806300313e-06 -4.039505687062547e-06
2.250490743486159e-06 -3.763321895520066e-06 4.473085939810497e-06 -3.691355898026015e-06
3.151452352873419e-06 -3.192174511183295e-06 5.448370676832518e-06 -3.185102863608287e-06
3.264407929741958e-06 -2.394256795215753e-06 5.556460371358558e-06 -2.349855133675343e-06
1.638894131314343e-07 -1.062529496738868e-06 4.519897431214762e-07 -3.069420789047184e-07
1.629740467377760e-07 -7.466103943689884e-07 4.440889383137865e-07 3.831092688645785e-07
2.361553151127672e-06 -3.218766820041828e-06 4.576480472823908e-06 -3.175533926305957e-06
1.900342938216110e-06 -3.344146883474721e-06 4.057471322059892e-06 -3.299119326775335e-06
2.536103024399516e-06 -2.652889566289065e-06 4.750730924268453e-06 -2.594910798582937e-06
2.835478813042247e-06 -2.073767320788725e-06 5.086452448064410e-06 -1.898059739322097e-06
3.230029731012599e-07 -9.061838408154249e-07 7.957224712368618e-07 1.415782529810678e-08
5.092055552756012e-07 -1.115178021769385e-06 1.164696455923689e-06 -4.269731942956785e-07
5.076894803083963e-07 -6.998718990928458e-07 1.167668300667003e-06 3.968974536537138e-07
1.606534427728314e-06 -2.916466110074008e-06 3.691262613190631e-06 -2.878275516855179e-06
1.401702858136435e-06 -2.511352406569748e-06 3.374627341275837e-06 -2.414017494446432e-06
1.271882429009811e-06 -2.102320510225729e-06 3.105918894010767e-06 -1.922741633595155e-06
2.188434972985103e-06 -2.178654893549193e-06 4.328203707076514e-06 -2.015066497676937e-06
2.501940378946109e-06 -1.741223499467524e-06 4.726597572549763e-06 -1.440834427440945e-06
6.565918079017488e-07 -9.100226000881260e-07 1.459840255525758e-06 4.976598784245755e-09
8.344569686323933e-07 -1.165543519703691e-06 1.835885532838689e-06 -5.349190158447271e-07
8.343301266365639e-07 -6.511034209678311e-07 1.829631859017312e-06 5.204398005585846e-07
1.621114677513761e-06 -2.091929659138727e-06 3.630838213686403e-06 -1.919836997799495e-06
1.188300858518651e-06 -1.717969284789548e-06 2.892632490728134e-06 -1.432753674688073e-06
1.103236544782390e-06 -1.205649252109280e-06 2.488453164809037e-06 -6.338553754759506e-07
1.166780846970309e-06 -1.254119890882878e-06 2.670039824053302e-06 -7.238155285387049e-07
1.184415492782075e-06 -1.363218875324556e-06 2.763381021458245e-06 -9.119695290479283e-07
1.955852122416096e-06 -1.695386877583383e-06 4.059477754476218e-06 -1.409059879790441e-06
2.247269474422121e-06 -1.419044403693483e-06 4.491342800262552e-06 -1.019242083958848e-06
9.921392796585339e-07 -9.507179780258061e-07 2.184079061448269e-06 -6.967329852742022e-08
1.147988729767343e-06 -6.136029265156499e-07 2.458178009279886e-06 6.142850169296324e-07
1.434857616135600e-06 -1.456043635610164e-06 3.242794926224991e-06 -1.077387689394651e-06
1.193060893817411e-06 -1.067480201441386e-06 2.682958859359725e-06 -3.454410334006640e-07
1.268928883316267e-06 -1.218103941334430e-06 2.888246009991987e-06 -6.549727723450427e-07
1.808435453410063e-06 -1.322222239174167e-06 3.835483092147500e-06 -8.741221464928661e-07
2.071119677455109e-06 -1.129822979203249e-06 4.336998521652880e-06 -5.133190368282334e-07
1.235787615514769e-06 -7.791250043895701e-07 2.674607186406752e-06 2.561559601461851e-07
1.253849687812584e-06 -5.746866562680972e-07 2.622264024699236e-06 6.926611875049552e-07
1.524483084191147e-06 -9.730086844215859e-07 3.329559364025490e-06 -2.373928549168162e-07
1.988035642912971e-06 -8.710861836454538e-07 4.280134449663762e-06 -3.032251527873725e-08
1.927908870604148e-06 -6.547786493124801e-07 4.315998630268116e-06 4.546337324773826e-07
1.424410657649944e-06 -6.181529875249534e-07 3.008663476239359e-06 5.553775518880517e-07
1.323442364168364e-06 -5.053527543369647e-07 2.707754021760029e-06 8.736982342755987e-07
1.423951167360848e-06 -3.426163317942130e-07 2.827471648257389e-06 1.410360506632476e-06
1.740051293442760e-06 -6.052122931448374e-07 3.819150049444462e-06 5.230556801569594e-07
1.539750836250291e-06 -2.366407430599656e-07 3.013839536787086e-06 1.946589549939830e-06
1.907150473083401e-06 -4.554747621139892e-07 4.459149071608708e-06 9.542075864115916e-07
1.591826089756975e-06 -3.205370524968877e-07 3.339637696195896e-06 1.417199988151221e-06
1.783305641602074e-06 -3.111989218076755e-07 4.038994558747035e-06 1.451437307086809e-06
1.638574719126843e-06 -1.578205258667707e-07 3.253647666851188e-06 2.459552403616219e-06
1.895537208659375e-06 -3.114324206777333e-07 4.720069102269866e-06 1.460830783875694e-06
1.842301112911887e-06 -2.139983933398476e-07 4.488445630065636e-06 1.960307472369419e-06
1.779028647337822e-06 -1.724311039919158e-07 3.978315746028565e-06 2.271272012278038e-06
1.731844970948834e-06 -1.308807404179583e-07 3.563810397323406e-06 2.986092824480714e-06
1.791189709999248e-06 -1.404239106628961e-07 3.917836717451337e-06 3.460470649010485e-06
1.869684823937144e-06 -2.058615157793352e-07 5.059339732684795e-06 1.922320095040484e-06
1.851202028160760e-06 -1.564668827046776e-07 4.775792245377083e-06 2.536190985291267e-06
1.839759619119722e-06 -1.461998245122567e-07 4.460293463002543e-06 3.275579010005850e-06
1.837822345996692e-06 -1.842918423240601e-07 4.334402224261657e-06 3.948282148813337e-06
1.830624038789048e-06 -1.419863382526186e-07 5.536915567705973e-06 2.351662705376618e-06
1.829364458872676e-06 -1.571054385215683e-07 5.400455045485206e-06 3.285354296085795e-06
1.847450560970357e-06 -2.378755055988824e-07 4.854661132941406e-06 4.393292953690609e-06
1.812940060148944e-06 -3.116667243500296e-07 5.456582287034911e-06 4.769778997863379e-06
1.750232349703004e-06 -4.026789753728776e-07 6.104080844711879e-06 5.085828243656174e-06
1.757417783115231e-06 -1.726464375558358e-07 6.145620318752474e-06 3.509820822649654e-06
1.764227399305566e-06 -1.135270944455412e-07 6.121767598570197e-06 2.714987793689944e-06
1.777244048681534e-06 -2.737049501981359e-07 6.009746275646741e-06 4.336922054414289e-06
1.644083888584108e-06 -4.788292802546196e-07 6.789950067112489e-06 5.327350858581479e-06
1.499939210026074e-06 -5.516375567439425e-07 7.497131968967899e-06 5.483233701734159e-06
1.669958923808718e-06 -1.891369190787945e-07 6.749735307746082e-06 3.711931783597271e-06
1.656812968158144e-06 -8.940962267704988e-08 6.795228999281615e-06 2.999878452642911e-06
1.332837444051577e-06 -6.039377668130927e-07 8.240580732322212e-06 5.539308579456941e-06
1.542800098873254e-06 -3.150840340073230e-07 7.419006645873125e-06 4.409008226549793e-06
1.515258258527937e-06 -6.044270077467704e-08 7.500479154977006e-06 3.182533948745120e-06
1.300246210283726e-06 -3.500300272279909e-07 8.424472508847061e-06 4.537877306217827e-06
1.103229103191347e-06 -6.539352564719564e-07 9.078777993932064e-06 5.506528507587490e-06
1.346653331278496e-06 -3.269624217986409e-08 8.238712667522883e-06 3.240612193271822e-06
7.446680992538236e-07 -7.035584033010979e-07 1.018900483474891e-05 5.476980016621309e-06
1.048912397717840e-06 -1.919211542453285e-07 9.346554687778883e-06 3.990573687690347e-06
1.105717607260312e-06 1.729217505778345e-08 9.094729363203840e-06 3.255810873054895e-06
1.520454111537398e-07 -7.784581650320959e-07 1.172180517285318e-05 5.554092526774650e-06
4.667110154119997e-07 -2.823578557967465e-07 1.094457430198727e-05 4.290899068015570e-06
7.431458237449981e-07 8.184501309898961e-08 1.018832660450264e-05 3.308426937272790e-06
-7.679703262522257e-07 -8.566766434591327e-07 1.386921754062428e-05 5.657649290634062e-06
-2.859877376572298e-07 -3.140837285864614e-07 1.274839495011896e-05 4.393142713181959e-06
1.510702191336361e-07 1.542416397004599e-07 1.169458963700321e-05 3.262846197569710e-06
-1.852613690098968e-06 -9.200186496560962e-07 1.630649764082547e-05 5.715567529845132e-06
-1.291010110423515e-06 -3.131249971555062e-07 1.506397289671461e-05 4.373027287873592e-06
-7.686065409534789e-07 2.303541315085033e-07 1.383170527031966e-05 3.076725267432531e-06
-3.041691659625358e-06 -9.697576451148452e-07 1.897392121559950e-05 5.809339615340561e-06
-2.431638375507791e-06 -3.127353443622257e-07 1.764493080450974e-05 4.348367374567877e-06
-1.852955829066084e-06 2.941326199585473e-07 1.631434267843798e-05 2.988192556024967e-06
-4.312032934497596e-06 -1.007595948014215e-06 2.173223902785669e-05 5.862447516547541e-06
-3.665058698443346e-06 -3.124914224667415e-07 2.037165300433353e-05 4.325023507579611e-06
-3.041754770045609e-06 3.444856723917993e-07 1.899002723761264e-05 2.882481754138334e-06
-5.642221875229014e-06 -1.035570713888040e-06 2.455393890829803e-05 5.807429855817997e-06
-4.968516593288882e-06 -3.123848975614758e-07 2.313059052461608e-05 4.306034595315208e-06
-4.311880196509519e-06 3.827698354572010e-07 2.170633174703675e-05 2.847564045553566e-06
-7.015907202630185e-06 -1.056266381410911e-06 2.730422451803860e-05 5.710908657523445e-06
-6.322804923712312e-06 -3.124844134322567e-07 2.592284154655057e-05 4.308310703707224e-06
-5.642158435519668e-06 4.108155322727207e-07 2.445609452961081e-05 2.863070154865517e-06
-8.421692478443832e-06 -1.071441436467908e-06 2.982505740574660e-05 5.620091387296522e-06
-7.714239319451293e-06 -3.127769094761556e-07 2.858269673350560e-05 4.298963488540194e-06
-7.015958734754657e-06 4.310023780030623e-07 2.720526605804491e-05 2.915958213136803e-06
-9.850531683008308e-06 -1.081900900019725e-06 3.214277549047435e-05 5.489535306866572e-06
-9.132999433896797e-06 -3.131142415256433e-07 3.101338613053648e-05 4.306624290439445e-06
-8.421804285783408e-06 4.454928638583960e-07 2.976163318739641e-05 2.981437932441576e-06
-1.129354083964823e-05 -1.087926131794811e-06 3.443621328054259e-05 5.435749446465233e-06
-1.057031702253581e-05 -3.134080022165708e-07 3.330490409881817e-05 4.298038083746083e-06
-9.850527614902999e-06 4.553613047464979e-07 3.214572903166522e-05 3.107481242685144e-06
-1.440193689420170e-05 -1.005848662601702e-06 3.866318297218736e-05 5.177633967414520e-06
-1.419577547455803e-05 -1.091225313524585e-06 3.840029162232715e-05 5.291490562130035e-06
-1.194245979739162e-05 -3.136018808721785e-07 3.534435166315140e-05 4.310182398897390e-06
-1.274371669063092e-05 -1.090593482669608e-06 3.644876356632516e-05 5.349941596423593e-06
-1.129353811514877e-05 4.609078196504972e-07 3.438815467422042e-05 3.201251533998355e-06
-1.448733468249135e-05 -7.997144072228533e-07 3.877001669571803e-05 4.908076786958880e-06
-1.399935803597853e-05 -3.137480392179136e-07 3.813079423190885e-05 4.284798058488514e-06
-1.274369939533470e-05 4.632411866984657e-07 3.641228694485906e-05 3.222364612514469e-06
-1.448736207785878e-05 1.722264362197051e-07 3.871700599329574e-05 3.690281599498086e-06
-1.419579035895409e-05 4.637600690185639e-07 3.834381252231154e-05 3.312895899203875e-06
-1.440196210523647e-05 3.783761174912359e-07 3.860639877926193e-05 3.424863211743565e-06
