-8.376574374197611e-05 1.193480996802046e-05 -4.465284052769277e-05 6.257126273421877e-06
-8.407974488159018e-05 1.117675163018014e-05 -4.485963383843905e-05 5.742112879585491e-06
-8.407956347055130e-05 7.603149679139211e-06 -4.485337621019644e-05 3.266029760081381e-06
-8.376553989213903e-05 6.845101683173391e-06 -4.464666509751828e-05 2.755120577292294e-06
-8.300767189133204e-05 1.224880504865313e-05 -4.414784587288059e-05 6.472616490980485e-06
-8.158562001586348e-05 9.389965074472828e-06 -4.313972200438732e-05 4.508652576421876e-06
-8.300744533777917e-05 6.531117418707646e-06 -4.414420111953708e-05 2.541495585914485e-06
-7.766990893532552e-05 1.224860763590148e-05 -4.043049059393132e-05 6.464192827793511e-06
-7.766972233316880e-05 6.531953558210491e-06 -4.040190363011174e-05 2.509983340657706e-06
-7.472354229089459e-05 9.390685252173237e-06 -3.851841679321707e-05 4.443793007203661e-06
-7.233414452609628e-05 1.224688726921994e-05 -3.678296692338660e-05 6.311299836679620e-06
-7.233383852385815e-05 6.535114692895269e-06 -3.681675891359444e-05 2.618340480288482e-06
-6.966761312784997e-05 9.391375998023891e-06 -3.531917360795819e-05 4.413723663347804e-06
-6.700455732711858e-05 1.224227100581099e-05 -3.336353048721358e-05 6.233869586524780e-06
-6.700435789595854e-05 6.541324905074893e-06 -3.350045005050503e-05 2.639335158146295e-06
-6.434348921165529e-05 9.392271822007149e-06 -3.192595048900044e-05 4.394543850105837e-06
-6.168858987736841e-05 1.223403903757726e-05 -2.999128079172123e-05 6.249120509250135e-06
-6.168828581075966e-05 6.551613032177303e-06 -3.021190486250762e-05 2.624617253918097e-06
-5.903682204107325e-05 9.393210322306710e-06 -2.857759450305506e-05 4.389836199798336e-06
-5.639383551034131e-05 1.222144337442893e-05 -2.659433354691537e-05 6.208474144698368e-06
-5.639375184585548e-05 6.566118387681545e-06 -2.690836647601915e-05 2.669253535160282e-06
-5.375553890528933e-05 9.394110318892081e-06 -2.523614098903052e-05 4.402404492208199e-06
-5.112816484087657e-05 1.220484196745318e-05 -2.322869546274068e-05 6.141110787980243e-06
-5.112821203124822e-05 6.583988194061950e-06 -2.364929624771729e-05 2.736283851147412e-06
-4.850634872007716e-05 9.394505542356506e-06 -2.195031563472818e-05 4.392298320574284e-06
-4.589752445402221e-05 1.218434966880764e-05 -2.019069657533155e-05 5.995462614784356e-06
-4.589781145500072e-05 6.604776768093364e-06 -2.061525379010562e-05 2.802029826748854e-06
-4.329527019382781e-05 9.394623000987718e-06 -1.889155776097936e-05 4.391435098082142e-06
-4.070900792198633e-05 1.215884922806070e-05 -1.738408774912158e-05 5.817212718120715e-06
-4.070921004526408e-05 6.630117757945124e-06 -1.781154642198637e-05 2.950271861658651e-06
-3.813042402792435e-05 9.394569326859415e-06 -1.619047311501438e-05 4.372468808929009e-06
-3.557185468998740e-05 1.212679763008105e-05 -1.479654950197836e-05 5.704310632256471e-06
-3.557174143186473e-05 6.661965699391263e-06 -1.519983705882649e-05 3.015564647501664e-06
-3.302315385424634e-05 9.394251080478923e-06 -1.372381117526709e-05 4.387008589816574e-06
-3.050037239190244e-05 1.208451408509906e-05 -1.222935172392747e-05 5.697526187360950e-06
-3.049996361914749e-05 6.704015180303063e-06 -1.262846973752988e-05 2.988914083917030e-06
-2.809183685816060e-05 9.393464478187736e-06 -1.130851189308602e-05 4.411409735330899e-06
-2.571627477360071e-05 1.202844354252112e-05 -1.000553672312902e-05 5.552719588450871e-06
-2.571552982784201e-05 6.762109591645935e-06 -1.019457777038729e-05 3.079247283488781e-06
-2.394380597302360e-05 9.595556421449852e-06 -9.256664664040692e-06 4.509248165894801e-06
-2.217123057690708e-05 1.196943399536169e-05 -8.484423590370169e-06 5.431573799885885e-06
-2.216931099690263e-05 6.823025154449218e-06 -8.468640980187479e-06 3.231576047480758e-06
-1.965024069638799e-05 1.191286449885775e-05 -7.414352207895442e-06 5.363500163189769e-06
-2.012493766611005e-05 1.025964378877072e-05 -7.588998561039032e-06 4.749060238299862e-06
-1.964670897710708e-05 6.865416676191196e-06 -7.424164710170609e-06 3.321418651448853e-06
-1.784903497177811e-05 6.912966293986064e-06 -6.704323085186874e-06 3.374933910014876e-06
2.741816943830846e-06 -2.641411343419711e-08 8.620893342654772e-07 6.033819291055625e-07
2.795598012147772e-06 -1.556189132268646e-07 8.848376384037184e-07 5.486824672358165e-07
2.795293285250063e-06 -6.374302647177065e-07 8.763319827836093e-07 3.381837236797161e-07
2.741743907891065e-06 -7.651007611874707e-07 8.517844110278668e-07 2.848116302458101e-07
-1.784502976487195e-05 1.187101776861967e-05 -6.733657770961605e-06 5.302920643983471e-06
-1.624402263903348e-05 1.174079613517146e-05 -6.154944828297606e-06 5.232814215412694e-06
-1.746967792958428e-05 8.774913991306679e-06 -6.538589352821853e-06 4.097542576941903e-06
-1.623027946755588e-05 6.824891169282863e-06 -6.133487781246676e-06 3.389194247787586e-06
2.613155458826869e-06 2.692277487588607e-08 8.068129487855501e-07 6.256646461146070e-07
2.483319816631306e-06 -5.016456377166544e-07 7.434026581419996e-07 3.919827769903332e-07
2.613985297029303e-06 -8.185794303023599e-07 7.964570762766739e-07 2.618335180921721e-07
-1.572502549683260e-05 1.021997618832731e-05 -5.951422654560597e-06 4.653614757704777e-06
-1.468806823447400e-05 1.142152382071545e-05 -5.588550298216694e-06 5.095550508262174e-06
-1.320697109437725e-05 1.094575215835197e-05 -5.045287586420854e-06 4.901798268482956e-06
-1.524402304048823e-05 8.159034402360695e-06 -5.779122745676453e-06 3.897586605013603e-06
-1.470231322716901e-05 6.481122210892829e-06 -5.588904522074042e-06 3.245040898931295e-06
1.740642912670777e-06 3.972434805734200e-08 4.398048094842379e-07 5.952445820445521e-07
1.739380840344977e-06 -8.359010553829233e-07 4.435831443740594e-07 2.444522788783497e-07
1.287125450249724e-06 -3.991835876858069e-07 2.707451471661610e-07 4.295393311395192e-07
-1.182310891362096e-05 1.030130087480715e-05 -4.535572344838901e-06 4.647931425377063e-06
-1.300108253130498e-05 9.397675384624195e-06 -4.962117884059416e-06 4.332739188359471e-06
-1.350837748307648e-05 7.480427105777486e-06 -5.164705413943907e-06 3.609171609672071e-06
-1.329829486167591e-05 5.903073938683643e-06 -5.127876003270455e-06 2.995642654227087e-06
7.957262205163261e-07 1.201713472252603e-07 7.502871428496319e-08 6.470182449873286e-07
7.952644829761168e-07 -9.204834622848662e-07 1.053665368967038e-07 2.659949443959912e-07
2.350921583081125e-07 -4.012069317081205e-07 -1.143701575397087e-07 4.641350407567280e-07
-1.053799201642628e-05 9.525841495872901e-06 -4.073112840386449e-06 4.366944562844222e-06
-9.383923935259282e-06 8.632518732992053e-06 -3.629625388860826e-06 4.026066996324386e-06
-1.174496819490402e-05 7.186581297703824e-06 -4.536467588909343e-06 3.485418874992182e-06
-1.205524844817686e-05 5.108372322363259e-06 -4.718189913171374e-06 2.675390320097444e-06
-4.088983192624332e-07 2.966421941940329e-07 -3.377267161768844e-07 7.147602178312041e-07
-4.095905095725052e-07 -1.101295583667634e-06 -3.708987557930599e-07 1.838892481641166e-07
-9.677211795599102e-06 7.277195092306068e-06 -3.742966908371691e-06 3.508506463521730e-06
-8.367511225523717e-06 7.622366022454264e-06 -3.216433343095537e-06 3.640387334862159e-06
-1.016212231098836e-05 5.773023201070295e-06 -3.946713200595421e-06 2.931046042216801e-06
-1.100264021528171e-05 4.150155798100908e-06 -4.297665741942874e-06 2.207189454499879e-06
-1.120174436527096e-06 -4.031088227284912e-07 -6.157548455514699e-07 4.476539825452443e-07
-1.966789089350243e-06 5.531418205732590e-07 -9.476693081011259e-07 8.176855660940662e-07
-1.965999816030694e-06 -1.363209590216407e-06 -9.377441563529036e-07 7.107321668855304e-08
-7.477903934242335e-06 6.528030587885280e-06 -2.851683493324049e-06 3.227305082780994e-06
-6.750328646954804e-06 5.384974306436190e-06 -2.556633184464379e-06 2.734798063854241e-06
-6.177230785219031e-06 4.178839636886720e-06 -2.340345989087464e-06 2.209867315859545e-06
-9.177217055574928e-06 4.437205202520774e-06 -3.546768956494731e-06 2.329450070844574e-06
-1.016155457034193e-05 3.073260403423192e-06 -3.956020353350212e-06 1.750783203436096e-06
-2.647931108656339e-06 -4.018154247732625e-07 -1.216956386083240e-06 4.359076762440783e-07
-3.485168425022502e-06 8.070076680147685e-07 -1.519965807889805e-06 8.516029343589728e-07
-3.485991843989677e-06 -1.630810484219870e-06 -1.533420479820215e-06 -3.286517173397942e-08
-7.399017622094528e-06 4.174987714954465e-06 -2.827738775982411e-06 2.211786513580239e-06
-5.743956285408624e-06 2.942555438193513e-06 -2.183094100956620e-06 1.649312772159898e-06
-4.865880436203987e-06 1.022943982127282e-06 -1.976234889348639e-06 9.123433558946794e-07
-5.267377597301122e-06 1.238836398822946e-06 -2.076437099307976e-06 9.855659102832706e-07
-5.480006734119805e-06 1.679925166582537e-06 -2.120301540461005e-06 1.142437973286721e-06
-8.492807210402337e-06 2.916689141544111e-06 -3.247644674047367e-06 1.675596202535326e-06
-9.536586388562254e-06 1.925442303639882e-06 -3.658743141680814e-06 1.261551842843534e-06
-4.238218642406582e-06 -2.250925734032613e-07 -1.782663256757332e-06 4.759167056992442e-07
-4.873617369356528e-06 -1.824649966557285e-06 -1.993480238523971e-06 -7.458051364350728e-08
-6.590491569403399e-06 2.069410740279935e-06 -2.497654929049474e-06 1.291429204850821e-06
-5.296334493464387e-06 3.792798403578325e-07 -2.102354071725581e-06 6.965492299491525e-07
-5.773302536406074e-06 1.086644743935310e-06 -2.229445042184424e-06 9.338733027091703e-07
-8.004899557304473e-06 1.570576573420002e-06 -3.024815234839130e-06 1.098926332850368e-06
-9.147238001926178e-06 7.555972903982658e-07 -3.435886673716042e-06 7.854398055596718e-07
-5.326472818457272e-06 -1.004848678949278e-06 -2.148448480575421e-06 2.177685282779741e-07
-5.269948154585428e-06 -2.033673344298688e-06 -2.153604695871022e-06 -1.292064809750912e-07
-6.847391497675982e-06 8.900330724542164e-08 -2.616309657944451e-06 5.629340220163805e-07
-9.012687839435919e-06 -4.133435152067665e-07 -3.345302832511290e-06 3.674199817302332e-07
-9.128351766410777e-06 -1.564463890234396e-06 -3.283835863441313e-06 2.554121665406356e-08
-6.147093479853034e-06 -1.756361454395332e-06 -2.453462405450110e-06 -3.398353046165156e-08
-5.500456745834976e-06 -2.481801415185457e-06 -2.256602498756767e-06 -2.441765687021987e-07
-5.781215973504969e-06 -3.718945182144244e-06 -2.407054962674201e-06 -5.474672754214332e-07
-7.970769585584170e-06 -1.710051127831603e-06 -2.986211397038283e-06 -4.265735526677617e-08
-6.205569704829111e-06 -4.925669695222604e-06 -2.588776958854296e-06 -7.705022518658030e-07
-9.490509743265219e-06 -2.729802186710479e-06 -3.290513849704679e-06 -3.000060065712793e-07
-6.892906098705987e-06 -3.759452539632683e-06 -2.731280391763588e-06 -5.662145189850453e-07
-8.540374343052778e-06 -3.853267927850064e-06 -3.077317275294367e-06 -5.788066960217027e-07
-6.778425769244809e-06 -6.080829824381571e-06 -2.740303644028313e-06 -9.490356381467634e-07
-1.007809486112099e-05 -3.854964611304272e-06 -3.354324269103318e-06 -6.031656783728023e-07
-9.593043511139957e-06 -4.973597014733955e-06 -3.251013128908632e-06 -8.010317321797428e-07
-8.441166653804930e-06 -5.678280082772384e-06 -3.068660488321315e-06 -8.796110901665774e-07
-7.487619823691304e-06 -7.191869419998450e-06 -2.901801672018947e-06 -1.110317865522435e-06
-8.345461918481945e-06 -8.234769652725417e-06 -3.049619692567947e-06 -1.237018103465595e-06
-1.088689709940076e-05 -4.898558797423832e-06 -3.400735620752888e-06 -8.137358025582807e-07
-1.030491882442625e-05 -6.240649211418604e-06 -3.332644108242299e-06 -9.779105207178905e-07
-9.618158143714546e-06 -7.822665110494465e-06 -3.244756325784948e-06 -1.178621540601883e-06
-9.324904936418918e-06 -9.195541802246149e-06 -3.205922317355835e-06 -1.324199840426790e-06
-1.188916183514200e-05 -5.820943746358700e-06 -3.509461563394478e-06 -9.711274499931303e-07
-1.158624112037544e-05 -7.815417130142014e-06 -3.514410789512262e-06 -1.180343759470134e-06
-1.043145499412918e-05 -1.004271250125874e-05 -3.368610640530091e-06 -1.389526456853430e-06
-1.165672570101210e-05 -1.077418855008623e-05 -3.497864445301892e-06 -1.414598494771770e-06
-1.297292118447499e-05 -1.137896637635954e-05 -3.611375872281542e-06 -1.396173707329203e-06
-1.307825345138955e-05 -8.246457339724223e-06 -3.630665453997065e-06 -1.228406915438905e-06
-1.306681240871782e-05 -6.587304429357962e-06 -3.616595383662156e-06 -1.096757381921652e-06
-1.277981136273775e-05 -9.913553038477106e-06 -3.620357250059992e-06 -1.331600848185432e-06
-1.437555843250046e-05 -1.182482385036954e-05 -3.689004092787244e-06 -1.369515689356562e-06
-1.584369317840576e-05 -1.211590541421517e-05 -3.701500835765078e-06 -1.341317695163250e-06
-1.428176099559961e-05 -8.617786992174744e-06 -3.690897861578574e-06 -1.259054618118765e-06
-1.439644307252070e-05 -7.149319477646913e-06 -3.691998023666648e-06 -1.190591111043456e-06
-1.734774739278700e-05 -1.223557581413946e-05 -3.690632179241445e-06 -1.319435365684703e-06
-1.565928441191918e-05 -9.997828860505229e-06 -3.721808652929652e-06 -1.314304492805050e-06
-1.583501537494585e-05 -7.482171159495978e-06 -3.700370082924318e-06 -1.242897271781431e-06
-1.767722558895584e-05 -1.022912101419379e-05 -3.717372776219374e-06 -1.316483801850431e-06
-1.903896490488530e-05 -1.227548649210096e-05 -3.667231155402777e-06 -1.267761031353662e-06
-1.733668278341768e-05 -7.580009657054916e-06 -3.710601789536115e-06 -1.275505883789146e-06
-2.139938255138414e-05 -1.231520641107884e-05 -3.610349411050799e-06 -1.257091831165045e-06
-1.951990616840382e-05 -9.078717443338852e-06 -3.706251298960699e-06 -1.329973291966663e-06
-1.903679868075736e-05 -7.540492713459024e-06 -3.702216447815370e-06 -1.325217078437366e-06
-2.472222598702961e-05 -1.237536383229441e-05 -3.545857847203198e-06 -1.324623001632648e-06
-2.306092257792230e-05 -9.715476024443675e-06 -3.573360738412862e-06 -1.330623305595859e-06
-2.140038236822718e-05 -7.489309495767828e-06 -3.628633550065943e-06 -1.377056545393803e-06
-2.921776829742671e-05 -1.243869049569722e-05 -3.545500276534105e-06 -1.367248640828887e-06
-2.695212833707051e-05 -9.905286714272925e-06 -3.534686231760578e-06 -1.318539635346160e-06
-2.472261274224114e-05 -7.431636973920931e-06 -3.561825964061371e-06 -1.329784782230995e-06
-3.400491414958802e-05 -1.249055312980271e-05 -3.682957479808632e-06 -1.428719752871358e-06
-3.159533922024148e-05 -9.904690166339633e-06 -3.588317519151737e-06 -1.308455289635661e-06
-2.921797075902174e-05 -7.370617858514680e-06 -3.560100294905051e-06 -1.267546021023999e-06
-3.887927999911645e-05 -1.253260935170689e-05 -3.930656688083098e-06 -1.538778647874681e-06
-3.642875669565952e-05 -9.904457138732966e-06 -3.795900087084414e-06 -1.356584096804524e-06
-3.400490040832237e-05 -7.318590689384609e-06 -3.662476898976244e-06 -1.250573154794544e-06
-4.382346163903606e-05 -1.256466037838038e-05 -4.279294383492218e-06 -1.544560355566064e-06
-4.134109975529878e-05 -9.904201399717882e-06 -4.135757353786126e-06 -1.370341758989374e-06
-3.887919179003582e-05 -7.276160771029169e-06 -3.973865606386788e-06 -1.194307934187361e-06
-4.881861260928851e-05 -1.258646513640257e-05 -4.545335192699693e-06 -1.469693656036862e-06
-4.631403030910287e-05 -9.903820132303639e-06 -4.444180490104768e-06 -1.361002973918797e-06
-4.382337331397782e-05 -7.243387786509342e-06 -4.304492285015761e-06 -1.205296552229605e-06
-5.384529149920354e-05 -1.259913289777468e-05 -4.632668116037769e-06 -1.310221558910826e-06
-5.132797130034111e-05 -9.903710593818477e-06 -4.658716544391166e-06 -1.366661494406337e-06
-4.881834589481481e-05 -7.221072269127530e-06 -4.581304220323377e-06 -1.276656333122721e-06
-5.888689324552391e-05 -1.260465351527180e-05 -4.435173328958868e-06 -1.180851310411305e-06
-5.636449627851570e-05 -9.903731866655959e-06 -4.600879642749823e-06 -1.348372993864010e-06
-5.384501558467089e-05 -7.208256637434576e-06 -4.688855588216033e-06 -1.403196827530254e-06
-6.393214557751461e-05 -1.260567855665699e-05 -3.936028536131021e-06 -9.803073932367859e-07
-6.140930298583680e-05 -9.903882240366032e-06 -4.258802171336485e-06 -1.331419334126095e-06
-5.888660095829163e-05 -7.202965169518621e-06 -4.484669127812903e-06 -1.518783146752520e-06
-6.897628112011518e-05 -1.260522918943149e-05 -3.183373620413335e-06 -8.649174349312448e-07
-6.645442296807359e-05 -9.904104185066194e-06 -3.583795742424263e-06 -1.307554279877246e-06
-6.393190554713506e-05 -7.202265657136968e-06 -3.952095310537351e-06 -1.698244568620591e-06
-7.977441547652636e-05 -1.230759655837406e-05 -1.483132611351304e-06 -9.236760658186906e-07
-7.905854450776360e-05 -1.260414068064007e-05 -1.590349401871471e-06 -8.783297384878175e-07
-7.123484077230691e-05 -9.904296491467640e-06 -2.810961564634466e-06 -1.296207834262056e-06
-7.401795653721815e-05 -1.260446566908145e-05 -2.332197234402042e-06 -8.931917892885237e-07
-6.897602018421152e-05 -7.203222909778863e-06 -3.206515816866692e-06 -1.737256117981734e-06
-8.007093437708266e-05 -1.159169553532115e-05 -1.439585610258743e-06 -1.034846934388161e-06
-7.837701871204584e-05 -9.904351285748647e-06 -1.710383928349419e-06 -1.310540566305392e-06
-7.401785158125909e-05 -7.204103024799253e-06 -2.355409147186220e-06 -1.730880859392648e-06
-8.007083505089013e-05 -8.217070658732754e-06 -1.470160839756569e-06 -1.569325905268722e-06
-7.905842632801880e-05 -7.204618640091056e-06 -1.624213518470089e-06 -1.723856858655080e-06
-7.977430678734764e-05 -7.501166486397023e-06 -1.515382705640689e-06 -1.678328539886286e-06
