-1.080680720016103e-05 3.049015570203293e-06 4.665550809990856e-05 -6.545028470371121e-06
-1.081991877276636e-05 3.017300485505099e-06 4.686238968359273e-05 -6.039639754297550e-06
-1.081989557983807e-05 2.867799359452444e-06 4.681127913359140e-05 -3.730438928963011e-06
-1.080677941651019e-05 2.836071284965723e-06 4.660025952607251e-05 -3.233696138851631e-06
-1.077513566338925e-05 3.062160297938124e-06 4.615339831044218e-05 -6.754267497678335e-06
-1.071580573645071e-05 2.942539981249734e-06 4.522066991589402e-05 -4.872252415853849e-06
-1.077509796488603e-05 2.822920077283319e-06 4.609768964772787e-05 -3.028392013574973e-06
-1.055231722212995e-05 3.062691734246992e-06 4.269924177232293e-05 -6.702047537211698e-06
-1.055226198681377e-05 2.822268873265542e-06 4.264187240953268e-05 -3.046579838977954e-06
-1.042878610924206e-05 2.942420999933684e-06 4.075002848294207e-05 -4.868800759570742e-06
-1.032707111293718e-05 3.065407040383060e-06 3.930375205166064e-05 -6.739747258770683e-06
-1.032701592485970e-05 2.819291513692523e-06 3.926753365235014e-05 -3.138012724627762e-06
-1.021265060597044e-05 2.942371051554263e-06 3.754287390298831e-05 -4.852172202067805e-06
-1.009418478872590e-05 3.071695340053248e-06 3.587757897230820e-05 -6.718000272653354e-06
-1.009392552503279e-05 2.812735285232335e-06 3.609378203303094e-05 -3.176699837625500e-06
-9.973136839372974e-06 2.942310167620028e-06 3.428589106592429e-05 -4.878121611469491e-06
-9.845983500508003e-06 3.082112151058848e-06 3.259304585714128e-05 -6.584602863093011e-06
-9.845269832354543e-06 2.802281634108919e-06 3.295759423687326e-05 -3.229510422932311e-06
-9.714272997639571e-06 2.942243988923493e-06 3.112467966998251e-05 -4.898413557290641e-06
-9.574068936158473e-06 3.097451952928903e-06 2.955361328193721e-05 -6.484035883526903e-06
-9.573042422019695e-06 2.787144267035361e-06 2.983460230680037e-05 -3.237542497500718e-06
-9.427390188829607e-06 2.942367096250255e-06 2.812176658718861e-05 -4.946085425874788e-06
-9.269484713910850e-06 3.117553164196415e-06 2.670509767819654e-05 -6.457400122639230e-06
-9.268386654305978e-06 2.767512547025453e-06 2.669022267429350e-05 -3.245628286666493e-06
-9.103338932772596e-06 2.942615895372220e-06 2.515345383150628e-05 -4.941038078790095e-06
-8.923288594670721e-06 3.142059724008698e-06 2.374719893883053e-05 -6.466315581735110e-06
-8.922527771268710e-06 2.743756280017217e-06 2.358613844554343e-05 -3.263766473573162e-06
-8.733745003276587e-06 2.943009283599228e-06 2.218650977922781e-05 -4.932571751142664e-06
-8.527363225792044e-06 3.171187401280398e-06 2.073286890722360e-05 -6.473840312537772e-06
-8.527361947440840e-06 2.715863172549157e-06 2.062836973201638e-05 -3.225473953424663e-06
-8.310901664109784e-06 2.943699496356321e-06 1.918120645463373e-05 -4.855546892022957e-06
-8.074410915041086e-06 3.204440005125396e-06 1.765521632498556e-05 -6.440253229748966e-06
-8.075217717311110e-06 2.684053678514471e-06 1.761273912775755e-05 -3.184243895633421e-06
-7.827636803227699e-06 2.944566023920860e-06 1.622563589276452e-05 -4.787481194126320e-06
-7.557697118371799e-06 3.241833415204859e-06 1.469438962909260e-05 -6.350706467742962e-06
-7.558793486465531e-06 2.648096179800654e-06 1.461115730979775e-05 -3.194903711943270e-06
-7.288728997012353e-06 2.945735372295582e-06 1.328523316678047e-05 -4.699887995276333e-06
-6.994929614067253e-06 3.283045874958021e-06 1.178418133086071e-05 -6.292918028860192e-06
-6.995877639982922e-06 2.607063008172240e-06 1.173677726652398e-05 -3.155548639506980e-06
-6.768821954240334e-06 2.974956277122489e-06 1.073792104535632e-05 -4.768815700679654e-06
-6.514420923746614e-06 3.320332035911266e-06 9.647041238604029e-06 -6.223273960482823e-06
-6.515777580444668e-06 2.569493364287849e-06 9.628757635779487e-06 -3.103630448200596e-06
-6.129675134001664e-06 3.353132160342952e-06 8.111974124936176e-06 -6.091078831159475e-06
-6.215621973082910e-06 3.081654051937162e-06 8.372461772769037e-06 -5.137226777619823e-06
-6.131601158600858e-06 2.545299978315610e-06 8.130892731327227e-06 -3.172597797763723e-06
-5.832308644494065e-06 2.518871987352411e-06 7.099834751108896e-06 -3.231077027718373e-06
1.211601789818906e-06 1.900955138349687e-08 -8.583162974770057e-07 -5.433893084400763e-07
1.235850584628672e-06 -3.925076714533520e-08 -8.769567643946266e-07 -5.070517205631267e-07
1.235731925386153e-06 -2.565509730213662e-07 -8.800474700214966e-07 -3.731848363374965e-07
1.211579596746380e-06 -3.141401901607122e-07 -8.614787937947294e-07 -3.347456788419630e-07
-5.834638958229290e-06 3.376630648669132e-06 7.089636749540036e-06 -6.001108352994024e-06
-5.544665833492193e-06 3.381769268602070e-06 6.165312235483102e-06 -5.891354473177317e-06
-5.781260056273675e-06 2.839420940389870e-06 6.859191225653575e-06 -4.252782655914862e-06
-5.555112577946956e-06 2.465398182506268e-06 6.159149379861334e-06 -3.240265679711616e-06
1.153576375068880e-06 4.306601239644447e-08 -8.152933949643795e-07 -5.574847268523729e-07
1.095000956824268e-06 -1.952836364698869e-07 -7.728109763005586e-07 -4.185027940294821e-07
1.153942716533388e-06 -3.382663109731469e-07 -8.180499144075782e-07 -3.224500082810305e-07
-5.459577873898540e-06 3.112321661280677e-06 5.852519188670693e-06 -5.046162908281118e-06
-5.245411006681010e-06 3.358203718061699e-06 5.359876697353972e-06 -5.627270209418915e-06
-4.935247797675598e-06 3.291024082140565e-06 4.643058691167455e-06 -5.323652395073753e-06
-5.372965536781334e-06 2.713295833910740e-06 5.590392049419846e-06 -3.958815350226808e-06
-5.263598748849378e-06 2.351597203598838e-06 5.301301379797279e-06 -3.127017704438681e-06
7.602059396798581e-07 4.861285951309875e-08 -5.589816238524468e-07 -5.738235097182223e-07
7.594840143458085e-07 -3.463457309349391e-07 -5.648104235989714e-07 -3.850544120047680e-07
5.555674554100999e-07 -1.497460035457462e-07 -4.696376403886525e-07 -4.897054222460249e-07
-4.616281583891677e-06 3.191114954775006e-06 3.979969062383928e-06 -4.964825118568026e-06
-4.901887808669437e-06 2.979916768780723e-06 4.520655965047169e-06 -4.538636194585948e-06
-5.013906788448723e-06 2.559596761171246e-06 4.755668140373278e-06 -3.593378515256535e-06
-4.974277386657452e-06 2.174759925820055e-06 4.670033513721809e-06 -2.933690001408704e-06
3.342108841959205e-07 8.370484769989359e-08 -3.618628076235911e-07 -6.401718992261965e-07
3.336230704376355e-07 -3.852334823818849e-07 -3.646906758151249e-07 -3.552396957621493e-07
8.118268306712894e-08 -1.518519882601586e-07 -1.972573632245073e-07 -5.221002825437007e-07
-4.301717940242129e-06 3.043829094242123e-06 3.406321779262227e-06 -4.608007883607594e-06
-3.986959114897880e-06 2.849164195954455e-06 2.938936999523307e-06 -4.171418884942251e-06
-4.610194827230506e-06 2.486246915381735e-06 3.976348195973854e-06 -3.465518223465414e-06
-4.698691983853211e-06 1.940170938063795e-06 4.122551921359292e-06 -2.651614473453684e-06
-2.083904194552195e-07 1.606411222550070e-07 1.146307478532522e-09 -7.472891778282912e-07
-2.090585734607672e-07 -4.666318893759231e-07 -3.222649948752194e-08 -3.606457797969121e-07
-4.065691160538377e-06 2.517804584038869e-06 3.080489337645832e-06 -3.532226984629690e-06
-3.680184745401705e-06 2.615408775037568e-06 2.564288542662963e-06 -3.684554955971759e-06
-4.205073479192184e-06 2.110614804175540e-06 3.310159885543775e-06 -2.903068597527248e-06
-4.449602668307342e-06 1.638742946937904e-06 3.642826217947234e-06 -2.250786514846118e-06
-5.278326991553104e-07 -1.539788635089686e-07 2.093107252198383e-07 -5.762655506806108e-07
-9.064398632705932e-07 2.723677674905780e-07 5.088950258297528e-07 -8.985228804241050e-07
-9.066727237933254e-07 -5.830352426556045e-07 5.098564358016632e-07 -2.585677907839420e-07
-3.398830477561596e-06 2.335041086438843e-06 2.255790257726993e-06 -3.208522899396248e-06
-3.132488159737857e-06 1.999243813161804e-06 2.024084129780713e-06 -2.751945718246433e-06
-2.891385590494609e-06 1.626352782429642e-06 1.844055361848355e-06 -2.272116460685563e-06
-3.916505334481151e-06 1.718841138411706e-06 2.955330373897164e-06 -2.365458568150917e-06
-4.240637753523552e-06 1.271398682973166e-06 3.324108392996276e-06 -1.866545613304656e-06
-1.211187738805883e-06 -1.548794662833472e-07 7.374928056127184e-07 -5.924438278690839e-07
-1.583767240811907e-06 3.825909725574175e-07 1.011075368105559e-06 -1.013388731055169e-06
-1.583765387139815e-06 -6.998346876114477e-07 9.888614963419801e-07 -1.815736402824161e-07
-3.333330425683101e-06 1.634540877372063e-06 2.288916369110143e-06 -2.267199341032447e-06
-2.695011085699426e-06 1.208171818605921e-06 1.709937343363540e-06 -1.783946197772808e-06
-2.215227318024346e-06 4.773128545470681e-07 1.455286993977729e-06 -1.100484656653577e-06
-2.411051936651125e-06 5.673672130278531e-07 1.573409142592479e-06 -1.165845657996180e-06
-2.529802749527561e-06 7.437193175389668e-07 1.630388065496203e-06 -1.312859491154983e-06
-3.706717542785866e-06 1.214681571843053e-06 2.700892872917182e-06 -1.787623522589374e-06
-4.091436443818992e-06 8.471040350524949e-07 3.072486504104981e-06 -1.407671547855055e-06
-1.919869111237101e-06 -7.844337097000465e-08 1.240771022273189e-06 -6.651481800942855e-07
-2.179393751382326e-06 -7.812937640710273e-07 1.474975551901588e-06 -9.331915013178753e-08
-2.997242342543951e-06 9.032876178178703e-07 2.019804954610846e-06 -1.454368031281051e-06
-2.405327008986091e-06 1.963042908113119e-07 1.594017091579083e-06 -8.772510543024058e-07
-2.635951711954638e-06 5.037376232135061e-07 1.737257345508424e-06 -1.108128570168705e-06
-3.538901468220665e-06 7.127531998807107e-07 2.533633271191731e-06 -1.271607539006367e-06
-4.014489242220517e-06 3.758193065705695e-07 2.919321304921007e-06 -9.965530174676105e-07
-2.385686173650177e-06 -4.133232007727684e-07 1.621937428567293e-06 -3.704935482558881e-07
-2.334517634390366e-06 -8.752775222555749e-07 1.617962226145885e-06 -1.608531564330192e-08
-3.075850976012276e-06 9.976388229348714e-08 2.128316451862455e-06 -7.377045719756553e-07
-4.008529630207914e-06 -1.242256620774010e-07 2.852647613919406e-06 -5.625051781314400e-07
-4.136143088523851e-06 -6.516267746452107e-07 2.865563914923847e-06 -1.813069791749633e-07
-2.729939784624843e-06 -7.392971420500287e-07 1.892427530585724e-06 -1.005900621654989e-07
-2.417204413858976e-06 -1.090995828791641e-06 1.698997771887984e-06 1.360732868278428e-07
-2.505544782365221e-06 -1.714175179383543e-06 1.778854420862040e-06 5.321680371117221e-07
-3.583428237716386e-06 -6.982628517326244e-07 2.478252081226050e-06 -1.252477511683428e-07
-2.669415036545100e-06 -2.367213277474459e-06 1.895533738072494e-06 9.114504840811340e-07
-4.379570667132858e-06 -1.200984284460677e-06 2.970803148092749e-06 1.922519794975587e-07
-3.047688641109192e-06 -1.720487443787552e-06 2.097836309428447e-06 5.527938715126737e-07
-3.900373185117388e-06 -1.771197507085906e-06 2.640238951365009e-06 5.716651563378925e-07
-2.940020995525929e-06 -3.011845714086447e-06 2.058978748951339e-06 1.274847717249610e-06
-4.752682701516558e-06 -1.773246068998260e-06 3.141556501835366e-06 5.576966842408453e-07
-4.499802696011759e-06 -2.379685079056166e-06 2.975331313792726e-06 9.191139005561515e-07
-3.845102000966154e-06 -2.777279827779447e-06 2.582447146203263e-06 1.154397683636434e-06
-3.299176444637248e-06 -3.671617521085935e-06 2.253557778182015e-06 1.595831501674738e-06
-3.778325878715583e-06 -4.319553189338675e-06 2.514435419718120e-06 1.920852244453545e-06
-5.272102732217594e-06 -2.327766802007578e-06 3.379287321024837e-06 8.820825760467666e-07
-4.931043086577990e-06 -3.110644267817711e-06 3.187947714483859e-06 1.287822130743581e-06
-4.520160350035888e-06 -4.071830340821121e-06 2.936906060855964e-06 1.775773514316984e-06
-4.342304212851413e-06 -4.943381630318934e-06 2.826560747247832e-06 2.232799254922600e-06
-5.919436296189985e-06 -2.842844023456036e-06 3.667062048973503e-06 1.117613966307514e-06
-5.736152644284032e-06 -4.077130996094931e-06 3.552296587744019e-06 1.742967822882401e-06
-5.014448116267985e-06 -5.504945358390017e-06 3.177953172041509e-06 2.509424373242615e-06
-5.793776028617293e-06 -6.010683040836147e-06 3.562864844235795e-06 2.773162363416990e-06
-6.649905683797242e-06 -6.450502437757713e-06 4.005756712786001e-06 3.030339600801020e-06
-6.708015236630706e-06 -4.354329177123213e-06 4.034556194616565e-06 1.864945016710690e-06
-6.694687519045797e-06 -3.291253519070619e-06 4.033355944455531e-06 1.294936778095808e-06
-6.510682040696554e-06 -5.453812727236926e-06 3.921540401427410e-06 2.478290616855952e-06
-7.592221760088904e-06 -6.781055691892110e-06 4.526469190017212e-06 3.227301357754269e-06
-8.601642997314621e-06 -7.013004561126551e-06 5.162653552534294e-06 3.389420579000661e-06
-7.514194157166488e-06 -4.595392108287303e-06 4.486627155987376e-06 1.972307981351906e-06
-7.593777669939653e-06 -3.618710593332399e-06 4.544644327090049e-06 1.410612389448080e-06
-9.649750637912381e-06 -7.124224991244416e-06 5.878123179124040e-06 3.462749288822728e-06
-8.456871857378388e-06 -5.537158027845496e-06 5.045385443389262e-06 2.492929522426047e-06
-8.584437449042970e-06 -3.803031420001588e-06 5.154467314138224e-06 1.445950340125291e-06
-9.876364133996317e-06 -5.705257126484547e-06 6.023677553444803e-06 2.575850919292783e-06
-1.085715230826237e-05 -7.184071552551723e-06 6.650106979209799e-06 3.500029831444456e-06
-9.632718273140833e-06 -3.844164425730689e-06 5.868054639245577e-06 1.424654357075834e-06
-1.256818695617971e-05 -7.243446480235258e-06 7.756062933785431e-06 3.515512003208352e-06
-1.119280271783522e-05 -4.883464589362346e-06 6.881634082052200e-06 2.039551292720221e-06
-1.085386262539726e-05 -3.785204088947458e-06 6.671534595630339e-06 1.340674816112398e-06
-1.503667422626904e-05 -7.333089710241348e-06 9.316176118570216e-06 3.376809990787802e-06
-1.378997997821634e-05 -5.341532929117618e-06 8.611292588802878e-06 2.280483126445023e-06
-1.256977483257910e-05 -3.709647647650131e-06 7.834749765311427e-06 1.257313610157207e-06
-1.845802366007570e-05 -7.428787742106677e-06 1.101674889352884e-05 3.150259112964655e-06
-1.672073545846216e-05 -5.482130116400514e-06 1.023923862350537e-05 2.331217891616540e-06
-1.503751436866396e-05 -3.625009350449753e-06 9.335645056757473e-06 1.319199918075451e-06
-2.217796585883744e-05 -7.509643973429177e-06 1.233352597987239e-05 2.931185268791131e-06
-2.029349973934378e-05 -5.482328842058783e-06 1.175895020878526e-05 2.303336978665889e-06
-1.845833930834664e-05 -3.534740865731318e-06 1.103226502645910e-05 1.480151794930148e-06
-2.603346015481879e-05 -7.577823020910205e-06 1.337647947237399e-05 2.729156682042446e-06
-2.408450012541822e-05 -5.483074218921979e-06 1.294231344781699e-05 2.265696009948919e-06
-2.217790536137851e-05 -3.455800832414043e-06 1.239413026690450e-05 1.596536736619253e-06
-3.000362472789253e-05 -7.634159344731866e-06 1.421228401188317e-05 2.562666591885997e-06
-2.800094879224449e-05 -5.483838195424424e-06 1.387442444108218e-05 2.212137554443994e-06
-2.603321177469818e-05 -3.389253433084500e-06 1.346133430146266e-05 1.724736891452954e-06
-3.406673413626404e-05 -7.679555686341243e-06 1.490918421110117e-05 2.435861188469502e-06
-3.202110990970795e-05 -5.484500490563351e-06 1.460539633001661e-05 2.132314098577197e-06
-3.000331038588141e-05 -3.334210277384379e-06 1.426650805030393e-05 1.788563374060356e-06
-3.820303368767892e-05 -7.714860953790898e-06 1.541970710571170e-05 2.349340054723771e-06
-3.612400322368526e-05 -5.485048418400472e-06 1.519802878068124e-05 2.098428881568044e-06
-3.406648901305289e-05 -3.289927378549720e-06 1.489219591768665e-05 1.796546901649600e-06
-4.239621667767668e-05 -7.742008988663422e-06 1.595358673932034e-05 2.363716934493814e-06
-4.029131343418117e-05 -5.485327150312466e-06 1.571750899420744e-05 2.075760171942778e-06
-3.820308833448033e-05 -3.255418717539791e-06 1.544762992008142e-05 1.765287781737114e-06
-4.663298327798891e-05 -7.762478652871504e-06 1.664447662458560e-05 2.476787925714310e-06
-4.450838765046272e-05 -5.485522331967361e-06 1.634605111396020e-05 2.048065458037533e-06
-4.239646097920290e-05 -3.228775849313671e-06 1.608573697706388e-05 1.725307905206425e-06
-5.090086116695723e-05 -7.776213326797040e-06 1.745398153609621e-05 2.513966764795359e-06
-4.876281554218111e-05 -5.485686836789399e-06 1.709895856800999e-05 2.036739475732812e-06
-4.663319532512282e-05 -3.208729900010544e-06 1.679238199987292e-05 1.623575636720743e-06
-6.009039797959802e-05 -7.532559509524328e-06 1.942778377412681e-05 2.431496397912687e-06
-5.948079389876291e-05 -7.785012544864770e-06 1.930367375471711e-05 2.483248738766781e-06
-5.281901948893669e-05 -5.485956901257793e-06 1.789264371283443e-05 2.011791102957083e-06
-5.518747688230180e-05 -7.783265746408807e-06 1.840932658465309e-05 2.491900469091262e-06
-5.090078498449776e-05 -3.195519969061218e-06 1.752736986773035e-05 1.574374046226077e-06
-6.034291020721693e-05 -6.923034318276437e-06 1.947967583537535e-05 2.306194447120726e-06
-5.889999620701254e-05 -5.486105598781712e-06 1.918495502477482e-05 2.009842401991953e-06
-5.518740118825963e-05 -3.188784581049926e-06 1.840545278007480e-05 1.527481812833785e-06
-6.034288216343631e-05 -4.049196179108716e-06 1.948487953003889e-05 1.710617712768109e-06
-5.948074539193177e-05 -3.187196364738946e-06 1.930668372005979e-05 1.530199064601705e-06
-6.009036301682132e-05 -3.439656743070199e-06 1.943324618130635e-05 1.583541947582272e-06
