-3.146437837183683e-05 5.910440882468878e-06 4.864775924776004e-05 -6.742420927224070e-06
-3.156558913186832e-05 5.666093611906986e-06 4.886719717899284e-05 -6.223785005472580e-06
-3.156548520865444e-05 4.514121307308942e-06 4.887470214169389e-05 -3.746986186506482e-06
-3.146425923621883e-05 4.269753901534519e-06 4.865240524727594e-05 -3.215281126950340e-06
-3.122002856581237e-05 6.011651152252369e-06 4.812125142352025e-05 -6.955574784969494e-06
-3.076159678057766e-05 5.090091533982531e-06 4.713330668377627e-05 -4.989462357307768e-06
-3.121988522596959e-05 4.168534322836556e-06 4.811649454789940e-05 -2.996162901878854e-06
-2.949948066023235e-05 6.011448683862222e-06 4.444781554130864e-05 -6.935933220571871e-06
-2.949925753103627e-05 4.168631675059605e-06 4.443451338007288e-05 -3.022240700762578e-06
-2.854992388410640e-05 5.090020882735929e-06 4.238030521005568e-05 -4.957867668051856e-06
-2.777989869065199e-05 6.011003586174229e-06 4.084293366737563e-05 -6.865309291011299e-06
-2.777974222059513e-05 4.168981797422660e-06 4.086813991513871e-05 -3.010545111801655e-06
-2.692054894360572e-05 5.089984040227680e-06 3.894191498860348e-05 -4.933838083152177e-06
-2.606103599376617e-05 6.011181728236248e-06 3.738445453998253e-05 -6.826565180642192e-06
-2.606081400945530e-05 4.168499848513989e-06 3.733380407572077e-05 -3.000357763526925e-06
-2.520129438613720e-05 5.089999882052163e-06 3.538179618189704e-05 -4.927596707923137e-06
-2.434054855038999e-05 6.012689178458007e-06 3.397282458929816e-05 -6.740420068616756e-06
-2.434007621518457e-05 4.167224379884255e-06 3.368864991727479e-05 -3.035723813859226e-06
-2.347902292974810e-05 5.090110010579456e-06 3.189416448899427e-05 -4.942468151538086e-06
-2.261590937413529e-05 6.015387837952014e-06 3.061174421838726e-05 -6.663316406375066e-06
-2.261552688331545e-05 4.165249172947796e-06 3.008855524122828e-05 -3.101164915019255e-06
-2.175193207286612e-05 5.090332246949358e-06 2.857109982566254e-05 -4.929839118344771e-06
-2.088626098888115e-05 6.018094257190291e-06 2.739474774558123e-05 -6.636339630548697e-06
-2.088650328118188e-05 4.163298272236570e-06 2.682244956598191e-05 -3.248338481725799e-06
-2.002019120817092e-05 5.090843557355445e-06 2.547038883924210e-05 -4.941083803843888e-06
-1.915253650904527e-05 6.020895318647577e-06 2.436643716127683e-05 -6.549422587691561e-06
-1.915310862668740e-05 4.161503898139459e-06 2.396435106182631e-05 -3.442454619172120e-06
-1.828458806053539e-05 5.091618446659921e-06 2.256277963062434e-05 -4.922085784164805e-06
-1.741491549066495e-05 6.024753044795841e-06 2.131829026263604e-05 -6.600511556499931e-06
-1.741541491361781e-05 4.159234570000345e-06 2.125043002714357e-05 -3.463411600728818e-06
-1.654426192984493e-05 5.092497071087337e-06 1.961477472054877e-05 -4.923397679349957e-06
-1.567045071144954e-05 6.031038631654914e-06 1.806977485558339e-05 -6.768764361605643e-06
-1.567080020491679e-05 4.154710782270403e-06 1.836291851551904e-05 -3.374969456949595e-06
-1.479463912432727e-05 5.093238397323760e-06 1.650565729037772e-05 -5.003756319834952e-06
-1.391333016335647e-05 6.040394598768576e-06 1.476516961538514e-05 -6.747286988705636e-06
-1.391373426120295e-05 4.146741291814744e-06 1.518302305691606e-05 -3.392148185619370e-06
-1.306494901511994e-05 5.093906323818605e-06 1.338012203591417e-05 -5.065989975694775e-06
-1.220915923579918e-05 6.052521428574512e-06 1.177360524046661e-05 -6.655789890567624e-06
-1.220957565473348e-05 4.135147892351926e-06 1.206611634921277e-05 -3.538275684907845e-06
-1.156574305739836e-05 5.169962941181197e-06 1.083104005050523e-05 -5.188255526021083e-06
-1.090135706724690e-05 6.064067400291549e-06 9.840639111019054e-06 -6.468749497095428e-06
-1.090174381015041e-05 4.123889011950900e-06 9.894866644954313e-06 -3.640953606548916e-06
-9.938689926325350e-06 6.073928944193374e-06 8.559758092610021e-06 -6.320653462590195e-06
-1.013030185973298e-05 5.427657681019173e-06 8.753854192207202e-06 -5.521407512681672e-06
-9.939263067063160e-06 4.116765943390827e-06 8.536300251647283e-06 -3.774513692957850e-06
-9.233658885702374e-06 4.109030093118234e-06 7.657003381447879e-06 -3.875570674366547e-06
1.659122915475490e-06 3.311537585431393e-07 -1.102865280373319e-06 -1.129851019003431e-06
1.692265186114012e-06 2.513792394035316e-07 -1.128069782269048e-06 -1.077827989116155e-06
1.692056152706328e-06 -4.554056880704164e-08 -1.118326957169116e-06 -8.755239266164926e-07
1.659095903602242e-06 -1.241129539453526e-07 -1.089644951615559e-06 -8.208605493201423e-07
-9.234274374579246e-06 6.080877634984642e-06 7.768181058701791e-06 -6.281244042759691e-06
-8.587738220917810e-06 6.050431948733153e-06 6.976072768062705e-06 -6.209738374436238e-06
-9.094067260354450e-06 4.848416043748893e-06 7.469191610167448e-06 -4.770080107201614e-06
-8.592282734498821e-06 4.044350297207856e-06 6.871193207887786e-06 -3.911238095651415e-06
1.579725963234410e-06 3.641753859973134e-07 -1.044163181886644e-06 -1.149529410597775e-06
1.499799345270726e-06 3.852718767676608e-08 -9.795019180115718e-07 -9.235194614268175e-07
1.580461016892529e-06 -1.568821270178883e-07 -1.028892048315834e-06 -7.963469314248023e-07
-8.385061498711858e-06 5.440765363969675e-06 6.699172764013572e-06 -5.464249651564004e-06
-7.945782975336062e-06 5.948037894182115e-06 6.262314567027785e-06 -6.004234904199523e-06
-7.315114838186347e-06 5.770603326801936e-06 5.599032647998668e-06 -5.764531431422428e-06
-8.191269606331418e-06 4.588174568249785e-06 6.450046595857598e-06 -4.506617300738243e-06
-7.963803431857103e-06 3.865368319052258e-06 6.236365731535857e-06 -3.814433354809255e-06
1.041642737205944e-06 3.733696047164445e-07 -6.894972102000321e-07 -1.122436764595823e-06
1.041347883253126e-06 -1.661355022174846e-07 -6.957876418778574e-07 -7.777042141033230e-07
7.624291191667236e-07 1.038119476898854e-07 -5.256468199259588e-07 -9.627611166370593e-07
-6.703136819987349e-06 5.523344081893842e-06 4.923982763843013e-06 -5.473606791965940e-06
-7.235058883743141e-06 5.121412338304216e-06 5.497705665965621e-06 -5.047501217223044e-06
-7.455602566089737e-06 4.290052491463725e-06 5.744209285466908e-06 -4.215548772968455e-06
-7.369513113362650e-06 3.575639792563571e-06 5.667912044372767e-06 -3.530289271452283e-06
4.596195906517263e-07 4.242029413767656e-07 -3.516988698244044e-07 -1.189813103985107e-06
4.598783542657670e-07 -2.158596997481557e-07 -3.313383269060543e-07 -6.874340896879574e-07
1.149868201799388e-07 1.045018315561417e-07 -7.784792373914608e-08 -9.240319728022849e-07
-6.120496553641994e-06 5.204698216766607e-06 4.307506470866686e-06 -5.134033905942971e-06
-5.572104288551177e-06 4.818148889527912e-06 3.848434446385397e-06 -4.727447332517710e-06
-6.677810733153834e-06 4.155609406164513e-06 4.929063079408352e-06 -4.055643615464089e-06
-6.828142032284539e-06 3.183958786296555e-06 5.125621402018575e-06 -3.148961577328721e-06
-2.808857573242531e-07 5.333711728944760e-07 1.500621250432254e-07 -1.138660369424415e-06
-2.807265210817922e-07 -3.237927270420619e-07 1.509352086687893e-07 -6.467987449901623e-07
-5.710462447062224e-06 4.203826332995736e-06 3.997528060547038e-06 -4.101038227279051e-06
-5.066306767775606e-06 4.370469261430894e-06 3.406015381845818e-06 -4.250234056018615e-06
-5.946287340664892e-06 3.491326196102806e-06 4.248474774183640e-06 -3.423307873482518e-06
-6.357346857385908e-06 2.697312560183229e-06 4.678227671999764e-06 -2.721411373471974e-06
-7.169327869746068e-07 1.051416363838700e-07 4.103059550179112e-07 -8.703511015818890e-07
-1.235031389065315e-06 6.896293665698517e-07 7.758808527119371e-07 -1.231673710716750e-06
-1.234180584902794e-06 -4.797929603045174e-07 7.835934787601802e-07 -4.619478792142337e-07
-4.613662218133148e-06 3.864313360459939e-06 3.013234886220366e-06 -3.706232848771851e-06
-4.215358411825099e-06 3.302096912919687e-06 2.735940803354783e-06 -3.235890549619794e-06
-3.877971269903127e-06 2.694693739880469e-06 2.508868737105035e-06 -2.746959783601707e-06
-5.462706971806310e-06 2.834862520659658e-06 3.819594230744112e-06 -2.870389036380908e-06
-5.973128614574024e-06 2.128230670483342e-06 4.303886788430578e-06 -2.277665033742460e-06
-1.651074703956398e-06 1.071098253965324e-07 1.057319580328641e-06 -8.615319854621478e-07
-2.160842963961446e-06 8.426693699045272e-07 1.365378189446658e-06 -1.336082233588286e-06
-2.160335540939822e-06 -6.373228112774614e-07 1.386423725666711e-06 -3.042896375999632e-07
-4.542098813823187e-06 2.699986336430930e-06 3.000011861400562e-06 -2.746324408763855e-06
-3.612344770458867e-06 2.044407903607337e-06 2.329569447332007e-06 -2.223375637826295e-06
-3.012610347608645e-06 9.729681314597874e-07 1.952160967383000e-06 -1.411897338770456e-06
-3.269201086322935e-06 1.099477010747865e-06 2.113422178274821e-06 -1.489029264486597e-06
-3.416350978746127e-06 1.352056587365318e-06 2.203086668273841e-06 -1.662243792528193e-06
-5.119425877306275e-06 2.042719457686447e-06 3.458598765233922e-06 -2.174956988458630e-06
-5.691986085049163e-06 1.496984291430079e-06 3.914649342538418e-06 -1.680950983224664e-06
-2.619355190004809e-06 2.146260399533950e-07 1.673302581828043e-06 -8.760477038714205e-07
-2.987481312448194e-06 -7.486718072344248e-07 1.952475405245967e-06 -2.103737542707009e-07
-4.069528650527138e-06 1.577962617065243e-06 2.686991497354962e-06 -1.821188796501897e-06
-3.272791579676526e-06 5.863903787072756e-07 2.122963873215788e-06 -1.134580616374318e-06
-3.575917426113371e-06 1.010243901146661e-06 2.326235373691992e-06 -1.418929185919284e-06
-4.860827507900014e-06 1.299277986070347e-06 3.262735339918799e-06 -1.567812822453350e-06
-5.528681414695783e-06 8.244309509831419e-07 3.695129130533402e-06 -1.275216918594669e-06
-3.266181039276222e-06 -2.484541978012132e-07 2.127773774243803e-06 -5.345403087706428e-07
-3.212181498245745e-06 -8.751364227462239e-07 2.152119220942600e-06 -1.194126086073665e-07
-4.198512564549472e-06 4.354271293821479e-07 2.789551220126949e-06 -9.929895734366627e-07
-5.487705468275728e-06 1.310844970873835e-07 3.644283262976331e-06 -7.754974016924699e-07
-5.615383508672625e-06 -5.775219265747584e-07 3.707345732289473e-06 -2.887402675590427e-07
-3.747801494481690e-06 -6.967959309501362e-07 2.479753913008876e-06 -2.063698259982649e-07
-3.336888872146169e-06 -1.157830791849981e-06 2.282061441993112e-06 6.072697848879712e-08
-3.479196715675238e-06 -1.960723191706506e-06 2.440854119549734e-06 5.191818616320720e-07
-4.885344970689619e-06 -6.521242893987595e-07 3.239134122576694e-06 -2.303847906629387e-07
-3.716666867939333e-06 -2.779970929602560e-06 2.613135125217073e-06 9.578273250859710e-07
-5.897660851208733e-06 -1.305237346583722e-06 3.849277520084087e-06 1.945728085459746e-07
-4.188728254763445e-06 -1.975881271769892e-06 2.799335543835622e-06 5.768356072339973e-07
-5.278819937750536e-06 -2.038412622550892e-06 3.488254390580714e-06 6.263120970933271e-07
-4.074753921743012e-06 -3.579268138733481e-06 2.822371078735680e-06 1.377258536517124e-06
-6.340221449693673e-06 -2.039611088850875e-06 4.009383272907733e-06 5.930732580881472e-07
-6.017890561383446e-06 -2.799796883927885e-06 3.849071872396815e-06 1.007997062793330e-06
-5.209329045596757e-06 -3.291993030511641e-06 3.440258807340985e-06 1.284113272072532e-06
-4.537107817019517e-06 -4.380710203917017e-06 3.048935904501782e-06 1.752054412567813e-06
-5.131745006325918e-06 -5.156185487250030e-06 3.344054359211860e-06 2.125555810723712e-06
-6.955478456079488e-06 -2.738820394073078e-06 4.285674755143112e-06 9.821385564102151e-07
-6.538471708933995e-06 -3.695804249111405e-06 4.104021364586981e-06 1.474358690122083e-06
-6.039441144438680e-06 -4.855786041324092e-06 3.831958123761756e-06 1.978955395383382e-06
-5.824536412193576e-06 -5.893641753255386e-06 3.704038295616924e-06 2.412333826465489e-06
-7.722263761316084e-06 -3.376374124396558e-06 4.602990989431409e-06 1.361192281317056e-06
-7.500170813849718e-06 -4.857264851695420e-06 4.519992150364725e-06 2.003185962962730e-06
-6.635867906262252e-06 -6.553582072599062e-06 4.135212635787592e-06 2.632338116124399e-06
-7.563871129412753e-06 -7.141312620066408e-06 4.539005778263308e-06 2.796853887911576e-06
-8.577046922013041e-06 -7.646051530313219e-06 4.965959089100183e-06 2.934647138173577e-06
-8.649777727234604e-06 -5.185170544705353e-06 4.938074575555034e-06 2.129402215967947e-06
-8.636292123760506e-06 -3.922517670641307e-06 4.950911768395451e-06 1.660669343257501e-06
-8.416874663935083e-06 -6.481065465957003e-06 4.894890861363098e-06 2.540057738287050e-06
-9.682387808714149e-06 -8.023501716370337e-06 5.365978350711207e-06 3.026518574955089e-06
-1.085956964237200e-05 -8.283687200136073e-06 5.681449198158545e-06 3.032405124742210e-06
-9.596209243684150e-06 -5.469733291904727e-06 5.212374530323312e-06 2.214449659760305e-06
-9.689075056236042e-06 -4.321315108206324e-06 5.242267929371793e-06 1.824458528465365e-06
-1.207777066755050e-05 -8.403843840245630e-06 6.030481998669305e-06 3.010231172387247e-06
-1.069651772288831e-05 -6.568972262532738e-06 5.618868955788455e-06 2.581754237423172e-06
-1.084367827850106e-05 -4.548692488320588e-06 5.643837298555251e-06 1.905334164529572e-06
-1.234248437889942e-05 -6.761237464769712e-06 6.063875087489277e-06 2.618055695118219e-06
-1.347260204531417e-05 -8.462598460281671e-06 6.302130762475848e-06 3.000768720054810e-06
-1.206143495452408e-05 -4.603669372573068e-06 6.034426700227278e-06 1.963499605990124e-06
-1.544159195443997e-05 -8.520165262043753e-06 6.689188688507649e-06 2.911426920605749e-06
-1.386326082133991e-05 -5.811731899473366e-06 6.433394445178694e-06 2.360641153768972e-06
-1.347006156085568e-05 -4.543806014471888e-06 6.337393030260751e-06 2.023865820151482e-06
-1.826228501046876e-05 -8.605300927386735e-06 7.130484863713913e-06 2.762220768568357e-06
-1.684244963726396e-05 -6.337896787718153e-06 6.998730067028900e-06 2.505181580359922e-06
-1.544373277876452e-05 -4.467737757996805e-06 6.795034761053066e-06 2.121284479211362e-06
-2.213899063892903e-05 -8.691954609521370e-06 7.495010797542405e-06 2.635932907283437e-06
-2.017626555905871e-05 -6.496942799807034e-06 7.435144713100277e-06 2.468351214406239e-06
-1.826340337596990e-05 -4.384525877354855e-06 7.275452199852615e-06 2.205741579077267e-06
-2.631589939391753e-05 -8.760481385013532e-06 7.719246909138843e-06 2.582356748460933e-06
-2.420650554091231e-05 -6.495450301539036e-06 7.687201590990926e-06 2.459187733885328e-06
-2.213936430837739e-05 -4.299372592618224e-06 7.659640198200000e-06 2.318438753861397e-06
-3.060607490154333e-05 -8.815413709678841e-06 7.915685405161031e-06 2.624305347382438e-06
-2.844387027243068e-05 -6.494668182647073e-06 7.800432082505258e-06 2.451564669484585e-06
-2.631609674637070e-05 -4.229498498613223e-06 7.818544065732174e-06 2.399754016203840e-06
-3.498816350373004e-05 -8.859444761274469e-06 8.247306469481885e-06 2.742313137570052e-06
-3.278340643186817e-05 -6.494014548816539e-06 8.018362506274927e-06 2.473769898447343e-06
-3.060631506214168e-05 -4.173281547200392e-06 7.930140961293965e-06 2.402687840555388e-06
-3.944383301507955e-05 -8.894374736437176e-06 8.775698664934681e-06 2.923369661163520e-06
-3.720504417781881e-05 -6.493251616997082e-06 8.425667824491208e-06 2.516145796496158e-06
-3.498842103653539e-05 -4.127952373845665e-06 8.174790776126106e-06 2.294326015397669e-06
-4.395893969388569e-05 -8.922614696016688e-06 9.624317681539975e-06 3.047171575625053e-06
-4.169235804233341e-05 -6.492322690330929e-06 9.159555622845098e-06 2.548484367139342e-06
-3.944399109284526e-05 -4.091315776838052e-06 8.728285727581637e-06 2.100213961718463e-06
-4.852297774875868e-05 -8.945507384432793e-06 1.076627611607765e-05 3.249043163705667e-06
-4.623357106923023e-05 -6.491402048734928e-06 1.016225946695092e-05 2.545894672921427e-06
-4.395902010514682e-05 -4.061122402221323e-06 9.679621808704332e-06 1.961832860541258e-06
-5.312697071847978e-05 -8.963499481642284e-06 1.226804799074195e-05 3.411013731113503e-06
-5.081915761945175e-05 -6.490448431268814e-06 1.153391849588575e-05 2.534744042803677e-06
-4.852321583975239e-05 -4.036278960852076e-06 1.090684140612642e-05 1.806210238193564e-06
-5.776168315918548e-05 -8.976468867524885e-06 1.406622570743295e-05 3.528694364100719e-06
-5.544020245685724e-05 -6.489568319661742e-06 1.318280602740901e-05 2.494198789739091e-06
-5.312733856925040e-05 -4.016486367359111e-06 1.244769320939365e-05 1.665560279632067e-06
-6.774104677502483e-05 -8.711375712851864e-06 1.851597238394449e-05 3.543048993189932e-06
-6.707897180990566e-05 -8.985561222509319e-06 1.821989771854329e-05 3.666737275549552e-06
-5.984444613684920e-05 -6.489142914286915e-06 1.494634149734878e-05 2.505200915232867e-06
-6.241617801424659e-05 -8.983799059789524e-06 1.610785963016682e-05 3.618072165662289e-06
-5.776176166348140e-05 -4.002262621620393e-06 1.409229994425917e-05 1.549125741797728e-06
-6.801529232162530e-05 -8.049383431877820e-06 1.863693594069082e-05 3.244920612158036e-06
-6.644818337697818e-05 -6.488827048714905e-06 1.790904694649248e-05 2.525802422770076e-06
-6.241617864720337e-05 -3.994138726836512e-06 1.607030677076725e-05 1.398688537596259e-06
-6.801520327741163e-05 -4.928307721083093e-06 1.859986513431858e-05 1.828002444461509e-06
-6.707889867435478e-05 -3.992171647486795e-06 1.817694323441935e-05 1.405438355198437e-06
-6.774095823445520e-05 -4.266344103855932e-06 1.847507052150341e-05 1.529237149400035e-06
