3.777366637532189e-05 -3.587007156464517e-06 -3.327344636622188e-05 4.990615359093892e-06
3.795466515894737e-05 -3.150100539955659e-06 -3.341845454637705e-05 4.634980088064825e-06
3.795473363158054e-05 -1.090196515687360e-06 -3.344147453045420e-05 2.857700585196949e-06
3.777373529471206e-05 -6.532521425780038e-07 -3.329759292671986e-05 2.494293079571271e-06
3.733671436880276e-05 -3.767970966574079e-06 -3.292138990043584e-05 5.138890306238140e-06
3.651696572767090e-05 -2.120146781145857e-06 -3.219965735865435e-05 3.749362312598902e-06
3.733676835115304e-05 -4.722685491237463e-07 -3.294398660122818e-05 2.342202579429106e-06
3.425962079388290e-05 -3.767161729650734e-06 -3.023573478197219e-05 5.138399697291603e-06
3.425953248557121e-05 -4.727590664739085e-07 -3.024685049898284e-05 2.348778484405395e-06
3.256101701147519e-05 -2.119819671095042e-06 -2.882385039621825e-05 3.751619291260288e-06
3.118464021774564e-05 -3.762905044380663e-06 -2.748112092225551e-05 5.093381858447281e-06
3.118414901671193e-05 -4.762261057984143e-07 -2.749228325516033e-05 2.384075853094056e-06
2.964947579347852e-05 -2.119329534747372e-06 -2.644984985731391e-05 3.778050544247423e-06
2.812061099695254e-05 -3.752099848439058e-06 -2.508756785247312e-05 4.986513602881742e-06
2.811995320475033e-05 -4.858288295977876e-07 -2.507704638376348e-05 2.469952463914713e-06
2.659522746270493e-05 -2.118480077488531e-06 -2.409293525338829e-05 3.790060767889598e-06
2.508175138169547e-05 -3.732161200392196e-06 -2.297705224637785e-05 4.807907779394255e-06
2.508153465183717e-05 -5.041703398563100e-07 -2.292451477654096e-05 2.668454264413804e-06
2.357551464063707e-05 -2.117399312912716e-06 -2.205901042931663e-05 3.804956135585723e-06
2.208789781935096e-05 -3.700342313202043e-06 -2.112192762377685e-05 4.782544919483074e-06
2.208832659032365e-05 -5.338403128898188e-07 -2.093838764578182e-05 2.738147765494793e-06
2.061230053063043e-05 -2.116393922185083e-06 -2.016819200105248e-05 3.794163411882397e-06
1.916333798862865e-05 -3.655193050362782e-06 -1.929442958724183e-05 4.815994524416324e-06
1.916402164167716e-05 -5.768969431429536e-07 -1.907345104338678e-05 2.796478556044486e-06
1.773114480137487e-05 -2.115329965291710e-06 -1.827653599035808e-05 3.800880034631677e-06
1.633399867405677e-05 -3.596214917385928e-06 -1.745169242685203e-05 4.884892421713478e-06
1.633466132731254e-05 -6.333992574568850e-07 -1.731367372402881e-05 2.917203274179302e-06
1.495784069580013e-05 -2.114142698968843e-06 -1.630396940397299e-05 3.809025916600608e-06
1.362545412118629e-05 -3.523265797188851e-06 -1.555969402881088e-05 4.887410676592391e-06
1.362602559078764e-05 -7.035336466009084e-07 -1.553514155187629e-05 2.941136261627084e-06
1.231809916642027e-05 -2.112797288926982e-06 -1.442663346376826e-05 3.822638377808833e-06
1.106338343557249e-05 -3.436643690040620e-06 -1.369235435171495e-05 4.861266002605594e-06
1.106354011345064e-05 -7.871053018487385e-07 -1.385049670280443e-05 2.888766674479435e-06
9.837086249271498e-06 -2.111251873138693e-06 -1.274881903733700e-05 3.848841975787848e-06
8.672149781944308e-06 -3.336469662853596e-06 -1.194373817444322e-05 4.707389465951841e-06
8.671470851142983e-06 -8.844525596538506e-07 -1.222961772133719e-05 2.951807750108647e-06
7.583219643704214e-06 -2.108936347937694e-06 -1.126656743461436e-05 3.848155428287833e-06
6.560468128251871e-06 -3.225922065814591e-06 -1.032905048367150e-05 4.691923583590021e-06
6.559004941418535e-06 -9.955324621634158e-07 -1.065301487493499e-05 2.913717105756740e-06
5.811020859443551e-06 -2.189098074221511e-06 -9.886299787520429e-06 3.955876407073921e-06
5.108373487481418e-06 -3.127340627382808e-06 -9.234159383926599e-06 4.715490756853934e-06
5.105000991118246e-06 -1.094263561392934e-06 -9.345649326915417e-06 2.843891839247207e-06
4.142949209081032e-06 -3.044989645120331e-06 -8.285877902662858e-06 4.776788124010802e-06
4.305636062483375e-06 -2.436053709621292e-06 -8.487941339724599e-06 4.194037995671909e-06
4.138854553523892e-06 -1.154853589534252e-06 -8.309867933814018e-06 2.838339413086190e-06
3.486364470443317e-06 -1.217997361602721e-06 -7.507944367457680e-06 2.859925546800028e-06
-2.118045451902971e-07 -1.591356979415812e-07 1.156179047791999e-06 -9.792601664711527e-08
-2.161998590258538e-07 -1.485208061087091e-07 1.180147779970261e-06 -1.531909121420835e-07
-2.161709976174443e-07 -1.090809252241003e-07 1.180984724356399e-06 -3.576096625809854e-07
-2.117974892788281e-07 -9.865479717231973e-08 1.157491320185457e-06 -4.128250680853768e-07
3.480320520049000e-06 -2.988643253527396e-06 -7.577779798912056e-06 4.788539397454376e-06
2.929339709109642e-06 -2.906780195707166e-06 -6.924983927352113e-06 4.775579560902719e-06
3.332659833126271e-06 -1.885226562323619e-06 -7.343133896006291e-06 3.587522396910689e-06
2.909541124803629e-06 -1.234377216432530e-06 -6.850576121091588e-06 2.887993663861381e-06
-2.012438530970259e-07 -1.635556949417321e-07 1.099468366322315e-06 -7.530977183709154e-08
-1.906177077858213e-07 -1.203512893521109e-07 1.042190902318261e-06 -2.993488819438223e-07
-2.013604366622678e-07 -9.432694427515650e-08 1.100958178652693e-06 -4.358304095234901e-07
2.739574388128292e-06 -2.372796963581581e-06 -6.698484986082592e-06 4.186699395855495e-06
2.413725001394463e-06 -2.754651833918172e-06 -6.295899926131151e-06 4.666942075596279e-06
1.953401304713291e-06 -2.568622999194730e-06 -5.637719681198281e-06 4.471689742286629e-06
2.574864134306787e-06 -1.688936145827219e-06 -6.448954482713975e-06 3.414801482345434e-06
2.403219647934583e-06 -1.175610347631888e-06 -6.197086004628597e-06 2.765706871691819e-06
-1.296284275848850e-07 -1.647409972994501e-07 7.139946461033233e-07 -6.783283231613616e-08
-1.294820379179644e-07 -9.299010829482057e-08 7.215314453742548e-07 -4.266826250637975e-07
-9.230122565121191e-08 -1.286325945079054e-07 5.610347925962914e-07 -2.345221326563754e-07
1.554286950822534e-06 -2.328069977078006e-06 -5.037695750160001e-06 4.204375303479707e-06
1.878781545473125e-06 -2.069711794862952e-06 -5.529640629342243e-06 3.850335024311898e-06
2.031634764349882e-06 -1.489966666277812e-06 -5.738211047998376e-06 3.123629486970173e-06
1.963208656918019e-06 -1.056079216390512e-06 -5.695706899250095e-06 2.558410711127908e-06
-5.225125424118043e-08 -1.703815472179646e-07 3.939217069817964e-07 -2.187981514706722e-08
-5.202238244034343e-08 -8.616768729298593e-08 3.935693875740020e-07 -4.317661738041422e-07
-6.706355852155861e-09 -1.278673870576148e-07 1.784942763985326e-07 -2.375521549830826e-07
1.204220982310500e-06 -2.070123757811669e-06 -4.519312661802009e-06 3.927128906237066e-06
9.232448900088787e-07 -1.799709221126218e-06 -4.065207787822577e-06 3.569336438699356e-06
1.521506347738930e-06 -1.411603888774359e-06 -5.077895903426043e-06 2.997601089562907e-06
1.595193970674294e-06 -8.801497899969691e-07 -5.271999083735298e-06 2.243353085856230e-06
4.475878050377981e-08 -1.827154421082249e-07 -5.283314114060418e-08 4.615098030142415e-09
4.508127003761236e-08 -7.201616506075868e-08 -6.803361669430460e-08 -5.188142404317647e-07
9.969010642259494e-07 -1.427249831229359e-06 -4.207507408140999e-06 3.010780987353813e-06
7.055190020158139e-07 -1.508413955101588e-06 -3.647481574375071e-06 3.144438123229879e-06
1.109411023471705e-06 -1.054718906566847e-06 -4.457706406706314e-06 2.431401743651349e-06
1.300678883863368e-06 -6.859284859514797e-07 -4.836778295420097e-06 1.757236634789331e-06
1.009465490444463e-07 -1.268940643181807e-07 -3.657488518642694e-07 -2.698911364857521e-07
1.668330456273358e-07 -2.004278332126435e-07 -7.631497132041606e-07 1.375350062903941e-07
1.667991614704852e-07 -5.196243163990168e-08 -7.539572155410472e-07 -6.984587436667509e-07
5.281989008173762e-07 -1.221582405639569e-06 -3.280843931240892e-06 2.659601924031997e-06
4.196338898711509e-07 -9.652560982278371e-07 -3.014202506321356e-06 2.242647726040974e-06
3.656543520770624e-07 -7.134773436039238e-07 -2.761323895079613e-06 1.789547200260118e-06
8.903134160093830e-07 -7.547419490557364e-07 -4.056826573652555e-06 1.868017788307997e-06
1.076011430946399e-06 -4.958033459651137e-07 -4.514449717487524e-06 1.294508537532613e-06
2.196220032141169e-07 -1.266207944086793e-07 -1.067938402135957e-06 -2.773040244690547e-07
2.831704318333072e-07 -2.175096252492077e-07 -1.419646132549709e-06 2.563945558876168e-07
2.842103028618432e-07 -3.115976905176840e-08 -1.463685064012452e-06 -8.601858293169527e-07
5.549093662619687e-07 -7.032314946209546e-07 -3.274096303181022e-06 1.787502841131640e-06
3.392842789736294e-07 -4.915524245645293e-07 -2.546734383928217e-06 1.262457300365788e-06
3.682613411425097e-07 -2.305913828903049e-07 -2.085308525036157e-06 3.648638117494182e-07
3.794403288696103e-07 -2.511306918139502e-07 -2.272819435331407e-06 4.641518153359387e-07
3.696170669476565e-07 -3.025223366329857e-07 -2.378838200975386e-06 6.735699569334898e-07
7.476420919024667e-07 -4.714242581199284e-07 -3.747593752466753e-06 1.221484365833210e-06
9.031384552880204e-07 -3.252290019902604e-07 -4.226219169108876e-06 7.135323833925707e-07
3.395316457408446e-07 -1.406714696548549e-07 -1.777998338953230e-06 -2.459063032346400e-07
4.112913638502925e-07 -1.319185125977905e-08 -2.084984757471423e-06 -1.007818361472927e-06
4.751290685522116e-07 -3.442405790356575e-07 -2.892746745159951e-06 8.599853538561109e-07
4.013842982103407e-07 -1.774775547274955e-07 -2.286687167064442e-06 4.726984636085762e-08
4.155863697012635e-07 -2.353294888278398e-07 -2.504464534383071e-06 3.872898869128416e-07
6.644939508686205e-07 -2.757216369050654e-07 -3.521901367162438e-06 5.611264951213570e-07
7.791486428793707e-07 -1.899450619335852e-07 -4.020424874973119e-06 1.551797924530356e-07
4.392507090283749e-07 -7.023416950115294e-08 -2.300670801871049e-06 -6.282445509526322e-07
4.639113416644414e-07 6.710920988757773e-10 -2.260342491428116e-06 -1.113349705594924e-06
5.313026662772977e-07 -1.211568281870690e-07 -2.997718859324985e-06 -1.268896734775248e-07
7.152644047599292e-07 -8.362047410791557e-08 -3.942516309589881e-06 -3.814097386387917e-07
6.432495082341179e-07 -1.548721036761915e-08 -4.027328979993295e-06 -8.964565523361090e-07
5.211347650365307e-07 -5.778518079407458e-09 -2.668568769033405e-06 -9.765128586370352e-07
5.028446579627180e-07 1.502626705190156e-08 -2.363031549445088e-06 -1.348327435833185e-06
5.655909067447168e-07 2.408485855927205e-08 -2.502799347901830e-06 -1.979704424693944e-06
6.030051067490194e-07 1.427763877793853e-08 -3.489635101184443e-06 -9.500777752618653e-07
6.265018548628353e-07 -2.034229875120607e-08 -2.720634469009576e-06 -2.513289372928857e-06
5.790089189360646e-07 3.657616654708610e-08 -4.240335076589615e-06 -1.467057913952777e-06
5.925012740271601e-07 4.103849778241697e-08 -3.022109533843261e-06 -2.005542609092893e-06
5.755581047719887e-07 3.988060015664433e-08 -3.777856056590539e-06 -2.046802354686638e-06
6.531453718765139e-07 -8.505316275541991e-08 -2.962795481127055e-06 -3.003673047984683e-06
4.946733463918658e-07 4.027635491827493e-08 -4.498700630720353e-06 -2.054040292116851e-06
5.026741820492500e-07 -1.824243674112211e-09 -4.249580728186915e-06 -2.560408510184824e-06
5.845613016561368e-07 -4.889025113464560e-08 -3.704136742971827e-06 -2.837884101426854e-06
6.572912559426744e-07 -1.970108668269496e-07 -3.244007908313922e-06 -3.490972495439760e-06
6.091696371768390e-07 -3.371834205661295e-07 -3.611349594900450e-06 -3.977507832055135e-06
3.673693192544746e-07 1.641309775895786e-08 -4.782932155023509e-06 -2.555595931399503e-06
4.223100464594962e-07 -1.022008338504851e-07 -4.529794154963743e-06 -3.122787467951735e-06
4.977818197397310e-07 -2.908443248200235e-07 -4.181620515918809e-06 -3.799004985295314e-06
5.328588319725844e-07 -5.025824559298299e-07 -4.031804543673424e-06 -4.371662353009395e-06
2.015037216340685e-07 -3.407175408060341e-08 -5.126775108846442e-06 -2.991715484061896e-06
2.387265456130013e-07 -3.003107091306125e-07 -5.000039479842618e-06 -3.786914041151695e-06
4.031258350387482e-07 -6.636922763777435e-07 -4.492804699370619e-06 -4.698486827603208e-06
2.133706447372538e-07 -8.311604182595573e-07 -4.973425421058381e-06 -4.956390519627226e-06
-1.685314739660539e-08 -1.000616386582457e-06 -5.524011543452725e-06 -5.203799606000114e-06
-2.290084773895821e-08 -3.700249008417234e-07 -5.501597651771073e-06 -3.957695373337667e-06
-1.461602676860590e-08 -1.007972587410676e-07 -5.487282216660342e-06 -3.308044246633268e-06
3.516751769797224e-08 -6.836108072956258e-07 -5.431431218244082e-06 -4.594031379461564e-06
-3.025265852280847e-07 -1.134880373231851e-06 -6.120715403691557e-06 -5.391900464134754e-06
-6.356536737830914e-07 -1.246429973213659e-06 -6.692901916571833e-06 -5.564109244229377e-06
-2.642393859624820e-07 -4.333591119883454e-07 -5.972482975093616e-06 -4.097067640812708e-06
-2.922840073341882e-07 -1.461860722442452e-07 -6.009855233086602e-06 -3.505264817571476e-06
-9.968319784158702e-07 -1.315367459155112e-06 -7.285699226802653e-06 -5.683024767202084e-06
-5.683486003448723e-07 -7.363103874175971e-07 -6.564627851327074e-06 -4.673733257972151e-06
-6.189199208114804e-07 -1.577324124946877e-07 -6.611974365035198e-06 -3.577092272433664e-06
-1.071890804093647e-06 -8.012102163074940e-07 -7.423805425190653e-06 -4.787891026474542e-06
-1.446152330055605e-06 -1.372048194358535e-06 -8.030374688019378e-06 -5.758994405739057e-06
-9.813307586961190e-07 -1.410869489576608e-07 -7.258131860596494e-06 -3.568029878180940e-06
-2.112825643768978e-06 -1.428575873152515e-06 -9.169562268770136e-06 -5.831541682239086e-06
-1.562545105352701e-06 -4.933872906789841e-07 -8.312161660957010e-06 -4.238563471921045e-06
-1.443357586899369e-06 -8.426829158625251e-08 -8.096808621895034e-06 -3.498411961414734e-06
-3.143355872366796e-06 -1.514068908757645e-06 -1.091920684333254e-05 -5.954917528483932e-06
-2.608969274744793e-06 -6.666757184700986e-07 -1.007771662340691e-05 -4.567327249068247e-06
-2.114669926195442e-06 -1.070729533932883e-08 -9.263495338453032e-06 -3.446256138940109e-06
-4.660311535106628e-06 -1.603126791809400e-06 -1.336530137012084e-05 -6.074570506116727e-06
-3.876792247709547e-06 -7.235511647149594e-07 -1.214805860885729e-05 -4.693544410787788e-06
-3.144331386344085e-06 7.176766452710937e-08 -1.101840168434263e-05 -3.391246217363270e-06
-6.382500304503023e-06 -1.674048875385068e-06 -1.598073794899116e-05 -6.232064612709660e-06
-5.499802669113104e-06 -7.228091062983025e-07 -1.462065049594411e-05 -4.744378814430919e-06
-4.660701047726661e-06 1.577581260005965e-07 -1.337465958544374e-05 -3.375858781901923e-06
-8.220740709389934e-06 -1.730277902873048e-06 -1.874629238222571e-05 -6.278067991471321e-06
-7.284264866309142e-06 -7.224982640562864e-07 -1.732515946387174e-05 -4.760284165546692e-06
-6.382772539701666e-06 2.288675909044268e-07 -1.597909773371659e-05 -3.310206738824804e-06
-1.015198020384525e-05 -1.775359649204394e-06 -2.163286963206585e-05 -6.316107301692979e-06
-9.172320374665683e-06 -7.222486086175884e-07 -2.012713889429916e-05 -4.787955181525714e-06
-8.220836285204312e-06 2.854988357172334e-07 -1.869616904532787e-05 -3.331421185158945e-06
-1.215809746335088e-05 -1.811178193940956e-06 -2.444882983866570e-05 -6.276623359081141e-06
-1.114373281792423e-05 -7.219543264704588e-07 -2.298568551649043e-05 -4.828173916849190e-06
-1.015192278258028e-05 3.310652908756788e-07 -2.153431391271868e-05 -3.344195166127112e-06
-1.422348352479253e-05 -1.838572069569052e-06 -2.694133686698235e-05 -6.086429772500734e-06
-1.318212908218216e-05 -7.214769848554841e-07 -2.566658427329251e-05 -4.870768267848688e-06
-1.215813143972430e-05 3.676716505009450e-07 -2.428908381375987e-05 -3.407895037572269e-06
-1.633339619895769e-05 -1.858710506352364e-06 -2.906493171304835e-05 -5.894936132195817e-06
-1.527223524669649e-05 -7.209849725843566e-07 -2.802190738116124e-05 -4.876708814873767e-06
-1.422368246532215e-05 3.961042187802815e-07 -2.683765307833629e-05 -3.601097639648365e-06
-1.847569698695744e-05 -1.873115501808879e-06 -3.079439367635272e-05 -5.807524496137441e-06
-1.740017119564564e-05 -7.204472861780460e-07 -2.994911442804293e-05 -4.872725923235897e-06
-1.633386799470872e-05 4.172823395882801e-07 -2.901930458318272e-05 -3.810406040039712e-06
-2.064065988897663e-05 -1.882822445084877e-06 -3.243952812565941e-05 -5.785209312441374e-06
-1.955523690800961e-05 -7.200707056576590e-07 -3.158512625831729e-05 -4.858135627497057e-06
-1.847604533607045e-05 4.326228618269267e-07 -3.079008337365049e-05 -3.946739858130021e-06
-2.531387694244832e-05 -1.760828311921355e-06 -3.605050863160876e-05 -5.706993253870592e-06
-2.500379706689737e-05 -1.889235995618833e-06 -3.579926286995162e-05 -5.807866679542084e-06
-2.161521494707381e-05 -7.199306599370563e-07 -3.313210934795114e-05 -4.874045220936799e-06
-2.281962164377658e-05 -1.888039194412456e-06 -3.407875043256198e-05 -5.723131887382909e-06
-2.064075697684763e-05 4.428113764535768e-07 -3.235255651665244e-05 -4.013698377304755e-06
-2.544231995821860e-05 -1.450796282854806e-06 -3.615312982619764e-05 -5.457300032838998e-06
-2.470828460419659e-05 -7.198751645241003e-07 -3.551752946805523e-05 -4.841457415042277e-06
-2.281960489179966e-05 4.482729894741583e-07 -3.403634435857992e-05 -3.960179023036979e-06
-2.544230605029691e-05 1.103474501896294e-08 -3.608749817980075e-05 -4.263084278674009e-06
-2.500377707490646e-05 4.494784384784354e-07 -3.573088604304540e-05 -3.921149972850109e-06
-2.531386068340190e-05 3.210695207979011e-07 -3.598173202163898e-05 -4.020470866762324e-06
