-1.192347559470097e-05 2.858009160667250e-06 -4.560909903884396e-05 5.845036788251154e-06
-1.194204079885445e-05 2.813187479776605e-06 -4.578225503610559e-05 5.426542177255195e-06
-1.194177861652418e-05 2.601616059809468e-06 -4.570555951639623e-05 3.387652801926827e-06
-1.192317250735403e-05 2.556734322308314e-06 -4.551805873651569e-05 2.948412368224524e-06
-1.187864130902115e-05 2.876567044632048e-06 -4.518722921582597e-05 6.016937782690206e-06
-1.179424900232911e-05 2.707318456605726e-06 -4.430750320030524e-05 4.393128495343690e-06
-1.187826987482182e-05 2.538145955462014e-06 -4.507106556919096e-05 2.767655094576193e-06
-1.156293447461244e-05 2.876180299784272e-06 -4.215907208311807e-05 6.009932101888647e-06
-1.156232963647870e-05 2.537992117207469e-06 -4.202770455599402e-05 2.785177638988560e-06
-1.138862922033529e-05 2.706922214407986e-06 -4.040753679013947e-05 4.443013885156573e-06
-1.124749806837640e-05 2.876392212448785e-06 -3.918375168605348e-05 6.050068302309128e-06
-1.124693651362039e-05 2.537091964467807e-06 -3.899246597546955e-05 2.774660839617002e-06
-1.108945534296181e-05 2.706243426954195e-06 -3.751218020117678e-05 4.369145942390288e-06
-1.093023284941127e-05 2.877841839779322e-06 -3.610206968221641e-05 6.037692803594133e-06
-1.093033146256607e-05 2.534005768077020e-06 -3.607112182207682e-05 2.717462925674897e-06
-1.077012176285601e-05 2.705449274527869e-06 -3.444632677690360e-05 4.372219022391274e-06
-1.060672846920568e-05 2.881845087257990e-06 -3.299871045426553e-05 6.125133589149524e-06
-1.060713452160842e-05 2.528071680287531e-06 -3.293811686513045e-05 2.595990473539009e-06
-1.044147991252978e-05 2.704558809503945e-06 -3.117399185381985e-05 4.381405716326230e-06
-1.027116366512977e-05 2.889108518867806e-06 -2.971391209933405e-05 6.210097419390647e-06
-1.027120011318539e-05 2.518757731121753e-06 -2.954063545525611e-05 2.514513614319767e-06
-1.009761388240294e-05 2.703589408658181e-06 -2.768463137051849e-05 4.393642440479899e-06
-9.917773967524051e-06 2.899518863100876e-06 -2.630327888790215e-05 6.227417180424994e-06
-9.916907703527667e-06 2.506058046044318e-06 -2.585577253804272e-05 2.455926345470342e-06
-9.732848271253007e-06 2.702279099223624e-06 -2.414003690846832e-05 4.370501961344487e-06
-9.539810165930607e-06 2.914131771194108e-06 -2.278622038314968e-05 6.207342483929312e-06
-9.538337736421203e-06 2.488892469349126e-06 -2.221076632437456e-05 2.533177241709020e-06
-9.339485329493121e-06 2.700726346941845e-06 -2.070923771516692e-05 4.307117353939956e-06
-9.127044008048261e-06 2.935652930779981e-06 -1.920959583951950e-05 6.116538504240711e-06
-9.125642706732110e-06 2.464401270578431e-06 -1.886892810852887e-05 2.669169704519895e-06
-8.904755531223930e-06 2.699100852316163e-06 -1.753396407268587e-05 4.238453742122219e-06
-8.664025243460363e-06 2.966440374765447e-06 -1.590479005770526e-05 5.883673702894436e-06
-8.663049498559541e-06 2.430304942866657e-06 -1.589666603818206e-05 2.777538501837274e-06
-8.410359840844797e-06 2.697444325800813e-06 -1.467189590263654e-05 4.227751551892535e-06
-8.131134837509871e-06 3.007821279336368e-06 -1.316823939557905e-05 5.571404609464381e-06
-8.130581887745206e-06 2.385226754644762e-06 -1.327458633165115e-05 2.892426763819751e-06
-7.848674164491940e-06 2.696077592634848e-06 -1.228760898926882e-05 4.198751922202592e-06
-7.535244738927371e-06 3.058823100281645e-06 -1.110930546700428e-05 5.353147823560904e-06
-7.535116142692636e-06 2.328721303903878e-06 -1.110681894374337e-05 3.019249269096809e-06
-7.290704395194137e-06 2.725938308629248e-06 -1.040852372093608e-05 4.265001066149525e-06
-7.009508582645994e-06 3.107257537951533e-06 -9.697788548217748e-06 5.232804825996106e-06
-7.010482347361547e-06 2.276089334665460e-06 -9.613700517841238e-06 3.090390549359442e-06
-6.579204448127398e-06 3.148842774023017e-06 -8.656855144711756e-06 5.203723786511766e-06
-6.677000639775399e-06 2.843713654577331e-06 -8.854154597491869e-06 4.518460796201001e-06
-6.580498857813682e-06 2.242885725594283e-06 -8.657380012400288e-06 3.128730808998674e-06
-6.241292987912277e-06 2.208653286027008e-06 -7.885111649879619e-06 3.123535530431522e-06
1.269891959950437e-06 -4.889916946449152e-07 1.267566119508358e-06 -2.641484109586722e-07
1.295626340170022e-06 -5.506066790919220e-07 1.295898282640373e-06 -3.336257239728845e-07
1.295582618595242e-06 -7.811727749639124e-07 1.306844730575897e-06 -5.932386189958827e-07
1.269938312077311e-06 -8.424081785963737e-07 1.281116595338052e-06 -6.621516301921382e-07
-6.245492585099045e-06 3.177337155513265e-06 -7.896522070186356e-06 5.168351612410928e-06
-5.915143123562228e-06 3.184036020405930e-06 -7.239448457273509e-06 5.114525542290709e-06
-6.184830463957208e-06 2.570433757910755e-06 -7.725584561940875e-06 3.862170726069175e-06
-5.925754379018547e-06 2.145105457511087e-06 -7.226056454769446e-06 3.088991896942853e-06
1.208448833943389e-06 -4.636708718093958e-07 1.199796632248874e-06 -2.348099692340767e-07
1.145989136070645e-06 -7.166009449866751e-07 1.136213110862019e-06 -5.114040415706776e-07
1.208669424765350e-06 -8.681770652500826e-07 1.213877771444902e-06 -6.878522931848852e-07
-5.818304837659116e-06 2.878435797138681e-06 -7.018404688136501e-06 4.480743418898261e-06
-5.574417698309900e-06 3.157362644203864e-06 -6.596621107771022e-06 4.975981225680145e-06
-5.220662199234802e-06 3.079403321376523e-06 -5.962269775766653e-06 4.762957754606493e-06
-5.718029580987954e-06 2.425755240650763e-06 -6.813518164355477e-06 3.629599955998286e-06
-5.591887245564070e-06 2.015170473150600e-06 -6.573865243641739e-06 2.900663140161314e-06
7.904811700159717e-07 -4.590911345885253e-07 7.349202975350429e-07 -2.078612327571884e-07
7.898092533071270e-07 -8.762295210833743e-07 7.421538526227871e-07 -6.528554071789284e-07
5.745157466034713e-07 -6.681976009863842e-07 5.278268042632898e-07 -4.200086134230980e-07
-4.859904247936893e-06 2.963218001547957e-06 -5.389779167750064e-06 4.483288735413769e-06
-5.181690251087204e-06 2.725505783955132e-06 -5.861724409294566e-06 4.127891357275391e-06
-5.307386849480325e-06 2.250305295445939e-06 -6.085608659732424e-06 3.305066515919317e-06
-5.260129993379215e-06 1.816967042460148e-06 -6.026193716190599e-06 2.636059897466580e-06
3.420147132598232e-07 -4.237461943392595e-07 2.722157626306029e-07 -1.259062520150520e-07
3.419155360077989e-07 -9.131189654002146e-07 2.796609772558857e-07 -6.567151807920045e-07
7.909632061484015e-08 -6.685627822423087e-07 -1.204809654179266e-08 -3.734292941555350e-07
-4.504888410313504e-06 2.792879340584812e-06 -4.878079549405928e-06 4.188729507230753e-06
-4.153391698871193e-06 2.570571065813004e-06 -4.354416249678933e-06 3.777497340666446e-06
-4.849154051277650e-06 2.165926127505092e-06 -5.350484012728028e-06 3.183340455638859e-06
-4.944934433792125e-06 1.556241124774705e-06 -5.502886072895454e-06 2.289463039690110e-06
-2.211113381312473e-07 -3.443197105124371e-07 -3.056106490817030e-07 -2.817544158288328e-08
-2.210849321189782e-07 -9.928578989226044e-07 -3.135770392265967e-07 -6.812983635517225e-07
-4.240425729927412e-06 2.197988611766259e-06 -4.468870718383051e-06 3.181618344368603e-06
-3.815986480072020e-06 2.305335339468033e-06 -3.908282543036063e-06 3.317469892562159e-06
-4.392840135385802e-06 1.745381662525650e-06 -4.677220606976187e-06 2.563734628275896e-06
-4.660774256822368e-06 1.225378563593851e-06 -5.047726623281726e-06 1.830145766975313e-06
-5.503114149357906e-07 -6.685234772714412e-07 -6.007566120134243e-07 -3.294119657021207e-07
-9.405668300689475e-07 -2.281228135787472e-07 -1.003183055476312e-06 1.782309835654360e-07
-9.400144899056968e-07 -1.109413455657527e-06 -9.729957528647650e-07 -7.771952631303411e-07
-3.508274730706476e-06 1.989949008167868e-06 -3.528834227325154e-06 2.872416391052151e-06
-3.222650619903014e-06 1.619475225454376e-06 -3.208642916264306e-06 2.361598163707592e-06
-2.969954012568078e-06 1.211724308398499e-06 -2.979186334320350e-06 1.826501204082951e-06
-4.073157644443699e-06 1.312520187831557e-06 -4.285163540605833e-06 1.960092640711608e-06
-4.422505089543558e-06 8.278878537364014e-07 -4.721985004326663e-06 1.364416782471586e-06
-1.253851810497614e-06 -6.672838282941021e-07 -1.322236663014738e-06 -2.764343575569005e-07
-1.637536066140925e-06 -1.129440581957651e-07 -1.712895139784119e-06 3.013158916652272e-07
-1.637003453151033e-06 -1.227603995511446e-06 -1.707849384182980e-06 -8.330076647826225e-07
-3.441459541103804e-06 1.219322439018644e-06 -3.499292234693895e-06 1.825418858275408e-06
-2.766449648207290e-06 7.601968193597388e-07 -2.797986307682555e-06 1.284234405677854e-06
-2.284601254177951e-06 -1.388285752108555e-08 -2.335134913775101e-06 4.121440326228622e-07
-2.483660130806500e-06 8.038715869840602e-08 -2.514377383769404e-06 5.088119827536195e-07
-2.602524342744337e-06 2.658506120852962e-07 -2.623719503554169e-06 7.113933841086045e-07
-3.841605858215631e-06 7.659717371295067e-07 -3.980011997531319e-06 1.278878437771746e-06
-4.249304187648051e-06 3.757907810274327e-07 -4.447156831001001e-06 8.382841878181986e-07
-1.982961451211867e-06 -5.867006208107331e-07 -2.049055426409593e-06 -1.680660672953602e-07
-2.253121836516380e-06 -1.310690450454651e-06 -2.347551691937284e-06 -9.229658401135727e-07
-3.088984100698024e-06 4.331190168480690e-07 -3.151897023542742e-06 9.065689190311236e-07
-2.480406803185137e-06 -3.039770004313317e-07 -2.528581689927060e-06 1.205379302128176e-07
-2.715462865059661e-06 1.444429249384417e-08 -2.747261936066270e-06 4.408422877266180e-07
-3.659829457736605e-06 2.325637602003515e-07 -3.774912690407124e-06 6.774010755705464e-07
-4.154029966264598e-06 -1.185648012108669e-07 -4.296365657105825e-06 2.833240201293440e-07
-2.464695441072228e-06 -9.324569647869635e-07 -2.566202838386834e-06 -5.324888108652962e-07
-2.415569530688437e-06 -1.406693249029238e-06 -2.551858255794676e-06 -1.019990557638172e-06
-3.173472456947861e-06 -4.075794874414319e-07 -3.269469433675614e-06 -3.404181629982442e-08
-4.137925436086016e-06 -6.368916566268784e-07 -4.233878090464389e-06 -2.803588440404533e-07
-4.255919110951983e-06 -1.176859500369616e-06 -4.254613075980602e-06 -8.101968036559759e-07
-2.821238229042603e-06 -1.268339684784354e-06 -2.979741702792910e-06 -8.919807763000725e-07
-2.503135647229794e-06 -1.625503984201528e-06 -2.673882164738008e-06 -1.213574071612652e-06
-2.598162658314335e-06 -2.254642422413535e-06 -2.814408098108980e-06 -1.730976294659202e-06
-3.692989289887946e-06 -1.228116706743381e-06 -3.759384583518150e-06 -8.831187789534731e-07
-2.768705693422168e-06 -2.909333732859865e-06 -3.014287119982929e-06 -2.214040807076700e-06
-4.492755432724122e-06 -1.736193568055544e-06 -4.383826387457271e-06 -1.320607486150762e-06
-3.148082818710048e-06 -2.262327256155909e-06 -3.320044967923244e-06 -1.740706368031058e-06
-4.007350645246019e-06 -2.311888603238634e-06 -3.992741296694369e-06 -1.791670078908731e-06
-3.042593696985987e-06 -3.553390296849165e-06 -3.257848012139536e-06 -2.663175035256597e-06
-4.859843258164350e-06 -2.312816213388057e-06 -4.615575040155126e-06 -1.827267435258354e-06
-4.604312682017973e-06 -2.920649430070274e-06 -4.408640578990699e-06 -2.269316084862902e-06
-3.949651055582353e-06 -3.318894539999136e-06 -3.961740025632585e-06 -2.503896113820206e-06
-3.403803080866891e-06 -4.210525367872053e-06 -3.594151980368823e-06 -3.091211392645619e-06
-3.881333018049426e-06 -4.854130910266573e-06 -3.954905843622652e-06 -3.439888760624324e-06
-5.372680937765770e-06 -2.868353035202128e-06 -4.853473500400385e-06 -2.274486057655552e-06
-5.031403389376123e-06 -3.649185153244269e-06 -4.653170913077606e-06 -2.752812303703574e-06
-4.620579870212664e-06 -4.606858348271382e-06 -4.427274817358957e-06 -3.300121358265132e-06
-4.442855672361099e-06 -5.474703669112708e-06 -4.332702843239342e-06 -3.716268891172940e-06
-6.013879409920048e-06 -3.381272000237418e-06 -5.147734417046624e-06 -2.657861708685704e-06
-5.829231268139794e-06 -4.610154226601112e-06 -5.063419101262874e-06 -3.284624273928585e-06
-5.110101385187170e-06 -6.033600490420046e-06 -4.696393284126201e-06 -3.945667949820355e-06
-5.883966089212524e-06 -6.538089868401655e-06 -5.044577154528647e-06 -4.091041235529705e-06
-6.736230627122959e-06 -6.980388451157614e-06 -5.402832369537802e-06 -4.179341814105153e-06
-6.795268102165966e-06 -4.884672270934295e-06 -5.431894841345851e-06 -3.407531893857514e-06
-6.783655060983016e-06 -3.825796268408832e-06 -5.423710592953914e-06 -2.934602702354168e-06
-6.596948359957226e-06 -5.982631719657192e-06 -5.372209506033196e-06 -3.844237948270166e-06
-7.675534657284431e-06 -7.314480545794188e-06 -5.754366978305081e-06 -4.239442701680313e-06
-8.687154599599671e-06 -7.553062087966763e-06 -6.071655462774837e-06 -4.303937498339437e-06
-7.597994904658670e-06 -5.123691344074799e-06 -5.736540034063482e-06 -3.513880302788670e-06
-7.679182588594621e-06 -4.148045814889032e-06 -5.753659482427379e-06 -3.135789341571067e-06
-9.739502505107945e-06 -7.671054429595061e-06 -6.347440109745020e-06 -4.343774284402799e-06
-8.539056781498879e-06 -6.067319149202239e-06 -6.047124392899104e-06 -3.840956299566645e-06
-8.669524113126096e-06 -4.325346663861325e-06 -6.067373544881112e-06 -3.257305146246241e-06
-9.966471520186969e-06 -6.237169127472821e-06 -6.447996477114487e-06 -3.893733906160974e-06
-1.096020742104189e-05 -7.740511959731917e-06 -6.679127005936539e-06 -4.333872762337449e-06
-9.721235965392590e-06 -4.360066803245440e-06 -6.381100162281950e-06 -3.299819481948186e-06
-1.269955174245510e-05 -7.810937214150002e-06 -7.166765221740015e-06 -4.365999136543836e-06
-1.129718214623143e-05 -5.403255384661961e-06 -6.793366543304557e-06 -3.652010501627797e-06
-1.095675481941220e-05 -4.291203641087314e-06 -6.696354963848580e-06 -3.320752263475439e-06
-1.523450255437277e-05 -7.920310122791536e-06 -7.866341388205759e-06 -4.332543049567191e-06
-1.394880149919615e-05 -5.867136927075803e-06 -7.543646560695215e-06 -3.779573993580451e-06
-1.270195760010206e-05 -4.199814360583684e-06 -7.174087271056936e-06 -3.306329368458362e-06
-1.878565570854363e-05 -8.038440901357065e-06 -8.683427879982669e-06 -4.311435878589885e-06
-1.697665765912955e-05 -6.010355754086136e-06 -8.280634842930788e-06 -3.843777219344542e-06
-1.523566451894359e-05 -4.094298647236863e-06 -7.874634184333497e-06 -3.356230390542040e-06
-2.267967463002100e-05 -8.138111944060720e-06 -9.562379462384196e-06 -4.391833410253975e-06
-2.070218336916436e-05 -6.009542238139376e-06 -9.082603988091583e-06 -3.864519020341665e-06
-1.878602000392348e-05 -3.980208287493337e-06 -8.677698827436269e-06 -3.439216476098718e-06
-2.674221563691787e-05 -8.222253893224302e-06 -1.056031380865245e-05 -4.535425765317673e-06
-2.468474465515162e-05 -6.009519932429716e-06 -9.984269670787985e-06 -3.878551171241074e-06
-2.267972719915559e-05 -3.880824713353169e-06 -9.528073163896143e-06 -3.372327846746006e-06
-3.094861800110554e-05 -8.293265090135556e-06 -1.189958745333357e-05 -4.631391953784858e-06
-2.882324216246163e-05 -6.009582502016650e-06 -1.113661046440646e-05 -3.913857814530494e-06
-2.674230996271000e-05 -3.796775673393431e-06 -1.048922339848383e-05 -3.288981663947606e-06
-3.527559942442805e-05 -8.351670710812243e-06 -1.337913420182493e-05 -4.677978214750458e-06
-3.309379853943801e-05 -6.009684578796757e-06 -1.258366463448573e-05 -3.903194519060661e-06
-3.094869217258089e-05 -3.725995500264986e-06 -1.182699294707693e-05 -3.191271576636027e-06
-3.969948363227738e-05 -8.396831554792071e-06 -1.485460489838360e-05 -4.648477883383858e-06
-3.747344278017094e-05 -6.009718013344981e-06 -1.406074430040709e-05 -3.878020126262604e-06
-3.527576127794398e-05 -3.667701889628717e-06 -1.331839949119338e-05 -3.106216869498364e-06
-4.419498814430250e-05 -8.428828026888440e-06 -1.628545612199919e-05 -4.568438479188179e-06
-4.193740283760772e-05 -6.009639308466703e-06 -1.552876945316558e-05 -3.860013840511607e-06
-3.969970884833094e-05 -3.622509626103876e-06 -1.478031670484395e-05 -3.091119400071184e-06
-4.873870857427990e-05 -8.449561149625888e-06 -1.760651401737319e-05 -4.517923125600873e-06
-4.646062027808642e-05 -6.009357713060249e-06 -1.692416174818334e-05 -3.857272019543782e-06
-4.419537334517280e-05 -3.590128810672160e-06 -1.621011188141150e-05 -3.122048235403906e-06
-5.331131512584748e-05 -8.461522929795859e-06 -1.890635716095844e-05 -4.530908390147032e-06
-5.102152151387063e-05 -6.009139859568094e-06 -1.821164219649222e-05 -3.801272776005640e-06
-4.873891215407215e-05 -3.568934225286017e-06 -1.757153976886278e-05 -3.090744131896412e-06
-6.314418986826093e-05 -8.198116109427986e-06 -2.204209852687877e-05 -4.545926122818870e-06
-6.249202483249645e-05 -8.468214135076899e-06 -2.180687545617406e-05 -4.637299894116032e-06
-5.536501451542226e-05 -6.008969589746782e-06 -1.947775411302835e-05 -3.803227656630965e-06
-5.789931816151324e-05 -8.467069405777174e-06 -2.029097435709173e-05 -4.559856889037020e-06
-5.331152405210415e-05 -3.556578986426016e-06 -1.884309178741385e-05 -3.060192053303925e-06
-6.341433268530247e-05 -7.546010740228357e-06 -2.213947025579205e-05 -4.317704560595556e-06
-6.187089424880420e-05 -6.008844211914067e-06 -2.156269222270463e-05 -3.758979641890994e-06
-5.789941843290444e-05 -3.550795759108826e-06 -2.027021922429109e-05 -2.982896807391697e-06
-6.341441595952882e-05 -4.471625766504031e-06 -2.210521625189008e-05 -3.218225023196916e-06
-6.249212593030642e-05 -3.549432142546987e-06 -2.177054305923645e-05 -2.903417225536859e-06
-6.314428147057880e-05 -3.819525538172970e-06 -2.200593336191778e-05 -2.993658705991029e-06
