-1.345852289381936e-04 1.875407252725899e-05 -1.733957634304587e-05 2.090540119901588e-06
-1.351215675816108e-04 1.745927716598586e-05 -1.739589379293024e-05 1.939345158375028e-06
-1.351214089523730e-04 1.135530238644244e-05 -1.737400611795323e-05 1.206869591389365e-06
-1.345850465225113e-04 1.006047705372776e-05 -1.731474117895810e-05 1.056541854594581e-06
-1.332903971149865e-04 1.929038704332575e-05 -1.719832203442890e-05 2.155310811230738e-06
-1.308614542878576e-04 1.440724419915875e-05 -1.687909621729039e-05 1.568951882080106e-06
-1.332901765457885e-04 9.524148025514286e-06 -1.717011858637362e-05 9.922063477770630e-07
-1.241727548193566e-04 1.928954426737111e-05 -1.604234551296447e-05 2.247455015736172e-06
-1.241724633947276e-04 9.524784511195185e-06 -1.601224419056253e-05 9.560095885915622e-07
-1.191396040361081e-04 1.440712994671816e-05 -1.541889480461376e-05 1.637072939584987e-06
-1.150583193576410e-04 1.928448069771549e-05 -1.468551237734852e-05 2.315205527736386e-06
-1.150576066949715e-04 9.529368110727950e-06 -1.470847012077310e-05 8.744413329311172e-07
-1.105039572425689e-04 1.440660651444097e-05 -1.415720143821097e-05 1.666323777390346e-06
-1.059568115572774e-04 1.927213012403117e-05 -1.329742276934666e-05 2.328438850377739e-06
-1.059561691659166e-04 9.540674340005028e-06 -1.329521041986747e-05 8.490356166833186e-07
-1.014139260485743e-04 1.440595882743837e-05 -1.266535197772427e-05 1.690297373106884e-06
-9.688467826424294e-05 1.924911490778794e-05 -1.197720178599632e-05 2.366937823707889e-06
-9.688417160151741e-05 9.562165422296684e-06 -1.178828117732450e-05 8.787338743043550e-07
-9.236381797259245e-05 1.440512431644684e-05 -1.126178338911963e-05 1.696914596083948e-06
-8.786510095083707e-05 1.921188784492009e-05 -1.074081734250832e-05 2.398509234387817e-06
-8.786476910479577e-05 9.597417175798409e-06 -1.039721514566912e-05 1.004217700290159e-06
-8.337973360098306e-05 1.440418008148703e-05 -9.987117865796346e-06 1.681650502202953e-06
-7.892671338144713e-05 1.915821687892958e-05 -9.477607412128835e-06 2.401634338708360e-06
-7.892607142674895e-05 9.648817703582215e-06 -9.144601099602923e-06 1.027640357264778e-06
-7.449209520315291e-05 1.440304282528962e-05 -8.787374781258805e-06 1.673692659036594e-06
-7.010200571406510e-05 1.908593265598455e-05 -8.349542698320953e-06 2.369079880009626e-06
-7.010121673236136e-05 9.718767821533609e-06 -7.922281678282056e-06 1.041183662397185e-06
-6.573613872217777e-05 1.440191496868384e-05 -7.525519141931394e-06 1.658697195770304e-06
-6.142838690599858e-05 1.899250891996315e-05 -7.096973880130070e-06 2.393130610617338e-06
-6.142752476096189e-05 9.809875710541637e-06 -6.666538945290210e-06 1.008283368891830e-06
-5.715132267128451e-05 1.440062039716311e-05 -6.140969726312657e-06 1.675129313355361e-06
-5.294740267839092e-05 1.887560035877517e-05 -5.789100838703721e-06 2.394815114412957e-06
-5.294628401715214e-05 9.924219142297030e-06 -5.409350853414263e-06 1.007610685518598e-06
-4.878101784290434e-05 1.439916649003961e-05 -4.744770452289042e-06 1.665182151756856e-06
-4.470272654514303e-05 1.873361599567700e-05 -4.434559674999792e-06 2.283914001758555e-06
-4.470112867056534e-05 1.006420940111594e-05 -4.308348083709452e-06 1.129350088740420e-06
-4.083009786842217e-05 1.439676272640622e-05 -3.675756058803948e-06 1.660910654697323e-06
-3.705685925824420e-05 1.856765691050910e-05 -3.436535540819134e-06 2.103619249150245e-06
-3.705463546671987e-05 1.023425634016799e-05 -3.392759782143470e-06 1.200528073374287e-06
-3.425381701605903e-05 1.471244336232296e-05 -3.045479943110892e-06 1.687099073150341e-06
-3.149141495447733e-05 1.841050870641613e-05 -2.830190559497087e-06 2.008872272101665e-06
-3.148631319946408e-05 1.039491827624516e-05 -2.829529763852092e-06 1.307824146302680e-06
-2.759165682232917e-05 1.827120909158323e-05 -2.544967310289055e-06 2.006937280285455e-06
-2.830971497699498e-05 1.573409476184604e-05 -2.598116315253533e-06 1.781856896818899e-06
-2.758409775623607e-05 1.049907413578248e-05 -2.497378566066362e-06 1.313606324615896e-06
-2.483389792908995e-05 1.061131137759032e-05 -2.271755029254158e-06 1.339689890857279e-06
3.544381874223369e-06 1.203925244298758e-06 3.468791651403241e-08 4.750607155024849e-07
3.614987776940197e-06 1.033843120907691e-06 3.869008803330308e-08 4.637318827819631e-07
3.614482214061016e-06 4.014095485495208e-07 5.141705484601544e-08 4.247906482578117e-07
3.544284400611278e-06 2.342024162798271e-07 5.084369920627851e-08 4.141101061189650e-07
-2.482354660368147e-05 1.817231660980892e-05 -2.288020779447258e-06 2.017951189279353e-06
-2.239972596097220e-05 1.794383741408416e-05 -2.060236705571970e-06 2.025167362144491e-06
-2.423977762451284e-05 1.345281135169667e-05 -2.229906329802060e-06 1.603131983358371e-06
-2.236632817547525e-05 1.051789448621420e-05 -2.052545389931406e-06 1.322444913387850e-06
3.375112212815224e-06 1.274432503110361e-06 2.520511525027839e-08 4.807307776009476e-07
3.204956305195380e-06 5.810215166154909e-07 2.050380769827489e-08 4.453673061085994e-07
3.376880918427151e-06 1.646993743804506e-07 4.175588233339087e-08 4.120811491226318e-07
-2.160458106110315e-05 1.563245424701791e-05 -1.996041756670743e-06 1.811759184732240e-06
-2.006097759085168e-05 1.742474226624978e-05 -1.821102942802097e-06 2.024272940691810e-06
-1.786073843872660e-05 1.668568189763522e-05 -1.593292898850095e-06 1.977543897748482e-06
-2.087717033467946e-05 1.253393087440775e-05 -1.925302066664604e-06 1.513331505969071e-06
-2.006968511476979e-05 1.004816972551620e-05 -1.853995470161386e-06 1.276176451126733e-06
2.229164150468429e-06 1.295029796194466e-06 -6.732985609638395e-08 5.014924494371175e-07
2.229106091896166e-06 1.471795462553812e-07 -6.071364105689171e-08 4.524611815149549e-07
1.635441285545987e-06 7.223973441169256e-07 -6.776595388606347e-08 4.759782442761110e-07
-1.583116114156883e-05 1.569426992660772e-05 -1.382430345557102e-06 1.882573193682808e-06
-1.754593407269766e-05 1.437078658460839e-05 -1.573750583988438e-06 1.734991207440882e-06
-1.829553476794878e-05 1.153608126259463e-05 -1.659826542544344e-06 1.449091280270861e-06
-1.798083669506614e-05 9.240425080265356e-06 -1.622560569385570e-06 1.193645173150394e-06
9.917338237487337e-07 1.403286554547743e-06 -4.463996290278693e-08 4.412634249175284e-07
9.928109096757308e-07 4.484397352645368e-08 -7.790521451297131e-08 4.682455722960739e-07
2.611780845970141e-07 7.257551761782285e-07 -1.532331307156538e-08 4.182392995937445e-07
-1.396381301214854e-05 1.452803616688076e-05 -1.167015371982332e-06 1.738266467712961e-06
-1.231496834147336e-05 1.320705012679286e-05 -9.349805000811806e-07 1.619699538819728e-06
-1.570807251102269e-05 1.111064127441810e-05 -1.367709779513427e-06 1.421026188144629e-06
-1.614980090861124e-05 8.119894084291473e-06 -1.393006512274761e-06 1.062475858242253e-06
-5.777052902720989e-07 1.635219879156193e-06 -5.014406557646893e-09 4.453911063532399e-07
-5.767629773434471e-07 -1.802399066299388e-07 -5.513778891735442e-09 3.925472355416882e-07
-1.273595740243901e-05 1.123475861308410e-05 -9.805390582114097e-07 1.425282198687891e-06
-1.088794542060464e-05 1.172550986766169e-05 -7.297358160236011e-07 1.483694146139210e-06
-1.342418409675221e-05 9.080289864133401e-06 -1.053628152651040e-06 1.181584472423637e-06
-1.461377332626637e-05 6.783914006060237e-06 -1.183993180177032e-06 9.325564548432300e-07
-1.499965650877100e-06 7.294017861648846e-07 -2.367717357852072e-08 4.200491990328349e-07
-2.597295309484229e-06 1.969125911209604e-06 -7.532112807003095e-08 5.057593938837413e-07
-2.594241867985879e-06 -5.095873973788868e-07 -6.159239585973241e-08 3.442012147578954e-07
-9.650152591091444e-06 1.014471444637040e-05 -5.466641138822384e-07 1.293070823642824e-06
-8.668656162878925e-06 8.530079917113508e-06 -4.242482075463839e-07 1.091451036124925e-06
-7.922340966581737e-06 6.842185794376196e-06 -3.408488184767739e-07 8.868511477496046e-07
-1.203455321467986e-05 7.193026787651317e-06 -8.242487841895767e-07 9.443594602021879e-07
-1.339528263556702e-05 5.305987957686192e-06 -9.556785240772556e-07 7.197962372795557e-07
-3.477635468407912e-06 7.364619882941293e-07 -1.329897691288894e-07 4.137256398747547e-07
-4.558765583530167e-06 2.296995812587999e-06 -1.837307082428026e-07 4.956349525886864e-07
-4.558699441842884e-06 -8.473851709399588e-07 -2.329471465141336e-07 2.974949211036772e-07
-9.576388793037032e-06 6.828782272976570e-06 -5.277182727624543e-07 8.848189791148081e-07
-7.370425575506857e-06 5.142661625514382e-06 -2.805663007014993e-07 6.981759145200648e-07
-6.321184092327647e-06 2.573604083797766e-06 -2.256282845734279e-07 4.661716438079441e-07
-6.821862784238375e-06 2.855442011783859e-06 -2.645520669800871e-07 4.905251535117560e-07
-7.073609417515754e-06 3.438604374313565e-06 -2.820293623836749e-07 5.442544765304289e-07
-1.107712331977407e-05 5.093898703374959e-06 -6.708026984750236e-07 6.936899284833791e-07
-1.248496056362232e-05 3.758258534653689e-06 -7.921942607241303e-07 5.761274912665396e-07
-5.528544922461828e-06 9.691602653060984e-07 -2.376423995155865e-07 3.985077525620101e-07
-6.366165841163554e-06 -1.094181501038927e-06 -2.870775820806037e-07 2.590502159819780e-07
-8.520660205118417e-06 3.950236345247229e-06 -3.913177666147781e-07 5.738677478929159e-07
-6.875814210425981e-06 1.741268426115185e-06 -2.765417662727115e-07 4.028243419916739e-07
-7.471309391285757e-06 2.656082320310954e-06 -3.184318273917586e-07 4.730806149941920e-07
-1.041037299187753e-05 3.282436561870116e-06 -5.366412616911003e-07 4.969748108720191e-07
-1.190408930008839e-05 2.213574623764217e-06 -6.183012580085909e-07 3.837328113813274e-07
-6.944509532739998e-06 -4.216303676237133e-08 -3.085101738412006e-07 3.148321662918294e-07
-6.895619873545090e-06 -1.359498592955361e-06 -3.003365365536997e-07 2.506106427727082e-07
-8.882763446019420e-06 1.339999468312006e-06 -4.061730195974820e-07 3.567437692864033e-07
-1.168561362106191e-05 6.954416541496260e-07 -5.247527290781645e-07 3.607840846823966e-07
-1.176738946931338e-05 -7.680398278394452e-07 -4.645160410848615e-07 3.021938882300139e-07
-8.016634959310314e-06 -1.013331748633359e-06 -3.664696753675200e-07 2.729175139252838e-07
-7.209936214444534e-06 -1.917326950789235e-06 -3.058695314407655e-07 2.489150963558211e-07
-7.604910453627525e-06 -3.435238558943693e-06 -3.068393690054446e-07 2.503053263046781e-07
-1.031729062994167e-05 -9.709469119226452e-07 -4.145001590432933e-07 2.792208665882785e-07
-8.172834983600129e-06 -4.875905227644270e-06 -3.240010238481421e-07 2.432316579191942e-07
-1.215877912963794e-05 -2.233627478692953e-06 -4.284381627616617e-07 2.510143959189658e-07
-8.987478483998805e-06 -3.497752224806590e-06 -3.688078188168816e-07 2.649569929283817e-07
-1.099239141591325e-05 -3.609684033027110e-06 -3.888103117265131e-07 2.478475763347169e-07
-8.894281993649743e-06 -6.237433720844661e-06 -3.449573868146856e-07 2.382590579247550e-07
-1.281241725228877e-05 -3.610762909881006e-06 -4.236131792815238e-07 2.203309960815119e-07
-1.222475218589114e-05 -4.945492019677898e-06 -3.899906066282113e-07 2.307774465994708e-07
-1.087679075050587e-05 -5.772041977786682e-06 -3.656866792981306e-07 2.485461598844750e-07
-9.765206165431193e-06 -7.510688116997143e-06 -3.895020503260264e-07 2.434226604713258e-07
-1.077779579043323e-05 -8.679701250204700e-06 -3.868523689209449e-07 3.042146348794676e-07
-1.370567152837492e-05 -4.866225362015176e-06 -3.623894459554461e-07 2.254135068438753e-07
-1.303473617728228e-05 -6.417061965000848e-06 -3.419278225898431e-07 2.600303717416005e-07
-1.225061187091046e-05 -8.209965117621470e-06 -3.410519403029951e-07 2.880907661401245e-07
-1.191812517185110e-05 -9.731214658730685e-06 -3.621227794704415e-07 3.346239328093544e-07
-1.480815811583558e-05 -5.953155509385992e-06 -2.911765540119992e-07 2.371348624394777e-07
-1.446492773277321e-05 -8.192516507465169e-06 -2.704282240551903e-07 3.023996782684616e-07
-1.317424146348786e-05 -1.064742950079735e-05 -3.085730191907719e-07 3.505032244442164e-07
-1.453217676090437e-05 -1.141850754568941e-05 -2.587352905294260e-07 3.776607804007500e-07
-1.597235059101327e-05 -1.203436534131140e-05 -2.011372766953456e-07 4.103948709977390e-07
-1.609679599215186e-05 -8.666617961815313e-06 -1.786224865792631e-07 3.042568509135750e-07
-1.608902559309415e-05 -6.837658118075062e-06 -1.854272581506385e-07 2.520947119337604e-07
-1.577405694770702e-05 -1.047445339181145e-05 -2.102201658805590e-07 3.462979232407377e-07
-1.747871638161281e-05 -1.248163826934818e-05 -1.335695225170040e-07 4.245554429600201e-07
-1.903153232912643e-05 -1.275656323255836e-05 -5.668551691779907e-08 4.019495415353776e-07
-1.739195430076079e-05 -9.072949174459995e-06 -1.095840035414684e-07 2.976664872526595e-07
-1.751203540238811e-05 -7.488291616375806e-06 -9.581175170646823e-08 2.604347275699966e-07
-2.060846288369481e-05 -1.285264439880536e-05 2.038945105180443e-08 3.633100213320005e-07
-1.885476465043594e-05 -1.053813231134024e-05 -5.071273291893213e-08 3.100342262515302e-07
-1.903346295651251e-05 -7.883961270449356e-06 -3.385735211165919e-08 2.804200751281428e-07
-2.095731522520764e-05 -1.077271818272170e-05 2.167018352618104e-08 3.077521562372790e-07
-2.235099634696346e-05 -1.285950515852149e-05 1.041898239993715e-07 3.091973885508656e-07
-2.060672423097084e-05 -8.013799677381769e-06 5.052977869175534e-09 3.030000526782518e-07
-2.475443712563017e-05 -1.286529623314256e-05 2.012958347434234e-08 2.244192779896805e-07
-2.285546770786574e-05 -9.588789565837499e-06 6.072409869414557e-08 3.208201701037030e-07
-2.235124970117897e-05 -8.005262495663120e-06 4.258058305164829e-08 3.260483644659307e-07
-2.806854607029743e-05 -1.287187558130846e-05 -1.874347076316115e-07 1.034456598793525e-07
-2.642696940341742e-05 -1.023976571692478e-05 -6.175592849073470e-08 3.256700815260483e-07
-2.475508395967946e-05 -7.995477901477158e-06 1.153832399017337e-08 3.848187761207703e-07
-3.245190919523995e-05 -1.287531089064517e-05 -6.677362050417413e-07 4.097131739964837e-08
-3.025924713296900e-05 -1.042885320372126e-05 -3.766786810619179e-07 3.247650221973421e-07
-2.806888386728672e-05 -7.986908517637450e-06 -1.598558271035135e-07 4.720927105642029e-07
-3.702431328798453e-05 -1.287576774163643e-05 -1.188802912427051e-06 9.555051870100323e-08
-3.473788346385573e-05 -1.042718577178720e-05 -9.021212181976579e-07 3.300241933203670e-07
-3.245232217341360e-05 -7.980577004054940e-06 -5.523441367788389e-07 5.619008484319962e-07
-4.159862363146029e-05 -1.287592016925941e-05 -1.576767811540043e-06 2.126965110729658e-07
-3.931143313581476e-05 -1.042574356541495e-05 -1.414372967770588e-06 3.498412868443049e-07
-3.702478747206660e-05 -7.976940561057737e-06 -1.093956204139077e-06 5.925968411374116e-07
-4.617556545829160e-05 -1.287714444792876e-05 -1.802814793601104e-06 3.305133448685823e-07
-4.388669560826511e-05 -1.042447577909829e-05 -1.748406876848471e-06 3.487728334239783e-07
-4.159914164635116e-05 -7.974094578068998e-06 -1.559491734301193e-06 5.258029245935336e-07
-5.075856125964276e-05 -1.288012980194556e-05 -1.770766427712146e-06 4.935081906309888e-07
-4.846601749782725e-05 -1.042322562098904e-05 -1.825331530229151e-06 3.477541457558255e-07
-4.617609213000237e-05 -7.970499502500690e-06 -1.791475240298802e-06 3.850155009579953e-07
-5.535127285321415e-05 -1.288497658470522e-05 -1.393098666973826e-06 6.618034825013852e-07
-5.305324561554921e-05 -1.042208698476297e-05 -1.589842486604123e-06 3.273735464454244e-07
-5.075904114957553e-05 -7.965273741294973e-06 -1.677012790251497e-06 1.954216143788968e-07
-5.995641446537549e-05 -1.289093740548701e-05 -5.578486487088928e-07 8.196620968694017e-07
-5.765178533611071e-05 -1.042112741661133e-05 -9.870202745001508e-07 2.785169202626563e-07
-5.535160361334445e-05 -7.958316223593800e-06 -1.219199286246659e-06 -2.959418145300962e-08
-6.457514947770538e-05 -1.289678014420617e-05 7.001436182114546e-07 9.903210755711071e-07
-6.226372412331037e-05 -1.042027130146797e-05 4.615395836800122e-08 2.497103418486884e-07
-5.995671316960190e-05 -7.950440055576183e-06 -4.132520848210684e-07 -2.638800131462970e-07
-6.920587658812732e-05 -1.290161690985702e-05 2.212402784963970e-06 1.026149752557625e-06
-6.688889342372358e-05 -1.041968132791919e-05 1.471199659985369e-06 2.236075580335714e-07
-6.457531885740452e-05 -7.943009670253161e-06 7.795709397791482e-07 -4.579674000875360e-07
-7.914424489820732e-05 -1.263158405209465e-05 5.596425283413059e-06 8.660690074588456e-07
-7.848516402049958e-05 -1.290457439640739e-05 5.376991217650188e-06 9.580224232987855e-07
-7.128287711730006e-05 -1.041934455833087e-05 2.996646969701825e-06 1.628562443328164e-07
-7.384425528376686e-05 -1.290423351659721e-05 3.846856961893505e-06 1.000514777368776e-06
-6.920603168865485e-05 -7.937247803244428e-06 2.320649513096040e-06 -6.265937376651981e-07
-7.941724915382248e-05 -1.197252293904613e-05 5.687827630809586e-06 6.467262389675576e-07
-7.785763734200483e-05 -1.041909071487144e-05 5.195668941476986e-06 1.419053477060795e-07
-7.384436429054737e-05 -7.934224198267934e-06 3.896361580400721e-06 -6.580088862916513e-07
-7.941733469481078e-05 -8.865601272169004e-06 5.733153558342564e-06 -3.910541740979375e-07
-7.848526938202953e-05 -7.933564397838729e-06 5.431802024996392e-06 -6.983799795771577e-07
-7.914433927337800e-05 -8.206548078291255e-06 5.645664600296543e-06 -6.089274471072349e-07
