-1.253809811016877e-04 1.756399766746139e-05 -2.667856206390931e-05 3.964636655744751e-06
-1.258806147026398e-04 1.635793850340407e-05 -2.679262020898518e-05 3.674124153125808e-06
-1.258804761983531e-04 1.067213252820184e-05 -2.673187152037693e-05 2.311843738755497e-06
-1.253808312985922e-04 9.466085561014031e-06 -2.661495558359130e-05 2.035788793915693e-06
-1.241747919656797e-04 1.806353411191321e-05 -2.639586068072969e-05 4.086135189494531e-06
-1.219120198420175e-04 1.351501057292766e-05 -2.581092439676042e-05 2.983213419954209e-06
-1.241746365479058e-04 8.966554966293976e-06 -2.633678621709652e-05 1.920670075479954e-06
-1.156815074371984e-04 1.806160810857217e-05 -2.432117341356336e-05 4.119730537086335e-06
-1.156813834502999e-04 8.968520590180179e-06 -2.425664396487111e-05 1.869680641398516e-06
-1.109940405098016e-04 1.351510654369354e-05 -2.318828774185731e-05 2.992072280681080e-06
-1.071948299430744e-04 1.805359851703812e-05 -2.233616602212279e-05 4.117072411789380e-06
-1.071947655983133e-04 8.976973371150891e-06 -2.224770954019552e-05 1.925898076277770e-06
-1.029576021182120e-04 1.351521349204163e-05 -2.121224334248925e-05 2.988531905562190e-06
-9.873120338528417e-05 1.803531385315094e-05 -2.024816932086291e-05 4.079375222958888e-06
-9.873153623392258e-05 8.995644320324370e-06 -2.022575047498978e-05 2.000691556594551e-06
-9.451246961252938e-05 1.351537329614671e-05 -1.918682402769464e-05 2.989802776582833e-06
-9.031229726865839e-05 1.800408343734249e-05 -1.831165726449026e-05 4.116585797976580e-06
-9.031286284256871e-05 9.027044964342310e-06 -1.820935394961469e-05 1.922635149350605e-06
-8.612474850874079e-05 1.351532769631397e-05 -1.721676356953295e-05 3.019107639896996e-06
-8.196420460150310e-05 1.795880940570388e-05 -1.637506057834708e-05 4.070775682157057e-06
-8.196495539794906e-05 9.071739357318629e-06 -1.623914740813564e-05 1.990360911016150e-06
-7.782097400747032e-05 1.351494022273083e-05 -1.527354597857443e-05 3.065523130140079e-06
-7.371377920587035e-05 1.789892654465436e-05 -1.440864465208638e-05 4.044210167412596e-06
-7.371418675901344e-05 9.129837925002824e-06 -1.422141295001610e-05 2.025537022654520e-06
-6.962744720871550e-05 1.351379967711085e-05 -1.330482204415241e-05 3.051661230222349e-06
-6.558624881559542e-05 1.782466199351294e-05 -1.244816637055841e-05 4.092965498253535e-06
-6.558648470241716e-05 9.201197888962722e-06 -1.228650266138376e-05 1.950039432086610e-06
-6.156950672344709e-05 1.351203888126234e-05 -1.124782728638474e-05 3.021228490196674e-06
-5.760667381296070e-05 1.773634724440249e-05 -1.058904952726308e-05 3.962587969821794e-06
-5.760681441692203e-05 9.285512446308051e-06 -1.034706633413636e-05 1.969135918157193e-06
-5.367236160535928e-05 1.350987579401458e-05 -9.273527162331268e-06 2.967896622771999e-06
-4.980112500957838e-05 1.763295043652791e-05 -8.965232923564367e-06 3.731462954036170e-06
-4.980113047344046e-05 9.384413010141229e-06 -8.569584982192905e-06 2.095768087328480e-06
-4.596264036446393e-05 1.350751364392329e-05 -7.697903820545698e-06 2.896817303711503e-06
-4.219761413634953e-05 1.751155998880117e-05 -7.470216623698070e-06 3.615267154299030e-06
-4.219683025832006e-05 9.501399713908415e-06 -7.096566572071641e-06 2.168223455341883e-06
-3.861916188350109e-05 1.350413935808457e-05 -6.464458787975837e-06 2.852005662771651e-06
-3.512285508000508e-05 1.737214093606676e-05 -6.194601933120664e-06 3.552944871841487e-06
-3.512111500660418e-05 9.641448169286133e-06 -5.950507172334782e-06 2.251028414190198e-06
-3.252294807320498e-05 1.379667556746190e-05 -5.576647020458101e-06 2.851811614439087e-06
-2.995083655693691e-05 1.724057787518676e-05 -5.220018609815966e-06 3.442030775300401e-06
-2.994647677595946e-05 9.773721283376311e-06 -5.121237065370078e-06 2.259749201711811e-06
-2.631201550223494e-05 1.712334994992890e-05 -4.563139389150409e-06 3.435794067828079e-06
-2.698629020719411e-05 1.475034150521586e-05 -4.675448970123556e-06 2.985664065425882e-06
-2.630518146060145e-05 9.859800198864378e-06 -4.534974842440436e-06 2.274613548578720e-06
-2.373015361650501e-05 9.953409114843361e-06 -4.153554351483144e-06 2.243258819758462e-06
3.426202667118162e-06 8.820242197581472e-07 3.090936109512296e-07 2.716835863096191e-07
3.494113264906243e-06 7.185275769933210e-07 3.176586091310876e-07 2.563916041698255e-07
3.493689022026311e-06 1.101908395962508e-07 3.080105926169624e-07 1.925781658560341e-07
3.426154139237619e-06 -5.073657184337322e-08 2.967496074860366e-07 1.777572481730414e-07
-2.372223146391698e-05 1.703963491903637e-05 -4.134162827891437e-06 3.449398788270160e-06
-2.144562386381493e-05 1.683327408773627e-05 -3.775784657435219e-06 3.392290196860241e-06
-2.317784220180865e-05 1.261599156315409e-05 -4.088331688982393e-06 2.633483275131599e-06
-2.141693838776859e-05 9.853967808294198e-06 -3.811615671378261e-06 2.165270382672910e-06
3.263476984767607e-06 9.497386416594968e-07 2.890747484978872e-07 2.763081300187091e-07
3.099798477988903e-06 2.826580730233233e-07 2.643239178880386e-07 2.063696970217347e-07
3.265065812667127e-06 -1.177599831062302e-07 2.766196984965102e-07 1.731428906765653e-07
-2.070121194259880e-05 1.466462465254752e-05 -3.661874206228795e-06 3.012891503883862e-06
-1.924413060769513e-05 1.635516685249279e-05 -3.454927175093378e-06 3.268920363457752e-06
-1.716547438867442e-05 1.566537377358162e-05 -3.159132960202484e-06 3.132883648543819e-06
-2.001706184609110e-05 1.174835262835066e-05 -3.593216430971029e-06 2.451624811645530e-06
-1.925436385271799e-05 9.398251011665687e-06 -3.504037521918328e-06 2.064510542701901e-06
2.161432209538859e-06 9.687354086570388e-07 2.123275584747005e-07 2.369614743753944e-07
2.160941392637678e-06 -1.360047406746291e-07 2.157183027641357e-07 1.769337666791592e-07
1.589951426148829e-06 4.168667369133200e-07 1.646360766981450e-07 1.986782047436485e-07
-1.524153959971621e-05 1.473736245212202e-05 -2.843783875253217e-06 2.987258043029338e-06
-1.687021370821229e-05 1.348280432393347e-05 -3.109160573306851e-06 2.781053783657997e-06
-1.757854041644390e-05 1.080211606633159e-05 -3.235390183523379e-06 2.299462259908826e-06
-1.728097966969808e-05 8.621466632563184e-06 -3.182434799797024e-06 1.889543603068518e-06
9.703672429589760e-07 1.072298034257378e-06 1.155724915395185e-07 2.623573657485101e-07
9.709850820870004e-07 -2.368692845042828e-07 8.796942234048249e-08 9.552643880365053e-08
2.660561531104031e-07 4.185419436735374e-07 -1.768745480860456e-08 1.807190805521687e-07
-1.346663979723015e-05 1.363823742336847e-05 -2.543739783147381e-06 2.831295812736118e-06
-1.189290964482201e-05 1.238765504536309e-05 -2.250869355136533e-06 2.614116481007807e-06
-1.512548647218670e-05 1.039612816611364e-05 -2.784187456883746e-06 2.236945633063219e-06
-1.554592690331260e-05 7.547976845468444e-06 -2.835472395250095e-06 1.640066829931674e-06
-5.429135352742322e-07 1.295771897112739e-06 -1.989988833240972e-07 3.607640726166517e-07
-5.425894787541590e-07 -4.571198413901885e-07 -1.700695081713890e-07 3.158476532620878e-08
-1.229373035299928e-05 1.051412219924894e-05 -2.311732776686177e-06 2.269768673265247e-06
-1.052628157848838e-05 1.098223632927289e-05 -1.997747821385232e-06 2.357538774873872e-06
-1.295021086661677e-05 8.460420727857449e-06 -2.398862149841567e-06 1.827476899656274e-06
-1.408603419789558e-05 6.265834954088203e-06 -2.595603748146920e-06 1.368427454371973e-06
-1.433887316656661e-06 4.203421251384746e-07 -3.644617492832278e-07 1.960065242349970e-07
-2.494557830295573e-06 1.618711091574847e-06 -5.393665431113497e-07 3.711426025765108e-07
-2.492094290529813e-06 -7.789409925039002e-07 -5.589528296183650e-07 -1.292755886501205e-08
-9.338654861700022e-06 9.476637571566303e-06 -1.776394713602070e-06 2.050377328613475e-06
-8.391735341692265e-06 7.932372153767999e-06 -1.556396427961463e-06 1.703772065113320e-06
-7.667994027522232e-06 6.315713813477033e-06 -1.385288548562850e-06 1.336548880422393e-06
-1.161994780139834e-05 6.654948433144656e-06 -2.165031134059516e-06 1.439822029521763e-06
-1.292491768227351e-05 4.844152555764232e-06 -2.403319383358481e-06 1.041438533538403e-06
-3.346261485961744e-06 4.256956565407668e-07 -6.973304306587887e-07 1.774053310815101e-07
-4.392638717511524e-06 1.936204560403463e-06 -9.353044403831598e-07 4.673263094477167e-07
-4.393139767318544e-06 -1.108599270888569e-06 -9.137776400222089e-07 -1.118562026894164e-07
-9.260638753756642e-06 6.304378133580698e-06 -1.732527793316099e-06 1.342729270225829e-06
-7.130977225540341e-06 4.682598866731215e-06 -1.272083566617232e-06 9.544456209372956e-07
-6.102048624144995e-06 2.204544443834100e-06 -1.224737607190901e-06 4.779662210719843e-07
-6.589492704155479e-06 2.477307038052269e-06 -1.269091967287588e-06 5.141484872986327e-07
-6.836613214885003e-06 3.040847915118154e-06 -1.273344850400002e-06 6.118179763519239e-07
-1.070138052078832e-05 4.638764304377795e-06 -2.001727143638293e-06 9.792571639785351e-07
-1.205677574080607e-05 3.351705330724409e-06 -2.246646431611502e-06 7.239775954942745e-07
-5.332035127275630e-06 6.496694897833310e-07 -1.128530068741444e-06 2.456953692312663e-07
-6.141453628992116e-06 -1.349243899608785e-06 -1.293758440913642e-06 -1.057668279726851e-07
-8.237455326202909e-06 3.535889245662212e-06 -1.517241063504041e-06 7.066966206260960e-07
-6.639550931874220e-06 1.398352456105671e-06 -1.302936476820408e-06 3.533795888329376e-07
-7.219247561928307e-06 2.284540503703583e-06 -1.358648914599931e-06 4.807590401949003e-07
-1.005931756990552e-05 2.892077746840583e-06 -1.878202797798805e-06 6.210758860517990e-07
-1.150326921254788e-05 1.858306394529003e-06 -2.131242286171336e-06 4.731733021972417e-07
-6.702301873756941e-06 -3.297280287615378e-07 -1.357365203486013e-06 6.580121418611736e-08
-6.652279574278396e-06 -1.607171040849760e-06 -1.390524416314459e-06 -1.375408755762245e-07
-8.582880448210949e-06 1.012714230815328e-06 -1.602796864457851e-06 2.765829845369081e-07
-1.129607488903292e-05 3.878108662341549e-07 -2.068066606791565e-06 1.882401147821632e-07
-1.138163255148437e-05 -1.033108959839147e-06 -1.971680533705610e-06 -5.007583117760257e-08
-7.739319470644578e-06 -1.270879005246263e-06 -1.517835539173685e-06 -1.039035578731547e-07
-6.954936656026481e-06 -2.150278026693082e-06 -1.449481777741543e-06 -1.867888631589146e-07
-7.334020471908898e-06 -3.629612719227962e-06 -1.526016009809096e-06 -2.990828621935378e-07
-9.972650574727347e-06 -1.228341195773372e-06 -1.805983439470711e-06 -1.158469947940340e-07
-7.882217808232621e-06 -5.036639722161556e-06 -1.613405649737886e-06 -3.812221980731602e-07
-1.176734598817763e-05 -2.458006238727518e-06 -1.879580820084874e-06 -2.299933943257414e-07
-8.678368584970963e-06 -3.689365591044291e-06 -1.634594874296233e-06 -3.260710983619289e-07
-1.063142363312135e-05 -3.799062114956548e-06 -1.790767484701730e-06 -3.283474190235097e-07
-8.582652426509133e-06 -6.367995743292688e-06 -1.721605906255354e-06 -4.500153895386012e-07
-1.240914549178700e-05 -3.800469242548924e-06 -1.793357760712096e-06 -3.074075918210834e-07
-1.183590857954541e-05 -5.104085629931362e-06 -1.776239402297258e-06 -3.865277056053444e-07
-1.051782266261602e-05 -5.912319039551598e-06 -1.804684010550744e-06 -4.464290078116298e-07
-9.430176182945933e-06 -7.616012589641389e-06 -1.805593502871173e-06 -4.107827161780530e-07
-1.041907216822815e-05 -8.764165731099811e-06 -1.809837197177014e-06 -3.217506720516407e-07
-1.328648957545926e-05 -5.026046515494732e-06 -1.745977535553784e-06 -3.742029361939398e-07
-1.262927287764323e-05 -6.544814586408346e-06 -1.753420916240235e-06 -3.904213589563204e-07
-1.186045132410716e-05 -8.303752221314722e-06 -1.792361945653181e-06 -3.282043236900271e-07
-1.153415667250746e-05 -9.799346854630686e-06 -1.800534099638791e-06 -2.521385674977757e-07
-1.436977988981217e-05 -6.088913934163020e-06 -1.693320032556431e-06 -3.813991753487168e-07
-1.403263418049616e-05 -8.287676168419016e-06 -1.685320051997317e-06 -3.290761362978088e-07
-1.276511304379689e-05 -1.070250157600351e-05 -1.750391024559854e-06 -1.918610193929704e-07
-1.409900023514382e-05 -1.146484686207005e-05 -1.671521772576946e-06 -1.449798624348384e-07
-1.551608265402758e-05 -1.207695741632479e-05 -1.569970314514601e-06 -9.018717071947797e-08
-1.563762480457428e-05 -8.754297107396094e-06 -1.620446164000322e-06 -3.031514511987681e-07
-1.562992199508425e-05 -6.955194729439090e-06 -1.646702273640205e-06 -3.744429939105754e-07
-1.531943224614140e-05 -1.053594371096412e-05 -1.598775698134667e-06 -2.037629834108307e-07
-1.700139875987062e-05 -1.252283644381869e-05 -1.445432440583024e-06 -4.099812371337348e-08
-1.853614175396404e-05 -1.280028936375466e-05 -1.356033820438270e-06 9.836496904820622e-09
-1.691396218419071e-05 -9.154431421027719e-06 -1.530518525262043e-06 -2.708004994172206e-07
-1.703300617380484e-05 -7.591744834410578e-06 -1.543367358969683e-06 -3.735773984918437e-07
-2.009657862268654e-05 -1.290097354903125e-05 -1.268317957496071e-06 4.500374931898091e-08
-1.835839309287669e-05 -1.060299802385679e-05 -1.387771218585470e-06 -1.297591422064538e-07
-1.853614665528492e-05 -7.977006314506643e-06 -1.414268676323577e-06 -3.718943712194854e-07
-2.044100218614337e-05 -1.083708917397067e-05 -1.228091855332520e-06 -1.056980565778789e-07
-2.182653921987694e-05 -1.291516240132755e-05 -1.174693909309297e-06 4.782098576618170e-08
-2.009302430151315e-05 -8.101382913072543e-06 -1.261966326326984e-06 -3.613673594281293e-07
-2.421901348823451e-05 -1.292938022064028e-05 -9.614823017058307e-07 8.692332323135736e-08
-2.232536348776369e-05 -9.660711036565344e-06 -1.084358716851352e-06 -2.093554165910313e-07
-2.182607639203274e-05 -8.087123806884555e-06 -1.118692198134364e-06 -3.659699542737492e-07
-2.753568763301200e-05 -1.295069480114003e-05 -6.645208966239996e-07 1.031768683156621e-07
-2.588862322682816e-05 -1.030918301000093e-05 -7.743300354654983e-07 -1.398336578089181e-07
-2.421972445421092e-05 -8.068191525957415e-06 -9.098151155818906e-07 -3.728869065021814e-07
-3.195250226586735e-05 -1.297239296227364e-05 -2.290957275273657e-07 7.052940800038022e-08
-2.973803419020341e-05 -1.049907794576146e-05 -4.268311212243315e-07 -1.190995432748698e-07
-2.753620711363931e-05 -8.046815898805402e-06 -6.090081994123707e-07 -3.302128202382873e-07
-3.659050543225832e-05 -1.299000014975895e-05 8.160892310685921e-08 1.368386144903561e-07
-3.426622472212222e-05 -1.049819274109383e-05 -8.014635120786310e-08 -8.682544899282319e-08
-3.195291957099868e-05 -8.024666969827708e-06 -2.536942509983700e-07 -2.553853802364528e-07
-4.125955012766739e-05 -1.300589282513656e-05 3.237487026055625e-07 6.846384120858900e-08
-3.892016643260449e-05 -1.049735899706722e-05 2.183601556025579e-07 -6.896793625177430e-08
-3.659092756020446e-05 -8.005474641282990e-06 5.540093871508757e-08 -2.167893755102051e-07
-4.595919431602545e-05 -1.302157494454335e-05 5.134485012631411e-07 1.332131290378882e-07
-4.360443441922305e-05 -1.049673149091831e-05 3.970892102701658e-07 -1.580782757708959e-08
-4.125994879842720e-05 -7.988147979403733e-06 2.652653571112198e-07 -1.068909340121889e-07
-5.068881484851230e-05 -1.303642747149886e-05 7.403663811856099e-07 1.746547524723798e-07
-4.831934472703545e-05 -1.049625343666344e-05 6.214328582259199e-07 6.760225105763795e-08
-4.595954517297726e-05 -7.971321669828029e-06 4.621991398673716e-07 -7.191328791211966e-08
-5.544536103682956e-05 -1.304940328590191e-05 8.700428167285064e-07 1.394635914804895e-07
-5.306305067124712e-05 -1.049598332003963e-05 8.135855380426327e-07 9.131243475969210e-08
-5.068904826570418e-05 -7.955696325025264e-06 7.077744561213400e-07 -4.194219517224740e-08
-6.022439643883133e-05 -1.306032949979142e-05 8.541911549176036e-07 5.164380996363986e-08
-5.783164152348406e-05 -1.049587098585478e-05 8.885404215781538e-07 1.040073844993545e-07
-5.544557334244481e-05 -7.942313254398127e-06 8.142935650650194e-07 4.680846643348904e-08
-6.502271322792421e-05 -1.307012285222768e-05 6.607363822365850e-07 5.229947570917573e-08
-6.262067952709175e-05 -1.049588713601124e-05 7.789335648064362e-07 1.188024341601186e-07
-6.022472797744396e-05 -7.931307355053828e-06 8.030277921197173e-07 1.703451269705250e-07
-6.983760543319722e-05 -1.307806856519769e-05 4.605230873265203e-07 4.991060133106370e-08
-6.742782402067119e-05 -1.049605488264702e-05 5.533056398815836e-07 1.047570386890025e-07
-6.502297905504384e-05 -7.921781161783560e-06 6.619078901277105e-07 2.213144617407185e-07
-8.018263538668378e-05 -1.280008571979089e-05 1.786749455608167e-07 1.100323529417486e-07
-7.949645705563971e-05 -1.308426894467527e-05 1.838827070603421e-07 1.056096284133370e-07
-7.199840531196935e-05 -1.049638945514551e-05 3.685263382845849e-07 1.286324863909565e-07
-7.466447705364071e-05 -1.308303484573291e-05 3.118100880668956e-07 5.141392015694638e-08
-6.983767601657201e-05 -7.914419412431111e-06 4.325234558083765e-07 2.475612139769319e-07
-8.046686736627612e-05 -1.211397089608150e-05 1.751181442147386e-07 1.180494138795579e-07
-7.884294424103988e-05 -1.049661756192249e-05 1.735693325494521e-07 1.209976891997459e-07
-7.466448007087326e-05 -7.910073251359763e-06 2.963925602853285e-07 2.005142029198211e-07
-8.046694876736194e-05 -8.879211085536626e-06 1.444109661301910e-07 1.394578921018152e-07
-7.949652942669174e-05 -7.908886280443388e-06 1.540763448679241e-07 1.587755848971065e-07
-8.018271774618158e-05 -8.193077106268557e-06 1.461232222631349e-07 1.517475209396930e-07
