-1.076015623789013e-05 3.042471196903650e-06 4.664642637821387e-05 -6.543714392988625e-06
-1.077306476624427e-05 3.011254081055286e-06 4.684562298353595e-05 -6.053169098052646e-06
-1.077309218192923e-05 2.864073245054042e-06 4.679551679127071e-05 -3.721790034605551e-06
-1.076018336486594e-05 2.832837340721702e-06 4.659184776870183e-05 -3.234199641820319e-06
-1.072897850924446e-05 3.055409541872312e-06 4.616090971395438e-05 -6.747244358523861e-06
-1.067059517960245e-05 2.937666171480212e-06 4.520044395091036e-05 -4.875367103548332e-06
-1.072899764790215e-05 2.819889781542586e-06 4.610294409223637e-05 -3.032199745019769e-06
-1.050962367326037e-05 3.055988180183597e-06 4.268785592015153e-05 -6.705060637611830e-06
-1.050962501265448e-05 2.819221711527239e-06 4.263207586944595e-05 -3.047743508832618e-06
-1.038801656667319e-05 2.937551333445988e-06 4.078905670405376e-05 -4.870532277562426e-06
-1.028781082844863e-05 3.058675132545197e-06 3.921681691134202e-05 -6.724068431632808e-06
-1.028779275481153e-05 2.816155976796070e-06 3.917880640369525e-05 -3.133061136368622e-06
-1.017507072869488e-05 2.937511605322559e-06 3.761688062469219e-05 -4.866720273700003e-06
-1.005831542675255e-05 3.064987887193929e-06 3.586114497187745e-05 -6.696905429489308e-06
-1.005787246085685e-05 2.809571017652771e-06 3.601234634733059e-05 -3.151835299832101e-06
-9.938839082120561e-06 2.937427360823243e-06 3.430962345904465e-05 -4.887491947513949e-06
-9.813354475062385e-06 3.075539113023436e-06 3.266500508288640e-05 -6.561473161924482e-06
-9.812361985685195e-06 2.799048513885918e-06 3.285809911823814e-05 -3.236729971724141e-06
-9.683150295164045e-06 2.937350826677054e-06 3.112072526335288e-05 -4.887910973235150e-06
-9.544453073751309e-06 3.090959415345973e-06 2.967811148035690e-05 -6.501039259472405e-06
-9.543264743890117e-06 2.783908874153064e-06 2.972075392562568e-05 -3.233243236057106e-06
-9.399277569136400e-06 2.937427296594613e-06 2.810347276957559e-05 -4.933513968252303e-06
-9.242699005477031e-06 3.111082769835615e-06 2.686631918757314e-05 -6.483388593250065e-06
-9.241732129740330e-06 2.764271477305855e-06 2.661882644311866e-05 -3.236511114816436e-06
-9.078218211770951e-06 2.937679161148620e-06 2.508798823478826e-05 -4.932430333189349e-06
-8.899449305446405e-06 3.135594602943965e-06 2.393137951944604e-05 -6.463926486358602e-06
-8.898929042646596e-06 2.740482085001960e-06 2.361131880395457e-05 -3.284623495332237e-06
-8.711619715228256e-06 2.938087353005494e-06 2.206406629727868e-05 -4.911289454912470e-06
-8.506553999478411e-06 3.164704053040409e-06 2.088558372705225e-05 -6.492856124421311e-06
-8.506676831759722e-06 2.712626778851106e-06 2.074186162320415e-05 -3.247313417855865e-06
-8.291788267898511e-06 2.938849967213145e-06 1.904558592856305e-05 -4.843511489192486e-06
-8.056724869454700e-06 3.197989242767501e-06 1.771687484864531e-05 -6.461271483754683e-06
-8.057517938120199e-06 2.680866703001721e-06 1.778681927254932e-05 -3.189707123919855e-06
-7.811455966253931e-06 2.939781923817899e-06 1.613603805968177e-05 -4.780718957550988e-06
-7.543012648496495e-06 3.235484128824428e-06 1.467455010360679e-05 -6.347866278532616e-06
-7.544119244986414e-06 2.644902588439162e-06 1.473732561765473e-05 -3.192279020588862e-06
-7.275456374833260e-06 2.941036497663887e-06 1.326001124012677e-05 -4.697861267043610e-06
-6.983167021991835e-06 3.276747500727843e-06 1.174100294669866e-05 -6.303830444529745e-06
-6.984122026766495e-06 2.603904645688909e-06 1.177444925146651e-05 -3.161176300114580e-06
-6.758100832478508e-06 2.970186749794144e-06 1.070432234651350e-05 -4.770238906621566e-06
-6.504783647482901e-06 3.314108401080102e-06 9.627511124808744e-06 -6.223995762272122e-06
-6.506146096708936e-06 2.566397419259633e-06 9.634209809728374e-06 -3.088259746564387e-06
-6.121567103396164e-06 3.347040303508207e-06 8.104087253851932e-06 -6.092635010214070e-06
-6.207258073617504e-06 3.076509716766310e-06 8.355337242055839e-06 -5.151443692108828e-06
-6.123473032689206e-06 2.542120956874678e-06 8.125358934197371e-06 -3.185444946855177e-06
-5.825222502947073e-06 2.515636281805861e-06 7.072448917806894e-06 -3.240334154924141e-06
1.210746442981546e-06 1.845787893654570e-08 -8.523817915720524e-07 -5.599538145201997e-07
1.234974943753974e-06 -3.976592092641697e-08 -8.743247817820663e-07 -5.232559432588299e-07
1.234849633024202e-06 -2.569315279602719e-07 -8.845368151021349e-07 -3.879244713014261e-07
1.210717627793221e-06 -3.144798706452964e-07 -8.624613668104474e-07 -3.446178954174165e-07
-5.827539299424224e-06 3.370630612712940e-06 7.109680761286167e-06 -5.998963519788533e-06
-5.538496792332121e-06 3.375874613429472e-06 6.172770022283948e-06 -5.897955906293480e-06
-5.774415087564179e-06 2.835181939569284e-06 6.830746237987791e-06 -4.225219083074655e-06
-5.548957414768087e-06 2.462140487759189e-06 6.151176662113912e-06 -3.275123677496288e-06
1.152766613919550e-06 4.250075242153038e-08 -8.042289029463601e-07 -5.730352120475022e-07
1.094231811020367e-06 -1.957102383491815e-07 -7.654806560034678e-07 -4.347009977747430e-07
1.153127924566792e-06 -3.385924495034257e-07 -8.115338229553892e-07 -3.298267433227583e-07
-5.453728576124097e-06 3.107273255180739e-06 5.846076253798424e-06 -5.050649212775575e-06
-5.240042828345464e-06 3.352581174891411e-06 5.376480260426113e-06 -5.617816530207011e-06
-4.930600538796053e-06 3.285708784460091e-06 4.651459178732269e-06 -5.306942942443091e-06
-5.367380297595533e-06 2.709327789405720e-06 5.580086404640703e-06 -3.977273676723308e-06
-5.258306994262842e-06 2.348454278462321e-06 5.282207926927343e-06 -3.158832559757868e-06
7.596460923439808e-07 4.802868015362939e-08 -5.607130677252019e-07 -5.945352546111022e-07
7.589192252056779e-07 -3.467367821654954e-07 -5.647678906371748e-07 -3.970481128236330e-07
5.551002130990982e-07 -1.502445494768684e-07 -4.648469220712051e-07 -5.073864272676554e-07
-4.612306247843084e-06 3.186156166385779e-06 3.970702519418317e-06 -4.952752220741507e-06
-4.897371549101767e-06 2.975376947865596e-06 4.511863147044388e-06 -4.541005466842083e-06
-5.009153317457213e-06 2.556003709111915e-06 4.751273874542530e-06 -3.592725744990487e-06
-4.969601252816300e-06 2.171813040601646e-06 4.682234049289591e-06 -2.960080337074580e-06
3.338425925955258e-07 8.305798147228540e-08 -3.747203630418436e-07 -6.535605671856020e-07
3.332523116284170e-07 -3.855868748935365e-07 -3.768269013227388e-07 -3.515452894346478e-07
8.098846160969306e-08 -1.523762291122102e-07 -1.911855936177887e-07 -5.263813924870162e-07
-4.298317882632042e-06 3.039215198233915e-06 3.393793476718121e-06 -4.619784157266177e-06
-3.984022835310987e-06 2.844988953459052e-06 2.933622248281054e-06 -4.179066120623443e-06
-4.606223961896551e-06 2.482785679455596e-06 3.965382448090065e-06 -3.456953606225180e-06
-4.694555434120692e-06 1.937503174492124e-06 4.150547544911073e-06 -2.683912658349846e-06
-2.083894384389368e-07 1.599001892397226e-07 8.156820213364690e-10 -7.345767926003878e-07
-2.090897787287107e-07 -4.669971908871404e-07 -3.018407046135646e-08 -3.699572359971540e-07
-4.062613320951482e-06 2.514275697730702e-06 3.075189966767911e-06 -3.525545663751935e-06
-3.677629082125352e-06 2.611727858810021e-06 2.547037642300833e-06 -3.677277444526557e-06
-4.201764037267445e-06 2.107708393325735e-06 3.308724052706029e-06 -2.909753148980249e-06
-4.445951953081364e-06 1.636495940448609e-06 3.658604444587176e-06 -2.243226459734563e-06
-5.276309210385138e-07 -1.545544853338029e-07 1.942455228432951e-07 -5.749780504534503e-07
-9.059285289156625e-07 2.714666007857724e-07 5.137737312580284e-07 -9.038105757916458e-07
-9.061606109336920e-07 -5.832912910742368e-07 5.143693097291207e-07 -2.535290109052213e-07
-3.396587282480768e-06 2.331847295361397e-06 2.230599808953990e-06 -3.179059145191104e-06
-3.130461875874779e-06 1.996499427784624e-06 2.028483314926694e-06 -2.736825574328953e-06
-2.889529965082617e-06 1.624079908261013e-06 1.867194786843204e-06 -2.273631569831729e-06
-3.913548634659620e-06 1.716473797947155e-06 2.958069107287516e-06 -2.369222412393381e-06
-4.237298793079731e-06 1.269518898465729e-06 3.353812958471039e-06 -1.893023380946205e-06
-1.210444325492199e-06 -1.554743643218961e-07 7.493337491030320e-07 -5.973522402145705e-07
-1.582757072794432e-06 3.815770167974082e-07 1.009260631118637e-06 -1.014522748139560e-06
-1.582779568235964e-06 -7.000122915650179e-07 9.827763993013466e-07 -1.736343132578904e-07
-3.331043005484436e-06 1.632272066558528e-06 2.285924265661933e-06 -2.270422285820130e-06
-2.693287681654880e-06 1.206381048309093e-06 1.736870814889837e-06 -1.797594381499078e-06
-2.213767161796410e-06 4.762105804172082e-07 1.465025739866342e-06 -1.104063582004636e-06
-2.409480497096631e-06 5.662023988278107e-07 1.569468336455386e-06 -1.163781715958813e-06
-2.528174799557443e-06 7.424081228131947e-07 1.625511672286900e-06 -1.309530481386203e-06
-3.704023884229438e-06 1.212889259059485e-06 2.686424141365961e-06 -1.797001923873775e-06
-4.088368883629784e-06 8.457103861497414e-07 3.062633563740326e-06 -1.379626429116954e-06
-1.918632784517850e-06 -7.910009228562274e-08 1.231882375220722e-06 -6.482944292708816e-07
-2.177926068004178e-06 -7.813886512641676e-07 1.460390947924152e-06 -9.645520244144588e-08
-2.995214897211709e-06 9.018286945586121e-07 2.035085709941794e-06 -1.463478451692937e-06
-2.403735094166489e-06 1.954258891508075e-07 1.589812503249897e-06 -8.795524003289566e-07
-2.634218117235890e-06 5.026308950263444e-07 1.729932265852961e-06 -1.105327771735744e-06
-3.536364504891429e-06 7.114859519647497e-07 2.540293532590789e-06 -1.262888307367594e-06
-4.011577792831120e-06 3.748169447883985e-07 2.903577432302349e-06 -1.008170449314220e-06
-2.384069573233267e-06 -4.136913182829048e-07 1.611263525367068e-06 -3.657414991825105e-07
-2.332896603003090e-06 -8.752970359974960e-07 1.624099748489820e-06 -2.294189111347449e-08
-3.073716662585979e-06 9.903044154987152e-08 2.140310333080044e-06 -7.291768244349049e-07
-4.005685049931417e-06 -1.247775304592228e-07 2.836512873727161e-06 -5.412316779086458e-07
-4.133282556251111e-06 -6.518069229094507e-07 2.855501197968342e-06 -1.789895405294595e-07
-2.728050198051928e-06 -7.393980833871265e-07 1.886745698527298e-06 -1.012927169909711e-07
-2.415493975270356e-06 -1.090862394614338e-06 1.721879492460425e-06 1.307956297444673e-07
-2.503748977816322e-06 -1.713645652499851e-06 1.812754494287342e-06 5.268850725881041e-07
-3.580950062144121e-06 -6.983906648663319e-07 2.478098948290629e-06 -1.303784711910563e-07
-2.667509124898688e-06 -2.366303993506445e-06 1.916288998190919e-06 9.071181641411341e-07
-4.376598972255180e-06 -1.200788006316148e-06 2.972586913402557e-06 2.003041686759313e-07
-3.045595651428794e-06 -1.719927984122470e-06 2.088143058473507e-06 5.661254078385495e-07
-3.897725652513432e-06 -1.770616383632806e-06 2.654826242511117e-06 5.905818548997197e-07
-2.937961813030425e-06 -3.010572727036175e-06 2.059386227756218e-06 1.271126173404080e-06
-4.749542934143811e-06 -1.772685417433071e-06 3.137978003338634e-06 5.636061595856269e-07
-4.496817593903179e-06 -2.378764840103354e-06 2.994872841176355e-06 9.213639884519066e-07
-3.842510286829187e-06 -2.776120570720205e-06 2.600981147475487e-06 1.164116517760828e-06
-3.296939481045745e-06 -3.670028810823933e-06 2.220369435449261e-06 1.581589065118463e-06
-3.775832612098075e-06 -4.317626435176429e-06 2.472097549651440e-06 1.932656140216316e-06
-5.268716425646272e-06 -2.326883383773707e-06 3.393325799632283e-06 8.847537557524371e-07
-4.927838229776522e-06 -3.109358193902852e-06 3.221765863801763e-06 1.284325683694747e-06
-4.517223970247214e-06 -4.070056941578806e-06 2.935853522455811e-06 1.771024900259342e-06
-4.339494708668968e-06 -4.941138565155762e-06 2.792447801043186e-06 2.253330930436415e-06
-5.915770193061379e-06 -2.841725435583621e-06 3.665144281438196e-06 1.119561749996753e-06
-5.732596750534580e-06 -4.075387115769138e-06 3.559490937360271e-06 1.744792897297673e-06
-5.011279495908409e-06 -5.502429491872288e-06 3.159287427952066e-06 2.522308531127851e-06
-5.790214534419410e-06 -6.007912684326929e-06 3.560123303941165e-06 2.767551121893093e-06
-6.645886087655317e-06 -6.447473551911048e-06 4.033435518715444e-06 3.027431889837285e-06
-6.703985117300445e-06 -4.352458542739350e-06 4.025682393273102e-06 1.876323808079143e-06
-6.690659882479159e-06 -3.289952306174499e-06 4.021917111031675e-06 1.307488843178438e-06
-6.506754097598484e-06 -5.451340642333532e-06 3.934345819100320e-06 2.465879082557671e-06
-7.587672906197098e-06 -6.777827453207141e-06 4.571238699915469e-06 3.229176158680522e-06
-8.596464455090367e-06 -7.009617875505144e-06 5.194430779956917e-06 3.383950389936115e-06
-7.509717141598823e-06 -4.593416419810382e-06 4.467403915420276e-06 1.979069097321088e-06
-7.589242885065534e-06 -3.617297790471433e-06 4.524925267899568e-06 1.414993182876175e-06
-9.643858390040716e-06 -7.120766314781786e-06 5.906372841291978e-06 3.454603838418215e-06
-8.451820773399847e-06 -5.534661339594172e-06 5.056782524627760e-06 2.500447020722850e-06
-8.579276419520225e-06 -3.801591895380493e-06 5.167591743637959e-06 1.433098787350565e-06
-9.870339170358666e-06 -5.702679986688436e-06 6.026249712810894e-06 2.578428727475608e-06
-1.085049869179105e-05 -7.180564414242961e-06 6.657125806462294e-06 3.514246828141125e-06
-9.626837445241283e-06 -3.842748282797210e-06 5.893601028137513e-06 1.407631332049913e-06
-1.256042748956870e-05 -7.239933795747470e-06 7.762870274873539e-06 3.509856880787568e-06
-1.118591131271368e-05 -4.881430667859066e-06 6.901176262213872e-06 2.028291636210558e-06
-1.084717941479622e-05 -3.783869913669063e-06 6.694887092435830e-06 1.327675987834049e-06
-1.502736576486275e-05 -7.329718354646527e-06 9.300746833636071e-06 3.365901265804993e-06
-1.378136194681910e-05 -5.339248430899059e-06 8.624770178260700e-06 2.288513288623688e-06
-1.256192033921941e-05 -3.708386821021314e-06 7.874236727180967e-06 1.264339578937779e-06
-1.844702212585939e-05 -7.425636591544230e-06 1.098631935891242e-05 3.152042008960492e-06
-1.671048759430347e-05 -5.479799177784366e-06 1.025648967669800e-05 2.330659350663671e-06
-1.502815066150447e-05 -3.623689033503236e-06 9.391769275756408e-06 1.321433943573315e-06
-2.216563022102846e-05 -7.506706717697854e-06 1.233774982059957e-05 2.943326180888422e-06
-2.028174030700526e-05 -5.480026515175009e-06 1.175991452492451e-05 2.301316775728224e-06
-1.844728674434482e-05 -3.533252042873861e-06 1.107286293505526e-05 1.497494007905373e-06
-2.602007912156101e-05 -7.575085257234820e-06 1.338558713913937e-05 2.746370506193505e-06
-2.407156463211378e-05 -5.480812461418631e-06 1.292867309153118e-05 2.257819030432672e-06
-2.216549265490245e-05 -3.454204721116015e-06 1.243128281168911e-05 1.595685798596947e-06
-2.998939817678262e-05 -7.631600961356544e-06 1.424081814318279e-05 2.554100124199051e-06
-2.798707768895736e-05 -5.481627971636787e-06 1.386778220858610e-05 2.208310112648299e-06
-2.601974986639804e-05 -3.387522562933668e-06 1.346248237006215e-05 1.737003395998088e-06
-3.405181648385029e-05 -7.677113050784897e-06 1.492612058289756e-05 2.449409910535469e-06
-3.200650112539531e-05 -5.482365734406560e-06 1.461217233840744e-05 2.137198236068259e-06
-2.998904144215991e-05 -3.332415900214294e-06 1.427137933882944e-05 1.800190867022752e-06
-3.818761271028540e-05 -7.712512714859982e-06 1.542224769961766e-05 2.347137815333766e-06
-3.610880248912593e-05 -5.482944526929105e-06 1.520344041416241e-05 2.109354098908596e-06
-3.405159385113952e-05 -3.288141097787325e-06 1.489812793084260e-05 1.776014520165295e-06
-4.238026840619083e-05 -7.739654392237630e-06 1.594295618251591e-05 2.345475887700074e-06
-4.027559776124209e-05 -5.483250266655179e-06 1.571383696412655e-05 2.078007230611661e-06
-3.818762663235639e-05 -3.253653706668328e-06 1.547577427679851e-05 1.764733806930367e-06
-4.661634391226025e-05 -7.759998413978732e-06 1.663425490790125e-05 2.483689827584180e-06
-4.449204570428556e-05 -5.483471191706489e-06 1.633784130042939e-05 2.054215091999730e-06
-4.238035575451456e-05 -3.227044130765072e-06 1.612471239006810e-05 1.738129085428933e-06
-5.088340855876443e-05 -7.773690040369074e-06 1.745123487628101e-05 2.532606142418703e-06
-4.874571738761026e-05 -5.483652202912578e-06 1.709735051258775e-05 2.032528214401920e-06
-4.661638888435649e-05 -3.207112790240851e-06 1.682049958360385e-05 1.610643880847984e-06
-6.007094885901266e-05 -7.530118050848987e-06 1.947044427781137e-05 2.451433420183339e-06
-5.946147122337987e-05 -7.782519019479861e-06 1.934167732748749e-05 2.503802000082800e-06
-5.280112291959656e-05 -5.483941858849165e-06 1.790049494152975e-05 2.018293802649383e-06
-5.516905746157428e-05 -7.780776612146097e-06 1.842951487652871e-05 2.486368043837013e-06
-5.088326105440611e-05 -3.193950306433496e-06 1.752049036568180e-05 1.564951274616174e-06
-6.032340870175713e-05 -6.920719002989248e-06 1.952333517315415e-05 2.324435990309945e-06
-5.888079898327683e-05 -5.484094885335333e-06 1.920949241933968e-05 2.011584519010921e-06
-5.516898948279177e-05 -3.187254279253643e-06 1.841795820260891e-05 1.533121707542476e-06
-6.032337791956351e-05 -4.047491117597000e-06 1.952360807555640e-05 1.699505319297912e-06
-5.946142343306147e-05 -3.185673816132471e-06 1.933723395029657e-05 1.514898078842553e-06
-6.007091202739276e-05 -3.438080873625902e-06 1.946874114445219e-05 1.568205160192161e-06
