-1.401620264629213e-04 1.869130028738282e-05 7.285890327218192e-06 -2.372392977831874e-07
-1.407276232286922e-04 1.732601371334839e-05 7.323667400844390e-06 -1.490564575249905e-07
-1.407276575356023e-04 1.088971952176885e-05 7.313612731013479e-06 2.744151787681551e-07
-1.401620718992157e-04 9.524450734115159e-06 7.272762894303373e-06 3.705130962035380e-07
-1.387966034236874e-04 1.925679316602449e-05 7.195473149968111e-06 -2.731312762845401e-07
-1.362353073326905e-04 1.410785604910749e-05 7.037503927769320e-06 5.886828572930784e-08
-1.387966712492729e-04 8.958963229916394e-06 7.175534210987936e-06 4.091072160118000e-07
-1.291820201944757e-04 1.925467033852288e-05 6.644389357899699e-06 -2.659177207203228e-07
-1.291821186485958e-04 8.960656611460979e-06 6.627694100957110e-06 3.274492661743739e-07
-1.238758808720841e-04 1.410734718680921e-05 6.282826196689500e-06 -1.455014170162406e-09
-1.195750015099711e-04 1.924518578610782e-05 6.173927997765652e-06 -2.303929298374602e-07
-1.195746176344004e-04 8.968593639657355e-06 6.008923947516763e-06 2.918686742251071e-07
-1.147773431288943e-04 1.410661796202290e-05 5.744683257502726e-06 -1.540423394324159e-08
-1.099921085785995e-04 1.922512878896545e-05 5.860316904478697e-06 -2.070751498514772e-07
-1.099907107934853e-04 8.986484201540518e-06 5.562053803478092e-06 1.327716589135372e-07
-1.052124595406190e-04 1.410520836428940e-05 5.322358957824507e-06 -4.035690956161579e-08
-1.004544281981078e-04 1.919156851571874e-05 5.703039094487215e-06 -1.912012741078599e-07
-1.004523871472132e-04 9.016885056746804e-06 5.328832072789671e-06 -1.410776223597419e-08
-9.570578811800331e-05 1.410318997718214e-05 5.098273396851908e-06 -5.557770977756893e-08
-9.098895421119737e-05 1.914156952052438e-05 5.490119988082025e-06 -2.108576212970242e-07
-9.098691730380819e-05 9.062685467670742e-06 5.239381705716694e-06 -1.137218538980518e-08
-8.628688344790162e-05 1.410070094871443e-05 5.014053772104400e-06 -1.007016485667587e-07
-8.162828561704005e-05 1.907217188415726e-05 5.242141649400935e-06 -2.253273587808242e-07
-8.162655603413416e-05 9.126812556495125e-06 5.083015908545166e-06 -9.647664029032040e-09
-7.699107878969148e-05 1.409790213182094e-05 4.994776005562206e-06 -1.501770306356965e-07
-7.241079334569080e-05 1.898100860431130e-05 4.930925254795445e-06 -2.926313838678810e-07
-7.240940506661758e-05 9.212128378297985e-06 4.918154383715939e-06 -4.794398363903136e-08
-6.785908341330567e-05 1.409488499014441e-05 4.875478568069634e-06 -2.143757522741705e-07
-6.337858586840826e-05 1.886667577718576e-05 4.621132941493050e-06 -3.778937558404101e-07
-6.337750875521356e-05 9.320045880454115e-06 4.707766077559059e-06 -3.601499386381351e-08
-5.893414111676407e-05 1.409151113905399e-05 4.586375030771418e-06 -2.746074057723525e-07
-5.457566635689966e-05 1.872815012798439e-05 4.324931968323002e-06 -5.000482370149752e-07
-5.457476689052181e-05 9.451533730102217e-06 4.342940091855741e-06 1.663657646085967e-08
-5.026086692707796e-05 1.408781675773964e-05 4.097115775063692e-06 -2.995228507679558e-07
-4.604582169582977e-05 1.856494531231727e-05 3.843150089265329e-06 -6.154619447626376e-07
-4.604444327091814e-05 9.607601258908926e-06 3.691190075941461e-06 6.093861131464834e-08
-4.204754011599797e-05 1.408294339830883e-05 3.465455963467090e-06 -2.865590786659815e-07
-3.815807953939812e-05 1.838087975861474e-05 3.154319991616007e-06 -7.312579717484727e-07
-3.815555991713925e-05 9.790891419077398e-06 3.027437021012011e-06 6.215974607072667e-08
-3.527036664857871e-05 1.440598495140468e-05 2.835053585411079e-06 -3.129677080416532e-07
-3.242810987548680e-05 1.821206613270150e-05 2.495674675483355e-06 -8.059937399887458e-07
-3.242210509020537e-05 9.959471849740255e-06 2.499345512029997e-06 1.486071705315980e-07
-2.841604574100127e-05 1.806602336434453e-05 2.002970841442970e-06 -8.433812107966473e-07
-2.915431026181929e-05 1.545537227058771e-05 2.116036904713889e-06 -4.916239496961222e-07
-2.840770357956894e-05 1.006653289086526e-05 2.052789510345355e-06 1.484044621222840e-07
-2.557857954911711e-05 1.018100997836870e-05 1.637626840018298e-06 1.778928224493876e-07
3.632885468234990e-06 4.830246663295595e-07 2.039693127082030e-07 3.726542156022338e-07
3.705559695463960e-06 3.082362864695376e-07 2.095615297609194e-07 3.584850314391912e-07
3.705193282906161e-06 -3.427867910000076e-07 2.001876357766781e-07 3.121567753666779e-07
3.632900623206225e-06 -5.151425860326299e-07 1.940974727170853e-07 3.020110662619419e-07
-2.556874547952292e-05 1.796349332893403e-05 1.607170901400898e-06 -8.423357473767142e-07
-2.307461800518493e-05 1.772827435357046e-05 1.229044776927973e-06 -8.103283582555642e-07
-2.496778927391748e-05 1.310569569251829e-05 1.547341345735007e-06 -1.919647676616261e-07
-2.303995378750359e-05 1.008301233299936e-05 1.267152638804744e-06 2.021263060151847e-07
3.458861160775308e-06 5.553098803957363e-07 1.899078046121712e-07 3.784978196881467e-07
3.283497879262036e-06 -1.586533560461943e-07 1.725127453289632e-07 3.206261859845069e-07
3.460398045668664e-06 -5.870732873043762e-07 1.829898537025890e-07 2.969576389360860e-07
-2.225642179410713e-05 1.534897191050715e-05 1.103304644813948e-06 -4.968581639026816e-07
-2.066697887968206e-05 1.719454364646735e-05 8.889072881911628e-07 -7.117184151904835e-07
-1.840076009785206e-05 1.643395395461024e-05 5.579515746797751e-07 -6.152522852712645e-07
-2.150764659367610e-05 1.215813759265651e-05 9.967548770302870e-07 -1.046338954271345e-07
-2.067596939619204e-05 9.596456673142873e-06 8.395151956019012e-07 2.842572583103676e-07
2.279280359035508e-06 5.745098931317822e-07 8.494443346214739e-08 3.822105393216745e-07
2.278556034455395e-06 -6.071566180158333e-07 9.365526977910397e-08 2.872533780958839e-07
1.667668993027929e-06 -1.598574778591942e-08 2.656114487898471e-08 3.497812792440264e-07
-1.630905732795931e-05 1.541352483372643e-05 2.497382038117546e-07 -4.957646033999029e-07
-1.807677290638446e-05 1.404966908641843e-05 4.871847622636635e-07 -3.332471678763415e-07
-1.884875407816036e-05 1.112864519434642e-05 5.522182551476187e-07 6.164860940436363e-08
-1.852443602525218e-05 8.761059453845511e-06 4.705785058858815e-07 3.643410937860367e-07
1.005355162859554e-06 6.838360870463320e-07 -4.037549672463933e-08 4.251521318238182e-07
1.006022691737925e-06 -7.141111352283651e-07 -4.327176683375849e-08 3.001743588829299e-07
2.533144257054334e-07 -1.420940800742120e-08 -1.223434715162075e-07 3.778495522033960e-07
-1.438369917132709e-05 1.421183008931061e-05 -3.217383351028860e-08 -3.432224412518950e-07
-1.268246462357025e-05 1.284956007395521e-05 -2.105668162669389e-07 -1.639642330190400e-07
-1.618193707440709e-05 1.068869750921262e-05 1.481650970539041e-07 1.173556286120571e-07
-1.663708701010891e-05 7.603321636062168e-06 1.858148441797400e-07 4.179391213666436e-07
-6.095730182877011e-07 9.205591106697032e-07 -2.117012319196898e-07 4.571052636333560e-07
-6.090794061716556e-07 -9.469637010248217e-07 -1.941187927785624e-07 3.491251076456698e-07
-1.311652935824550e-05 1.081547659184168e-05 -1.701129603815446e-07 8.855291308546352e-08
-1.121004053774847e-05 1.132134556484412e-05 -3.583723071591662e-07 4.014200483792903e-08
-1.382595996408711e-05 8.592826744378808e-06 -1.253597105788852e-07 2.956727260225646e-07
-1.505254600751849e-05 6.223174564325373e-06 -2.548563937327923e-08 4.667286734571380e-07
-1.558546730960594e-06 -1.188236891722933e-08 -2.569428938757480e-07 4.209508614678092e-07
-2.686922873259071e-06 1.262223029882133e-06 -3.040535210711820e-07 4.625526746983830e-07
-2.684096436526862e-06 -1.286387666572313e-06 -3.063415145488781e-07 3.841071273152834e-07
-9.932813512040561e-06 9.689635420990161e-06 -4.753402145854981e-07 2.491525244884695e-07
-8.920343208646849e-06 8.022803476074724e-06 -4.726342728405920e-07 3.504499161479217e-07
-8.151947939653082e-06 6.280878222112780e-06 -4.488123998285871e-07 4.444137959320264e-07
-1.239167044031687e-05 6.644169337784445e-06 -2.872957392443443e-07 4.305348280162958e-07
-1.379446980346998e-05 4.697196018560363e-06 -2.032399535583603e-07 5.178462264247182e-07
-3.592356003682832e-06 -5.579783926972089e-09 -3.400247539630983e-07 4.169183371751440e-07
-4.703348734611748e-06 1.597648769015324e-06 -3.641717410469312e-07 4.494839293891072e-07
-4.703704038000361e-06 -1.633750111786192e-06 -3.523921700763334e-07 4.008576883838077e-07
-9.856602471049395e-06 6.267079022912294e-06 -4.274282228048468e-07 4.468275158260814e-07
-7.584538840339224e-06 4.527070996475017e-06 -4.310619208071884e-07 5.165721107109850e-07
-6.512732143689617e-06 1.880432944880991e-06 -4.277075658374806e-07 5.010330517246455e-07
-7.025539836407878e-06 2.169982151796653e-06 -4.398118986884497e-07 5.174875668824165e-07
-7.282330875622544e-06 2.770336786814695e-06 -4.382264626130355e-07 5.359912619412178e-07
-1.140298363415564e-05 4.477306915879766e-06 -3.672532186788398e-07 5.171166392360867e-07
-1.285300856236548e-05 3.100317170820966e-06 -3.188360243678804e-07 5.553145582631290e-07
-5.700118790839541e-06 2.328412991599063e-07 -3.780070867643642e-07 4.273447061958507e-07
-6.562841884389897e-06 -1.887501555339555e-06 -3.797266512510407e-07 3.901940952729530e-07
-8.770018246637663e-06 3.297122247181807e-06 -4.240200431626299e-07 5.368859596146977e-07
-7.082561236295286e-06 1.024870731340794e-06 -4.379949972022779e-07 4.772665530832224e-07
-7.692261003786399e-06 1.964753228720521e-06 -4.427558923278623e-07 5.143673881520939e-07
-1.071509616795504e-05 2.609138705097393e-06 -3.806269939936524e-07 5.405189296158654e-07
-1.225023017689938e-05 1.509010112093179e-06 -3.791686674426997e-07 5.124813674188428e-07
-7.156241893465714e-06 -8.072730899766276e-07 -4.048623966762762e-07 4.182929292536459e-07
-7.109121026494921e-06 -2.159862627894667e-06 -3.737478225162002e-07 3.862500383701478e-07
-9.143512708385678e-06 6.095761839036578e-07 -4.102205811479267e-07 4.962844644239769e-07
-1.202137464794103e-05 -5.286305503905019e-08 -4.319953427545356e-07 4.799808508514165e-07
-1.209685865622078e-05 -1.554955120475647e-06 -5.286009954878572e-07 4.151494052053489e-07
-8.259052002308611e-06 -1.805977564804303e-06 -3.879411571152458e-07 4.078549768433319e-07
-7.434301499822509e-06 -2.730775985634646e-06 -3.577367558432271e-07 3.664763088202679e-07
-7.844987509805803e-06 -4.280399594943806e-06 -3.507617289626545e-07 2.839504904885341e-07
-1.061377296542111e-05 -1.765420516346147e-06 -4.610360927268154e-07 4.278103754567646e-07
-8.432194554829378e-06 -5.743153494454782e-06 -3.681713881531089e-07 2.050457131907389e-07
-1.248757593096560e-05 -3.057269749588758e-06 -6.136301034368998e-07 3.517722458051440e-07
-9.257714409588632e-06 -4.346619652706944e-06 -4.080442616788779e-07 2.840223281880003e-07
-1.129841454932401e-05 -4.461363766018021e-06 -5.358518799332182e-07 2.665278077539371e-07
-9.171660935210810e-06 -7.122475803396732e-06 -4.209451102217434e-07 1.190942068274479e-07
-1.314172138674588e-05 -4.463120930625435e-06 -6.788631261104247e-07 2.653106056050657e-07
-1.254389896323416e-05 -5.818322415925600e-06 -6.284969280585682e-07 1.681227641792602e-07
-1.118239708067924e-05 -6.653686786270525e-06 -5.332259117415432e-07 1.259305799693892e-07
-1.006022633137101e-05 -8.403954592339805e-06 -4.922741230164671e-07 4.379869687248519e-08
-1.108550591711280e-05 -9.574643982908009e-06 -5.848577795217959e-07 -4.532625629951939e-08
-1.403272753600936e-05 -5.740966231212939e-06 -7.358935019445753e-07 1.639814783868490e-07
-1.335741755607415e-05 -7.304389476315568e-06 -6.891108595756325e-07 4.341405209804077e-08
-1.257001184403992e-05 -9.103142336382448e-06 -6.769923903714641e-07 -3.618847260282300e-08
-1.223650056611725e-05 -1.062060771071221e-05 -6.782122681034217e-07 -9.237436000614741e-08
-1.513013757325462e-05 -6.842948821259068e-06 -7.916984455225911e-07 6.023515456103588e-08
-1.478625262653681e-05 -9.084501575804595e-06 -7.804231507508117e-07 -4.809913175176198e-08
-1.349679387074517e-05 -1.152906389231409e-05 -7.658946835401361e-07 -1.163228899356733e-07
-1.485038559988674e-05 -1.228797032121819e-05 -8.109407095907121e-07 -9.753451310130588e-08
-1.628099234093304e-05 -1.288816820519129e-05 -8.406122540908298e-07 -7.304972265480180e-08
-1.640690389204565e-05 -9.557217665794143e-06 -8.454655351898749e-07 -4.736392830515225e-08
-1.640047599161165e-05 -7.735558683871939e-06 -8.456646046595130e-07 2.671053491284682e-09
-1.608751157136677e-05 -1.134951876589925e-05 -8.448598714358892e-07 -7.678568063173143e-08
-1.776923569586639e-05 -1.332251994050342e-05 -8.445013541328177e-07 -5.307448219802803e-08
-1.929712532111771e-05 -1.358548184144823e-05 -8.108122912994988e-07 -5.234862574844024e-09
-1.768708367765688e-05 -9.961599498033835e-06 -8.622702259494831e-07 -5.758024369436831e-08
-1.780495845413116e-05 -8.392695146188561e-06 -8.562151016796627e-07 -4.510877575696019e-08
-2.084453406645803e-05 -1.367364507563142e-05 -7.542477225356063e-07 3.924012926017228e-08
-1.912761923519819e-05 -1.140649596403697e-05 -8.469362906188851e-07 -5.906171179496144e-08
-1.930149533156217e-05 -8.794656669495003e-06 -8.260711961629570e-07 -1.069886364126062e-07
-2.118717041424781e-05 -1.163584411792868e-05 -7.450444825184231e-07 -4.309885695485486e-08
-2.254757075802840e-05 -1.367444910671631e-05 -6.546900060533741e-07 7.519066001063119e-08
-2.084480047114599e-05 -8.929599606580731e-06 -7.672895066371144e-07 -1.489982316813831e-07
-2.489162600363055e-05 -1.367581266813182e-05 -5.122262198516634e-07 9.860426613826035e-08
-2.304161641491722e-05 -1.047800757141344e-05 -6.415861406679493e-07 -9.563456878039382e-08
-2.254759540473599e-05 -8.928824042154360e-06 -6.636698011602428e-07 -1.788797620388357e-07
-2.811697743512862e-05 -1.367876966250345e-05 -2.430557398178716e-07 1.146829836271949e-07
-2.652014409903311e-05 -1.111542049276939e-05 -3.850636718541970e-07 -6.666599758590224e-08
-2.489175977540882e-05 -8.926655801461076e-06 -5.093891549925845e-07 -2.157797552854959e-07
-3.238079909101692e-05 -1.368189196209020e-05 2.597239460495221e-08 4.877980599952628e-08
-3.024791669811513e-05 -1.130083870197746e-05 -7.071530354694733e-08 -5.660405177948589e-08
-2.811711610024190e-05 -8.923063044441809e-06 -2.329880663468426e-07 -2.488725982758799e-07
-3.682950865020726e-05 -1.368354745130222e-05 1.074760901826518e-07 -1.491729321497137e-08
-3.460458848567596e-05 -1.130035999411976e-05 8.713975642753969e-08 -4.434020187487634e-08
-3.238096997312202e-05 -8.919314048296424e-06 2.158722384673830e-08 -1.385598816302735e-07
-4.128130760451157e-05 -1.368461231016400e-05 5.282325550593111e-08 -4.939036829797962e-08
-3.905502767637876e-05 -1.129975140485854e-05 8.843157908508397e-08 -4.429268088463200e-08
-3.682969712708862e-05 -8.916551654559424e-06 9.521410371004703e-08 -6.729004762132933e-08
-4.573612028187198e-05 -1.368519742918673e-05 4.956483823326735e-08 -4.602367143701109e-08
-4.350833574265559e-05 -1.129900438696405e-05 3.616922790780351e-08 -4.669927808137961e-08
-4.128152294647347e-05 -8.914211194106868e-06 5.814346625629767e-08 -1.921624511628148e-08
-5.019337135412028e-05 -1.368486664615479e-05 1.942039025816977e-07 3.225941781115760e-08
-4.796467997645105e-05 -1.129795912732717e-05 1.025102605020839e-07 -3.931615871957301e-08
-4.573647274961515e-05 -8.911791178983736e-06 5.301351121123797e-08 -4.093021709671897e-08
-5.465097642485417e-05 -1.368344164827956e-05 2.373292640709566e-07 -7.928718308091552e-08
-5.242248829432500e-05 -1.129694711643801e-05 2.549532418705245e-07 -2.472362099977666e-08
-5.019372888571150e-05 -8.910052632099673e-06 1.882126646796109e-07 -9.319188587302571e-08
-5.910618733381187e-05 -1.368126333088759e-05 1.098635682930481e-07 -1.729057582994018e-07
-5.687924761601414e-05 -1.129620849929727e-05 2.007339654889651e-07 -6.173034540943347e-08
-5.465119668989442e-05 -8.909672492941371e-06 2.538735868854024e-07 -3.376590755720206e-08
-6.355788151001754e-05 -1.367919344868850e-05 -1.302322265110214e-07 -1.679095995410770e-07
-6.133266837897355e-05 -1.129557680496147e-05 -6.964722937959937e-10 -7.637434580979146e-08
-5.910638748524740e-05 -8.910501707832474e-06 1.082231221375667e-07 2.815687880210607e-08
-6.800751355919500e-05 -1.367824435187048e-05 -3.076516018654696e-07 -7.124556828554649e-08
-6.578290984145596e-05 -1.129495211584883e-05 -2.592963209042752e-07 -8.759890273167878e-08
-6.355808957119374e-05 -8.911309357578726e-06 -1.316539954375460e-07 2.176735567752836e-08
-7.754205365718511e-05 -1.341660958499075e-05 3.969653339763247e-07 4.597355991456283e-08
-7.690976822551972e-05 -1.367850348485615e-05 3.383027375451295e-07 6.966049624434648e-08
-7.000079652457940e-05 -1.129445312884559e-05 -2.659892704822636e-07 -1.298612886982849e-07
-7.245779719807000e-05 -1.367842630832204e-05 -1.149783562688131e-07 4.004984566437959e-08
-6.800768378706933e-05 -8.911114578536092e-06 -2.877425438820766e-07 -1.385716590236575e-07
-7.780395662708351e-05 -1.278433787694214e-05 4.213371702772042e-07 -1.162685182807027e-08
-7.630778110798918e-05 -1.129407301987881e-05 2.725941068052314e-07 -1.487628009058318e-07
-7.245788852567551e-05 -8.910082273305482e-06 -1.106295090583772e-07 -3.218946353170550e-07
-7.780396973161348e-05 -9.803792084513355e-06 4.183498397241978e-07 -2.840609827701799e-07
-7.690980764638650e-05 -8.909663029501449e-06 3.372739444126250e-07 -3.623442065758458e-07
-7.754207448673524e-05 -9.171544227966768e-06 3.944209634836315e-07 -3.395538904209848e-07
