-7.597122345009960e-05 1.164496630283647e-05 4.642854693895877e-05 -5.851991752178063e-06
-7.626067793549868e-05 1.094621588458682e-05 4.663972530052787e-05 -5.358247260828793e-06
-7.626050072946864e-05 7.652003602236897e-06 4.680856671932489e-05 -3.191770522241536e-06
-7.597102882134288e-05 6.953272972809663e-06 4.662152104454779e-05 -2.721964270331066e-06
-7.527242074130018e-05 1.193438488401902e-05 4.593192151548416e-05 -6.058341455486119e-06
-7.396140905865397e-05 9.299104210778980e-06 4.520883769582044e-05 -4.304789997426662e-06
-7.527221469582350e-05 6.663867183939936e-06 4.616092448810915e-05 -2.526264720534323e-06
-7.035184777313865e-05 1.193364883177167e-05 4.259537950491871e-05 -6.107772808151705e-06
-7.035169841888867e-05 6.664972492616124e-06 4.288840899605898e-05 -2.484854949680257e-06
-6.763595902395988e-05 9.299557882643748e-06 4.087314143919898e-05 -4.249385249924377e-06
-6.543398918327775e-05 1.193041060793933e-05 3.934242987812590e-05 -6.041041821928507e-06
-6.543387623976831e-05 6.669167566842681e-06 3.956770090427143e-05 -2.383494968289017e-06
-6.297789654450478e-05 9.300071790872030e-06 3.761187343653281e-05 -4.282095891268060e-06
-6.052666875008199e-05 1.192214551670226e-05 3.599393609918560e-05 -6.223282099772246e-06
-6.052667574347663e-05 6.678420736573168e-06 3.594107089594170e-05 -2.355375898131151e-06
-5.807933453918013e-05 9.300799193787420e-06 3.394633709491775e-05 -4.250963874772020e-06
-5.564136504320158e-05 1.190751365364974e-05 3.220377958531554e-05 -6.348908076001522e-06
-5.564078851701216e-05 6.694232291292958e-06 3.226356822052772e-05 -2.229510020521408e-06
-5.320892478178692e-05 9.301226886349185e-06 3.009849285126944e-05 -4.262644984629076e-06
-5.079070387331968e-05 1.188600519027986e-05 2.829851037465162e-05 -6.285088769700530e-06
-5.078982510696969e-05 6.716599779383304e-06 2.849912971831914e-05 -2.206156584254887e-06
-4.837980434668888e-05 9.301384846218125e-06 2.630749414421649e-05 -4.264542646468593e-06
-4.598720239669761e-05 1.185792034229507e-05 2.443954644861935e-05 -6.175456855760289e-06
-4.598638564973238e-05 6.744950349191388e-06 2.467195866267509e-05 -2.208097753486249e-06
-4.360384203073046e-05 9.301222287559956e-06 2.257751692841778e-05 -4.265313333333176e-06
-4.124229768765235e-05 1.182348203681847e-05 2.075144507693747e-05 -6.081286205319378e-06
-4.124146419137327e-05 6.778835071567311e-06 2.086912425294900e-05 -2.248050676278403e-06
-3.889168124686825e-05 9.300721461371714e-06 1.904684000850106e-05 -4.235894383488962e-06
-3.656630210933201e-05 1.178321631356641e-05 1.735135733144664e-05 -5.888604188674133e-06
-3.656566447116695e-05 6.817875004981078e-06 1.730778441294857e-05 -2.414665399289689e-06
-3.425357411499931e-05 9.299810683962623e-06 1.581318155691708e-05 -4.191167216977039e-06
-3.196904033138704e-05 1.173754005065631e-05 1.441213261847613e-05 -5.570481838406301e-06
-3.196899143212706e-05 6.861661622277298e-06 1.417261668634626e-05 -2.676806196025384e-06
-2.969876347447240e-05 9.298928810373219e-06 1.304789430278721e-05 -4.144759198817816e-06
-2.745939140848182e-05 1.168608174156908e-05 1.198696303957453e-05 -5.303778951028774e-06
-2.745969755759057e-05 6.911145125967856e-06 1.166288779682474e-05 -2.926405505670086e-06
-2.532520086630232e-05 9.297636085020621e-06 1.081914384084438e-05 -4.110952030020824e-06
-2.322421962705623e-05 1.162859946191608e-05 1.007514960515739e-05 -5.079328479786662e-06
-2.322398332800239e-05 6.968375349950963e-06 9.806851658661912e-06 -3.193037968758862e-06
-2.165793851731559e-05 9.475840535926244e-06 9.365988448815823e-06 -4.124664520298125e-06
-2.009192653519655e-05 1.157501516294259e-05 8.863755313028691e-06 -4.950194794247311e-06
-2.009017340402577e-05 7.022220764211442e-06 8.778775804494187e-06 -3.304538026093348e-06
-1.786315152017664e-05 1.152711511602997e-05 8.089895263075669e-06 -4.914170772364946e-06
-1.828388368340610e-05 1.006290119498442e-05 8.236285544129791e-06 -4.335525559829130e-06
-1.786007721193183e-05 7.057173893941686e-06 8.072664002058014e-06 -3.325137239906838e-06
-1.626846976548778e-05 7.095529140023290e-06 7.563772270323201e-06 -3.293358764509518e-06
2.535666917697335e-06 7.403179030058089e-07 -1.151242117107594e-06 -2.710656361483473e-07
2.586386429833872e-06 6.181671700977723e-07 -1.185543854050621e-06 -1.813920800801986e-07
2.586037391002832e-06 1.637924355315183e-07 -1.190850439758926e-06 1.561498164510629e-07
2.535606323835689e-06 4.362032587229140e-08 -1.157672286146075e-06 2.441476142744451e-07
-1.626546643504417e-05 1.149278307324128e-05 7.525801985226925e-06 -4.928635836613066e-06
-1.484508040003770e-05 1.138042505282102e-05 6.975834862805384e-06 -4.900055454390895e-06
-1.593399892628437e-05 8.746891113482035e-06 7.468597435917682e-06 -3.886321996145905e-06
-1.483431685101610e-05 7.012293961681418e-06 7.066657875216898e-06 -3.165961368420086e-06
2.414099308735783e-06 7.909309977576077e-07 -1.067487568202671e-06 -3.092521865281659e-07
2.291795812181103e-06 2.927025517621071e-07 -9.814691646890685e-07 5.433776265954376e-08
2.415311126158820e-06 -6.393479696808429e-09 -1.074907567517844e-06 2.780031163956564e-07
-1.438570130766423e-05 1.003100749701640e-05 6.820302988945442e-06 -4.373538336697474e-06
-1.346176386719311e-05 1.110160278511932e-05 6.418617401229427e-06 -4.810245111994018e-06
-1.214141481580252e-05 1.068195149056030e-05 5.893130378616396e-06 -4.672723850866313e-06
-1.395904681234900e-05 8.197475915283409e-06 6.705495489998562e-06 -3.634185882928068e-06
-1.347692225990748e-05 6.699305929348881e-06 6.503191551749029e-06 -2.945524500661093e-06
1.590624171061305e-06 8.053812464882318e-07 -4.846915076987301e-07 -3.267765502387682e-07
1.590393983145144e-06 -1.957802347311519e-08 -4.879441273329253e-07 2.406934002781150e-07
1.163887054233570e-06 3.934953491207000e-07 -2.215097284497677e-07 -4.028704218426512e-08
-1.090311622117050e-05 1.011231264646851e-05 5.343581335404678e-06 -4.486098978862139e-06
-1.195941783637975e-05 9.303151958721538e-06 5.833507715752280e-06 -4.119242176876587e-06
-1.241264560721879e-05 7.590222651405839e-06 6.006047876199845e-06 -3.355005526968583e-06
-1.222609784901649e-05 6.174656033967658e-06 5.871735618182300e-06 -2.645273837996443e-06
7.013209759947360e-07 8.827133260642774e-07 9.617318879169232e-09 -2.470582970132441e-07
7.018343191151540e-07 -9.407808872560640e-08 3.812607049442688e-08 2.082857888365886e-07
1.756239920193055e-07 3.951115927199170e-07 2.565038592065707e-07 -1.459297180641306e-08
-9.750293909992958e-06 9.422680165684528e-06 4.783922953925532e-06 -4.193256363572508e-06
-8.709701319345058e-06 8.624267584113451e-06 4.275878385719166e-06 -3.834701843365454e-06
-1.083520121554044e-05 7.325847920478631e-06 5.229405084017637e-06 -3.227134498209336e-06
-1.111544077258228e-05 5.454571944014709e-06 5.287087694662944e-06 -2.288450522093029e-06
-4.278033278667845e-07 1.048791138833575e-06 5.576173199733077e-07 -3.713269539037458e-07
-4.273915521978964e-07 -2.569127286937577e-07 5.214717775303525e-07 2.814794988062415e-07
-8.973957894447609e-06 7.407830101831811e-06 4.378482465993950e-06 -3.274072181029331e-06
-7.788901481947146e-06 7.719352845596067e-06 3.813712966836212e-06 -3.415148680506237e-06
-9.412113813136765e-06 6.051763906268385e-06 4.519635889374710e-06 -2.604596155430416e-06
-1.017201013858457e-05 4.583637517814719e-06 4.831027132079226e-06 -1.911751321812315e-06
-1.091447290737586e-06 3.969080144689533e-07 8.577767721579215e-07 -5.978088366635760e-08
-1.880342177700568e-06 1.287495064371750e-06 1.199412868456342e-06 -4.676725906776066e-07
-1.878534342414402e-06 -4.937515726210151e-07 1.205025814685691e-06 3.468212007628594e-07
-6.981105947983108e-06 6.734546661393061e-06 3.397544228507004e-06 -2.919901291542940e-06
-6.315394751869411e-06 5.699445212601386e-06 3.045481346760605e-06 -2.410693436141362e-06
-5.787564556618760e-06 4.604934106570259e-06 2.803304815658200e-06 -1.890942701637777e-06
-8.520762929158464e-06 4.842011246951663e-06 4.051779587539760e-06 -2.018077230987029e-06
-9.415786690640711e-06 3.600796172832017e-06 4.434418883192843e-06 -1.427705572280941e-06
-2.513469497944369e-06 4.009531534502016e-07 1.480964807681821e-06 -7.976341027544747e-08
-3.289825181919254e-06 1.521308495364793e-06 1.842205994224915e-06 -5.779925089416182e-07
-3.289614073345215e-06 -7.350347821703048e-07 1.822966714284501e-06 3.788747059896885e-07
-6.903770070767862e-06 4.602789562278158e-06 3.311495856318382e-06 -1.887995821502150e-06
-5.387118036246184e-06 3.477982805429659e-06 2.635845381479466e-06 -1.384127750397737e-06
-4.568072846687985e-06 1.719422488271118e-06 2.364577991517996e-06 -6.174458834920922e-07
-4.940285400699523e-06 1.917820791189365e-06 2.501991848435515e-06 -6.942343686266985e-07
-5.138756776150820e-06 2.322869867551574e-06 2.565048463411136e-06 -8.701142688052006e-07
-7.899769269766797e-06 3.456877516460553e-06 3.764593530543731e-06 -1.369281529986817e-06
-8.853694786239060e-06 2.549681086453099e-06 4.181407846125410e-06 -1.009683445872012e-06
-3.987037311969910e-06 5.663991182105774e-07 2.157168844330268e-06 -1.867730076701644e-07
-4.571923556409987e-06 -9.090395524874403e-07 2.413585327560208e-06 4.067650433332535e-07
-6.160089280170853e-06 2.681010844045446e-06 2.994905350897973e-06 -1.029319199593256e-06
-4.965526977550415e-06 1.125292361052292e-06 2.529605865200253e-06 -3.807478288189923e-07
-5.406918504840103e-06 1.777561367308985e-06 2.688458935273806e-06 -6.366441417192173e-07
-7.454770784626045e-06 2.223886948848709e-06 3.570733111713838e-06 -8.709850510509141e-07
-8.503983590764148e-06 1.474240314136053e-06 4.032246048562669e-06 -5.693077358475961e-07
-4.990768206724028e-06 -1.513027013290052e-07 2.567413074256859e-06 1.073421252673338e-07
-4.936770807988911e-06 -1.100260120103897e-06 2.557805905341806e-06 4.708187191651039e-07
-6.393205943538187e-06 8.605574732964025e-07 3.091021130662185e-06 -2.757783054876289e-07
-8.384184875854137e-06 3.978578977401085e-07 3.945630655675380e-06 -1.176855875600922e-07
-8.495810327058611e-06 -6.640071022752771e-07 3.880838705935034e-06 3.068833072059104e-07
-5.745433415691530e-06 -8.426300641433102e-07 2.859003286494394e-06 3.794431107758006e-07
-5.148027299299221e-06 -1.512488200684496e-06 2.641189538086288e-06 6.052569771601282e-07
-5.404650506735423e-06 -2.654313902769785e-06 2.761838814668445e-06 9.831720424646918e-07
-7.427609776553182e-06 -7.971853620118715e-07 3.490932781827047e-06 3.916413524900674e-07
-5.793593811553060e-06 -3.771949809407106e-06 2.939369726449480e-06 1.324793043594294e-06
-8.834426768520246e-06 -1.738210266199615e-06 3.891253539321532e-06 6.953065948899279e-07
-6.431082277742172e-06 -2.690556151521489e-06 3.131848396146613e-06 1.002694225614300e-06
-7.955850229933788e-06 -2.776588296624631e-06 3.600428560383238e-06 1.024595448668410e-06
-6.321249690586403e-06 -4.843082316357301e-06 3.159895452639559e-06 1.641496222355273e-06
-9.382892944663368e-06 -2.777660762527917e-06 3.995000116226743e-06 1.026950507511070e-06
-8.933676794834056e-06 -3.813778162102241e-06 3.852342489383065e-06 1.352326478179814e-06
-7.862895479787414e-06 -4.468365775047765e-06 3.590024713534743e-06 1.549063821712003e-06
-6.976320198186907e-06 -5.877416507883108e-06 3.418696824791051e-06 1.884739694915896e-06
-7.772014287504154e-06 -6.850915104032095e-06 3.644195479009176e-06 2.047829674527096e-06
-1.013898777140386e-05 -3.742575540081402e-06 4.131816168565422e-06 1.337622116290539e-06
-9.596815075643163e-06 -4.990683375357090e-06 3.995654037768056e-06 1.663881176555528e-06
-8.955996582411162e-06 -6.466418578289688e-06 3.896289748150935e-06 1.975308894144765e-06
-8.682227803146253e-06 -7.751412174217665e-06 3.862504225476307e-06 2.175996568427805e-06
-1.107736225549992e-05 -4.596875870797392e-06 4.292155102493993e-06 1.576176394130650e-06
-1.079399916013668e-05 -6.459444050984223e-06 4.221318582914861e-06 1.939163203958055e-06
-9.713869434217971e-06 -8.546869566688691e-06 4.046158819037561e-06 2.279600052473408e-06
-1.086049811485638e-05 -9.236642383504923e-06 4.204551675474830e-06 2.336944901470198e-06
-1.209544063059715e-05 -9.811068483587373e-06 4.352019744231949e-06 2.368100402799511e-06
-1.219333324852479e-05 -6.862271563795443e-06 4.434746329731418e-06 1.990610085531589e-06
-1.218248562052119e-05 -5.308156600499005e-06 4.455854925853500e-06 1.740397786003722e-06
-1.191228764448898e-05 -8.429064340748026e-06 4.359460616132567e-06 2.216033820769444e-06
-1.341583504971562e-05 -1.023587329883181e-05 4.481760796618729e-06 2.387789817263908e-06
-1.480253061741323e-05 -1.051666245151324e-05 4.623790634221339e-06 2.376176866617836e-06
-1.332558163959539e-05 -7.209802620063947e-06 4.571084333485193e-06 2.053170275760300e-06
-1.343450554473877e-05 -5.828488512680523e-06 4.585561587342901e-06 1.886504952897229e-06
-1.622564866275353e-05 -1.063525988167205e-05 4.742419273784035e-06 2.344818883855894e-06
-1.462509149652269e-05 -8.511760901021891e-06 4.656026707151058e-06 2.171485550409755e-06
-1.479290517088948e-05 -6.133901273099852e-06 4.687958043370786e-06 2.005515629034553e-06
-1.653711085203572e-05 -8.731272060769410e-06 4.786001767648040e-06 2.173692769299243e-06
-1.783235034797758e-05 -1.067963648858274e-05 4.908807651525483e-06 2.290327899875900e-06
-1.621403960955887e-05 -6.220293508894641e-06 4.760235466611087e-06 2.034588254593435e-06
-2.008118352135273e-05 -1.072397315279779e-05 5.024083435502142e-06 2.230923561471284e-06
-1.828799266784766e-05 -7.636939770030305e-06 4.910409366117492e-06 2.103928193743708e-06
-1.783063510130746e-05 -6.175227500592407e-06 4.868295449482213e-06 2.045265598850989e-06
-2.326226088876416e-05 -1.079158649894449e-05 5.129260076649998e-06 2.186427268032762e-06
-2.166901594267632e-05 -8.241619106626296e-06 5.039232018574685e-06 2.108277813496975e-06
-2.008310509269464e-05 -6.116327068881753e-06 4.953751276251866e-06 2.071683618625956e-06
-2.758720776287459e-05 -1.086267261659644e-05 5.145231621011264e-06 2.120463577614205e-06
-2.540456679103164e-05 -8.421937002741435e-06 5.107510050097800e-06 2.123482521121518e-06
-2.326343420518410e-05 -6.049608621874701e-06 5.039236088577818e-06 2.088059366973130e-06
-3.221103338907351e-05 -1.092061943552548e-05 5.100622795759912e-06 2.075540485338258e-06
-2.988117514611963e-05 -8.420059617710932e-06 5.075598409404390e-06 2.135323664888349e-06
-2.758791861057072e-05 -5.978540396853138e-06 5.058748786964618e-06 2.123443719989493e-06
-3.693297664171916e-05 -1.096639275744802e-05 5.053569139260986e-06 2.101406280173948e-06
-3.455748207038316e-05 -8.418852802614301e-06 5.026361090072446e-06 2.142764215687563e-06
-3.221142884077395e-05 -5.918216336973975e-06 4.998555533441442e-06 2.143402167612369e-06
-4.173109566879082e-05 -1.100072864526317e-05 5.022740912401696e-06 2.108928936828110e-06
-3.932125520541661e-05 -8.417994571952335e-06 5.036861466604519e-06 2.108512432805374e-06
-3.693324486055004e-05 -5.870316287149116e-06 5.028717976826671e-06 2.060142693928684e-06
-4.658364194808110e-05 -1.102462265719540e-05 5.150877117336939e-06 2.140665290373392e-06
-4.415001013328160e-05 -8.417329004099635e-06 5.098098252722443e-06 2.075529581033710e-06
-4.173136242477151e-05 -5.834471063687594e-06 5.084970728174668e-06 2.049691225738641e-06
-5.147166205236301e-05 -1.104018513925261e-05 5.233301234281471e-06 2.117425759350647e-06
-4.902305114360651e-05 -8.417004804031895e-06 5.233891935231283e-06 2.068639404759809e-06
-4.658382717710097e-05 -5.809587187600963e-06 5.235054980585682e-06 2.075290653114067e-06
-5.638206844566483e-05 -1.105026822768097e-05 5.160117299881429e-06 2.067569946769171e-06
-5.392394216875134e-05 -8.416799103095413e-06 5.194186907750074e-06 2.070928529019185e-06
-5.147186184606049e-05 -5.793594466492069e-06 5.257588443798851e-06 2.155295926544596e-06
-6.130699581192703e-05 -1.105737788159999e-05 4.952353993338316e-06 2.000914270865598e-06
-5.884252477535080e-05 -8.416899890322622e-06 5.022187639399688e-06 2.115789221738780e-06
-5.638211427164501e-05 -5.783407339921278e-06 5.066933469955360e-06 2.179609867724509e-06
-6.624165108205997e-05 -1.106242724338339e-05 4.598711684718291e-06 2.009894815910888e-06
-6.377287051165374e-05 -8.417300766234527e-06 4.720905480703078e-06 2.172821525761196e-06
-6.130687580633102e-05 -5.776870616074270e-06 4.790613626769251e-06 2.267502754803884e-06
-7.682994283144148e-05 -1.077565024083090e-05 4.317959309612700e-06 2.046895160407316e-06
-7.612776055990080e-05 -1.106648663127315e-05 4.336604984459785e-06 2.040338671508370e-06
-6.845429464470217e-05 -8.417816486065208e-06 4.501491533842925e-06 2.141627572636871e-06
-7.118327058037622e-05 -1.106563253202119e-05 4.408373495298879e-06 2.080240483668351e-06
-6.624148657898163e-05 -5.772767613615082e-06 4.604694713514002e-06 2.223285887822727e-06
-7.712079845595952e-05 -1.007349217388004e-05 4.311346517879271e-06 2.065987679884665e-06
-7.545908777335942e-05 -8.418352459188483e-06 4.379427024709060e-06 2.128146558979695e-06
-7.118315266089899e-05 -5.770541506782430e-06 4.451176436202307e-06 2.199969840422866e-06
-7.712080812645823e-05 -6.763225584191648e-06 4.356450969256687e-06 2.166711845466538e-06
-7.612773296041748e-05 -5.770172679335572e-06 4.386958136797098e-06 2.190531411960994e-06
-7.682994273592957e-05 -6.061028998228229e-06 4.366154020948637e-06 2.183752042969345e-06
