-4.061982834328979e-05 7.177307307721981e-06 4.796805839148473e-05 -6.711634817999809e-06
-4.075909550253955e-05 6.841098836167027e-06 4.817088710038286e-05 -6.221175385296002e-06
-4.075914866269747e-05 5.256273671344886e-06 4.815366755572595e-05 -3.960878671255773e-06
-4.061989760161994e-05 4.920107777555219e-06 4.795319419122229e-05 -3.489114167459258e-06
-4.028361193864222e-05 7.316567473114129e-06 4.747702462402538e-05 -6.914341933294454e-06
-3.965309912001926e-05 6.048695901909492e-06 4.657004252728560e-05 -5.085082190821411e-06
-4.028371762329760e-05 4.780866917815966e-06 4.747356624414449e-05 -3.294666613564452e-06
-3.791648749601708e-05 7.316463707976221e-06 4.408541142223999e-05 -6.894210810278169e-06
-3.791670787289740e-05 4.780990573488307e-06 4.409128078516964e-05 -3.288373014137929e-06
-3.660994000159531e-05 6.048672008317284e-06 4.224823005986640e-05 -5.053982572042818e-06
-3.554947307339004e-05 7.316496165810553e-06 4.081036427718550e-05 -6.865959611876596e-06
-3.554991653672134e-05 4.781146297841220e-06 4.084895857352019e-05 -3.346497150787595e-06
-3.436642771067237e-05 6.048866810833033e-06 3.911584081275177e-05 -5.036496676677814e-06
-3.318268532303885e-05 7.316740082168140e-06 3.744838543643603e-05 -6.830661751791875e-06
-3.318309109500002e-05 4.781284410042556e-06 3.760323590624034e-05 -3.420085726101867e-06
-3.199970536518425e-05 6.049098490014798e-06 3.594908524647813e-05 -5.064436265536657e-06
-3.081537285515698e-05 7.317300269430565e-06 3.417022813974941e-05 -6.932757784692782e-06
-3.081571955768405e-05 4.781293694366407e-06 3.439863781875134e-05 -3.397161118636944e-06
-2.963179987150320e-05 6.049552110414892e-06 3.274654897804793e-05 -5.100266239009863e-06
-2.844738042385766e-05 7.316974252400062e-06 3.077193187963988e-05 -6.986099394240138e-06
-2.844763160016280e-05 4.782549020301467e-06 3.121201543729912e-05 -3.416957487330849e-06
-2.726435380083831e-05 6.050141612558592e-06 2.938926596052343e-05 -5.149483721220465e-06
-2.608281868851569e-05 7.313969816310416e-06 2.731925151097472e-05 -6.970625236852258e-06
-2.608304756081087e-05 4.786771430200247e-06 2.793637355782824e-05 -3.364706299800901e-06
-2.490357581070947e-05 6.050867718117149e-06 2.586278548807719e-05 -5.200530314023710e-06
-2.372832995975526e-05 7.308285182496701e-06 2.396116102979825e-05 -6.938973472120040e-06
-2.372843829313521e-05 4.793931346711326e-06 2.443373042574674e-05 -3.233823124509054e-06
-2.255581547859293e-05 6.051644489869157e-06 2.229807862872867e-05 -5.234571204790707e-06
-2.138843881503104e-05 7.301464901277872e-06 2.083036844314783e-05 -6.744252887274731e-06
-2.138832729316556e-05 4.802423332472553e-06 2.085957858401352e-05 -3.315585230533720e-06
-2.022349232957428e-05 6.052296252029168e-06 1.905171995208379e-05 -5.177284443236467e-06
-1.906296183252187e-05 7.295188807129300e-06 1.796749521624259e-05 -6.591123280443332e-06
-1.906296141841257e-05 4.810097005316623e-06 1.760595011805600e-05 -3.520595603730312e-06
-1.790441309869652e-05 6.052938427937592e-06 1.623146828858097e-05 -5.089359818089026e-06
-1.674922686427055e-05 7.290022463934291e-06 1.525148037094016e-05 -6.518507503926477e-06
-1.674929625699127e-05 4.816385525803465e-06 1.486582080503500e-05 -3.739724580627869e-06
-1.564231885468943e-05 6.053380456107493e-06 1.379815797302244e-05 -5.063036399445316e-06
-1.453803549693851e-05 7.285692305847325e-06 1.275664211090455e-05 -6.533290980405490e-06
-1.453808311368935e-05 4.821492827323718e-06 1.255184573470722e-05 -3.785541698635838e-06
-1.371091578397369e-05 6.149762957090040e-06 1.174319407784817e-05 -5.152348873546213e-06
-1.286840117227624e-05 7.282525011742787e-06 1.082701752753408e-05 -6.457444554357793e-06
-1.286825214524681e-05 4.824893427389793e-06 1.077375486509356e-05 -3.756802342740856e-06
-1.165598265192428e-05 7.280484051152513e-06 9.391267270246815e-06 -6.458069962057455e-06
-1.189271361176132e-05 6.472517369064296e-06 9.656420315412052e-06 -5.526470716509822e-06
-1.165591036873989e-05 4.826413808837731e-06 9.367539431055187e-06 -3.790075390191237e-06
-1.077584480224324e-05 4.827496506904949e-06 8.441431470574243e-06 -3.785535971311572e-06
1.879615426364584e-06 4.820684304175557e-07 -9.266562598488722e-07 2.958492675163721e-08
1.917451293922295e-06 3.909576526084810e-07 -9.425398749466856e-07 7.224254221097788e-08
1.917217963736949e-06 5.186023255554660e-08 -9.348798180664710e-07 2.435069632010182e-07
1.879584847282636e-06 -3.785862975663924e-08 -9.165628464167735e-07 2.838912481879737e-07
-1.077565179308202e-05 7.279436207012504e-06 8.423882861592656e-06 -6.453377661563739e-06
-9.976408957559756e-06 7.233186563702126e-06 7.585809610874635e-06 -6.350637905709141e-06
-1.059799230015048e-05 5.747392440619137e-06 8.249125437868505e-06 -4.704617709574039e-06
-9.978444511319036e-06 4.758296116743373e-06 7.637182848148359e-06 -3.716399447027686e-06
1.788940817240070e-06 5.198059038325555e-07 -8.867314264955420e-07 1.228182333253459e-08
1.697633889833577e-06 1.479836484570073e-07 -8.426930357467359e-07 2.015253833513747e-07
1.789794208145764e-06 -7.524414585563281e-08 -8.770674701927224e-07 3.002506385459271e-07
-9.723257949736606e-06 6.477136471867285e-06 7.307098266377822e-06 -5.521930890323603e-06
-9.187492580997626e-06 7.096728658801170e-06 6.808996805970706e-06 -6.110389407041170e-06
-8.419447936933947e-06 6.872116705844223e-06 6.064202906433218e-06 -5.824647211606090e-06
-9.483824490337430e-06 5.429345960129499e-06 7.092251822044624e-06 -4.402524557590079e-06
-9.206022992736305e-06 4.550913664878423e-06 6.814082166424969e-06 -3.516731950704115e-06
1.174415443150961e-06 5.301150674718595e-07 -6.561982352840668e-07 5.058527913817907e-08
1.173976027506766e-06 -8.574547919203770e-08 -6.595461172739278e-07 3.164095082439925e-07
8.554376677253829e-07 2.220709935248512e-07 -5.279911808616886e-07 1.782598134911227e-07
-7.681174920228360e-06 6.561964183264609e-06 5.346941236747893e-06 -5.489096069873595e-06
-8.319571857517550e-06 6.077592728357043e-06 5.940224570581514e-06 -5.036038254239726e-06
-8.587008465532321e-06 5.068879940414592e-06 6.204679141882206e-06 -4.027135430980049e-06
-8.481423816472830e-06 4.211392857105572e-06 6.108764457521796e-06 -3.217132217042408e-06
5.102918260530667e-07 5.860029881320454e-07 -3.811204418910629e-07 2.407741846966276e-09
5.102380234092618e-07 -1.420950593581951e-07 -3.977229193873965e-07 3.071866766498307e-07
1.182555986705486e-07 2.216900348797817e-07 -1.933411074927721e-07 1.318643568344663e-07
-6.982732925697984e-06 6.170055117202084e-06 4.709724076885609e-06 -5.149861113022499e-06
-6.332324924828082e-06 5.700864817110964e-06 4.148589146735177e-06 -4.694081691280499e-06
-7.648364389014104e-06 4.907929448982778e-06 5.300035291517487e-06 -3.897764994593784e-06
-7.826279092751709e-06 3.750182576865818e-06 5.446417444388415e-06 -2.794991354762278e-06
-3.303502121709179e-07 7.061924792145532e-07 6.935019499527534e-08 -1.646800201665637e-07
-3.306644604004946e-07 -2.636465883646477e-07 8.033031537413980e-08 4.181999089123199e-07
-6.496871299836898e-06 4.963668782706098e-06 4.290045912538774e-06 -3.981954393837424e-06
-5.738407752643883e-06 5.160697203794297e-06 3.615939021894319e-06 -4.163973195283222e-06
-6.775440200851914e-06 4.117253895918887e-06 4.500632776350878e-06 -3.150379389668577e-06
-7.260275406800911e-06 3.180646526052160e-06 4.893770338270512e-06 -2.249753522286573e-06
-8.232706032344202e-07 2.209201180736822e-07 3.699142226150219e-07 1.262644008746957e-07
-1.407421858899756e-06 8.794925093144521e-07 6.967439098839380e-07 -2.589028885955486e-07
-1.407010395828382e-06 -4.399920518806813e-07 6.945682544327107e-07 5.055572326816429e-07
-5.209457035283205e-06 4.556171328559081e-06 3.137962639842788e-06 -3.574579750866856e-06
-4.750862152326940e-06 3.893609477188571e-06 2.709680019707391e-06 -2.939466008259978e-06
-4.367961218552103e-06 3.181435335607064e-06 2.394886968920494e-06 -2.271651928653997e-06
-6.206047317891594e-06 3.343491991682342e-06 3.975031458543763e-06 -2.405980138020089e-06
-6.800540876880266e-06 2.519965744055721e-06 4.456712623324525e-06 -1.654201409579249e-06
-1.876813289466416e-06 2.216005596833513e-07 9.609297561317845e-07 1.219438940460811e-07
-2.451212376477101e-06 1.050424157316396e-06 1.358651379855216e-06 -4.311461031200649e-07
-2.451312231417243e-06 -6.193421522739469e-07 1.331930621350492e-06 6.481402158119667e-07
-5.133880633998258e-06 3.185875009922750e-06 3.049353585285975e-06 -2.267149296073686e-06
-4.068922950892335e-06 2.425750233101716e-06 2.172245602625952e-06 -1.566879380504175e-06
-3.408189940271263e-06 1.196283146019765e-06 1.935980581884317e-06 -5.326797761418826e-07
-3.694282072128356e-06 1.339728912034007e-06 2.047035611714345e-06 -6.357545912492727e-07
-3.855890623429354e-06 1.628095534857427e-06 2.090995593584393e-06 -8.625823259120110e-07
-5.803647347510476e-06 2.421185963602596e-06 3.595723556806616e-06 -1.553238428528156e-06
-6.462738972109396e-06 1.792990286279799e-06 4.107938939424226e-06 -1.036228405809310e-06
-2.968118954497589e-06 3.417778053353379e-07 1.696241237062679e-06 9.872978908072796e-09
-3.387782838057796e-06 -7.474349280957136e-07 1.977552573262585e-06 6.894673200833845e-07
-4.596967371501744e-06 1.885495115155316e-06 2.625013325783574e-06 -1.078453605388291e-06
-3.701834380800676e-06 7.591942780155665e-07 2.090851800527588e-06 -2.672180850374125e-07
-4.039981033444702e-06 1.238227380294153e-06 2.248582836554960e-06 -5.744703233850036e-07
-5.503881470923689e-06 1.565616876731192e-06 3.344483288127648e-06 -8.566654156082946e-07
-6.262520571923702e-06 1.024892772031296e-06 3.898264766434969e-06 -4.900362833481182e-07
-3.700833472304968e-06 -1.838807899327572e-07 2.152272990629153e-06 3.367181200656431e-07
-3.645411301388638e-06 -8.907543588461640e-07 2.172510862512897e-06 7.730574803169521e-07
-4.748307871816763e-06 5.821584009761069e-07 2.764734168585195e-06 -1.197439329241377e-07
-6.206730207667699e-06 2.378021945197638e-07 3.783352161901545e-06 1.086951784891005e-07
-6.335154222629805e-06 -5.602845792353455e-07 3.646192383914442e-06 6.174510045304471e-07
-4.248278122057933e-06 -6.927502990693887e-07 2.530006393935925e-06 6.811723129207730e-07
-3.790350118656284e-06 -1.207451163928787e-06 2.300796853550956e-06 9.376019626438185e-07
-3.959650875978687e-06 -2.099631947264196e-06 2.479816223657442e-06 1.358447523865813e-06
-5.520415867364026e-06 -6.482432625449888e-07 3.234150837292190e-06 7.310563535849759e-07
-4.234891983196421e-06 -2.997145504879635e-06 2.702409754206692e-06 1.668974058212130e-06
-6.634449831707004e-06 -1.377930380954685e-06 3.570239938419164e-06 1.074417257976822e-06
-4.749575002611658e-06 -2.120267791586110e-06 2.868344983512264e-06 1.401477818505832e-06
-5.949909436203979e-06 -2.190951736189578e-06 3.283555185124664e-06 1.423877970451326e-06
-4.637428531927278e-06 -3.868425219747183e-06 2.902232921670252e-06 1.920915343660833e-06
-7.104837533608242e-06 -2.193756322537361e-06 3.566706594555152e-06 1.422187348287217e-06
-6.750248416850799e-06 -3.026716821279629e-06 3.442606006894892e-06 1.692481172476972e-06
-5.876180590704924e-06 -3.559666660800847e-06 3.269724269254301e-06 1.841118584895943e-06
-5.150268684313706e-06 -4.729344555124076e-06 3.111666502842417e-06 2.092853450723834e-06
-5.797160870770116e-06 -5.554032834860003e-06 3.267360306358371e-06 2.176916545235071e-06
-7.754060730036955e-06 -2.965205878323724e-06 3.593820957049902e-06 1.690340362112401e-06
-7.306623356602156e-06 -3.996557758740415e-06 3.515981698604025e-06 1.912601344957137e-06
-6.774167827192923e-06 -5.233724210888150e-06 3.449152143401132e-06 2.119067752124163e-06
-6.545289500214677e-06 -6.328285086210876e-06 3.413119151232442e-06 2.226672280752421e-06
-8.559430526735021e-06 -3.662189975932121e-06 3.653177627422880e-06 1.874213821303715e-06
-8.323543887944269e-06 -5.234731793853779e-06 3.612152077259956e-06 2.092493848362757e-06
-7.410337942605289e-06 -7.017390382555742e-06 3.505559576985191e-06 2.263654846989945e-06
-8.387031043737530e-06 -7.623686047440766e-06 3.547007513170381e-06 2.279250392789094e-06
-9.446481763707700e-06 -8.136888132452292e-06 3.600833221316452e-06 2.309839651166992e-06
-9.525402939875415e-06 -5.581174408422521e-06 3.675300234043211e-06 2.104808756906546e-06
-9.512841385285249e-06 -4.253137664919844e-06 3.705236997837186e-06 1.978587046057316e-06
-9.283585838335524e-06 -6.932491304164586e-06 3.609926469460420e-06 2.218887006318767e-06
-1.059150406621092e-05 -8.519136467460109e-06 3.665680259673032e-06 2.335980910379003e-06
-1.180314303420120e-05 -8.778597581057105e-06 3.766403700245558e-06 2.376920481946307e-06
-1.050666698054122e-05 -5.880777224582614e-06 3.738942808587587e-06 2.116626030517673e-06
-1.060167561243786e-05 -4.686072322786435e-06 3.770348809298874e-06 2.026721246768724e-06
-1.305180093019874e-05 -8.895448953560106e-06 3.840356840974208e-06 2.416849682343604e-06
-1.164050356163293e-05 -7.017597703091754e-06 3.772050917764834e-06 2.191081224301565e-06
-1.178916314402992e-05 -4.937231129263709e-06 3.829134978750070e-06 2.039106527555264e-06
-1.332312582779127e-05 -7.215120852439757e-06 3.881895482716905e-06 2.227453958140420e-06
-1.447341094499261e-05 -8.949935545688926e-06 4.010906430340073e-06 2.444587673764237e-06
-1.303653726412300e-05 -5.003851549287706e-06 3.881038336607627e-06 2.031952015470112e-06
-1.647442105613042e-05 -9.006107393051693e-06 4.228733972006761e-06 2.474177556482820e-06
-1.487177637527366e-05 -6.247448714336619e-06 4.022094516522690e-06 2.152463336548619e-06
-1.446940686460502e-05 -4.952752239401263e-06 3.984697441370302e-06 2.052143860127460e-06
-1.933568394951527e-05 -9.094317577413702e-06 4.688313387543066e-06 2.573390000883205e-06
-1.789470597650673e-05 -6.787841232745712e-06 4.351719081429623e-06 2.205236536805002e-06
-1.647484983511657e-05 -4.884629426338435e-06 4.150612483889263e-06 2.039075633344169e-06
-2.327512481290186e-05 -9.193097733750903e-06 5.326381990593090e-06 2.659509940616710e-06
-2.127773359891596e-05 -6.953924289086912e-06 4.888836881327033e-06 2.232641145196205e-06
-1.933517630442534e-05 -4.804927009105096e-06 4.516238536436402e-06 1.892024738646785e-06
-2.753987025317379e-05 -9.280119535269704e-06 6.179769176420787e-06 2.611130145477178e-06
-2.538127600973057e-05 -6.957053323736258e-06 5.631552504395205e-06 2.235443541697253e-06
-2.327413237777317e-05 -4.716855393417664e-06 5.125729886061764e-06 1.806739290536695e-06
-3.194835909390143e-05 -9.355652788778007e-06 7.042370474027743e-06 2.722012208807381e-06
-2.972093668764590e-05 -6.960608769092486e-06 6.565058800101560e-06 2.231745973387205e-06
-2.753869504023550e-05 -4.637631324812148e-06 6.048946746957213e-06 1.750188600255939e-06
-3.648148977252421e-05 -9.419984785542693e-06 8.007441850301338e-06 2.770207737087673e-06
-3.419517831827981e-05 -6.963845362943683e-06 7.539593231412527e-06 2.212432926469275e-06
-3.194723705377774e-05 -4.568935530980742e-06 7.084298354795653e-06 1.658247756534165e-06
-4.111922964456604e-05 -9.472935249443745e-06 8.994164463003111e-06 2.724663192366650e-06
-3.878416926329144e-05 -6.966642554734767e-06 8.534725943149425e-06 2.176507683762550e-06
-3.648065608962930e-05 -4.510564330847565e-06 8.091939359233827e-06 1.638862097944220e-06
-4.584079163558916e-05 -9.514103371404487e-06 9.990612885471460e-06 2.656498665768693e-06
-4.346748785140491e-05 -6.968914051646749e-06 9.476640796876717e-06 2.160792145563585e-06
-4.111869668870994e-05 -4.462663155174635e-06 9.029014099021337e-06 1.717183563213737e-06
-5.062469751152663e-05 -9.543471192235306e-06 1.082300667559200e-05 2.613658478704420e-06
-4.822390328521358e-05 -6.970631872520838e-06 1.034313595282899e-05 2.167723531766628e-06
-4.584041560101894e-05 -4.425520727335224e-06 9.897019476468444e-06 1.746352128123545e-06
-5.544986503407903e-05 -9.562180979320017e-06 1.151035914350244e-05 2.486779939835049e-06
-5.303176961590395e-05 -6.971987866965918e-06 1.112463874808583e-05 2.170477500576569e-06
-5.062426666883448e-05 -4.399245090605303e-06 1.067222164303131e-05 1.699160181585470e-06
-6.029806725381858e-05 -9.572172197534563e-06 1.219597581121584e-05 2.479783302617564e-06
-5.787118676394168e-05 -6.973023928459833e-06 1.182697180650004e-05 2.172191265141954e-06
-5.544944850126785e-05 -4.382934278837218e-06 1.142971408379467e-05 1.815177599590885e-06
-7.070710258185325e-05 -9.290835714451708e-06 1.349850884517282e-05 2.428324350825500e-06
-7.001687684547018e-05 -9.576720698055446e-06 1.341135632505287e-05 2.466629309864753e-06
-6.247343501603572e-05 -6.973544548177707e-06 1.246600306270517e-05 2.166863358660555e-06
-6.515645421653623e-05 -9.576084324668904e-06 1.278402441877499e-05 2.533599196457173e-06
-6.029795989842667e-05 -4.374464096062521e-06 1.218774830619393e-05 1.823759805356991e-06
-7.099300787754221e-05 -8.600636515600180e-06 1.353502070918977e-05 2.339250991386903e-06
-6.935964171964995e-05 -6.973752918998793e-06 1.334732642311122e-05 2.157984380802481e-06
-6.515649376407447e-05 -4.371319127037836e-06 1.279941067492405e-05 1.816120388325417e-06
-7.099308780392035e-05 -5.346821393554321e-06 1.354300887442394e-05 1.967125789784095e-06
-7.001695855365681e-05 -4.370722911650256e-06 1.342499394020302e-05 1.845823818641552e-06
-7.070718648674648e-05 -4.656611818077927e-06 1.350861359767308e-05 1.882230222578375e-06
