7.740189516551807e-05 -1.324050327631330e-05 2.067238640512909e-06 4.445740595018262e-07
7.766553028840026e-05 -1.260395601678735e-05 2.118656207819594e-06 5.707777722591842e-07
7.766550581966165e-05 -9.603457542712996e-06 2.123341150462178e-06 1.156211784640218e-06
7.740187494727869e-05 -8.966934935165347e-06 2.069114451953118e-06 1.289858213646315e-06
7.676540410554135e-05 -1.350418023249177e-05 1.943181708972660e-06 3.913807186461305e-07
7.557184810134117e-05 -1.110370123788273e-05 1.695884188201038e-06 8.687156867919390e-07
7.676540061438768e-05 -8.703268607955537e-06 1.938161296278788e-06 1.346576358248397e-06
7.228439977248778e-05 -1.350481269575202e-05 9.785100914808126e-07 3.786411168628144e-07
7.228443448883726e-05 -8.702505527499641e-06 9.351689853840906e-07 1.375332147776161e-06
6.980960332521189e-05 -1.110351801141141e-05 4.513499393748399e-07 8.518330278146841e-07
6.780035984045857e-05 -1.350692231400215e-05 7.194608853080933e-08 3.851811151329317e-07
6.780027167997582e-05 -8.699835758290398e-06 2.918632516614541e-08 1.308753047063906e-06
6.555608421636383e-05 -1.110331003146370e-05 -4.023115838246485e-07 8.302212648229950e-07
6.331023048649735e-05 -1.350975916405120e-05 -9.321148981371338e-07 3.747351511584965e-07
6.330949491489327e-05 -8.696195145182736e-06 -9.215727035402737e-07 1.212322049459560e-06
6.106223135863522e-05 -1.110287887453239e-05 -1.162161117903432e-06 8.139456178856744e-07
5.881360630477655e-05 -1.351212362357822e-05 -1.742143797675589e-06 4.114383324188521e-07
5.881218164722226e-05 -8.692903353886724e-06 -1.629546130287906e-06 1.067887831121842e-06
5.656253152227398e-05 -1.110231097212694e-05 -1.636775572167689e-06 7.634697229577995e-07
5.431276818787426e-05 -1.351250849408296e-05 -2.220924569229612e-06 5.680798705972466e-07
5.431131216535969e-05 -8.691774178740358e-06 -1.988556545846542e-06 8.432203063799164e-07
5.206116196421544e-05 -1.110167100828511e-05 -1.902966070827917e-06 7.549503783530212e-07
4.981218897666190e-05 -1.351032875274825e-05 -2.354665360666641e-06 6.732942803807853e-07
4.981145201415079e-05 -8.692806917774490e-06 -2.019286010651679e-06 6.523422087083226e-07
4.756293719236877e-05 -1.110103858377702e-05 -1.996983426434945e-06 7.179252890031416e-07
4.531688213405611e-05 -1.350589234396883e-05 -2.231300864131160e-06 6.303730567811450e-07
4.531660426880665e-05 -8.695474901556464e-06 -1.784043473388390e-06 6.265414879970521e-07
4.307182695605745e-05 -1.110012844037944e-05 -1.995584694965557e-06 6.562759728593569e-07
4.083023822799057e-05 -1.349972533822777e-05 -2.081122142495053e-06 6.854050697340794e-07
4.083000155100320e-05 -8.699234216345074e-06 -1.669813839206532e-06 5.712276458590816e-07
3.859009171391442e-05 -1.109887242339179e-05 -1.837097929890851e-06 5.955157040365723e-07
3.635364373286599e-05 -1.349285597168773e-05 -1.869393856733019e-06 7.168204197420710e-07
3.635311760966342e-05 -8.703369431443381e-06 -1.635121086764814e-06 5.400311734642780e-07
3.411859779815164e-05 -1.109722945929259e-05 -1.615999187337681e-06 5.269860024746711e-07
3.188798201322868e-05 -1.348479856840757e-05 -1.691359223699165e-06 6.726464689776158e-07
3.188729515005668e-05 -8.707803192114316e-06 -1.591114553999131e-06 5.677145450423615e-07
2.974883432635227e-05 -1.109516021136160e-05 -1.473959263845584e-06 5.083706295895919e-07
2.761461952583160e-05 -1.347589436191014e-05 -1.545875487046251e-06 5.717057564312683e-07
2.761373772678305e-05 -8.712539504834322e-06 -1.552270751857982e-06 5.586019621241128e-07
2.601502911723987e-05 -1.127903909644769e-05 -1.542229273666105e-06 5.233496501125238e-07
2.438595437037764e-05 -1.346852055253649e-05 -1.553950403250506e-06 5.623331086578097e-07
2.438484757583469e-05 -8.716288668787593e-06 -1.574387884541922e-06 5.249191316915751e-07
2.204099174580326e-05 -1.346309139335997e-05 -1.639663007007157e-06 5.541112998963962e-07
2.249851300931226e-05 -1.190106254281666e-05 -1.628448242994826e-06 5.510912626523017e-07
2.203990656950632e-05 -8.717835086224480e-06 -1.616340073762048e-06 4.923314038894107e-07
2.033750675143896e-05 -8.719394192701534e-06 -1.629058915131891e-06 5.003021703874928e-07
-3.486995426586273e-06 -5.137713473621032e-07 4.481395390207165e-07 -5.233056149351734e-07
-3.557034739774172e-06 -3.452795326535830e-07 4.564453820296999e-07 -5.391399908888303e-07
-3.556638885705792e-06 2.823571207847461e-07 4.531186265454620e-07 -5.908894756505613e-07
-3.486948953326527e-06 4.485192397536819e-07 4.443864903022410e-07 -6.065997036958077e-07
2.033824313636683e-05 -1.345964589272012e-05 -1.644919358115025e-06 5.650181231188011e-07
1.879246631847372e-05 -1.336859807219471e-05 -1.611444291266829e-06 5.883671119303317e-07
1.999360706554645e-05 -1.049766028130898e-05 -1.634473741654319e-06 5.415730842182187e-07
1.879435622515908e-05 -8.585851546155848e-06 -1.604999518255207e-06 4.863566597269925e-07
-3.319255602164307e-06 -5.834649578623169e-07 4.290967370962031e-07 -5.173209505477534e-07
-3.150140546123321e-06 1.048404413747295e-07 4.104477790661046e-07 -5.758979457111079e-07
-3.320657792856522e-06 5.178867257894696e-07 4.261018868917263e-07 -6.129989585213067e-07
1.830225924719153e-05 -1.190646626144091e-05 -1.606398360885534e-06 5.739020710371639e-07
1.726773056450329e-05 -1.310232508514117e-05 -1.552025238896985e-06 6.235482358583057e-07
1.578421726898572e-05 -1.266529743813081e-05 -1.446744436798884e-06 6.449979937664718e-07
1.783780535645236e-05 -9.882165662165983e-06 -1.580582731266247e-06 5.219089989958073e-07
1.729983762411873e-05 -8.187316768747248e-06 -1.523411500301030e-06 4.261193609731639e-07
-2.181993062443839e-06 -6.015517152280636e-07 3.185616149855276e-07 -4.918235176610995e-07
-2.181003073384129e-06 5.380131048989906e-07 3.198045530404060e-07 -5.939273805673786e-07
-1.591711862087197e-06 -3.141811258498085e-08 2.684357576754679e-07 -5.240375157393434e-07
1.436194761972137e-05 -1.206227288955253e-05 -1.332678010566441e-06 6.522705008432962e-07
1.558994389082459e-05 -1.113035935068083e-05 -1.442116714022355e-06 5.765125371588809e-07
1.610443586221060e-05 -9.186070601246180e-06 -1.453647568874615e-06 4.614469271234149e-07
1.589840238558755e-05 -7.537116272679786e-06 -1.424246875377848e-06 3.735116504451558e-07
-9.530946996457043e-07 -7.049652230915683e-07 1.872065099037585e-07 -4.066586452579206e-07
-9.530867681305905e-07 6.424200263822853e-07 2.126716559858090e-07 -5.810905333730028e-07
-2.277270217684554e-07 -3.107463624794740e-08 9.245541248480853e-08 -4.459036054214946e-07
1.301802320259079e-05 -1.130221817827938e-05 -1.215175493496248e-06 6.076509343420718e-07
1.177154359993408e-05 -1.039570467703241e-05 -1.151139202355784e-06 5.469620504161368e-07
1.429456637831183e-05 -8.874915039498506e-06 -1.344086000910554e-06 4.252266469412162e-07
1.463239412920814e-05 -6.655296541421266e-06 -1.375697657341695e-06 3.330403296064806e-07
6.027840437274109e-07 -9.286718535789237e-07 8.044121844045286e-09 -3.420841583133929e-07
6.029601189562244e-07 8.669621090243122e-07 4.272329876740922e-08 -4.516824773440119e-07
1.208611195427407e-05 -8.978330959859070e-06 -1.184861318972615e-06 4.424184842188249e-07
1.063977707552551e-05 -9.354159940369714e-06 -1.064280966828102e-06 4.692524134263126e-07
1.261644734452878e-05 -7.357991912734926e-06 -1.233937738922120e-06 3.549100297031862e-07
1.353984163652544e-05 -5.571262909257411e-06 -1.303883886546782e-06 2.563096695365595e-07
1.515319461943248e-06 -3.090229470132871e-08 -1.692827192937354e-08 -3.596197759667792e-07
2.597593041179364e-06 -1.251526116598020e-06 -1.325959735703662e-07 -1.994671753875832e-07
2.596096470384783e-06 1.192157423324941e-06 -1.198259995703541e-07 -4.561428019566425e-07
9.634267746299412e-06 -8.192156435104634e-06 -9.808135936705205e-07 3.673064325928307e-07
8.770468853612405e-06 -6.928229279854162e-06 -9.618965270666497e-07 3.186803124008425e-07
8.056842979944589e-06 -5.574210113637251e-06 -8.990413051367951e-07 2.544250167215045e-07
1.152878189135593e-05 -5.881060848311460e-06 -1.125789532845848e-06 2.590991615250442e-07
1.265323363813003e-05 -4.321344429508971e-06 -1.222224234382207e-06 1.666355281356111e-07
3.466569201335901e-06 -3.396350652749344e-08 -2.212163440825527e-07 -3.028175627740190e-07
4.530576051782281e-06 -1.569533610550650e-06 -3.481971970830463e-07 -1.019048405832815e-07
4.530314924427951e-06 1.522793545266111e-06 -3.098046205582439e-07 -4.409071585764799e-07
9.497965007857869e-06 -5.580745275729983e-06 -1.002360574273165e-06 2.601413774099658e-07
7.502727402351945e-06 -4.145297794199801e-06 -8.290990964370228e-07 1.856482561862844e-07
6.298597442155710e-06 -1.840477728435449e-06 -5.822956521545111e-07 -1.549828284609790e-08
6.824412040290318e-06 -2.107646513026302e-06 -6.785089951615283e-07 2.023582081285968e-08
7.118344689498292e-06 -2.646285777640302e-06 -7.396726487115180e-07 7.726649933063874e-08
1.076164884157262e-05 -4.134215902528198e-06 -1.101923787956952e-06 1.836343523306011e-07
1.199886338327422e-05 -2.954467536087816e-06 -1.209414440396628e-06 9.501761464004114e-08
5.487385620712140e-06 -2.581720383985438e-07 -4.454452898247472e-07 -2.198302997503492e-07
6.269174892286898e-06 1.758913143367895e-06 -5.476964698324176e-07 -4.387359447999502e-07
8.496745088669509e-06 -3.126283703360369e-06 -8.990002711497086e-07 1.264143144481989e-07
6.842445168404234e-06 -1.030146325930059e-06 -6.650733349686365e-07 -1.125227492535976e-07
7.464503413441360e-06 -1.918931208808528e-06 -7.649730575422726e-07 -8.231482544910011e-10
1.019469667318360e-05 -2.527405401058053e-06 -1.061680612807735e-06 6.907613646784336e-08
1.160553813323764e-05 -1.520859300742600e-06 -1.193525582750298e-06 -2.412376397854919e-08
6.847673331550144e-06 7.165280342652619e-07 -6.356964263108622e-07 -3.135362292590049e-07
6.750794428534949e-06 2.023031508937886e-06 -6.073652422392673e-07 -4.565756701849816e-07
8.783649301150573e-06 -6.957678427736777e-07 -8.933568176338296e-07 -1.265222727107618e-07
1.148898913251123e-05 -5.962659295102029e-08 -1.175988595359243e-06 -1.693989354080808e-07
1.170862942789338e-05 1.412845520782600e-06 -1.254538127544640e-06 -3.184815194006466e-07
7.864869326063695e-06 1.658992570683588e-06 -7.253968781906376e-07 -3.952441374429610e-07
7.023235281727371e-06 2.604232213608870e-06 -6.275849339959037e-07 -5.213417926307166e-07
7.343815894901895e-06 4.236873593864976e-06 -6.317470388713245e-07 -7.326829162546708e-07
1.020962594758990e-05 1.579916121412736e-06 -1.033180937260421e-06 -3.251384552497092e-07
7.857074039184271e-06 5.871798905494876e-06 -6.445216561096073e-07 -1.020316761841629e-06
1.224388118417309e-05 2.916806072874601e-06 -1.410086412866952e-06 -5.028848220629736e-07
8.794040027462511e-06 4.277112587265148e-06 -7.958652024107524e-07 -7.298691204822061e-07
1.098930975987735e-05 4.404509107323329e-06 -1.198251886746535e-06 -7.476135930700685e-07
8.596654064071755e-06 7.455288337986654e-06 -7.224064962749657e-07 -1.331355995009982e-06
1.309078988807261e-05 4.408228382734739e-06 -1.630035194375894e-06 -7.415199614618792e-07
1.244247055172207e-05 5.925217883691511e-06 -1.522561409603463e-06 -1.040924129542885e-06
1.085358299068071e-05 6.894720539948492e-06 -1.165576521742182e-06 -1.230103619602539e-06
9.534585175805018e-06 9.014634818265326e-06 -8.458095215514318e-07 -1.707163708253853e-06
1.071015108444822e-05 1.050452133766442e-05 -1.099551986287009e-06 -2.119723842254932e-06
1.426109898220108e-05 5.813512569954145e-06 -1.956513042287638e-06 -1.026679521519584e-06
1.344871246100425e-05 7.683975261093018e-06 -1.790869343310120e-06 -1.429399432756994e-06
1.248262641054789e-05 9.923740692167437e-06 -1.544738710286024e-06 -1.968210990273932e-06
1.206778204446414e-05 1.190165283004859e-05 -1.432079508243712e-06 -2.492876645187167e-06
1.571426911088717e-05 7.078322890438680e-06 -2.329739486942905e-06 -1.308692017468202e-06
1.528584230205704e-05 9.922664817877957e-06 -2.282878481639541e-06 -1.986168721529896e-06
1.363329442735345e-05 1.314420958975472e-05 -1.895478642075971e-06 -2.805611087936433e-06
1.539842277303892e-05 1.423637249136435e-05 -2.359570293576719e-06 -3.023258354758391e-06
1.731236656712938e-05 1.516034636480084e-05 -2.837896693047102e-06 -3.193966222816997e-06
1.745640413450988e-05 1.054699322259288e-05 -2.813654143263244e-06 -2.161288698094685e-06
1.743492281354810e-05 8.147667856111888e-06 -2.772274072848078e-06 -1.592003475692870e-06
1.701896174046282e-05 1.298710942077584e-05 -2.765919004452028e-06 -2.719350306617042e-06
1.937917978703258e-05 1.584826450389154e-05 -3.303786905766022e-06 -3.325614816286846e-06
2.156595280644339e-05 1.631456801605189e-05 -3.761280430214392e-06 -3.387527132641874e-06
1.922746352166111e-05 1.108687285358568e-05 -3.234880318593441e-06 -2.309658388315034e-06
1.939952803808657e-05 8.930009577996364e-06 -3.245138206188515e-06 -1.813085982174687e-06
2.381930277100689e-05 1.652354686071166e-05 -4.215472266408084e-06 -3.394482531552543e-06
2.127329775608402e-05 1.313734103364438e-05 -3.713074751227383e-06 -2.749633736236413e-06
2.154225390373898e-05 9.383015683048845e-06 -3.766388442461252e-06 -1.976370683088223e-06
2.430946365228442e-05 1.349184658721675e-05 -4.299639445175772e-06 -2.801282892170962e-06
2.638412790989440e-05 1.661966909073591e-05 -4.665052189505009e-06 -3.393878219518802e-06
2.379315839863106e-05 9.502426124134279e-06 -4.245829119957731e-06 -2.038622648925473e-06
2.999346471130590e-05 1.671779752725114e-05 -5.284125461455379e-06 -3.365712101659897e-06
2.710396030610189e-05 1.174462747022404e-05 -4.808409517863200e-06 -2.441116100537482e-06
2.637823928695699e-05 9.409488942387928e-06 -4.691217203642449e-06 -2.018776107712836e-06
3.515193411252006e-05 1.687204137064711e-05 -6.198262378582144e-06 -3.316884159821845e-06
3.255524890268356e-05 1.271626662277730e-05 -5.777955707836857e-06 -2.607678357507577e-06
2.999549407932963e-05 9.285903858356834e-06 -5.356371683798277e-06 -1.988530861315359e-06
4.225064002146836e-05 1.704345959952291e-05 -7.449123578953077e-06 -3.263440544985095e-06
3.865265772863558e-05 1.301210444988383e-05 -6.842969539033559e-06 -2.634056930884560e-06
3.515230306630060e-05 9.140920634443848e-06 -6.249151246056404e-06 -2.015022954881093e-06
4.993043526840094e-05 1.719156661582438e-05 -8.674290388931558e-06 -3.268647102605159e-06
4.604512286850661e-05 1.301363728040058e-05 -8.095366819031406e-06 -2.604107501132254e-06
4.225010199536754e-05 8.980545314895516e-06 -7.478825595312122e-06 -1.947994723600987e-06
5.785874666511994e-05 1.731680386955472e-05 -9.922437039059045e-06 -3.247661506262155e-06
5.385562220057267e-05 1.301608058441341e-05 -9.311595244301394e-06 -2.564794567789636e-06
4.992950400400166e-05 8.837955284681164e-06 -8.749880552124175e-06 -1.866683210284736e-06
6.599535697885190e-05 1.741970420612791e-05 -1.131151789293023e-05 -3.272317545789273e-06
6.189510436744365e-05 1.301829910238919e-05 -1.059416018887748e-05 -2.511011823817091e-06
5.785797575318297e-05 8.717507862279506e-06 -9.985245652998259e-06 -1.813058420600005e-06
7.429935604243675e-05 1.750135257279238e-05 -1.284873879673559e-05 -3.363652338443722e-06
7.012203782182480e-05 1.302041446256800e-05 -1.203710221320753e-05 -2.462496507845467e-06
6.599449878163652e-05 8.619038148155399e-06 -1.133874310249303e-05 -1.725143889718762e-06
8.273275929411241e-05 1.756325663662930e-05 -1.460435880289234e-05 -3.486004977358274e-06
7.849689577276884e-05 1.302239629169318e-05 -1.368278524281937e-05 -2.438799089839894e-06
7.429849901758157e-05 8.541576353900763e-06 -1.285217337265663e-05 -1.535364442050240e-06
9.125974779653612e-05 1.760668377915979e-05 -1.671829444528013e-05 -3.553717002704622e-06
8.698294525662822e-05 1.302417455668219e-05 -1.565234245595968e-05 -2.421450293823522e-06
8.273195002606159e-05 8.483402663817286e-06 -1.466649890239740e-05 -1.356279190375209e-06
9.984802824119614e-05 1.763384042093119e-05 -1.904598374174871e-05 -3.679667309198088e-06
9.554564194753570e-05 1.302558186160213e-05 -1.791193356460817e-05 -2.407869707399834e-06
9.125906246034068e-05 8.443106260217724e-06 -1.685001400001201e-05 -1.246227791486804e-06
1.084708883937611e-04 1.764832939227850e-05 -2.150327764451722e-05 -3.690101139953204e-06
1.041552793259305e-04 1.302661684512500e-05 -2.032537418295567e-05 -2.370691880578074e-06
9.984747866595936e-05 8.418276339455186e-06 -1.922181238718126e-05 -1.109644593508243e-06
1.269746739294326e-04 1.714657371510758e-05 -2.679978904836419e-05 -3.561542089168273e-06
1.257477534332449e-04 1.765476608710432e-05 -2.644171798355338e-05 -3.708545466221035e-06
1.123384781019167e-04 1.302733151267343e-05 -2.263287207724060e-05 -2.376244664090721e-06
1.171080463407077e-04 1.765380928160052e-05 -2.400473471936801e-05 -3.676301385245905e-06
1.084704069552544e-04 8.405605695444568e-06 -2.155316377957772e-05 -1.089576545698952e-06
1.274828811476391e-04 1.591967533285278e-05 -2.694739730902776e-05 -3.204752490412334e-06
1.245794054467507e-04 1.302770802722377e-05 -2.609542714787734e-05 -2.347571041489550e-06
1.171078905292070e-04 8.401188272179051e-06 -2.400944513828478e-05 -1.070088834575134e-06
1.274827986638762e-04 1.013579935852759e-05 -2.694725733600435e-05 -1.484473324656421e-06
1.257476336090186e-04 8.400671070276580e-06 -2.644424303808645e-05 -9.856749185325559e-07
1.269745777039194e-04 8.908877334572479e-06 -2.679972053562695e-05 -1.130249323073490e-06
