-4.176558808925957e-05 6.437233262585275e-06 -4.751467427440842e-05 5.681436517120470e-06
-4.190975593622588e-05 6.089268526402478e-06 -4.769931091942124e-05 5.232951258111075e-06
-4.190997078779589e-05 4.448992555958852e-06 -4.755406473437046e-05 3.146379489950648e-06
-4.176583306452161e-05 4.101061290813492e-06 -4.734599299761959e-05 2.667370370100624e-06
-4.141756750288880e-05 6.581354736315829e-06 -4.706458087996339e-05 5.865923595097113e-06
-4.076503146227390e-05 5.269200668530184e-06 -4.615380615017589e-05 4.161767599783461e-06
-4.141785817959536e-05 3.956957447960788e-06 -4.685711768128964e-05 2.469677366574496e-06
-3.896760936831950e-05 6.580928074679476e-06 -4.396826598354715e-05 5.832251332611429e-06
-3.896804750582023e-05 3.957829062392422e-06 -4.367495470311779e-05 2.452778847494460e-06
-3.761591289562948e-05 5.269482734033008e-06 -4.199703580304109e-05 4.192770166783460e-06
-3.651984067486394e-05 6.579506821582419e-06 -4.077652235810208e-05 5.997372777205863e-06
-3.652040728573770e-05 3.959917812930249e-06 -4.058739608870297e-05 2.465045781824991e-06
-3.529756670735526e-05 5.269937231095120e-06 -3.885317722293002e-05 4.164897831940478e-06
-3.407652739941644e-05 6.577358314217784e-06 -3.726728971403586e-05 6.039107098671085e-06
-3.407717793483846e-05 3.963205017876769e-06 -3.745733935079690e-05 2.347024501069568e-06
-3.285712512175643e-05 5.270444716522420e-06 -3.541015092641630e-05 4.222625044377261e-06
-3.163881935937208e-05 6.574556415245915e-06 -3.381893143251891e-05 6.030046302333282e-06
-3.163992494228955e-05 3.967051926066329e-06 -3.397412710796019e-05 2.271140561432040e-06
-3.042303288615961e-05 5.271154904059254e-06 -3.187588397968781e-05 4.242708324424231e-06
-2.920802703359454e-05 6.572145447154669e-06 -3.048097063038208e-05 6.009327610169085e-06
-2.920886350961891e-05 3.970649396548318e-06 -3.032209177020777e-05 2.271554513818327e-06
-2.799493472898854e-05 5.271841633045887e-06 -2.834234619839923e-05 4.221438081688182e-06
-2.678281981890030e-05 6.570322785513514e-06 -2.719237369445925e-05 6.000178950239256e-06
-2.678298344876380e-05 3.973456833272534e-06 -2.670055680145762e-05 2.409070490657747e-06
-2.557123207941757e-05 5.272179689804630e-06 -2.501276421223916e-05 4.194324874065440e-06
-2.436070050800268e-05 6.569117730985656e-06 -2.388399022258074e-05 5.944289880615016e-06
-2.436055420752999e-05 3.975513607154629e-06 -2.330191444040201e-05 2.522736334418967e-06
-2.315007042138213e-05 5.272404736885511e-06 -2.187502296277935e-05 4.189899452685479e-06
-2.194041632566706e-05 6.568113009917509e-06 -2.059357081049400e-05 5.887672373622440e-06
-2.194060462262507e-05 3.977190708485767e-06 -2.018882797691699e-05 2.585159234437858e-06
-2.073124391660488e-05 5.272724696887620e-06 -1.887750194720679e-05 4.158820203203107e-06
-1.952296477636510e-05 6.566611316000542e-06 -1.746666940065228e-05 5.844542383806883e-06
-1.952330002871655e-05 3.979299988201682e-06 -1.717662078985004e-05 2.551734181051988e-06
-1.831557423941608e-05 5.273087523314048e-06 -1.585916627681180e-05 4.191922679381863e-06
-1.710946163094907e-05 6.564283947868493e-06 -1.440428896969792e-05 5.737989744918593e-06
-1.710968684804650e-05 3.982387672376208e-06 -1.429479387931217e-05 2.703940160344360e-06
-1.595314476211603e-05 5.273537138525711e-06 -1.303616537755871e-05 4.208802056884192e-06
-1.479860977681483e-05 6.561236006609971e-06 -1.167638620612566e-05 5.642757381945954e-06
-1.479881566193892e-05 3.986795960087490e-06 -1.168766640485204e-05 2.779374933616435e-06
-1.393376780442479e-05 5.374470190924014e-06 -1.073652662933287e-05 4.338048574543860e-06
-1.305303047375160e-05 6.557530783522090e-06 -9.786152018502240e-06 5.585849014000994e-06
-1.305322574630282e-05 3.991744157026424e-06 -9.787217671045640e-06 2.864544773281760e-06
-1.178713258538014e-05 6.553549692392314e-06 -8.496532833517325e-06 5.508528409045617e-06
-1.203355727912376e-05 5.711625180394945e-06 -8.725824340600623e-06 4.679933408783161e-06
-1.178719921469251e-05 3.995518181145016e-06 -8.484071200158484e-06 2.909796974277973e-06
-1.086973450708494e-05 3.999744600102842e-06 -7.583667353904398e-06 2.968712680489674e-06
1.872375324893342e-06 -3.743732792415170e-07 1.252097111979864e-06 3.432726591564526e-07
1.909059163867334e-06 -4.623402044399248e-07 1.285977806496905e-06 2.638180609496114e-07
1.908916820807855e-06 -7.909330572296651e-07 1.278139519141344e-06 -3.215115606010535e-08
1.872367495332437e-06 -8.781113539863671e-07 1.243920050948668e-06 -1.084286707268096e-07
-1.086904176974873e-05 6.550572421412145e-06 -7.595869966651195e-06 5.459532374827850e-06
-1.003778485892521e-05 6.500487547560637e-06 -6.800124251626667e-06 5.394448058594502e-06
-1.068320016595149e-05 4.956914500462421e-06 -7.384277036524996e-06 3.902627250062868e-06
-1.003880790871170e-05 3.931790729705520e-06 -6.767159467717205e-06 2.965684188738277e-06
1.784721311842265e-06 -3.381489365242511e-07 1.170530971881388e-06 3.756733456640128e-07
1.696039422553801e-06 -6.986781933650532e-07 1.082258846730862e-06 4.726400687119545e-08
1.785128155006073e-06 -9.147491739026317e-07 1.164850144881266e-06 -1.400731243156635e-07
-9.773773786609993e-06 5.714453260991236e-06 -6.537782475560585e-06 4.631362076869420e-06
-9.219207422144267e-06 6.355727564070799e-06 -6.033009812657304e-06 5.234713360926675e-06
-8.424683788407797e-06 6.120517740538496e-06 -5.310736443067495e-06 4.979533593124960e-06
-9.524477103390961e-06 4.628653162714103e-06 -6.280508704383983e-06 3.620914272218831e-06
-9.236500783918127e-06 3.722511361561498e-06 -5.999529650733332e-06 2.838100944026340e-06
1.189817026435012e-06 -3.305720336197910e-07 6.112490641331945e-07 3.615503841149297e-07
1.188683324281979e-06 -9.272618873479681e-07 6.293355756431151e-07 -1.331612595682007e-07
8.809516005348742e-07 -6.300979280618275e-07 3.685486107944268e-07 1.365163713703897e-07
-7.664444083019833e-06 5.796446880295116e-06 -4.674531639113469e-06 4.633300648459328e-06
-8.320273210510464e-06 5.298071406384494e-06 -5.203593527917576e-06 4.211860652771676e-06
-8.596115053526441e-06 4.258078296379462e-06 -5.439953098915727e-06 3.305748932678902e-06
-8.486206752845538e-06 3.378971331803678e-06 -5.350675286627291e-06 2.633889670569531e-06
5.465690988699999e-07 -2.766339124295858e-07 1.120441677589649e-07 4.144166403059444e-07
5.460612171906234e-07 -9.856147746611223e-07 1.136568324633243e-07 -8.296161407935745e-08
1.646234234010842e-07 -6.321484267591442e-07 -1.554542314179339e-07 2.017942244722886e-07
-6.947266389774144e-06 5.390086298928708e-06 -4.109462192806057e-06 4.258363387600784e-06
-6.283427319882006e-06 4.906766215835410e-06 -3.594103502925841e-06 3.832994785015282e-06
-7.629188547083066e-06 4.093797094481353e-06 -4.661808189410248e-06 3.189705464539466e-06
-7.810306842705520e-06 2.911518322133842e-06 -4.812430689154987e-06 2.324553776268984e-06
-2.742787780235713e-07 -1.562137171316242e-07 -4.249441674527791e-07 4.857125669691690e-07
-2.749572404448251e-07 -1.110214537375739e-06 -4.051165941728348e-07 -2.566214856980129e-08
-6.451500349284681e-06 4.150867755657303e-06 -3.726750064199255e-06 3.220240928505180e-06
-5.680186681197995e-06 4.351842856016315e-06 -3.181256888436794e-06 3.369033686786152e-06
-6.735250096924536e-06 3.287602801571770e-06 -3.959600965438456e-06 2.597656516894369e-06
-7.228631403509386e-06 2.336239660860575e-06 -4.325750266178857e-06 1.900231068546631e-06
-7.599390753613231e-07 -6.340635020940349e-07 -6.720672987539738e-07 2.365128600852988e-07
-1.338570435890344e-06 1.972608956831683e-08 -9.930504782824239e-07 5.726972470524067e-07
-1.338317437202637e-06 -1.290896998734227e-06 -9.743743361512824e-07 -9.753941078106565e-08
-5.144136335507583e-06 3.734208267697368e-06 -2.836364190635391e-06 2.921460460852760e-06
-4.682822562385458e-06 3.062352949726614e-06 -2.575148193026513e-06 2.444610742678483e-06
-4.298960198330786e-06 2.341482179014067e-06 -2.376706534132541e-06 1.947076969421517e-06
-6.156411201937645e-06 2.503036601138476e-06 -3.572150202788932e-06 2.029853121421182e-06
-6.758135553681592e-06 1.671428588593728e-06 -3.976437866559246e-06 1.495896535738553e-06
-1.804617743729133e-06 -6.339483875454712e-07 -1.230869726036199e-06 2.564883007286051e-07
-2.377859257778373e-06 1.939575117495023e-07 -1.502314797965798e-06 6.676631947312022e-07
-2.378009806743947e-06 -1.474543937476872e-06 -1.508048656007127e-06 -1.400178231740492e-07
-5.071074095121509e-06 2.345018549876538e-06 -2.850067281911799e-06 1.938925966409594e-06
-3.999365782607750e-06 1.580080810872887e-06 -2.227361061668082e-06 1.473014829175040e-06
-3.336272988575828e-06 3.433239598370710e-07 -1.988428371447214e-06 7.954923526885850e-07
-3.623836077207959e-06 4.881345505102269e-07 -2.124200530737304e-06 8.794081734473745e-07
-3.786327129462265e-06 7.778932777878059e-07 -2.179707527333076e-06 1.036589749232075e-06
-5.748632014764651e-06 1.573294391949558e-06 -3.305677835110377e-06 1.453086258417800e-06
-6.413335358251176e-06 9.417651590369745e-07 -3.704160944487847e-06 1.082571247497664e-06
-2.894133247701223e-06 -5.140286282784237e-07 -1.753563278135807e-06 3.311087716175110e-07
-3.313820839246630e-06 -1.605686987323504e-06 -1.991983475437691e-06 -2.169869161129346e-07
-4.531747435786918e-06 1.036006760878950e-06 -2.538756451833200e-06 1.156976248872570e-06
-3.630743547631362e-06 -9.456829879811338e-08 -2.140848669096870e-06 5.613114854361712e-07
-3.971561666734645e-06 3.866700495217232e-07 -2.290483288306785e-06 8.213554514707973e-07
-5.446126690265723e-06 7.144732447117337e-07 -3.095038905668038e-06 9.451946641209288e-07
-6.210155463203478e-06 1.723709944679183e-07 -3.488528395403648e-06 6.503628895214888e-07
-3.628182577421954e-06 -1.040835454445093e-06 -2.154037655128990e-06 5.818404386370679e-08
-3.570490915657748e-06 -1.750408102960604e-06 -2.139432151674192e-06 -2.855977436314279e-07
-4.684780337518327e-06 -2.709776830314997e-07 -2.664306559960149e-06 4.259340696963464e-07
-6.154713331295576e-06 -6.159869161963997e-07 -3.396365660830731e-06 2.580172182766956e-07
-6.288843108496688e-06 -1.417128090187491e-06 -3.420674357278831e-06 -1.078320630043836e-07
-4.177674247315243e-06 -1.550918128887890e-06 -2.427927305544834e-06 -1.931673952024012e-07
-3.714419910787299e-06 -2.070692558255443e-06 -2.225028633578931e-06 -4.280451745600554e-07
-3.880010908781005e-06 -2.974861605674458e-06 -2.343042210652915e-06 -8.041783550859212e-07
-5.464343849924655e-06 -1.504037124298026e-06 -3.032537581894194e-06 -1.608150085821293e-07
-4.152608508752635e-06 -3.891528742081252e-06 -2.500310611752832e-06 -1.151112028567542e-06
-6.598845355671731e-06 -2.239888066923183e-06 -3.553251386282101e-06 -4.668847263375247e-07
-4.680038226812153e-06 -2.993653823829405e-06 -2.692496654289535e-06 -8.195170180271789e-07
-5.902941121870599e-06 -3.063982809263551e-06 -3.240580771881133e-06 -8.266694743216219e-07
-4.557317813235776e-06 -4.783653472770065e-06 -2.679361537249098e-06 -1.478682417748600e-06
-7.087306309042236e-06 -3.065452451990778e-06 -3.742580737583072e-06 -8.154655255273311e-07
-6.725784031846250e-06 -3.915806219984418e-06 -3.580458771157249e-06 -1.163320879242979e-06
-5.825351678870013e-06 -4.464347774058913e-06 -3.197274152556657e-06 -1.369191241514677e-06
-5.077001234611741e-06 -5.673402044410620e-06 -2.889408367124108e-06 -1.826990885058575e-06
-5.740281690954483e-06 -6.531182083327530e-06 -3.169277821991853e-06 -2.184336215545810e-06
-7.765704372556448e-06 -3.849251637391531e-06 -3.989250663904583e-06 -1.150878339347549e-06
-7.302506408037971e-06 -4.913227384647677e-06 -3.810608291516087e-06 -1.570788204940504e-06
-6.749143022760519e-06 -6.198280427339654e-06 -3.589407500235481e-06 -2.056127116990986e-06
-6.511059607620478e-06 -7.343568430139133e-06 -3.496964454125774e-06 -2.487921595491768e-06
-8.610393594153909e-06 -4.561256083819235e-06 -4.301113181355875e-06 -1.458301752058312e-06
-8.364375900072791e-06 -6.199279951722422e-06 -4.231861041518111e-06 -2.062885998478434e-06
-7.409629829290798e-06 -8.069241314356168e-06 -3.886329092045851e-06 -2.743487338043347e-06
-8.433108259905552e-06 -8.712962844898325e-06 -4.268224838876296e-06 -2.955930333314254e-06
-9.548317388472226e-06 -9.263374349313300e-06 -4.686988365932690e-06 -3.156006051532010e-06
-9.629490489125370e-06 -6.561003892823872e-06 -4.689997687009531e-06 -2.184046417704772e-06
-9.615378734206100e-06 -5.168838791956144e-06 -4.671007827572752e-06 -1.692588849479292e-06
-9.373549137093716e-06 -7.985931700017229e-06 -4.615785044803361e-06 -2.686181489035230e-06
-1.076150696912516e-05 -9.674364141666398e-06 -5.143816968232888e-06 -3.307133862662676e-06
-1.205092864534427e-05 -9.956110543181060e-06 -5.610949741463817e-06 -3.390002918510631e-06
-1.066838200392185e-05 -6.874566918208734e-06 -5.081594853816404e-06 -2.291847721520578e-06
-1.077000304473304e-05 -5.612690513690021e-06 -5.106165732035555e-06 -1.843135271222315e-06
-1.338383125425952e-05 -1.008483355755786e-05 -6.101807400356143e-06 -3.400225754108935e-06
-1.187412963177798e-05 -8.079903505847654e-06 -5.553104736025042e-06 -2.732693072016251e-06
-1.203447397832665e-05 -5.867003110459552e-06 -5.585535149156416e-06 -1.945825077603507e-06
-1.367365153164277e-05 -8.289887159390004e-06 -6.209473343735667e-06 -2.804936028206410e-06
-1.490684589730707e-05 -1.014599614111407e-05 -6.591010239895339e-06 -3.349722783517300e-06
-1.336670543965228e-05 -5.930395420211803e-06 -6.094000725560241e-06 -2.007502389844253e-06
-1.705417427265458e-05 -1.020590976911892e-05 -7.242773903813215e-06 -3.299281870319362e-06
-1.533415674274106e-05 -7.253393122425029e-06 -6.755073874557613e-06 -2.486891168642047e-06
-1.490406025876587e-05 -5.868712234084866e-06 -6.600553024208338e-06 -2.033772163860320e-06
-2.012406983270591e-05 -1.029437532792631e-05 -7.983546524690370e-06 -3.143533652712025e-06
-1.858000536481808e-05 -7.828236760925847e-06 -7.701020096299721e-06 -2.670220397600266e-06
-1.705624402992456e-05 -5.790386065126977e-06 -7.292772662391873e-06 -2.098841345439637e-06
-2.433425174629631e-05 -1.038371992503995e-05 -8.614455399521212e-06 -2.919253027389089e-06
-2.220423135303106e-05 -8.001940642882591e-06 -8.362196720077923e-06 -2.687806557661673e-06
-2.012514009698096e-05 -5.704804137056728e-06 -8.037241227761429e-06 -2.266290098052044e-06
-2.886166702671112e-05 -1.045351711440744e-05 -8.879074984381449e-06 -2.758480987645495e-06
-2.657671954110496e-05 -8.000665383790907e-06 -8.773131695850594e-06 -2.670447098850039e-06
-2.433477155647695e-05 -5.617915961313485e-06 -8.615929486412252e-06 -2.454433286655841e-06
-3.350289116772761e-05 -1.050751265015783e-05 -8.843522081509116e-06 -2.628680328808134e-06
-3.116543104562984e-05 -7.999939396171691e-06 -8.864696271386765e-06 -2.654849565009037e-06
-2.886191330535048e-05 -5.546992118083300e-06 -8.851698535788698e-06 -2.599523611127895e-06
-3.823321748405388e-05 -1.054784391824367e-05 -8.688932274105432e-06 -2.662188387150901e-06
-3.585540795513530e-05 -7.999019724115613e-06 -8.742669154801431e-06 -2.672922591193870e-06
-3.350338591036280e-05 -5.491427850070618e-06 -8.827405812598781e-06 -2.696349029498909e-06
-4.302848912092978e-05 -1.057545589097652e-05 -8.617390947126371e-06 -2.728548778212817e-06
-4.062225764028918e-05 -7.997923711863533e-06 -8.608635302030209e-06 -2.688428189349158e-06
-3.823380658479598e-05 -5.449026054397998e-06 -8.690388460403728e-06 -2.722849794501594e-06
-4.786444707158304e-05 -1.059111019984247e-05 -8.788514237663383e-06 -2.864005456502194e-06
-4.544185758074793e-05 -7.996931235495503e-06 -8.639872381895109e-06 -2.703752503824373e-06
-4.302906677348264e-05 -5.419356656835127e-06 -8.643100370322285e-06 -2.644115568133550e-06
-5.272059103938150e-05 -1.059829265746024e-05 -9.160462747935653e-06 -3.021113828028843e-06
-5.029066787663150e-05 -7.995873390447378e-06 -8.884510598622816e-06 -2.733460128161435e-06
-4.786510856839971e-05 -5.401719097212431e-06 -8.752595097151008e-06 -2.573665166025931e-06
-5.758552028506054e-05 -1.060193258212650e-05 -9.869909213149461e-06 -3.200079320550386e-06
-5.515216901254887e-05 -7.995039699324632e-06 -9.442504235540029e-06 -2.724394024999423e-06
-5.272115426878388e-05 -5.392651214539179e-06 -9.164379145629046e-06 -2.408074680438133e-06
-6.245663787199546e-05 -1.060507813694358e-05 -1.096082302509423e-05 -3.356008415951763e-06
-6.002009753394482e-05 -7.994469502165410e-06 -1.035318861802886e-05 -2.711829572649683e-06
-5.758582192661719e-05 -5.387631876196829e-06 -9.876457629502869e-06 -2.259385358229268e-06
-7.291097868546599e-05 -1.032131862444464e-05 -1.392538859826861e-05 -3.452902374891918e-06
-7.221758109547902e-05 -1.060850051482906e-05 -1.372629928766344e-05 -3.534254411241556e-06
-6.464104736772119e-05 -7.993928358039631e-06 -1.153317837715578e-05 -2.735535642026955e-06
-6.733500459203224e-05 -1.060774073791434e-05 -1.231234714617584e-05 -3.462540302007585e-06
-6.245705123815596e-05 -5.383270444302268e-06 -1.095269169919503e-05 -2.105331051345704e-06
-7.319820124838165e-05 -9.627974469857233e-06 -1.400705270265429e-05 -3.254574098675987e-06
-7.155730980387521e-05 -7.993660110951330e-06 -1.351736611737299e-05 -2.768736535336184e-06
-6.733516398703279e-05 -5.379868985208916e-06 -1.230441030865071e-05 -2.049164167218753e-06
-7.319833137349867e-05 -6.359272214273244e-06 -1.399348650485970e-05 -2.290445983465889e-06
-7.221773798896863e-05 -5.378759451495302e-06 -1.371280159586940e-05 -2.012548943154427e-06
-7.291112167998947e-05 -5.665934953966045e-06 -1.391092169190269e-05 -2.093250791306805e-06
