7.817111783226580e-05 -1.314037460869797e-05 2.357542319225010e-06 -1.123793331975256e-06
7.843890037810937e-05 -1.249399233373055e-05 2.458530354255178e-06 -9.057486930659571e-07
7.843874245152863e-05 -9.446586087252652e-06 2.612395762746031e-06 3.269109877612188e-08
7.817093360148676e-05 -8.800151822035186e-06 2.529661364473361e-06 2.441801835994697e-07
7.752465277495582e-05 -1.340809660934553e-05 2.127790875850716e-06 -1.213330902577269e-06
7.631173584147369e-05 -1.097023266051270e-05 1.875134785850967e-06 -4.595324872320662e-07
7.752442014629349e-05 -8.532403160584045e-06 2.321749107069409e-06 3.307677464807157e-07
7.297234988261557e-05 -1.340672111581125e-05 7.385292321302327e-07 -1.200823838268708e-06
7.297197647184138e-05 -8.533280904517581e-06 9.992860984281865e-07 2.894692695304809e-07
7.046052262796512e-05 -1.096977537024274e-05 7.223522416072611e-08 -4.481955315399498e-07
6.842515529577979e-05 -1.340181052225314e-05 -4.582902874697874e-07 -1.021851786443128e-06
6.842460471973176e-05 -8.537138355423555e-06 -2.607546118338018e-07 2.156274438575352e-07
6.615466510371236e-05 -1.096906879446154e-05 -1.109481209682520e-06 -5.092957763037513e-07
6.388934574177025e-05 -1.339382799450879e-05 -1.532766362169549e-06 -8.935411197107559e-07
6.388865764344680e-05 -8.543552105184368e-06 -1.444797479474038e-06 7.614943218847746e-09
6.162614430837236e-05 -1.096826162362360e-05 -2.012354552507044e-06 -4.817958312045067e-07
5.936930192470968e-05 -1.338441930120315e-05 -2.399161197645838e-06 -7.485439517744193e-07
5.936845676940433e-05 -8.551389304796253e-06 -2.112055432370901e-06 -1.940289695062808e-07
5.711441080719757e-05 -1.096739889767905e-05 -2.484752925490349e-06 -4.530236255861045e-07
5.486590051144932e-05 -1.337473568872984e-05 -2.762980929306935e-06 -4.619115410650754e-07
5.486542478349462e-05 -8.559437339189207e-06 -2.330680438113718e-06 -4.981033418971778e-07
5.261940882942755e-05 -1.096634479143265e-05 -2.451238710864652e-06 -4.544970760885682e-07
5.037881625902115e-05 -1.336492662572271e-05 -2.545085183505720e-06 -2.187553530646562e-07
5.037903574943536e-05 -8.566962155481175e-06 -2.108885174804864e-06 -7.254365818109995e-07
4.814070400543286e-05 -1.096508232744899e-05 -1.948426785651598e-06 -4.872099829445004e-07
4.590759026167888e-05 -1.335554248658324e-05 -1.942755114706489e-06 -1.937518709708454e-07
4.590837135558070e-05 -8.573465226431381e-06 -1.599927425204942e-06 -8.179590651003786e-07
4.367726588791765e-05 -1.096380460500395e-05 -1.168509641464078e-06 -5.332812539370642e-07
4.145121129882489e-05 -1.334716253742523e-05 -1.113479645182134e-06 -1.684564865201364e-07
4.145151625740373e-05 -8.578824282004816e-06 -1.013468433286019e-06 -8.886440759321867e-07
3.922718697655548e-05 -1.096243891597382e-05 -3.811908045390763e-07 -5.974041805707428e-07
3.700669369189154e-05 -1.334082074974026e-05 -3.185696111251043e-07 -2.124507323818112e-07
3.700632596026502e-05 -8.582368798071412e-06 -4.598716335066026e-07 -8.965712429397924e-07
3.478693506966385e-05 -1.096099265918031e-05 1.785998052837634e-07 -6.296951467373498e-07
3.256910267185913e-05 -1.333741710563037e-05 2.871733991653328e-07 -3.729256150908624e-07
3.256856671055352e-05 -8.583123030879188e-06 1.403970492611232e-07 -8.071429772317337e-07
3.044049863364086e-05 -1.095964841416202e-05 5.360962504488929e-07 -6.558816302925969e-07
2.831160296308149e-05 -1.333734547872173e-05 6.553753690588458e-07 -4.812382512256296e-07
2.831106327750983e-05 -8.580289931659966e-06 5.624031662803850e-07 -7.792859357412265e-07
2.671458176260374e-05 -1.114442114148849e-05 7.577821707513866e-07 -6.472215973036215e-07
2.508211777633656e-05 -1.333912507742507e-05 7.904436739012374e-07 -5.848506278070332e-07
2.508178635183692e-05 -8.575921658915066e-06 8.035152203993814e-07 -7.681171536665880e-07
2.272822013580541e-05 -1.334160141732066e-05 8.460139572080032e-07 -6.473177242655561e-07
2.318999607535290e-05 -1.177039214470457e-05 8.662043973457058e-07 -6.429645499570519e-07
2.272791476616680e-05 -8.572501698559411e-06 8.546914572302357e-07 -6.846147731829794e-07
2.101463990779302e-05 -8.568779355866291e-06 8.715169649431002e-07 -6.388648832402401e-07
-3.664483928730501e-06 -4.663464016395739e-08 1.696994851897117e-08 -5.068885955991407e-07
-3.737555594365975e-06 1.289814010700354e-07 2.568437497675635e-08 -5.208064367712252e-07
-3.737195954401003e-06 7.836639608118236e-07 2.807759880348912e-08 -5.847657590452764e-07
-3.664476878535924e-06 9.570987881205711e-07 1.798718000012382e-08 -6.032655564173555e-07
2.101542248957975e-05 -1.334360537421590e-05 8.406825949669004e-07 -6.942711796156989e-07
1.945613559867063e-05 -1.325670775934018e-05 8.731794747232888e-07 -7.180520257567864e-07
2.067037774824553e-05 -1.035975478017764e-05 8.912695645260483e-07 -6.761805958811841e-07
1.946063533156950e-05 -8.428603721761048e-06 8.853078649611443e-07 -5.817947673737124e-07
-3.489622207124456e-06 -1.191621563284410e-07 -2.437178106355903e-09 -5.024231119686594e-07
-3.313202862121399e-06 5.989925896279853e-07 -2.536721423837036e-08 -5.656953171409090e-07
-3.490934080402494e-06 1.029667103418996e-06 -4.607261407610673e-09 -6.084495956423420e-07
1.896317982119335e-05 -1.178303264383662e-05 9.006748476520675e-07 -6.989280573304891e-07
1.791547625358899e-05 -1.299388170335245e-05 8.399599654785428e-07 -7.794279438187971e-07
1.641267393774188e-05 -1.255659992713540e-05 7.718904046197908e-07 -7.733161797530154e-07
1.849512207117588e-05 -9.737323288088459e-06 8.917973683893191e-07 -6.176952783435642e-07
1.795108987357300e-05 -8.018970185000481e-06 8.792291446982765e-07 -5.294953756924255e-07
-2.303683383164626e-06 -1.372981569067672e-07 -9.062247987022427e-08 -5.213060208562628e-07
-2.302478727889612e-06 1.051733809144427e-06 -7.679417745459526e-08 -5.449277218527742e-07
-1.687902942644591e-06 4.577794636756864e-07 -5.706584367974640e-08 -5.084399839244743e-07
1.496707320553100e-05 -1.195172482981037e-05 7.006223355202853e-07 -7.313353825420384e-07
1.621755816181743e-05 -1.100378416830075e-05 7.758564239647960e-07 -6.784042649041574e-07
1.674014187707187e-05 -9.030974780961060e-06 7.929391352809486e-07 -6.030736649786524e-07
1.653271387902617e-05 -7.351781524058189e-06 7.472806200463270e-07 -4.625750273991920e-07
-1.021033559118303e-06 -2.465539258711138e-07 -6.139265852306832e-09 -5.324368682669478e-07
-1.021054161056101e-06 1.162420644146699e-06 -1.544249579428781e-08 -4.844833832346119e-07
-2.623632359169705e-07 4.580319116161683e-07 1.312771696593428e-08 -5.062706125796937e-07
1.359836227442819e-05 -1.118507719480317e-05 6.055179270160083e-07 -6.334034851392649e-07
1.232349234962775e-05 -1.026645793216672e-05 5.569448495966150e-07 -5.934001104066741e-07
1.490153077837873e-05 -8.714720280916732e-06 6.462981220593336e-07 -5.786209585256930e-07
1.524876278008753e-05 -6.447362982367298e-06 6.108900423934594e-07 -3.958871676849199e-07
6.078642154805632e-07 -4.838975902172579e-07 9.314477242203383e-08 -6.032486522202316e-07
6.078755404312660e-07 1.399939068902532e-06 9.836525085275046e-08 -4.315417066600666e-07
1.264542350877425e-05 -8.822952817664474e-06 5.536692424213081e-07 -5.582121752289016e-07
1.115994252925738e-05 -9.208555767159872e-06 5.219743453794730e-07 -5.575854795825555e-07
1.319017131468598e-05 -7.165363525329691e-06 5.326780298926035e-07 -4.642498451829043e-07
1.413874498590826e-05 -5.331627861890462e-06 5.339165431506151e-07 -3.910920794511450e-07
1.565666901711899e-06 4.577043014000259e-07 1.715012041685225e-07 -5.215851081974739e-07
2.703384929010753e-06 -8.263037650722903e-07 1.971237255059436e-07 -5.708735133483066e-07
2.701631230444107e-06 1.743562208599009e-06 2.255384818899312e-07 -4.523269537563076e-07
1.012377332554688e-05 -8.023805702468419e-06 4.853126294636923e-07 -4.935421698141047e-07
9.226465604049904e-06 -6.726599607827372e-06 4.570740455586076e-07 -4.479958424255632e-07
8.478176529634488e-06 -5.332820343059024e-06 4.583916756852438e-07 -4.177478563124880e-07
1.207424825353944e-05 -5.649959940188108e-06 4.748796880416448e-07 -3.987467697481416e-07
1.323696347354173e-05 -4.039022110322745e-06 4.629541023370274e-07 -3.724239914211147e-07
3.617151280039160e-06 4.539145678634175e-07 2.642178360371851e-07 -4.838324816853098e-07
4.737602808249094e-06 -1.163551794966339e-06 3.671626403399293e-07 -5.704212761365235e-07
4.736898765301478e-06 2.092548325039480e-06 3.535050332023920e-07 -4.217128815499458e-07
9.975937977153210e-06 -5.341294364233464e-06 4.730445084791996e-07 -4.064718914582472e-07
7.894034264388877e-06 -3.854894412508448e-06 4.676183435553409e-07 -4.345523608484822e-07
6.604717230762914e-06 -1.451271538643437e-06 4.537267038581556e-07 -5.223828708817282e-07
7.163243222006979e-06 -1.732221492068491e-06 4.755748189203122e-07 -5.026231135134110e-07
7.478717818311149e-06 -2.295823972819891e-06 4.830548237665876e-07 -4.774007145957216e-07
1.128581644167649e-05 -3.845688053257021e-06 4.890586944750568e-07 -4.127482227907234e-07
1.257401990654305e-05 -2.618179906092937e-06 4.853783638681553e-07 -4.735512724965605e-07
5.745280636028450e-06 2.174144743287161e-07 4.375477157872379e-07 -5.143471450644083e-07
6.563350669844677e-06 2.341143328886865e-06 4.495765586631378e-07 -4.629274677652009e-07
8.926523799165616e-06 -2.798578273501170e-06 4.756491026705065e-07 -4.531119668744816e-07
7.177636017594122e-06 -5.986378226402038e-07 4.784513659365473e-07 -5.074574214344774e-07
7.838483594237843e-06 -1.534497750747648e-06 4.847827424659281e-07 -4.939166109251628e-07
1.069910086705692e-05 -2.174096334515749e-06 4.809342152169661e-07 -4.767526532438720e-07
1.218105730491165e-05 -1.119040707192513e-06 5.024984675597527e-07 -4.694398713744756e-07
7.174671545090354e-06 1.241536568939736e-06 4.828011298782326e-07 -5.091527637100843e-07
7.065150089000894e-06 2.620096816770835e-06 4.535002670542477e-07 -4.854586875467072e-07
9.222217347502464e-06 -2.546528424649238e-07 4.885749052422403e-07 -5.167915760168046e-07
1.207169720584780e-05 4.157884376912020e-07 5.131680463639010e-07 -5.255608573413707e-07
1.232514315144376e-05 1.971848830741199e-06 5.134140597718625e-07 -5.262617373411106e-07
8.242455263262537e-06 2.232581171250448e-06 4.965885797561325e-07 -5.229239650731851e-07
7.346816541326246e-06 3.237853432963910e-06 4.472105323821273e-07 -5.076610835672293e-07
7.673674674695740e-06 4.981394602774303e-06 4.652029452092036e-07 -5.166997535636454e-07
1.073127228872744e-05 2.142743429952928e-06 5.107936960381618e-07 -5.244584906184143e-07
8.206673713180649e-06 6.742911829515530e-06 5.023165600659258e-07 -5.246015410404331e-07
1.291580716062808e-05 3.565542568366445e-06 5.170842321438198e-07 -5.300652409039379e-07
9.218853041554365e-06 5.019661802903675e-06 5.334361741853730e-07 -5.359831458074734e-07
1.157406347741892e-05 5.155519624548301e-06 5.157987125560213e-07 -5.396041246836970e-07
8.990755434536984e-06 8.454902342179820e-06 5.327526957707367e-07 -5.369423165894594e-07
1.384685038153437e-05 5.158774852402788e-06 5.657750576940696e-07 -5.252582114215735e-07
1.315095487631227e-05 6.793199784775277e-06 5.527030954274112e-07 -5.400729857784694e-07
1.142629515075924e-05 7.844359124447643e-06 5.411521769903107e-07 -5.537870711585561e-07
9.993611574725377e-06 1.015562610180311e-05 5.968646349663834e-07 -5.020401116423953e-07
1.126610409722892e-05 1.179051635045166e-05 6.333060990920431e-07 -5.060272028340763e-07
1.513747882896127e-05 6.667725257260942e-06 6.072803179803225e-07 -5.503979131179309e-07
1.425204539122922e-05 8.703358226932916e-06 5.800428991179754e-07 -5.338870518437682e-07
1.319593158554215e-05 1.115518182501232e-05 6.108399794475500e-07 -4.931524508129322e-07
1.274181842179224e-05 1.333396288282858e-05 6.429303019766597e-07 -5.004715284135728e-07
1.674289455889937e-05 8.034571544715125e-06 6.733539800363342e-07 -5.546566128131152e-07
1.627377853556077e-05 1.115613752546490e-05 6.523370676840244e-07 -5.005697255995515e-07
1.445621547330033e-05 1.471075778287612e-05 6.329990099131959e-07 -4.809485380105081e-07
1.640254928642066e-05 1.592852385210998e-05 6.771058656923367e-07 -4.588665195891448e-07
1.851983129924054e-05 1.696611397033800e-05 6.933512280717502e-07 -4.965722910123136e-07
1.867569411717773e-05 1.184419099446739e-05 7.243268716608113e-07 -4.854243364439380e-07
1.864976819932929e-05 9.197511189737896e-06 7.246646423028768e-07 -5.314755798591293e-07
1.819043603796254e-05 1.454764331580904e-05 7.086499788686619e-07 -4.652387105927421e-07
2.081745284400929e-05 1.774020577663684e-05 7.008820660145019e-07 -5.376218161710193e-07
2.325592209448027e-05 1.826907905859840e-05 6.949099703025036e-07 -5.661947231429077e-07
2.064384050091275e-05 1.244018787596324e-05 7.511268915422681e-07 -4.674832116741435e-07
2.083592802730536e-05 1.004765978577998e-05 7.455763854681633e-07 -4.757199115467721e-07
2.577359017429765e-05 1.850949592833410e-05 6.422926188786942e-07 -5.891170979417939e-07
2.292423213922183e-05 1.472205323582363e-05 7.275325066520140e-07 -4.987254368688576e-07
2.322644614608474e-05 1.053652087863191e-05 7.132095585730123e-07 -4.321439947242538e-07
2.632098018972462e-05 1.511860448420999e-05 6.572953467834283e-07 -5.127717887438864e-07
2.864713009266552e-05 1.862336551701727e-05 5.791813988077242e-07 -6.318152250246194e-07
2.574228250402995e-05 1.066051132242557e-05 6.486475253804482e-07 -4.291854350197632e-07
3.269671184530664e-05 1.873733237319571e-05 4.878317130532963e-07 -6.446237553305290e-07
2.945273828286735e-05 1.316145809596766e-05 5.740402377840172e-07 -4.601475252161549e-07
2.864116654824241e-05 1.054713865883443e-05 5.827041704159232e-07 -4.024401841164360e-07
3.849157797598802e-05 1.891176591738725e-05 2.649469478382293e-07 -6.020351595378194e-07
3.557436718159440e-05 1.424749336974471e-05 3.280539061413831e-07 -5.128522436361571e-07
3.270003457146675e-05 1.039954831360036e-05 4.117624805922475e-07 -3.866052040881324e-07
4.646410757539113e-05 1.909825196209615e-05 2.446498650927529e-07 -5.376546461115606e-07
4.242495178884569e-05 1.457655641773187e-05 1.985172794373181e-07 -5.364015146533751e-07
3.849307009170001e-05 1.023149366616188e-05 2.230738099226066e-07 -4.573614303766207e-07
5.507674014424480e-05 1.925302212375402e-05 3.116019136546144e-07 -5.391883974398892e-07
5.072280271267468e-05 1.457484180701636e-05 2.638735573721614e-07 -5.414018109936332e-07
4.646467279180140e-05 1.005110325862007e-05 1.812270188929858e-07 -5.672067372428144e-07
6.394873819976608e-05 1.937904943766008e-05 2.570116003182905e-07 -5.828311112754606e-07
5.947328995779024e-05 1.457423416031105e-05 3.101109697558853e-07 -5.243790858669847e-07
5.507688924235895e-05 9.895896741375098e-06 2.449696598091624e-07 -5.523405357632914e-07
7.303120276370238e-05 1.947951245134298e-05 5.879554246832481e-08 -6.595690829179711e-07
6.845855878720867e-05 1.457359003864709e-05 2.256022776800770e-07 -5.417519001083872e-07
6.394886888938316e-05 9.768800454767333e-06 2.830810795584174e-07 -5.104452956736518e-07
8.227928485192806e-05 1.955760836326966e-05 -1.787771410243478e-07 -6.482486158687575e-07
7.763077754187896e-05 1.457289821655914e-05 -2.418445575226762e-08 -5.264972418517041e-07
7.303128531656737e-05 9.666997027411556e-06 1.304147588262460e-07 -4.634596238782870e-07
9.165510458725097e-05 1.961710299420523e-05 -3.300697133917555e-07 -6.295936648724642e-07
8.694847249075520e-05 1.457218870629404e-05 -2.184530049666444e-07 -5.296321354506367e-07
8.227929922665936e-05 9.587425281090893e-06 -8.345424393560293e-08 -4.231198454179562e-07
1.011263963697005e-04 1.966004776684156e-05 -4.742746964241753e-07 -6.296987710008611e-07
9.637718367152892e-05 1.457153945700902e-05 -3.843192237778578e-07 -5.626206055371329e-07
9.165509897397873e-05 9.526606019101819e-06 -2.790332750089496e-07 -4.231028903709560e-07
1.106634458297267e-04 1.968790806995956e-05 -5.470358208397510e-07 -6.552524616555026e-07
1.058861407991216e-04 1.457095489647913e-05 -5.187825215758094e-07 -6.020032988767635e-07
1.011263220628753e-04 9.482403856282153e-06 -4.833640552949415e-07 -4.822193029289438e-07
1.202399059952189e-04 1.970340464101661e-05 -7.105826584815545e-07 -6.758406372140299e-07
1.154469708666225e-04 1.457048451237345e-05 -6.440009076548289e-07 -5.983615195547926e-07
1.106634172071369e-04 9.453432942794644e-06 -6.475737076423869e-07 -5.205373124032534e-07
1.407965690964159e-04 1.914629163602764e-05 -8.676383627085691e-07 -6.875078621327568e-07
1.394334316116873e-04 1.971089881685516e-05 -8.575774343340802e-07 -6.910246714738353e-07
1.245360176228329e-04 1.457028569381229e-05 -7.339117771213865e-07 -6.320227785228538e-07
1.298344877706184e-04 1.970973856459957e-05 -7.900477985662071e-07 -6.504281381559236e-07
1.202397662173284e-04 9.437250980999934e-06 -6.588002411348485e-07 -5.720403604013995e-07
1.413612001320835e-04 1.778318859681287e-05 -8.706124042897164e-07 -6.759780898601679e-07
1.381353396471660e-04 1.457016867096878e-05 -8.137434086314583e-07 -6.322066255276933e-07
1.298344485594677e-04 9.430646890460443e-06 -7.424729128627902e-07 -5.904882553015005e-07
1.413611217354138e-04 1.135719313737584e-05 -8.181472457059782e-07 -6.163283819760915e-07
1.394333528869757e-04 9.429497540159255e-06 -7.987780565500296e-07 -6.033575209578592e-07
1.407964873330108e-04 9.994100971647975e-06 -8.117297922202547e-07 -6.073217572459587e-07
