5.709448189321924e-05 -7.543795750918421e-06 2.273786744948488e-05 -3.307489913204395e-06
5.733626810632000e-05 -6.960002148279555e-06 2.279004348257189e-05 -3.170931624854751e-06
5.733643579107073e-05 -4.208165092630679e-06 2.268699266568129e-05 -2.567158169961132e-06
5.709467674660360e-05 -3.624422703451702e-06 2.261987047952334e-05 -2.412936940805829e-06
5.651074727025667e-05 -7.785626267320257e-06 2.260695329691589e-05 -3.364710375573741e-06
5.541616533290237e-05 -5.584147812099266e-06 2.231807910799883e-05 -2.853765033681531e-06
5.651099116471597e-05 -3.382618772241820e-06 2.246534161771100e-05 -2.347824375362165e-06
5.240076635320233e-05 -7.786586404758605e-06 2.172058813617470e-05 -3.383521976708923e-06
5.240112840575084e-05 -3.382207591685691e-06 2.152470085256822e-05 -2.340125803108473e-06
5.013091676202594e-05 -5.584630814350521e-06 2.110452523448056e-05 -2.922931692427039e-06
4.828736528313783e-05 -7.788941496197372e-06 2.086999234860421e-05 -3.396828489371991e-06
4.828821601252712e-05 -3.381226479744215e-06 2.046143539644045e-05 -2.345410729448141e-06
4.622975028456383e-05 -5.585612176550369e-06 2.016959329875165e-05 -2.894192289596456e-06
4.416998893549804e-05 -7.790531274316996e-06 1.972952842868697e-05 -3.382600204265472e-06
4.417100968076728e-05 -3.381680845556551e-06 1.930576513761056e-05 -2.324810158729031e-06
4.211124339167374e-05 -5.586772075683375e-06 1.921596494787240e-05 -2.936863342470774e-06
4.005341972403010e-05 -7.787021910092713e-06 1.864704963446546e-05 -3.491815656178482e-06
4.005443288251407e-05 -3.387441421566803e-06 1.817041211464320e-05 -2.294815776954291e-06
3.799882627417392e-05 -5.587918912413299e-06 1.817306133011044e-05 -2.903685237333214e-06
3.595172978548635e-05 -7.773603721493265e-06 1.749609020307249e-05 -3.511437988951858e-06
3.595241187075314e-05 -3.403118382572479e-06 1.707892723937182e-05 -2.261916965194493e-06
3.391139786478597e-05 -5.589018740445355e-06 1.703502658614864e-05 -2.909182905820748e-06
3.188782579015073e-05 -7.746392299880662e-06 1.633102764679725e-05 -3.689527509554756e-06
3.188827482015686e-05 -3.432634493403770e-06 1.592002068419482e-05 -2.257229381193195e-06
2.987567143340620e-05 -5.590116091921071e-06 1.564431294753001e-05 -2.935879150278466e-06
2.789080209889460e-05 -7.702957453596285e-06 1.487129419319601e-05 -3.846810272970408e-06
2.789074521513639e-05 -3.478002255272384e-06 1.461877695532360e-05 -2.231380694581288e-06
2.592206860402124e-05 -5.590919054178519e-06 1.410750266503913e-05 -2.968360039625232e-06
2.399196424536398e-05 -7.642050119806724e-06 1.330160624660841e-05 -3.901999508189602e-06
2.399161845440125e-05 -3.540147364688861e-06 1.329857696699124e-05 -2.265240201691352e-06
2.208296158554151e-05 -5.591162005487215e-06 1.253838379728431e-05 -3.030601653157136e-06
2.022428442333687e-05 -7.562557686923846e-06 1.173799757470019e-05 -3.848590107991670e-06
2.022393873096858e-05 -3.619815138428441e-06 1.180416104169825e-05 -2.284968655249095e-06
1.839198794460658e-05 -5.590993798350510e-06 1.100108494339134e-05 -3.111966477137658e-06
1.662142254382391e-05 -7.464057642645977e-06 1.026081081486370e-05 -3.955232023945777e-06
1.662088317416471e-05 -3.718032421321870e-06 1.020338545696387e-05 -2.231718725626965e-06
1.495154626137657e-05 -5.589893141980198e-06 9.459031656144827e-06 -3.160247901412861e-06
1.335059858822378e-05 -7.349948972110063e-06 8.695536695338798e-06 -4.052725957071470e-06
1.334955418837390e-05 -3.835407587035140e-06 8.601092304940558e-06 -2.199508689626552e-06
1.216871987026556e-05 -5.720914604462250e-06 8.012074775931688e-06 -3.257087251161046e-06
1.102895447052594e-05 -7.244875255323531e-06 7.349420654251277e-06 -4.157456440897204e-06
1.102587919495285e-05 -3.942993253595923e-06 7.288091627739526e-06 -2.210837042181064e-06
9.439272438731799e-06 -7.154891800310342e-06 6.334238017692413e-06 -4.166568554386373e-06
9.721404980421667e-06 -6.134146949881332e-06 6.523643292127453e-06 -3.533034073245872e-06
9.434978474769118e-06 -4.010732123225471e-06 6.373123519433132e-06 -2.259622633799485e-06
8.334134683868693e-06 -4.082033238906448e-06 5.661542092513717e-06 -2.265442731142526e-06
-1.004394586864564e-06 -1.081364072200111e-06 -1.044486473667595e-06 -3.928067521731975e-07
-1.024195176239215e-06 -1.033409264446047e-06 -1.057741394110517e-06 -3.569266422110542e-07
-1.023934324855329e-06 -8.561666933019124e-07 -1.053912810721965e-06 -2.318835483308623e-07
-1.004287670917040e-06 -8.095212016864005e-07 -1.040241268688313e-06 -1.991529064987679e-07
8.327092073235202e-06 -7.092569418905005e-06 5.632564123630172e-06 -4.153234400147412e-06
7.373797863081772e-06 -6.982051093200331e-06 5.011547800419428e-06 -4.121084424067432e-06
8.087156201778500e-06 -5.214785436080094e-06 5.509821564788297e-06 -2.989028884071707e-06
7.352576437699153e-06 -4.072219852391888e-06 5.012801154861027e-06 -2.231411539406042e-06
-9.567285855807359e-07 -1.101413237014698e-06 -1.011762923625197e-06 -4.083110262928371e-07
-9.092620425365867e-07 -9.072570551194554e-07 -9.816674079044231e-07 -2.691034794638523e-07
-9.575284374389673e-07 -7.904094312843399e-07 -1.009890200920549e-06 -1.858427351050125e-07
7.054848043335516e-06 -6.067071268280846e-06 4.819191793387780e-06 -3.543336044313571e-06
6.465128749565691e-06 -6.754393035837724e-06 4.432781416513383e-06 -4.004633374397629e-06
5.627666390882942e-06 -6.451808450457101e-06 3.903156683020959e-06 -3.785347535981632e-06
6.769602737939587e-06 -4.862789832998624e-06 4.630167073152122e-06 -2.743903026269394e-06
6.460713878516277e-06 -3.921234171080881e-06 4.441042507060166e-06 -2.149105067128642e-06
-6.355646906164306e-07 -1.109175770046912e-06 -8.036758282769690e-07 -4.388167725631794e-07
-6.361575854341488e-07 -7.874780056565804e-07 -7.913046114755505e-07 -1.679818545225185e-07
-4.696207139020610e-07 -9.496608423092652e-07 -6.289310167344647e-07 -2.852819976268824e-07
4.872233376299431e-06 -6.052172680308986e-06 3.445730070966898e-06 -3.487840962224089e-06
5.502008880608046e-06 -5.560557810193859e-06 3.818275087424714e-06 -3.192748285680548e-06
5.785081394832677e-06 -4.490185565416846e-06 4.009895924559168e-06 -2.520577394885064e-06
5.664034770946112e-06 -3.647718255962177e-06 3.939286312671003e-06 -2.012081257752303e-06
-2.889997810548745e-07 -1.141688828243050e-06 -4.342853086063069e-07 -4.381241153397466e-07
-2.897949397940999e-07 -7.603445471605226e-07 -4.422565559141067e-07 -1.014851651343856e-07
-8.422407374802793e-08 -9.522922326051035e-07 -2.460303205139352e-07 -2.596916804007472e-07
4.188896186985626e-06 -5.599394567363691e-06 3.038306967337166e-06 -3.169056669914559e-06
3.604181408724168e-06 -5.101167069893965e-06 2.716184299892094e-06 -2.894733105815710e-06
4.821544040337934e-06 -4.336127858898881e-06 3.404590925183228e-06 -2.447129056835946e-06
4.977997536541650e-06 -3.260666056654836e-06 3.495865005867726e-06 -1.795233467828603e-06
1.518562268619314e-07 -1.209298089503776e-06 -4.441579316223498e-08 -4.612508767579968e-07
1.513198151696684e-07 -6.973895897061831e-07 -3.177536627763986e-08 -3.726187399864504e-08
3.755073420190806e-06 -4.377438408306375e-06 2.798795291375077e-06 -2.493812993219441e-06
3.114228036342464e-06 -4.550280032814912e-06 2.431675810218935e-06 -2.599967992784576e-06
3.996826700942530e-06 -3.609243859390046e-06 2.929747133381525e-06 -2.016973454163793e-06
4.412304203091503e-06 -2.808700945246744e-06 3.146436706181771e-06 -1.505314240231852e-06
4.118836181149777e-07 -9.542351432894519e-07 1.546780497778916e-07 -2.307330181354379e-07
7.226021195170386e-07 -1.305850304186704e-06 3.755077600665050e-07 -4.969635719705370e-07
7.215429703682051e-07 -6.029390940084647e-07 4.179172662556823e-07 8.845581570567366e-08
2.696630485980257e-06 -3.978453287440827e-06 2.183193330736468e-06 -2.274602507983037e-06
2.385768582861039e-06 -3.417786623587737e-06 1.971933061404862e-06 -1.923238795747160e-06
2.166854145041459e-06 -2.841673304339658e-06 1.794272891143767e-06 -1.549022644492574e-06
3.515454684260937e-06 -2.953878063550366e-06 2.660876885640571e-06 -1.595710278647889e-06
3.969690331080800e-06 -2.323757435675056e-06 2.925567629664210e-06 -1.241760369055375e-06
9.719898432548009e-07 -9.567336362713236e-07 6.023816911619369e-07 -1.735948442020106e-07
1.279113393083472e-06 -1.400176659163508e-06 8.642155536950986e-07 -5.519928143732809e-07
1.279529820773920e-06 -5.051196826810018e-07 8.492152477326180e-07 2.142558474487855e-07
2.695769722341852e-06 -2.831866825736683e-06 2.179495830955926e-06 -1.545634663205903e-06
2.013286505466776e-06 -2.281341247145441e-06 1.652003363313810e-06 -1.199236659058905e-06
1.769527227549611e-06 -1.479076664185019e-06 1.304636651606670e-06 -6.268033513587132e-07
1.901258695102392e-06 -1.562506801844375e-06 1.457894252418913e-06 -7.001898226067696e-07
1.958038317131950e-06 -1.739873547112236e-06 1.543335117394167e-06 -8.436125374932149e-07
3.189228024532308e-06 -2.256353177605638e-06 2.517612279224114e-06 -1.226453281237014e-06
3.636383311176119e-06 -1.833372159797689e-06 2.836168866922779e-06 -9.604342902126784e-07
1.554168792271781e-06 -1.023804885866731e-06 1.086154547506027e-06 -2.154341735322879e-07
1.806678637470325e-06 -4.315228795651993e-07 1.302202402528480e-06 3.577782303357436e-07
2.383903012585855e-06 -1.893234713648605e-06 1.905628249247066e-06 -9.714782018554264e-07
1.927993419135601e-06 -1.239347866549271e-06 1.461239773587282e-06 -4.071899938553467e-07
2.085524813775000e-06 -1.503350708865361e-06 1.633831976115400e-06 -6.494317839661195e-07
2.972045906124076e-06 -1.684573257428915e-06 2.379773880282324e-06 -8.337312358841415e-07
3.415771355282367e-06 -1.365215410459000e-06 2.793985987685925e-06 -5.440049977086394e-07
1.968039297805565e-06 -7.286950591206235e-07 1.465975471111416e-06 7.623520491203401e-08
1.970639179982755e-06 -3.563254793908746e-07 1.426522843857516e-06 4.601639501642706e-07
2.509006630204397e-06 -1.105233146056384e-06 2.005635501501189e-06 -3.134069179800329e-07
3.322737552149793e-06 -9.211680390454194e-07 2.805474036769526e-06 -1.161745751023431e-07
3.300570064756854e-06 -5.134548655707704e-07 2.933737709759209e-06 3.089237097220146e-07
2.286016792576253e-06 -4.466512330948933e-07 1.760363009708338e-06 3.613281132898444e-07
2.072753291809999e-06 -2.073625574294850e-07 1.494938275908406e-06 6.643636225191310e-07
2.209429692984902e-06 1.796187827846643e-07 1.562435359422509e-06 1.209112603164543e-06
2.912386936934805e-06 -4.449288652004606e-07 2.469575502158959e-06 3.408451172634099e-07
2.388622205752612e-06 5.151025659047963e-07 1.705039087946429e-06 1.758571059244936e-06
3.360930922968005e-06 -1.141955187598624e-07 3.156088849717953e-06 7.564993385721890e-07
2.572785807479050e-06 2.055367657786866e-07 2.023986703998441e-06 1.213389644350834e-06
3.066143797511751e-06 2.334209696228566e-07 2.728685089995298e-06 1.254654446684147e-06
2.586204915529095e-06 8.186531861401835e-07 1.934989162976588e-06 2.301673440091666e-06
3.474936038809164e-06 2.342989163247558e-07 3.472715926159861e-06 1.256662772913046e-06
3.332310595782197e-06 5.446650509609205e-07 3.235553559672105e-06 1.789849357718864e-06
3.043139577986383e-06 7.237223957072665e-07 2.671680457256688e-06 2.118603508545299e-06
2.807867367630985e-06 1.071209277725527e-06 2.241260257354813e-06 2.862260160058176e-06
3.033914620948687e-06 1.280448568084448e-06 2.666777546136348e-06 3.426596228179752e-06
3.622853672649972e-06 5.362789625092420e-07 3.901410414288482e-06 1.745680125845690e-06
3.487812962721164e-06 8.546002552118558e-07 3.600610012974487e-06 2.418593297579062e-06
3.336990350555733e-06 1.190695541512808e-06 3.287615344101291e-06 3.225797593274492e-06
3.274901228115253e-06 1.443904655211380e-06 3.155329675730651e-06 3.950269210835055e-06
3.799352860654830e-06 7.802503281287884e-07 4.432714970613686e-06 2.156318396014877e-06
3.736359238171316e-06 1.181293225404899e-06 4.265297306208151e-06 3.209231238049223e-06
3.512559345850342e-06 1.575677578851368e-06 3.702812660593609e-06 4.422093345823420e-06
3.738242404613709e-06 1.666281600595820e-06 4.354127415261899e-06 4.874585802320069e-06
3.959066161955693e-06 1.715649561078846e-06 5.056832293070794e-06 5.252033190947600e-06
3.986344749306688e-06 1.258468927129888e-06 5.125683380381638e-06 3.440132826119750e-06
3.989114090594853e-06 9.634016803813731e-07 5.103216072724474e-06 2.500027888809625e-06
3.941447252519860e-06 1.519713347948264e-06 4.944613208228364e-06 4.415389864470064e-06
4.161757203566301e-06 1.744238565866963e-06 5.853738142749026e-06 5.526229596794203e-06
4.345433730006727e-06 1.742879905129270e-06 6.732114159646319e-06 5.694111045002712e-06
4.163460711202372e-06 1.322314671141166e-06 5.854101365864034e-06 3.663653920884000e-06
4.175803537489628e-06 1.101022793808132e-06 5.913753812381762e-06 2.807738518507808e-06
4.517402475344791e-06 1.722876321488050e-06 7.627517174633173e-06 5.757504119955256e-06
4.343410806974252e-06 1.503195266042646e-06 6.642773400279538e-06 4.461973231369043e-06
4.356121669909724e-06 1.195790484799698e-06 6.742932413725074e-06 3.047121191918676e-06
4.558512761266262e-06 1.522077797230398e-06 7.816770311018334e-06 4.618642818037270e-06
4.674144026568548e-06 1.687183937184948e-06 8.600506217234101e-06 5.796656538138340e-06
4.526541959469209e-06 1.240889564314422e-06 7.608217010529911e-06 3.143589664195135e-06
4.858881620406987e-06 1.650869970020720e-06 9.966752360911839e-06 5.858518447901861e-06
4.728589695169894e-06 1.418644149440466e-06 8.866476706400616e-06 3.991392455871136e-06
4.675676619294093e-06 1.277134089424860e-06 8.589059759680267e-06 3.117427950935471e-06
5.036235606718305e-06 1.592839034437618e-06 1.187339128335571e-05 5.906426343431715e-06
4.965333997784977e-06 1.474505059109576e-06 1.090250916448553e-05 4.332162754566866e-06
4.857460529145137e-06 1.325676348696415e-06 9.959383394119770e-06 3.057190434000107e-06
5.156157467268802e-06 1.527762602446145e-06 1.448288206817590e-05 5.963347796478237e-06
5.114931582090138e-06 1.487152355829649e-06 1.310385537920967e-05 4.501904628207804e-06
5.035227792986834e-06 1.383594097603309e-06 1.175113147245727e-05 3.083429133143659e-06
5.169412017762256e-06 1.471536392663554e-06 1.721936652079250e-05 6.074907570911872e-06
5.180283484219747e-06 1.488979418872763e-06 1.579930090337285e-05 4.531278243616346e-06
5.155418541202070e-06 1.448960644473760e-06 1.436797432030881e-05 3.069859343723214e-06
5.083951575863492e-06 1.423789733529265e-06 2.009845572209548e-05 6.171937771704172e-06
5.141783624804915e-06 1.490490357897578e-06 1.861546184702385e-05 4.602951707600664e-06
5.168867886035489e-06 1.507892657614660e-06 1.712847052812748e-05 3.053419503892054e-06
4.914466758243368e-06 1.383279707266388e-06 2.302409541092401e-05 6.285928322510644e-06
5.012086177097204e-06 1.491838687412505e-06 2.157549960002184e-05 4.650455339608226e-06
5.083666156513940e-06 1.558411375701347e-06 2.007418814039180e-05 3.040562721934163e-06
4.673064625144351e-06 1.348596979330043e-06 2.606647328526602e-05 6.323870762305159e-06
4.804832119492551e-06 1.493146775428399e-06 2.458517155330086e-05 4.689714460788505e-06
4.914202574365017e-06 1.601737721829086e-06 2.308005944080487e-05 3.055478534538590e-06
4.369247204394151e-06 1.318914056090331e-06 2.903794000898162e-05 6.360380879290331e-06
4.530748685885583e-06 1.494350864162337e-06 2.758063815415961e-05 4.715906544215325e-06
4.672792488541669e-06 1.638982720041621e-06 2.609916115371749e-05 3.111612387400200e-06
4.012869101368286e-06 1.295250095206067e-06 3.201062106428961e-05 6.359964006939243e-06
4.198764839567633e-06 1.495317432153451e-06 3.050535621587059e-05 4.747931678928218e-06
4.369029269562001e-06 1.670795505955649e-06 2.901548304559174e-05 3.182693705410733e-06
3.616968462111263e-06 1.279015690728793e-06 3.493123008276103e-05 6.355782833154795e-06
3.820226144987567e-06 1.496216922839393e-06 3.344199112490306e-05 4.783388048545115e-06
4.012728600588967e-06 1.696248099856017e-06 3.192770709762963e-05 3.231542288204820e-06
3.197237071416721e-06 1.270532477241503e-06 3.774534969011381e-05 6.310219210424946e-06
3.409746935343868e-06 1.497006371460237e-06 3.634838921882379e-05 4.804393382019585e-06
3.616868621172345e-06 1.714201984150080e-06 3.487268314976771e-05 3.239305772321583e-06
2.275789762078887e-06 1.292917613234961e-06 4.358065024441849e-05 6.117711398851618e-06
2.336879432914032e-06 1.267609075533246e-06 4.320180673603366e-05 6.277120557742537e-06
3.005593515011304e-06 1.497529942173716e-06 3.899015364615607e-05 4.820178668378088e-06
2.767738558854327e-06 1.267787156643210e-06 4.050807766206619e-05 6.301463020552002e-06
3.197230743364388e-06 1.724056839192525e-06 3.774392655801918e-05 3.300355502291720e-06
2.250487808088475e-06 1.354011997388921e-06 4.373712257893929e-05 5.736086229603280e-06
2.395162682936907e-06 1.498002601214390e-06 4.284964432419560e-05 4.839014807685449e-06
2.767668245991702e-06 1.727778484413799e-06 4.051343803976478e-05 3.364105374225175e-06
2.250563729768705e-06 1.641963934788430e-06 4.375051529157736e-05 3.934764902709944e-06
2.336920431223140e-06 1.728302606416338e-06 4.321456356404445e-05 3.390303919151188e-06
2.275859278164795e-06 1.703014537818718e-06 4.359385058987643e-05 3.550110883725268e-06
